0 0.000000 0.013672 0.022461 0.035156 0.027344 0.028320 0.035156 0.028320 0.045898 0.052734 0.062500 0.065430 0.081055 0.057617 0.092773 0.052734 0.100586 0.051758 0.106445 0.041992 0.118164 0.045898 0.128906 0.054688 0.146484 0.058594 0.148438 0.042969 0.153320 0.025391 0.147461 0.020508 0.147461 0.013672 0.142578 0.006836 0.142578 0.000000 0.000000 0.000000
1 0.100586 0.249023 0.114258 0.243164 0.129883 0.245117 0.133789 0.252930 0.137695 0.268555 0.129883 0.270508 0.119141 0.281250 0.111328 0.282227 0.099609 0.273438 0.099609 0.264648 0.098633 0.257812 0.101562 0.255859
1 0.099609 0.335938 0.112305 0.337891 0.118164 0.339844 0.119141 0.344727 0.124023 0.344727 0.121094 0.352539 0.116211 0.358398 0.113281 0.363281 0.105469 0.365234 0.096680 0.365234 0.091797 0.351562 0.098633 0.343750
1 0.101562 0.427734 0.104492 0.439453 0.099609 0.446289 0.102539 0.453125 0.091797 0.457031 0.086914 0.451172 0.074219 0.447266 0.077148 0.441406 0.078125 0.439453 0.083008 0.434570 0.086914 0.433594 0.090820 0.430664 0.094727 0.429688 0.096680 0.425781
1 0.046875 0.738281 0.041016 0.729492 0.035156 0.725586 0.035156 0.712891 0.043945 0.704102 0.060547 0.704102 0.065430 0.709961 0.059570 0.730469
1 0.047852 0.802734 0.045898 0.819336 0.038086 0.826172 0.033203 0.826172 0.021484 0.812500 0.029297 0.802734 0.037109 0.796875
1 0.035156 0.910156 0.026367 0.921875 0.019531 0.924805 0.007812 0.909180 0.013672 0.897461 0.021484 0.888672 0.028320 0.888672 0.033203 0.894531 0.034180 0.901367
1 0.000000 0.986328 0.007812 0.981445 0.017578 0.982422 0.024414 0.990234 0.025391 1.000000 0.000000 1.000000
1 0.089844 1.000000 0.090820 0.996094 0.087891 0.992188 0.085938 0.993164 0.084961 0.991211 0.089844 0.986328 0.090820 0.980469 0.096680 0.978516 0.107422 0.971680 0.115234 0.977539 0.118164 0.987305 0.118164 0.992188 0.103516 1.000000 0.098633 1.000000 0.093750 0.997070
1 0.184570 1.000000 0.179688 0.986328 0.182617 0.968750 0.195312 0.965820 0.202148 0.958984 0.213867 0.959961 0.216797 0.971680 0.218750 0.979492 0.214844 0.987305 0.209961 0.996094 0.203125 1.000000
1 0.114258 0.913086 0.108398 0.916016 0.098633 0.909180 0.097656 0.897461 0.103516 0.888672 0.108398 0.882812 0.116211 0.882812 0.122070 0.879883 0.127930 0.878906 0.127930 0.884766 0.130859 0.891602 0.130859 0.899414 0.126953 0.902344 0.124023 0.911133 0.119141 0.909180
1 0.200195 0.866211 0.211914 0.861328 0.226562 0.861328 0.236328 0.876953 0.236328 0.890625 0.230469 0.893555 0.228516 0.898438 0.219727 0.902344 0.215820 0.914062 0.199219 0.912109 0.188477 0.894531 0.190430 0.881836 0.192383 0.874023
1 0.295898 0.864258 0.304688 0.855469 0.312500 0.858398 0.317383 0.857422 0.321289 0.862305 0.326172 0.861328 0.326172 0.867188 0.321289 0.875977 0.317383 0.884766 0.304688 0.888672 0.294922 0.884766 0.294922 0.875000 0.291992 0.872070
1 0.293945 0.945312 0.310547 0.944336 0.314453 0.950195 0.315430 0.964844 0.315430 0.969727 0.304688 0.973633 0.299805 0.984375 0.296875 0.991211 0.291992 0.987305 0.287109 0.987305 0.281250 0.982422 0.274414 0.976562 0.269531 0.968750 0.268555 0.958008 0.276367 0.951172 0.276367 0.944336 0.288086 0.940430
1 0.377930 0.939453 0.390625 0.931641 0.399414 0.936523 0.399414 0.941406 0.401367 0.947266 0.402344 0.956055 0.399414 0.961914 0.392578 0.967773 0.396484 0.972656 0.385742 0.978516 0.375000 0.977539 0.372070 0.964844 0.369141 0.961914 0.371094 0.959961 0.371094 0.952148 0.368164 0.948242
1 0.064453 0.645508 0.058594 0.636719 0.054688 0.638672 0.053711 0.624023 0.062500 0.615234 0.068359 0.611328 0.080078 0.616211 0.082031 0.622070 0.079102 0.625977 0.076172 0.631836 0.066406 0.636719 0.069336 0.641602
1 0.124023 0.820312 0.118164 0.807617 0.117188 0.799805 0.124023 0.792969 0.125977 0.779297 0.131836 0.782227 0.138672 0.782227 0.143555 0.791016 0.145508 0.800781 0.146484 0.812500 0.139648 0.814453 0.132812 0.823242
1 0.205078 0.789062 0.215820 0.777344 0.220703 0.777344 0.225586 0.765625 0.241211 0.772461 0.242188 0.780273 0.245117 0.785156 0.241211 0.791016 0.242188 0.797852 0.234375 0.802734 0.216797 0.813477 0.210938 0.806641 0.208008 0.802734 0.208984 0.796875 0.205078 0.794922
1 0.143555 0.731445 0.132812 0.727539 0.128906 0.708984 0.135742 0.704102 0.138672 0.695312 0.147461 0.697266 0.158203 0.696289 0.162109 0.705078 0.162109 0.712891 0.154297 0.720703 0.150391 0.721680 0.149414 0.727539
1 0.218750 0.700195 0.230469 0.688477 0.238281 0.686523 0.249023 0.687500 0.253906 0.691406 0.258789 0.696289 0.262695 0.701172 0.255859 0.706055 0.251953 0.710938 0.251953 0.714844 0.247070 0.716797 0.240234 0.722656 0.234375 0.723633 0.228516 0.724609 0.219727 0.721680 0.216797 0.714844 0.219727 0.709961
1 0.246094 0.625977 0.235352 0.623047 0.236328 0.605469 0.245117 0.597656 0.260742 0.592773 0.262695 0.610352 0.259766 0.619141
1 0.162109 0.635742 0.153320 0.641602 0.148438 0.641602 0.143555 0.639648 0.140625 0.640625 0.142578 0.633789 0.136719 0.626953 0.140625 0.624023 0.139648 0.616211 0.145508 0.616211 0.145508 0.608398 0.155273 0.602539 0.164062 0.603516 0.171875 0.603516 0.173828 0.606445 0.171875 0.611328 0.174805 0.614258 0.169922 0.620117 0.171875 0.623047
1 0.171875 0.546875 0.162109 0.546875 0.158203 0.541016 0.150391 0.536133 0.152344 0.533203 0.148438 0.527344 0.153320 0.521484 0.159180 0.518555 0.155273 0.511719 0.158203 0.506836 0.164062 0.507812 0.171875 0.505859 0.179688 0.507812 0.183594 0.515625 0.182617 0.523438 0.184570 0.528320 0.188477 0.533203 0.189453 0.538086 0.183594 0.538086 0.181641 0.540039 0.175781 0.541016 0.173828 0.548828
1 0.176758 0.458984 0.189453 0.465820 0.195312 0.465820 0.195312 0.457031 0.203125 0.453125 0.204102 0.441406 0.204102 0.432617 0.202148 0.420898 0.194336 0.416016 0.188477 0.419922 0.178711 0.419922 0.173828 0.425781 0.166016 0.426758 0.164062 0.441406 0.166016 0.448242 0.169922 0.447266 0.171875 0.450195 0.174805 0.451172 0.177734 0.455078
1 0.183594 0.327148 0.186523 0.330078 0.191406 0.324219 0.201172 0.326172 0.208008 0.329102 0.209961 0.333008 0.210938 0.338867 0.210938 0.344727 0.206055 0.361328 0.205078 0.368164 0.200195 0.366211 0.195312 0.367188 0.190430 0.363281 0.184570 0.360352 0.183594 0.356445 0.179688 0.355469 0.179688 0.348633 0.176758 0.347656 0.178711 0.342773 0.176758 0.338867 0.181641 0.336914 0.181641 0.331055
1 0.189453 0.240234 0.192383 0.237305 0.196289 0.237305 0.199219 0.232422 0.202148 0.232422 0.206055 0.229492 0.211914 0.229492 0.215820 0.234375 0.223633 0.242188 0.224609 0.247070 0.229492 0.252930 0.229492 0.262695 0.226562 0.268555 0.218750 0.269531 0.212891 0.279297 0.206055 0.278320 0.200195 0.274414 0.201172 0.270508 0.195312 0.271484 0.196289 0.266602 0.196289 0.261719 0.194336 0.261719 0.191406 0.256836 0.191406 0.250000 0.189453 0.246094
1 0.301758 0.231445 0.310547 0.226562 0.313477 0.232422 0.326172 0.236328 0.320312 0.244141 0.318359 0.252930 0.312500 0.257812 0.307617 0.266602 0.299805 0.264648 0.291016 0.265625 0.282227 0.244141 0.288086 0.240234 0.288086 0.235352 0.292969 0.234375 0.296875 0.229492
1 0.384766 0.216797 0.392578 0.217773 0.398438 0.217773 0.404297 0.219727 0.403320 0.228516 0.410156 0.232422 0.411133 0.249023 0.401367 0.260742 0.394531 0.259766 0.384766 0.256836 0.378906 0.249023 0.375000 0.236328 0.375977 0.229492 0.379883 0.232422 0.380859 0.221680
1 0.366211 0.334961 0.384766 0.347656 0.386719 0.341797 0.393555 0.340820 0.394531 0.334961 0.398438 0.329102 0.393555 0.323242 0.386719 0.318359 0.375977 0.318359 0.371094 0.316406 0.362305 0.325195
1 0.368164 0.404297 0.371094 0.409180 0.379883 0.405273 0.383789 0.406250 0.395508 0.409180 0.393555 0.415039 0.389648 0.419922 0.385742 0.424805 0.385742 0.429688 0.379883 0.434570 0.375977 0.442383 0.369141 0.442383 0.363281 0.446289 0.356445 0.438477 0.353516 0.431641 0.351562 0.416992 0.357422 0.414062 0.361328 0.409180
1 0.295898 0.424805 0.291992 0.432617 0.287109 0.437500 0.281250 0.437500 0.279297 0.443359 0.272461 0.446289 0.259766 0.443359 0.250000 0.428711 0.255859 0.416992 0.256836 0.413086 0.261719 0.412109 0.262695 0.409180 0.277344 0.409180 0.277344 0.409180 0.284180 0.412109 0.290039 0.415039 0.296875 0.417969
1 0.349609 0.498047 0.366211 0.490234 0.370117 0.496094 0.379883 0.500977 0.377930 0.507812 0.375977 0.523438 0.371094 0.528320 0.362305 0.529297 0.351562 0.530273 0.343750 0.527344 0.341797 0.518555 0.343750 0.512695 0.339844 0.510742 0.339844 0.504883 0.343750 0.505859 0.344727 0.500000
1 0.356445 0.587891 0.364258 0.588867 0.364258 0.600586 0.361328 0.609375 0.355469 0.620117 0.347656 0.622070 0.343750 0.618164 0.338867 0.618164 0.333008 0.610352 0.332031 0.600586 0.334961 0.591797 0.338867 0.588867 0.342773 0.585938 0.356445 0.584961
1 0.329102 0.672852 0.341797 0.672852 0.351562 0.677734 0.354492 0.690430 0.350586 0.704102 0.345703 0.706055 0.343750 0.712891 0.338867 0.718750 0.333984 0.716797 0.328125 0.718750 0.321289 0.709961 0.313477 0.704102 0.309570 0.700195 0.310547 0.688477 0.315430 0.683594 0.320312 0.674805 0.325195 0.667969
1 0.328125 0.764648 0.333008 0.767578 0.341797 0.766602 0.343750 0.772461 0.337891 0.775391 0.336914 0.787109 0.332031 0.796875 0.324219 0.803711 0.319336 0.803711 0.316406 0.799805 0.311523 0.796875 0.301758 0.787109 0.302734 0.776367 0.309570 0.766602 0.315430 0.765625 0.318359 0.766602 0.324219 0.762695
1 0.471680 0.920898 0.475586 0.925781 0.487305 0.923828 0.494141 0.928711 0.494141 0.936523 0.497070 0.940430 0.496094 0.945312 0.500000 0.946289 0.500977 0.958984 0.495117 0.960938 0.489258 0.963867 0.486328 0.974609 0.478516 0.974609 0.471680 0.968750 0.464844 0.963867 0.459961 0.957031 0.465820 0.949219 0.463867 0.939453 0.465820 0.931641 0.469727 0.930664
1 0.553711 0.924805 0.555664 0.932617 0.554688 0.942383 0.559570 0.951172 0.571289 0.956055 0.576172 0.958984 0.579102 0.961914 0.586914 0.963867 0.584961 0.958984 0.581055 0.956055 0.582031 0.954102 0.589844 0.953125 0.589844 0.946289 0.591797 0.943359 0.588867 0.938477 0.587891 0.932617 0.585938 0.928711 0.583008 0.924805 0.580078 0.918945 0.578125 0.916992 0.573242 0.917969 0.568359 0.918945 0.564453 0.919922 0.557617 0.919922
1 0.561523 0.835938 0.576172 0.822266 0.593750 0.820312 0.597656 0.833984 0.602539 0.840820 0.599609 0.855469 0.590820 0.871094 0.581055 0.867188 0.575195 0.872070 0.560547 0.858398 0.560547 0.849609
1 0.509766 0.851562 0.507812 0.866211 0.506836 0.872070 0.498047 0.879883 0.489258 0.880859 0.472656 0.866211 0.470703 0.858398 0.478516 0.849609 0.477539 0.839844 0.483398 0.834961 0.492188 0.834961 0.499023 0.831055
1 0.430664 0.770508 0.429688 0.784180 0.425781 0.789062 0.421875 0.789062 0.416016 0.797852 0.411133 0.793945 0.393555 0.783203 0.393555 0.783203 0.393555 0.772461 0.394531 0.760742 0.401367 0.756836 0.407227 0.751953 0.415039 0.751953 0.425781 0.755859 0.425781 0.763672
1 0.477539 0.768555 0.497070 0.780273 0.509766 0.784180 0.517578 0.783203 0.520508 0.778320 0.520508 0.771484 0.522461 0.763672 0.518555 0.757812 0.514648 0.749023 0.501953 0.745117 0.488281 0.751953 0.487305 0.759766
1 0.421875 0.700195 0.413086 0.697266 0.409180 0.685547 0.408203 0.676758 0.409180 0.669922 0.418945 0.666016 0.430664 0.666992 0.438477 0.676758 0.444336 0.684570 0.436523 0.690430 0.432617 0.693359 0.426758 0.695312
1 0.419922 0.580078 0.433594 0.572266 0.455078 0.578125 0.457031 0.587891 0.452148 0.602539 0.441406 0.610352 0.434570 0.607422 0.426758 0.606445 0.416992 0.598633 0.419922 0.590820 0.416016 0.585938
1 0.438477 0.520508 0.450195 0.517578 0.456055 0.515625 0.468750 0.507812 0.468750 0.496094 0.453125 0.481445 0.445312 0.483398 0.434570 0.483398 0.427734 0.498047 0.429688 0.511719 0.431641 0.519531
1 0.445312 0.401367 0.453125 0.401367 0.465820 0.389648 0.475586 0.392578 0.483398 0.401367 0.483398 0.408203 0.480469 0.419922 0.476562 0.423828 0.464844 0.429688 0.451172 0.426758 0.443359 0.413086
1 0.458008 0.308594 0.477539 0.299805 0.491211 0.314453 0.490234 0.326172 0.483398 0.331055 0.469727 0.342773 0.456055 0.333008 0.456055 0.327148 0.451172 0.322266 0.452148 0.313477
1 0.497070 0.215820 0.506836 0.221680 0.516602 0.232422 0.516602 0.242188 0.512695 0.255859 0.501953 0.263672 0.488281 0.261719 0.479492 0.258789 0.476562 0.245117 0.473633 0.236328 0.473633 0.220703 0.482422 0.218750 0.491211 0.213867
1 0.562500 0.211914 0.577148 0.207031 0.584961 0.211914 0.584961 0.231445 0.579102 0.236328 0.567383 0.238281 0.557617 0.225586
1 0.543945 0.295898 0.565430 0.289062 0.582031 0.300781 0.581055 0.318359 0.573242 0.327148 0.564453 0.326172 0.558594 0.332031 0.548828 0.326172 0.545898 0.304688
1 0.560547 0.381836 0.568359 0.395508 0.563477 0.404297 0.559570 0.416016 0.548828 0.417969 0.541992 0.413086 0.537109 0.413086 0.534180 0.402344 0.538086 0.393555 0.543945 0.384766
1 0.562500 0.490234 0.556641 0.495117 0.557617 0.502930 0.552734 0.503906 0.550781 0.508789 0.541016 0.514648 0.534180 0.516602 0.518555 0.490234 0.532227 0.473633 0.556641 0.479492
1 0.513672 0.575195 0.521484 0.567383 0.535156 0.569336 0.541992 0.583008 0.538086 0.593750 0.531250 0.596680 0.522461 0.599609 0.515625 0.597656 0.509766 0.585938 0.512695 0.583008
1 0.524414 0.651367 0.530273 0.659180 0.533203 0.670898 0.532227 0.678711 0.527344 0.692383 0.519531 0.695312 0.509766 0.685547 0.497070 0.679688 0.497070 0.666992 0.502930 0.661133 0.506836 0.654297 0.514648 0.649414
1 0.723633 1.000000 0.729492 0.984375 0.736328 0.983398 0.753906 0.992188 0.753906 1.000000
1 0.803711 1.000000 0.804688 0.985352 0.813477 0.975586 0.823242 0.971680 0.829102 0.976562 0.840820 0.982422 0.845703 0.992188 0.845703 1.000000
1 0.902344 1.000000 0.891602 0.986328 0.893555 0.977539 0.893555 0.972656 0.898438 0.966797 0.906250 0.964844 0.906250 0.964844 0.914062 0.963867 0.924805 0.971680 0.927734 0.979492 0.930664 0.987305 0.933594 0.993164 0.931641 1.000000
1 1.000000 0.993164 0.989258 0.987305 0.983398 0.984375 0.977539 0.974609 0.977539 0.968750 0.983398 0.963867 0.984375 0.957031 0.990234 0.955078 0.997070 0.951172 1.000000 0.951172
1 0.933594 0.909180 0.927734 0.909180 0.920898 0.904297 0.912109 0.903320 0.903320 0.892578 0.909180 0.888672 0.916016 0.880859 0.916992 0.880859 0.924805 0.878906 0.927734 0.874023 0.935547 0.872070 0.935547 0.885742 0.944336 0.890625 0.940430 0.894531 0.941406 0.897461 0.937500 0.900391 0.938477 0.905273
1 0.822266 0.905273 0.826172 0.892578 0.834961 0.886719 0.844727 0.883789 0.849609 0.897461 0.854492 0.898438 0.851562 0.903320 0.849609 0.910156 0.845703 0.915039 0.845703 0.920898 0.841797 0.918945 0.836914 0.919922 0.827148 0.916016 0.827148 0.910156
1 0.759766 0.933594 0.755859 0.934570 0.745117 0.935547 0.740234 0.929688 0.740234 0.929688 0.733398 0.929688 0.731445 0.923828 0.730469 0.909180 0.733398 0.897461 0.747070 0.893555 0.758789 0.897461 0.762695 0.906250 0.768555 0.908203 0.767578 0.913086 0.774414 0.925781 0.766602 0.923828 0.767578 0.929688 0.766602 0.933594 0.767578 0.937500
1 0.656250 0.946289 0.647461 0.946289 0.642578 0.942383 0.641602 0.926758 0.644531 0.908203 0.646484 0.902344 0.654297 0.907227 0.663086 0.907227 0.672852 0.913086 0.680664 0.923828 0.679688 0.930664 0.678711 0.948242 0.671875 0.944336 0.666992 0.947266 0.666992 0.950195
1 0.659180 0.820312 0.668945 0.814453 0.681641 0.819336 0.689453 0.826172 0.697266 0.834961 0.691406 0.839844 0.692383 0.846680 0.685547 0.847656 0.680664 0.853516 0.677734 0.851562 0.673828 0.856445 0.666016 0.856445 0.657227 0.849609 0.657227 0.839844 0.654297 0.833008
1 0.757812 0.808594 0.762695 0.805664 0.769531 0.809570 0.775391 0.816406 0.780273 0.821289 0.781250 0.830078 0.781250 0.841797 0.778320 0.847656 0.774414 0.849609 0.767578 0.850586 0.761719 0.848633 0.752930 0.849609 0.748047 0.837891 0.744141 0.830078 0.746094 0.815430 0.750000 0.811523
1 0.844727 0.802734 0.851562 0.796875 0.855469 0.795898 0.859375 0.800781 0.864258 0.806641 0.865234 0.816406 0.865234 0.822266 0.866211 0.828125 0.857422 0.834961 0.846680 0.836914 0.838867 0.830078 0.834961 0.827148 0.835938 0.820312 0.832031 0.819336 0.834961 0.808594
1 0.928711 0.786133 0.937500 0.791016 0.945312 0.791016 0.955078 0.803711 0.957031 0.815430 0.953125 0.819336 0.952148 0.826172 0.948242 0.827148 0.942383 0.831055 0.939453 0.827148 0.933594 0.826172 0.923828 0.820312 0.921875 0.816406 0.916016 0.813477 0.916992 0.802734 0.918945 0.792969 0.921875 0.791016 0.925781 0.791016
1 0.951172 0.703125 0.957031 0.707031 0.961914 0.716797 0.967773 0.720703 0.973633 0.731445 0.968750 0.733398 0.959961 0.730469 0.952148 0.731445 0.949219 0.725586 0.941406 0.731445 0.926758 0.730469 0.927734 0.720703 0.929688 0.710938 0.936523 0.708008
1 0.878906 0.740234 0.880859 0.730469 0.884766 0.726562 0.876953 0.714844 0.869141 0.709961 0.854492 0.708984 0.847656 0.719727 0.843750 0.731445 0.851562 0.741211 0.859375 0.741211 0.862305 0.742188 0.865234 0.740234 0.871094 0.743164 0.874023 0.743164 0.874023 0.740234 0.877930 0.743164
1 0.752930 0.741211 0.758789 0.733398 0.767578 0.726562 0.770508 0.727539 0.776367 0.724609 0.786133 0.730469 0.786133 0.736328 0.784180 0.746094 0.778320 0.752930 0.773438 0.750000 0.772461 0.750977 0.762695 0.750000 0.758789 0.747070
1 0.705078 0.746094 0.699219 0.750977 0.700195 0.759766 0.696289 0.762695 0.696289 0.770508 0.690430 0.767578 0.686523 0.766602 0.683594 0.762695 0.677734 0.758789 0.672852 0.757812 0.672852 0.742188 0.670898 0.737305 0.672852 0.732422 0.673828 0.732422 0.681641 0.729492 0.685547 0.723633 0.685547 0.723633 0.691406 0.726562 0.701172 0.728516 0.699219 0.732422 0.701172 0.737305
1 0.579102 0.766602 0.574219 0.751953 0.581055 0.741211 0.595703 0.740234 0.601562 0.744141 0.605469 0.750000 0.607422 0.750000 0.611328 0.769531 0.608398 0.769531 0.607422 0.771484 0.603516 0.769531 0.601562 0.773438 0.597656 0.773438 0.590820 0.774414 0.584961 0.770508
1 0.595703 0.648438 0.617188 0.646484 0.626953 0.655273 0.623047 0.677734 0.612305 0.684570 0.591797 0.681641 0.587891 0.663086 0.590820 0.661133
1 0.682617 0.633789 0.688477 0.629883 0.700195 0.629883 0.711914 0.639648 0.721680 0.648438 0.723633 0.652344 0.720703 0.662109 0.720703 0.662109 0.717773 0.666992 0.708984 0.675781 0.698242 0.679688 0.691406 0.680664 0.684570 0.674805 0.677734 0.666992 0.677734 0.658203 0.678711 0.647461 0.684570 0.643555
1 0.632812 0.584961 0.631836 0.589844 0.625000 0.591797 0.618164 0.598633 0.602539 0.587891 0.601562 0.581055 0.596680 0.571289 0.601562 0.570312 0.604492 0.560547 0.610352 0.556641 0.610352 0.556641 0.621094 0.556641 0.629883 0.564453 0.639648 0.570312 0.638672 0.583008
1 0.709961 0.544922 0.718750 0.554688 0.724609 0.559570 0.729492 0.563477 0.726562 0.569336 0.725586 0.576172 0.717773 0.580078 0.708984 0.579102 0.703125 0.579102 0.693359 0.569336 0.691406 0.555664 0.700195 0.544922
1 0.770508 0.635742 0.778320 0.628906 0.784180 0.627930 0.784180 0.627930 0.789062 0.625977 0.793945 0.625977 0.794922 0.634766 0.800781 0.638672 0.806641 0.644531 0.803711 0.654297 0.799805 0.659180 0.792969 0.660156 0.791992 0.665039 0.785156 0.665039 0.778320 0.664062 0.769531 0.650391
1 0.866211 0.626953 0.872070 0.622070 0.878906 0.618164 0.880859 0.625000 0.887695 0.638672 0.884766 0.644531 0.880859 0.651367 0.875000 0.652344 0.867188 0.652344 0.859375 0.647461 0.858398 0.636719
1 0.944336 0.606445 0.952148 0.609375 0.959961 0.609375 0.963867 0.613281 0.968750 0.615234 0.974609 0.624023 0.978516 0.634766 0.975586 0.639648 0.970703 0.641602 0.958984 0.645508 0.949219 0.636719 0.942383 0.630859 0.936523 0.626953 0.940430 0.617188
1 0.949219 0.533203 0.953125 0.521484 0.965820 0.521484 0.982422 0.520508 0.988281 0.525391 0.993164 0.533203 0.994141 0.540039 0.994141 0.545898 0.990234 0.546875 0.987305 0.549805 0.982422 0.553711 0.974609 0.555664 0.970703 0.559570 0.964844 0.555664 0.963867 0.551758 0.958984 0.553711 0.952148 0.547852 0.948242 0.539062
1 0.906250 0.538086 0.909180 0.548828 0.910156 0.561523 0.906250 0.567383 0.898438 0.564453 0.882812 0.561523 0.874023 0.562500 0.871094 0.555664 0.873047 0.550781 0.870117 0.541992 0.876953 0.537109 0.880859 0.528320 0.892578 0.535156 0.900391 0.533203
1 0.782227 0.546875 0.791992 0.544922 0.794922 0.540039 0.803711 0.537109 0.807617 0.540039 0.815430 0.543945 0.814453 0.547852 0.815430 0.550781 0.815430 0.554688 0.820312 0.559570 0.816406 0.562500 0.810547 0.562500 0.806641 0.570312 0.798828 0.569336 0.795898 0.565430 0.792969 0.565430 0.790039 0.567383 0.784180 0.564453 0.782227 0.560547 0.784180 0.556641 0.781250 0.553711 0.781250 0.549805
1 0.277344 0.341797 0.285156 0.349609 0.295898 0.345703 0.296875 0.336914 0.300781 0.334961 0.291992 0.328125 0.284180 0.331055 0.282227 0.333984 0.279297 0.333984
1 0.967773 0.454102 0.976562 0.443359 0.986328 0.442383 0.995117 0.449219 1.000000 0.459961 0.995117 0.474609 0.985352 0.479492 0.972656 0.476562 0.965820 0.470703 0.964844 0.457031
1 0.911133 0.445312 0.914062 0.450195 0.918945 0.459961 0.917969 0.463867 0.912109 0.464844 0.910156 0.470703 0.904297 0.472656 0.898438 0.473633 0.890625 0.471680 0.884766 0.468750 0.877930 0.456055 0.888672 0.444336 0.898438 0.440430 0.908203 0.441406
1 0.827148 0.469727 0.820312 0.472656 0.813477 0.470703 0.815430 0.479492 0.810547 0.480469 0.808594 0.481445 0.800781 0.481445 0.793945 0.476562 0.788086 0.458984 0.795898 0.456055 0.804688 0.448242 0.817383 0.447266 0.825195 0.454102 0.828125 0.462891
1 0.718750 0.498047 0.715820 0.494141 0.713867 0.488281 0.709961 0.490234 0.704102 0.487305 0.703125 0.478516 0.707031 0.469727 0.705078 0.458984 0.717773 0.455078 0.729492 0.459961 0.737305 0.467773 0.737305 0.477539 0.732422 0.483398
1 0.643555 0.502930 0.645508 0.497070 0.648438 0.492188 0.648438 0.485352 0.645508 0.471680 0.635742 0.463867 0.625000 0.464844 0.621094 0.472656 0.614258 0.476562 0.618164 0.479492 0.613281 0.486328 0.613281 0.489258 0.615234 0.494141 0.614258 0.496094 0.623047 0.500977 0.626953 0.500000 0.632812 0.500000 0.636719 0.500977 0.638672 0.502930 0.641602 0.502930
1 0.628906 0.383789 0.639648 0.378906 0.648438 0.378906 0.655273 0.380859 0.661133 0.392578 0.661133 0.399414 0.654297 0.403320 0.646484 0.412109 0.639648 0.416016 0.627930 0.414062 0.625000 0.405273 0.627930 0.402344 0.626953 0.396484 0.626953 0.388672 0.629883 0.388672
1 0.716797 0.399414 0.726562 0.406250 0.741211 0.404297 0.749023 0.396484 0.751953 0.386719 0.745117 0.376953 0.740234 0.374023 0.731445 0.371094 0.721680 0.366211 0.719727 0.372070 0.717773 0.380859 0.715820 0.385742 0.714844 0.393555
1 0.815430 0.363281 0.820312 0.360352 0.826172 0.363281 0.827148 0.370117 0.834961 0.375000 0.833984 0.377930 0.838867 0.383789 0.838867 0.388672 0.831055 0.393555 0.824219 0.397461 0.822266 0.403320 0.816406 0.396484 0.813477 0.399414 0.806641 0.395508 0.799805 0.395508 0.799805 0.395508 0.800781 0.385742 0.797852 0.378906 0.799805 0.372070 0.804688 0.369141 0.807617 0.362305 0.812500 0.361328
1 0.916016 0.348633 0.926758 0.353516 0.930664 0.363281 0.936523 0.373047 0.932617 0.382812 0.920898 0.383789 0.915039 0.388672 0.905273 0.388672 0.893555 0.390625 0.888672 0.382812 0.885742 0.367188 0.892578 0.353516 0.897461 0.352539 0.902344 0.351562
1 1.000000 0.387695 0.992188 0.380859 0.985352 0.380859 0.978516 0.380859 0.974609 0.361328 0.988281 0.350586 0.994141 0.351562 1.000000 0.348633
1 0.997070 0.292969 0.986328 0.292969 0.986328 0.283203 0.982422 0.276367 0.983398 0.273438 0.987305 0.272461 0.991211 0.262695 0.996094 0.257812 1.000000 0.261719 1.000000 0.290039
1 0.902344 0.290039 0.899414 0.278320 0.906250 0.270508 0.910156 0.264648 0.918945 0.263672 0.929688 0.260742 0.935547 0.264648 0.941406 0.268555 0.942383 0.275391 0.942383 0.281250 0.941406 0.289062 0.928711 0.295898 0.920898 0.301758 0.907227 0.301758 0.902344 0.292969 0.905273 0.289062
1 0.844727 0.302734 0.842773 0.303711 0.845703 0.308594 0.837891 0.310547 0.834961 0.312500 0.833984 0.309570 0.829102 0.310547 0.827148 0.307617 0.826172 0.305664 0.818359 0.305664 0.812500 0.298828 0.815430 0.295898 0.813477 0.289062 0.816406 0.289062 0.814453 0.281250 0.820312 0.279297 0.824219 0.277344 0.827148 0.272461 0.832031 0.274414 0.834961 0.275391 0.836914 0.280273 0.841797 0.278320 0.845703 0.281250 0.849609 0.286133 0.849609 0.288086 0.849609 0.292969 0.849609 0.295898 0.850586 0.301758 0.847656 0.302734 0.846680 0.300781
1 0.744141 0.314453 0.739258 0.314453 0.732422 0.314453 0.728516 0.314453 0.726562 0.307617 0.725586 0.293945 0.733398 0.289062 0.744141 0.284180 0.752930 0.287109 0.753906 0.293945 0.754883 0.298828 0.761719 0.305664 0.758789 0.309570 0.756836 0.314453 0.754883 0.312500 0.752930 0.312500 0.750977 0.311523 0.747070 0.310547 0.749023 0.314453 0.747070 0.315430 0.745117 0.312500 0.744141 0.312500
1 0.651367 0.320312 0.659180 0.320312 0.665039 0.320312 0.672852 0.320312 0.677734 0.311523 0.667969 0.297852 0.664062 0.288086 0.656250 0.288086 0.649414 0.297852 0.642578 0.303711 0.634766 0.309570 0.634766 0.320312 0.640625 0.324219 0.650391 0.325195 0.650391 0.322266
1 0.647461 0.234375 0.663086 0.235352 0.673828 0.235352 0.681641 0.228516 0.686523 0.208008 0.672852 0.203125 0.662109 0.198242 0.649414 0.203125 0.646484 0.217773
1 0.738281 0.190430 0.747070 0.185547 0.755859 0.184570 0.756836 0.188477 0.760742 0.193359 0.766602 0.191406 0.772461 0.193359 0.777344 0.199219 0.773438 0.209961 0.771484 0.217773 0.770508 0.229492 0.764648 0.227539 0.762695 0.228516 0.750977 0.231445 0.741211 0.226562 0.737305 0.213867 0.734375 0.207031 0.735352 0.202148 0.739258 0.199219 0.736328 0.196289
1 0.835938 0.190430 0.844727 0.182617 0.849609 0.182617 0.851562 0.187500 0.864258 0.188477 0.864258 0.203125 0.861328 0.208008 0.858398 0.212891 0.850586 0.212891 0.844727 0.218750 0.844727 0.218750 0.828125 0.212891 0.829102 0.192383
1 0.922852 0.184570 0.933594 0.180664 0.938477 0.187500 0.945312 0.192383 0.949219 0.201172 0.945312 0.206055 0.942383 0.210938 0.942383 0.210938 0.934570 0.216797 0.923828 0.215820 0.916016 0.207031 0.916992 0.199219 0.917969 0.192383 0.918945 0.190430
1 0.574219 0.059570 0.581055 0.052734 0.588867 0.058594 0.593750 0.051758 0.593750 0.045898 0.590820 0.035156 0.591797 0.022461 0.578125 0.018555 0.562500 0.010742 0.551758 0.017578 0.547852 0.019531 0.540039 0.020508 0.533203 0.029297 0.535156 0.040039 0.540039 0.051758 0.546875 0.058594 0.552734 0.058594 0.560547 0.062500 0.568359 0.062500
1 0.624023 0.064453 0.631836 0.057617 0.642578 0.050781 0.648438 0.049805 0.644531 0.036133 0.644531 0.024414 0.640625 0.022461 0.632812 0.018555 0.626953 0.029297 0.615234 0.018555 0.607422 0.017578 0.597656 0.023438 0.595703 0.041016 0.596680 0.055664 0.601562 0.061523 0.606445 0.054688 0.609375 0.052734 0.612305 0.054688 0.614258 0.058594 0.618164 0.058594
1 0.720703 0.039062 0.715820 0.041016 0.707031 0.041016 0.694336 0.040039 0.693359 0.032227 0.689453 0.028320 0.692383 0.025391 0.684570 0.023438 0.686523 0.020508 0.687500 0.017578 0.692383 0.016602 0.693359 0.012695 0.705078 0.003906 0.707031 0.000000 0.724609 0.000000 0.735352 0.010742 0.735352 0.010742 0.741211 0.022461 0.734375 0.030273 0.731445 0.033203 0.731445 0.037109 0.726562 0.041016
1 0.792969 0.064453 0.801758 0.052734 0.810547 0.054688 0.815430 0.041016 0.821289 0.033203 0.822266 0.023438 0.818359 0.013672 0.812500 0.008789 0.808594 0.007812 0.806641 0.000000 0.791992 0.000000 0.783203 0.008789 0.778320 0.028320 0.782227 0.038086 0.772461 0.042969 0.776367 0.048828 0.777344 0.053711 0.780273 0.058594 0.784180 0.053711 0.791016 0.055664
1 0.875977 0.053711 0.867188 0.040039 0.862305 0.030273 0.863281 0.018555 0.869141 0.015625 0.871094 0.007812 0.876953 0.004883 0.876953 0.004883 0.898438 0.002930 0.913086 0.009766 0.915039 0.014648 0.915039 0.018555 0.909180 0.035156 0.902344 0.038086 0.896484 0.038086 0.897461 0.045898 0.891602 0.046875 0.886719 0.051758
1 0.388672 0.855469 0.407227 0.847656 0.413086 0.860352 0.408203 0.877930 0.391602 0.876953 0.386719 0.866211
1 0.087891 0.506836 0.101562 0.513672 0.110352 0.531250 0.101562 0.549805 0.089844 0.560547 0.085938 0.574219 0.070312 0.569336 0.070312 0.569336 0.068359 0.545898 0.081055 0.533203 0.077148 0.514648