1 0.980863 0.000000 0.973659 0.000441 0.963543 0.016688 0.967835 0.029717 0.986688 0.055927 1.000000 0.055160 1.000000 0.057612 1.000000 0.000000
1 0.966899 0.257585 0.955523 0.272542 0.938670 0.268961 0.921396 0.254214 0.909178 0.233990 0.912127 0.214188 0.928559 0.199021 0.962265 0.185749 0.980382 0.190805 0.995760 0.209343 0.997024 0.228724 0.987123 0.248315
1 0.815060 0.143500 0.801956 0.145946 0.780814 0.140880 0.774175 0.132842 0.775922 0.110827 0.786405 0.098597 0.805800 0.094403 0.819253 0.109080 0.825193 0.121136 0.823097 0.130396
1 0.800208 0.231909 0.788327 0.236976 0.772078 0.238897 0.753383 0.224221 0.752160 0.203080 0.767012 0.184560 0.789726 0.180541 0.805101 0.186831 0.811740 0.207623 0.809993 0.224396
1 0.619012 0.028277 0.613894 0.034171 0.600712 0.033550 0.594508 0.018662 0.594818 0.003619 0.608311 0.000000 0.618546 0.004859 0.621958 0.014164
1 0.963267 0.422739 0.941169 0.424055 0.923808 0.409850 0.912759 0.383807 0.924859 0.372494 0.949062 0.370653 0.968527 0.375914 0.987994 0.398801
1 0.742557 0.325254 0.711826 0.327190 0.691742 0.324286 0.676982 0.296702 0.683031 0.272747 0.697550 0.254599 0.727313 0.248791 0.752961 0.261374 0.756349 0.293072 0.753445 0.312914
1 0.683031 0.373648 0.667304 0.381392 0.634396 0.373648 0.617457 0.355259 0.632701 0.331787 0.651817 0.317512 0.680128 0.316543 0.692710 0.330336 0.694404 0.350178
1 0.098001 0.083432 0.088197 0.089405 0.062769 0.084351 0.045766 0.067960 0.038565 0.045136 0.055263 0.030276 0.085899 0.025834 0.103056 0.035484 0.109489 0.050344 0.108877 0.067960 0.103516 0.077917
1 0.120519 0.000000 0.119906 0.009750 0.123430 0.020473 0.139360 0.026753 0.152534 0.032421 0.165708 0.023230 0.166934 0.004389 0.160040 0.000000
1 0.117373 0.183412 0.101022 0.191266 0.085573 0.190106 0.078492 0.182640 0.074759 0.166289 0.086989 0.151355 0.106301 0.146978 0.117759 0.157020 0.121235 0.169766
1 0.062821 0.185550 0.045383 0.185274 0.034827 0.179400 0.025924 0.167285 0.032257 0.146541 0.039783 0.146449 0.056305 0.152232 0.064657 0.169579 0.065116 0.178941
1 0.324368 0.770363 0.311857 0.775942 0.280919 0.760727 0.275847 0.744158 0.282778 0.711021 0.313041 0.700032 0.338908 0.717615 0.353447 0.744834 0.346347 0.761572 0.329103 0.769011
1 0.347605 0.803993 0.329491 0.813312 0.307176 0.805831 0.300875 0.793623 0.308226 0.778002 0.325553 0.766582 0.344455 0.767501 0.355351 0.783122 0.351675 0.793623
1 0.284188 0.827978 0.259751 0.831638 0.243460 0.827151 0.228467 0.806965 0.228821 0.785951 0.244286 0.768479 0.269550 0.760333 0.289973 0.770014 0.297765 0.797992 0.295403 0.815700 0.283598 0.822548
1 0.277760 0.615554 0.257840 0.619922 0.233376 0.610836 0.223939 0.582877 0.235647 0.565403 0.266926 0.561384 0.287371 0.576063 0.291914 0.597031 0.287021 0.607341
1 1.000000 0.561463 1.000000 0.576193 0.973063 0.564409 0.952441 0.542478 0.968480 0.513673 1.000000 0.501562 1.000000 0.496324
1 1.000000 0.487158 1.000000 0.504834 0.995977 0.506799 0.973719 0.492396 0.968153 0.470137 0.990085 0.439695 1.000000 0.434130 1.000000 0.441659
1 0.674155 0.266302 0.654333 0.269165 0.631426 0.258152 0.629664 0.234145 0.648386 0.217186 0.671732 0.217186 0.684508 0.232162 0.681645 0.252426
1 0.598926 0.138466 0.591472 0.145794 0.580984 0.148194 0.566833 0.138845 0.569486 0.120146 0.586038 0.106374 0.598673 0.112817 0.606001 0.124820
1 0.629123 0.176370 0.617246 0.179276 0.605370 0.175486 0.598800 0.163104 0.601705 0.147942 0.620026 0.143520 0.631145 0.152490 0.633419 0.163483
1 0.264648 0.066406 0.272461 0.057617 0.272461 0.070312 0.287109 0.072266 0.282227 0.087891 0.285156 0.100586 0.289062 0.115234 0.270508 0.119141 0.269531 0.130859 0.255859 0.121094 0.246094 0.135742 0.241211 0.119141 0.232422 0.121094 0.236328 0.114258 0.222656 0.110352 0.227539 0.091797 0.227539 0.091797 0.215820 0.075195 0.234375 0.060547 0.246094 0.073242 0.257812 0.054688
1 0.351562 0.029297 0.349609 0.041016 0.337891 0.045898 0.334961 0.030273
1 0.371094 0.030273 0.375977 0.042969 0.379883 0.049805 0.377930 0.068359 0.356445 0.071289 0.346680 0.056641 0.351562 0.041016 0.351562 0.028320
1 0.193359 0.094727 0.212891 0.083984 0.208984 0.109375 0.226562 0.123047 0.205078 0.125977 0.221680 0.138672 0.201172 0.137695 0.200195 0.153320 0.200195 0.153320 0.186523 0.139648 0.170898 0.153320 0.173828 0.131836 0.154297 0.122070 0.153320 0.107422 0.169922 0.107422 0.168945 0.083984
1 0.060547 0.095703 0.070312 0.089844 0.068359 0.104492 0.077148 0.108398 0.077148 0.108398 0.073242 0.114258 0.073242 0.114258 0.081055 0.123047 0.071289 0.125000 0.069336 0.131836 0.053711 0.130859 0.035156 0.129883 0.041016 0.122070 0.036133 0.091797 0.047852 0.102539
1 0.000000 0.192383 0.007812 0.191406 0.015625 0.179688 0.014648 0.196289 0.025391 0.204102 0.047852 0.221680 0.041992 0.219727 0.017578 0.221680 0.016602 0.232422 0.006836 0.220703 0.000000 0.218750
1 0.087891 0.208984 0.098633 0.197266 0.098633 0.211914 0.117188 0.214844 0.107422 0.221680 0.119141 0.233398 0.102539 0.231445 0.110352 0.249023 0.094727 0.242188 0.079102 0.237305 0.083008 0.224609 0.072266 0.208984 0.083984 0.211914
1 0.159180 0.202148 0.164062 0.191406 0.168945 0.208984 0.178711 0.209961 0.192383 0.224609 0.186523 0.230469 0.190430 0.243164 0.178711 0.248047 0.168945 0.256836 0.156250 0.248047 0.135742 0.248047 0.139648 0.231445 0.127930 0.217773
1 0.106445 0.373047 0.122070 0.369141 0.109375 0.383789 0.133789 0.395508 0.135742 0.406250 0.117188 0.404297 0.105469 0.416992 0.091797 0.402344 0.064453 0.407227 0.075195 0.398438 0.060547 0.390625 0.085938 0.380859 0.091797 0.366211
1 0.077148 0.318359 0.089844 0.310547 0.103516 0.322266 0.099609 0.332031 0.098633 0.353516 0.078125 0.363281 0.058594 0.349609 0.058594 0.326172
1 0.040039 0.307617 0.038086 0.322266 0.051758 0.333984 0.054688 0.351562 0.035156 0.359375 0.012695 0.355469 0.013672 0.323242 0.027344 0.301758
1 0.216797 0.418945 0.227539 0.423828 0.246094 0.424805 0.247070 0.436523 0.265625 0.441406 0.255859 0.463867 0.246094 0.483398 0.200195 0.471680 0.204102 0.460938 0.185547 0.460938 0.193359 0.443359 0.187500 0.425781
1 0.193359 0.378906 0.199219 0.373047 0.209961 0.384766 0.221680 0.392578 0.209961 0.398438 0.209961 0.398438 0.207031 0.418945 0.181641 0.415039 0.185547 0.403320 0.168945 0.403320 0.168945 0.403320 0.169922 0.388672 0.181641 0.389648 0.180664 0.376953
1 0.246094 0.348633 0.269531 0.352539 0.265625 0.364258 0.275391 0.379883 0.262695 0.386719 0.250000 0.408203 0.237305 0.388672 0.219727 0.381836 0.235352 0.369141
1 0.186523 0.278320 0.194336 0.275391 0.191406 0.289062 0.193359 0.297852 0.184570 0.295898 0.183594 0.307617 0.179688 0.296875 0.167969 0.305664 0.173828 0.286133 0.163086 0.286133 0.173828 0.278320 0.171875 0.264648
1 0.146484 0.251953 0.152344 0.249023 0.150391 0.257812 0.159180 0.261719 0.153320 0.267578 0.152344 0.276367 0.147461 0.272461 0.136719 0.269531 0.131836 0.260742 0.126953 0.253906 0.135742 0.256836 0.135742 0.250000
1 0.236328 0.218750 0.254883 0.219727 0.265625 0.232422 0.263672 0.244141 0.254883 0.260742 0.246094 0.256836 0.230469 0.250000 0.228516 0.231445 0.228516 0.231445 0.233398 0.223633
1 0.271484 0.267578 0.289062 0.261719 0.278320 0.276367 0.295898 0.280273 0.277344 0.289062 0.283203 0.307617 0.268555 0.301758 0.268555 0.301758 0.261719 0.313477 0.249023 0.293945 0.232422 0.287109 0.229492 0.273438 0.251953 0.278320 0.238281 0.253906 0.247070 0.257812 0.258789 0.250000 0.262695 0.264648 0.275391 0.249023
1 0.304688 0.282227 0.316406 0.279297 0.309570 0.291016 0.321289 0.310547 0.304688 0.298828 0.310547 0.318359 0.295898 0.301758 0.271484 0.305664 0.283203 0.297852 0.269531 0.284180 0.284180 0.283203 0.291016 0.264648
1 0.269531 0.401367 0.278320 0.394531 0.286133 0.405273 0.292969 0.421875 0.287109 0.422852 0.290039 0.431641 0.276367 0.441406 0.267578 0.433594 0.248047 0.433594 0.251953 0.421875 0.249023 0.398438 0.253906 0.393555
1 0.294922 0.399414 0.301758 0.391602 0.303711 0.405273 0.318359 0.395508 0.334961 0.417969 0.329102 0.429688 0.334961 0.444336 0.333984 0.458984 0.316406 0.455078 0.312500 0.473633 0.302734 0.458984 0.295898 0.473633 0.276367 0.462891 0.286133 0.445312 0.272461 0.439453 0.286133 0.432617 0.288086 0.416016 0.285156 0.398438
1 0.334961 0.416016 0.341797 0.419922 0.350586 0.410156 0.351562 0.418945 0.371094 0.433594 0.359375 0.439453 0.363281 0.452148 0.354492 0.459961 0.341797 0.455078 0.330078 0.466797 0.330078 0.466797 0.326172 0.449219 0.329102 0.437500 0.327148 0.426758
1 0.096680 0.441406 0.112305 0.461914 0.106445 0.483398 0.104492 0.498047 0.092773 0.494141 0.092773 0.494141 0.078125 0.490234 0.061523 0.476562 0.060547 0.458984 0.075195 0.452148
1 0.074219 0.485352 0.092773 0.495117 0.104492 0.509766 0.104492 0.524414 0.080078 0.524414 0.056641 0.518555 0.044922 0.511719 0.043945 0.497070 0.059570 0.495117 0.062500 0.484375
1 0.044922 0.681641 0.056641 0.675781 0.063477 0.690430 0.077148 0.692383 0.070312 0.702148 0.086914 0.706055 0.057617 0.712891 0.055664 0.731445 0.042969 0.721680 0.031250 0.727539 0.022461 0.717773 0.011719 0.709961 0.037109 0.701172 0.025391 0.676758 0.025391 0.676758
1 0.078125 0.690430 0.099609 0.683594 0.121094 0.694336 0.131836 0.709961 0.140625 0.721680 0.146484 0.738281 0.128906 0.761719 0.111328 0.775391 0.088867 0.767578 0.069336 0.754883 0.075195 0.733398 0.063477 0.718750 0.070312 0.700195
1 0.174805 0.734375 0.191406 0.730469 0.206055 0.741211 0.201172 0.749023 0.210938 0.753906 0.218750 0.772461 0.203125 0.790039 0.170898 0.781250 0.169922 0.771484 0.157227 0.768555 0.154297 0.753906 0.166992 0.748047 0.164062 0.737305
1 0.261719 0.678711 0.271484 0.690430 0.270508 0.712891 0.246094 0.713867 0.231445 0.702148 0.235352 0.677734
1 0.253906 0.635742 0.238281 0.632812 0.226562 0.649414 0.237305 0.665039 0.241211 0.681641 0.255859 0.683594 0.266602 0.664062
0 0.290039 0.622070 0.294922 0.603516 0.298828 0.620117 0.312500 0.621094 0.312500 0.621094 0.326172 0.648438 0.327148 0.666992 0.314453 0.658203 0.330078 0.685547 0.323242 0.700195 0.319336 0.696289 0.308594 0.688477 0.300781 0.703125 0.290039 0.698242 0.285156 0.685547 0.271484 0.697266 0.262695 0.688477 0.272461 0.679688 0.255859 0.672852 0.260742 0.665039 0.243164 0.663086 0.248047 0.644531 0.253906 0.634766 0.270508 0.633789 0.273438 0.617188
1 0.150391 0.820312 0.155273 0.837891 0.137695 0.848633 0.120117 0.841797 0.125000 0.820312
1 0.041016 0.819336 0.064453 0.828125 0.070312 0.852539 0.059570 0.878906 0.036133 0.876953 0.017578 0.877930 0.004883 0.857422 0.006836 0.829102
1 0.042969 0.905273 0.056641 0.920898 0.062500 0.935547 0.053711 0.941406 0.058594 0.965820 0.042969 0.958984 0.034180 0.963867 0.033203 0.957031 0.015625 0.953125 0.023438 0.946289 0.011719 0.929688 0.030273 0.915039 0.040039 0.919922
1 0.299805 0.885742 0.302734 0.890625 0.317383 0.887695 0.313477 0.895508 0.326172 0.895508 0.323242 0.903320 0.328125 0.907227 0.314453 0.924805 0.329102 0.927734 0.317383 0.937500 0.315430 0.955078 0.300781 0.943359 0.293945 0.961914 0.293945 0.961914 0.291016 0.945312 0.272461 0.956055 0.276367 0.946289 0.264648 0.943359 0.270508 0.934570 0.262695 0.926758 0.273438 0.922852 0.264648 0.903320 0.273438 0.892578 0.285156 0.895508
1 0.337891 0.899414 0.348633 0.903320 0.360352 0.902344 0.358398 0.915039 0.358398 0.915039 0.366211 0.915039 0.354492 0.925781 0.351562 0.945312 0.351562 0.945312 0.346680 0.958984 0.339844 0.944336 0.334961 0.945312 0.318359 0.942383 0.315430 0.932617 0.314453 0.914062 0.327148 0.906250 0.330078 0.891602
0 0.525391 0.669922 0.536133 0.682617 0.541016 0.685547 0.546875 0.688477 0.556641 0.694336 0.559570 0.698242 0.567383 0.703125 0.571289 0.712891 0.572266 0.718750 0.575195 0.722656 0.580078 0.726562 0.594727 0.734375 0.583008 0.762695 0.573242 0.791992 0.548828 0.804688 0.538086 0.799805 0.523438 0.811523 0.507812 0.805664 0.474609 0.818359 0.463867 0.807617 0.469727 0.794922 0.451172 0.786133 0.457031 0.771484 0.453125 0.750000 0.461914 0.740234 0.447266 0.724609 0.446289 0.695312 0.461914 0.690430 0.482422 0.691406 0.497070 0.674805 0.508789 0.665039 0.508789 0.665039
1 0.589844 0.736328 0.609375 0.738281 0.610352 0.756836 0.601562 0.779297 0.583984 0.788086 0.575195 0.772461
1 0.644531 0.747070 0.653320 0.750977 0.665039 0.756836 0.669922 0.784180 0.652344 0.795898 0.626953 0.783203 0.629883 0.766602 0.621094 0.753906
1 0.936523 0.955078 0.938477 0.981445 0.918945 0.984375 0.898438 0.968750 0.906250 0.954102 0.906250 0.954102 0.919922 0.946289
1 0.791016 0.910156 0.798828 0.898438 0.804688 0.906250 0.819336 0.902344 0.824219 0.916992 0.815430 0.929688 0.828125 0.947266 0.814453 0.950195 0.810547 0.965820 0.796875 0.958008 0.796875 0.958008 0.788086 0.964844 0.759766 0.954102 0.775391 0.932617 0.773438 0.921875 0.770508 0.909180
1 0.774414 0.788086 0.781250 0.791016 0.792969 0.814453 0.779297 0.833984 0.756836 0.844727 0.748047 0.834961 0.744141 0.836914 0.732422 0.822266 0.733398 0.799805 0.735352 0.780273 0.752930 0.791016 0.758789 0.779297
1 0.767578 0.731445 0.788086 0.727539 0.789062 0.751953 0.776367 0.757812 0.787109 0.772461 0.770508 0.776367 0.766602 0.791016 0.751953 0.780273 0.747070 0.793945 0.735352 0.784180 0.736328 0.764648 0.718750 0.750000 0.718750 0.750000 0.720703 0.735352 0.741211 0.737305 0.741211 0.737305 0.747070 0.715820
1 0.770508 0.664062 0.771484 0.647461 0.782227 0.666992 0.803711 0.669922 0.795898 0.672852 0.793945 0.684570 0.805664 0.717773 0.805664 0.717773 0.795898 0.713867 0.797852 0.727539 0.784180 0.724609 0.784180 0.724609 0.779297 0.735352 0.769531 0.723633 0.757812 0.730469 0.735352 0.708008 0.743164 0.698242 0.727539 0.685547 0.734375 0.675781 0.758789 0.676758 0.760742 0.654297
1 0.905273 0.749023 0.932617 0.764648 0.932617 0.796875 0.908203 0.807617 0.886719 0.794922 0.875977 0.781250 0.884766 0.757812
1 0.949219 0.794922 0.974609 0.798828 0.969727 0.820312 0.979492 0.845703 0.981445 0.874023 0.961914 0.891602 0.931641 0.880859 0.904297 0.855469 0.919922 0.823242 0.939453 0.820312
1 0.984375 0.751953 1.000000 0.751953 1.000000 0.799805 0.979492 0.798828 0.975586 0.787109 0.975586 0.758789
1 0.997070 0.710938 0.979492 0.709961 0.979492 0.709961 0.967773 0.723633 0.961914 0.735352 0.969727 0.742188 0.969727 0.742188 0.960938 0.756836 0.969727 0.764648 0.985352 0.758789 1.000000 0.756836
0 0.515625 0.569336 0.535156 0.584961 0.557617 0.572266 0.593750 0.570312 0.601562 0.587891 0.592773 0.602539 0.598633 0.615234 0.598633 0.615234 0.584961 0.628906 0.577148 0.642578 0.546875 0.659180 0.517578 0.666016 0.517578 0.666016 0.498047 0.679688 0.472656 0.684570 0.457031 0.664062 0.460938 0.639648 0.455078 0.616211 0.477539 0.598633 0.495117 0.575195 0.509766 0.562500
1 0.716797 0.646484 0.715820 0.662109 0.700195 0.661133 0.700195 0.661133 0.697266 0.642578
1 0.747070 0.604492 0.761719 0.614258 0.760742 0.634766 0.742188 0.640625 0.729492 0.619141
1 0.719727 0.523438 0.737305 0.529297 0.737305 0.553711 0.719727 0.568359 0.708008 0.553711 0.691406 0.548828 0.684570 0.526367
1 0.614258 0.575195 0.628906 0.568359 0.638672 0.577148 0.638672 0.587891 0.653320 0.594727 0.641602 0.613281 0.626953 0.630859 0.620117 0.613281 0.589844 0.616211 0.586914 0.598633 0.596680 0.590820 0.587891 0.571289 0.603516 0.563477
1 0.574219 0.494141 0.584961 0.494141 0.586914 0.510742 0.578125 0.513672 0.568359 0.500977
1 0.565430 0.504883 0.577148 0.509766 0.577148 0.523438 0.567383 0.528320 0.555664 0.523438 0.556641 0.509766
1 0.566406 0.527344 0.579102 0.534180 0.578125 0.550781 0.567383 0.554688 0.553711 0.544922 0.553711 0.532227
1 0.392578 0.356445 0.402344 0.365234 0.416016 0.364258 0.431641 0.380859 0.440430 0.409180 0.424805 0.429688 0.400391 0.430664 0.381836 0.427734 0.384766 0.411133 0.371094 0.413086 0.367188 0.392578 0.386719 0.376953
1 0.321289 0.311523 0.333008 0.301758 0.326172 0.320312 0.349609 0.323242 0.334961 0.330078 0.333008 0.343750 0.324219 0.339844 0.324219 0.339844 0.321289 0.351562 0.311523 0.330078 0.301758 0.319336 0.315430 0.317383
1 0.412109 0.316406 0.416016 0.328125 0.416016 0.328125 0.404297 0.333984 0.393555 0.329102 0.393555 0.314453
1 0.393555 0.268555 0.412109 0.271484 0.416016 0.244141 0.424805 0.263672 0.436523 0.258789 0.435547 0.281250 0.455078 0.285156 0.449219 0.288086 0.435547 0.295898 0.436523 0.317383 0.413086 0.305664 0.413086 0.305664 0.389648 0.308594 0.402344 0.294922 0.390625 0.282227
1 0.572266 0.335938 0.580078 0.346680 0.578125 0.359375 0.593750 0.364258 0.592773 0.390625 0.577148 0.397461 0.541016 0.395508 0.541016 0.395508 0.517578 0.376953 0.534180 0.364258 0.540039 0.351562 0.559570 0.346680
1 0.565430 0.247070 0.579102 0.251953 0.576172 0.261719 0.587891 0.258789 0.586914 0.276367 0.586914 0.276367 0.572266 0.300781 0.564453 0.310547 0.558594 0.297852 0.538086 0.290039 0.546875 0.263672 0.545898 0.248047 0.561523 0.258789
1 0.567383 0.425781 0.573242 0.435547 0.588867 0.438477 0.583984 0.462891 0.583008 0.481445 0.565430 0.483398 0.553711 0.497070 0.539062 0.469727 0.538086 0.438477 0.548828 0.433594
1 0.876953 0.519531 0.873047 0.538086 0.856445 0.541016 0.856445 0.541016 0.855469 0.521484 0.867188 0.514648
1 0.794922 0.433594 0.814453 0.447266 0.813477 0.478516 0.791992 0.489258 0.771484 0.469727 0.771484 0.469727 0.772461 0.446289
1 0.903320 0.403320 0.908203 0.413086 0.926758 0.413086 0.915039 0.429688 0.935547 0.445312 0.908203 0.447266 0.893555 0.463867 0.882812 0.445312 0.859375 0.447266 0.869141 0.437500 0.862305 0.407227 0.875977 0.416992 0.867188 0.392578 0.888672 0.408203
1 0.813477 0.346680 0.840820 0.362305 0.824219 0.366211 0.823242 0.381836 0.785156 0.374023 0.797852 0.362305 0.771484 0.352539 0.769531 0.341797 0.788086 0.343750 0.793945 0.318359 0.806641 0.314453 0.814453 0.320312 0.814453 0.320312
1 0.958008 0.333984 0.975586 0.343750 0.961914 0.347656 0.973633 0.360352 0.973633 0.360352 0.960938 0.360352 0.957031 0.371094 0.951172 0.354492 0.931641 0.341797 0.950195 0.336914 0.949219 0.329102
1 0.904297 0.264648 0.924805 0.280273 0.924805 0.305664 0.912109 0.320312 0.888672 0.321289 0.890625 0.304688 0.885742 0.289062 0.877930 0.275391
1 0.850586 0.271484 0.877930 0.279297 0.877930 0.279297 0.870117 0.289062 0.881836 0.301758 0.865234 0.307617 0.861328 0.325195 0.856445 0.322266 0.844727 0.315430 0.823242 0.297852 0.838867 0.289062 0.839844 0.274414
1 0.356445 0.102539 0.374023 0.102539 0.377930 0.129883 0.366211 0.138672 0.353516 0.136719 0.350586 0.115234
1 0.375977 0.116211 0.393555 0.112305 0.390625 0.125000 0.396484 0.145508 0.383789 0.149414 0.372070 0.162109 0.364258 0.137695 0.373047 0.121094
1 0.410156 0.124023 0.424805 0.108398 0.424805 0.108398 0.423828 0.134766 0.446289 0.127930 0.426758 0.147461 0.444336 0.158203 0.428711 0.181641 0.410156 0.171875 0.398438 0.180664 0.384766 0.167969 0.406250 0.159180 0.392578 0.146484 0.394531 0.127930
1 0.488281 0.108398 0.508789 0.102539 0.509766 0.115234 0.524414 0.123047 0.514648 0.136719 0.519531 0.145508 0.505859 0.155273 0.489258 0.156250 0.481445 0.147461 0.471680 0.149414 0.464844 0.129883 0.464844 0.129883 0.452148 0.119141 0.473633 0.119141 0.474609 0.107422
1 0.522461 0.149414 0.534180 0.144531 0.534180 0.159180 0.549805 0.166992 0.535156 0.181641 0.519531 0.199219 0.516602 0.181641 0.502930 0.180664 0.497070 0.160156 0.509766 0.149414
1 0.634766 0.001953 0.625000 0.013672 0.628906 0.025391 0.639648 0.026367 0.648438 0.031250 0.655273 0.025391 0.659180 0.008789
1 0.695312 0.003906 0.699219 0.011719 0.717773 0.005859 0.715820 0.021484 0.721680 0.029297 0.730469 0.041016 0.730469 0.041016 0.712891 0.048828 0.724609 0.065430 0.706055 0.065430 0.705078 0.079102 0.685547 0.068359 0.670898 0.078125 0.648438 0.063477 0.639648 0.049805 0.639648 0.049805 0.661133 0.040039 0.649414 0.023438 0.653320 0.004883 0.667969 0.011719 0.672852 0.000000
1 0.848633 0.071289 0.857422 0.068359 0.853516 0.079102 0.865234 0.084961 0.858398 0.084961 0.853516 0.087891 0.853516 0.110352 0.843750 0.095703 0.828125 0.103516 0.836914 0.085938 0.831055 0.066406
1 0.908203 0.102539 0.916992 0.112305 0.928711 0.111328 0.933594 0.119141 0.927734 0.127930 0.936523 0.139648 0.921875 0.143555 0.924805 0.156250 0.913086 0.149414 0.906250 0.163086 0.898438 0.144531 0.880859 0.136719 0.876953 0.127930 0.893555 0.126953 0.885742 0.115234 0.901367 0.099609 0.903320 0.116211
1 0.855469 0.091797 0.866211 0.112305 0.876953 0.123047 0.862305 0.126953 0.871094 0.138672 0.843750 0.135742 0.828125 0.128906 0.833984 0.121094 0.828125 0.100586 0.847656 0.106445
1 0.845703 0.151367 0.865234 0.157227 0.858398 0.172852 0.876953 0.173828 0.887695 0.185547 0.871094 0.191406 0.873047 0.196289 0.855469 0.195312 0.856445 0.208984 0.844727 0.195312 0.833984 0.196289 0.822266 0.186523 0.833984 0.179688 0.826172 0.163086 0.820312 0.150391 0.833984 0.157227