1 0.101562 0.053711 0.095703 0.033203 0.104492 0.020508 0.119141 0.020508 0.126953 0.035156 0.118164 0.055664
1 0.095703 0.113281 0.106445 0.114258 0.109375 0.127930 0.105469 0.135742 0.095703 0.141602 0.083984 0.136719 0.081055 0.121094 0.086914 0.116211
1 0.184570 0.046875 0.205078 0.053711 0.215820 0.043945 0.223633 0.043945 0.223633 0.016602 0.211914 0.008789 0.189453 0.008789 0.180664 0.026367
1 0.179688 0.095703 0.187500 0.096680 0.195312 0.102539 0.204102 0.105469 0.206055 0.124023 0.203125 0.137695 0.192383 0.137695 0.185547 0.145508 0.176758 0.129883 0.167969 0.124023 0.172852 0.102539
1 0.168945 0.184570 0.180664 0.190430 0.190430 0.196289 0.191406 0.201172 0.189453 0.207031 0.196289 0.213867 0.187500 0.220703 0.184570 0.225586 0.180664 0.225586 0.175781 0.235352 0.167969 0.227539 0.157227 0.220703 0.155273 0.215820 0.156250 0.207031 0.159180 0.202148 0.160156 0.192383
1 0.166992 0.285156 0.172852 0.290039 0.179688 0.292969 0.175781 0.301758 0.176758 0.308594 0.166992 0.317383 0.161133 0.320312 0.154297 0.318359 0.147461 0.321289 0.148438 0.314453 0.145508 0.314453 0.143555 0.300781 0.147461 0.295898 0.149414 0.291016 0.154297 0.290039 0.157227 0.286133 0.161133 0.284180
1 0.138672 0.390625 0.149414 0.381836 0.162109 0.385742 0.166992 0.390625 0.166992 0.397461 0.162109 0.403320 0.156250 0.400391 0.153320 0.407227 0.142578 0.407227 0.135742 0.403320
1 0.140625 0.469727 0.150391 0.478516 0.156250 0.482422 0.154297 0.489258 0.155273 0.495117 0.140625 0.504883 0.129883 0.500977 0.123047 0.487305 0.129883 0.472656
1 0.121094 0.563477 0.124023 0.563477 0.133789 0.565430 0.140625 0.574219 0.139648 0.579102 0.136719 0.587891 0.132812 0.593750 0.132812 0.593750 0.125977 0.596680 0.119141 0.595703 0.108398 0.593750 0.104492 0.582031 0.110352 0.572266 0.117188 0.567383
1 0.107422 0.655273 0.122070 0.648438 0.125000 0.658203 0.125000 0.666016 0.125000 0.673828 0.123047 0.676758 0.111328 0.684570 0.099609 0.678711 0.095703 0.678711 0.092773 0.672852 0.099609 0.659180
1 0.107422 0.778320 0.116211 0.771484 0.114258 0.757812 0.108398 0.748047 0.097656 0.749023 0.087891 0.763672 0.085938 0.769531 0.093750 0.772461 0.098633 0.778320
1 0.104492 0.854492 0.099609 0.860352 0.093750 0.876953 0.089844 0.877930 0.083008 0.873047 0.075195 0.864258 0.073242 0.857422 0.075195 0.848633 0.087891 0.839844 0.096680 0.842773
0 0.009766 0.956055 0.023438 0.945312 0.043945 0.942383 0.050781 0.949219 0.064453 0.947266 0.070312 0.947266 0.078125 0.956055 0.079102 0.966797 0.089844 0.973633 0.089844 0.979492 0.089844 0.988281 0.086914 1.000000 0.000000 1.000000 0.000000 0.952148
1 0.162109 0.925781 0.173828 0.915039 0.181641 0.917969 0.187500 0.913086 0.191406 0.926758 0.189453 0.936523 0.189453 0.936523 0.183594 0.950195 0.174805 0.955078 0.154297 0.956055 0.157227 0.940430 0.157227 0.933594 0.159180 0.933594
1 0.167969 0.845703 0.181641 0.830078 0.194336 0.832031 0.200195 0.838867 0.199219 0.848633 0.197266 0.858398 0.197266 0.865234 0.189453 0.873047 0.176758 0.873047 0.166992 0.864258 0.160156 0.853516
1 0.175781 0.749023 0.179688 0.772461 0.182617 0.772461 0.184570 0.768555 0.188477 0.768555 0.194336 0.775391 0.199219 0.775391 0.205078 0.764648 0.208008 0.763672 0.210938 0.761719 0.209961 0.752930 0.205078 0.749023 0.208008 0.747070 0.205078 0.744141 0.206055 0.735352 0.200195 0.732422 0.193359 0.733398 0.181641 0.744141 0.177734 0.736328 0.174805 0.743164
1 0.187500 0.664062 0.192383 0.656250 0.198242 0.655273 0.199219 0.647461 0.208008 0.644531 0.216797 0.646484 0.222656 0.649414 0.226562 0.658203 0.227539 0.667969 0.224609 0.672852 0.222656 0.679688 0.219727 0.679688 0.215820 0.677734 0.214844 0.680664 0.213867 0.684570 0.201172 0.684570 0.199219 0.688477 0.195312 0.687500 0.194336 0.683594 0.191406 0.679688 0.189453 0.672852 0.186523 0.669922
1 0.208008 0.547852 0.215820 0.545898 0.224609 0.544922 0.233398 0.546875 0.237305 0.556641 0.241211 0.563477 0.240234 0.573242 0.242188 0.580078 0.236328 0.585938 0.231445 0.584961 0.223633 0.586914 0.217773 0.586914 0.207031 0.588867 0.195312 0.578125 0.198242 0.571289 0.196289 0.564453 0.200195 0.558594 0.199219 0.555664 0.201172 0.553711 0.201172 0.549805
1 0.208008 0.471680 0.215820 0.486328 0.224609 0.496094 0.237305 0.493164 0.242188 0.487305 0.250977 0.485352 0.247070 0.476562 0.250977 0.469727 0.250000 0.460938 0.240234 0.455078 0.231445 0.455078 0.226562 0.458984 0.224609 0.460938 0.217773 0.465820
1 0.223633 0.387695 0.226562 0.381836 0.225586 0.375977 0.228516 0.371094 0.238281 0.368164 0.248047 0.369141 0.254883 0.369141 0.258789 0.374023 0.264648 0.376953 0.265625 0.387695 0.262695 0.390625 0.259766 0.397461 0.258789 0.401367 0.253906 0.403320 0.249023 0.403320 0.234375 0.404297 0.225586 0.403320 0.224609 0.398438 0.221680 0.396484
1 0.242188 0.288086 0.242188 0.307617 0.247070 0.312500 0.256836 0.310547 0.261719 0.305664 0.263672 0.304688 0.267578 0.301758 0.268555 0.297852 0.265625 0.290039 0.257812 0.285156
1 0.255859 0.101562 0.254883 0.112305 0.259766 0.122070 0.271484 0.131836 0.277344 0.132812 0.282227 0.128906 0.289062 0.125000 0.298828 0.122070 0.305664 0.117188 0.300781 0.104492 0.291992 0.095703 0.285156 0.095703 0.284180 0.089844 0.279297 0.088867 0.277344 0.092773 0.272461 0.092773
1 0.366211 0.009766 0.370117 0.028320 0.385742 0.034180 0.397461 0.030273 0.403320 0.021484 0.399414 0.020508 0.401367 0.009766 0.391602 0.003906 0.376953 0.000000
1 0.358398 0.103516 0.371094 0.091797 0.377930 0.094727 0.391602 0.097656 0.397461 0.104492 0.392578 0.114258 0.374023 0.132812 0.367188 0.129883 0.358398 0.119141
1 0.362305 0.178711 0.370117 0.175781 0.379883 0.180664 0.383789 0.199219 0.377930 0.206055 0.377930 0.211914 0.365234 0.214844 0.360352 0.218750 0.350586 0.214844 0.343750 0.193359 0.348633 0.189453 0.350586 0.182617 0.355469 0.183594 0.357422 0.179688
1 0.356445 0.268555 0.367188 0.274414 0.371094 0.291992 0.370117 0.297852 0.365234 0.296875 0.358398 0.302734 0.358398 0.302734 0.348633 0.302734 0.341797 0.298828 0.335938 0.293945 0.337891 0.283203 0.340820 0.273438
1 0.339844 0.358398 0.360352 0.368164 0.357422 0.379883 0.355469 0.385742 0.348633 0.399414 0.341797 0.397461 0.332031 0.401367 0.317383 0.385742 0.317383 0.364258 0.326172 0.362305
1 0.329102 0.447266 0.337891 0.453125 0.345703 0.455078 0.351562 0.463867 0.343750 0.470703 0.339844 0.479492 0.338867 0.484375 0.335938 0.482422 0.334961 0.487305 0.331055 0.489258 0.331055 0.492188 0.325195 0.492188 0.326172 0.487305 0.322266 0.486328 0.317383 0.484375 0.317383 0.477539 0.311523 0.475586 0.312500 0.460938 0.318359 0.452148 0.323242 0.450195
1 0.322266 0.542969 0.333984 0.555664 0.332031 0.562500 0.324219 0.565430 0.321289 0.568359 0.316406 0.570312 0.312500 0.574219 0.308594 0.571289 0.303711 0.565430 0.301758 0.559570 0.297852 0.556641 0.300781 0.553711 0.305664 0.548828 0.311523 0.548828 0.314453 0.543945
1 0.287109 0.633789 0.302734 0.631836 0.304688 0.634766 0.311523 0.630859 0.315430 0.637695 0.321289 0.641602 0.322266 0.648438 0.322266 0.656250 0.319336 0.662109 0.315430 0.661133 0.310547 0.662109 0.309570 0.666992 0.305664 0.672852 0.294922 0.667969 0.290039 0.668945 0.285156 0.666016 0.282227 0.659180 0.278320 0.649414 0.278320 0.643555 0.283203 0.636719
1 0.281250 0.722656 0.296875 0.721680 0.302734 0.727539 0.309570 0.738281 0.303711 0.740234 0.304688 0.746094 0.298828 0.750000 0.302734 0.754883 0.295898 0.757812 0.291992 0.761719 0.285156 0.763672 0.271484 0.755859 0.268555 0.748047 0.266602 0.742188 0.270508 0.737305
1 0.270508 0.820312 0.284180 0.816406 0.291992 0.827148 0.291992 0.836914 0.293945 0.843750 0.291016 0.845703 0.286133 0.853516 0.282227 0.862305 0.273438 0.857422 0.268555 0.861328 0.256836 0.855469 0.253906 0.848633 0.255859 0.831055
1 0.270508 0.910156 0.275391 0.915039 0.276367 0.922852 0.279297 0.924805 0.280273 0.928711 0.274414 0.931641 0.273438 0.937500 0.271484 0.945312 0.265625 0.946289 0.251953 0.938477 0.249023 0.935547 0.251953 0.931641 0.249023 0.929688 0.252930 0.923828 0.248047 0.918945 0.263672 0.908203
1 0.330078 1.000000 0.338867 0.988281 0.350586 0.984375 0.359375 0.987305 0.362305 0.994141 0.363281 1.000000
1 0.332031 0.919922 0.340820 0.936523 0.343750 0.943359 0.350586 0.940430 0.360352 0.947266 0.365234 0.945312 0.366211 0.933594 0.368164 0.934570 0.371094 0.928711 0.373047 0.926758 0.373047 0.924805 0.375000 0.924805 0.375000 0.918945 0.378906 0.916992 0.377930 0.912109 0.380859 0.909180 0.375977 0.905273 0.373047 0.900391 0.366211 0.896484 0.358398 0.892578 0.347656 0.894531 0.339844 0.896484 0.337891 0.905273 0.334961 0.914062
1 0.361328 0.812500 0.367188 0.809570 0.375000 0.806641 0.381836 0.817383 0.384766 0.826172 0.382812 0.833984 0.380859 0.839844 0.377930 0.839844 0.378906 0.844727 0.369141 0.852539 0.363281 0.846680 0.355469 0.843750 0.353516 0.835938 0.350586 0.831055 0.349609 0.821289 0.355469 0.817383
1 0.362305 0.725586 0.375977 0.715820 0.385742 0.715820 0.394531 0.723633 0.396484 0.731445 0.392578 0.734375 0.391602 0.740234 0.391602 0.746094 0.389648 0.751953 0.389648 0.754883 0.385742 0.754883 0.380859 0.751953 0.373047 0.756836 0.365234 0.750977 0.362305 0.745117 0.365234 0.742188 0.361328 0.735352
1 0.377930 0.639648 0.383789 0.628906 0.389648 0.627930 0.399414 0.625977 0.406250 0.633789 0.405273 0.649414 0.400391 0.652344 0.400391 0.658203 0.394531 0.663086 0.387695 0.660156 0.387695 0.660156 0.384766 0.665039 0.379883 0.660156 0.378906 0.648438
1 0.408203 0.447266 0.417969 0.440430 0.434570 0.446289 0.440430 0.457031 0.437500 0.466797 0.428711 0.475586 0.428711 0.480469 0.417969 0.480469 0.411133 0.475586 0.401367 0.466797
1 0.413086 0.370117 0.413086 0.359375 0.421875 0.351562 0.433594 0.352539 0.440430 0.360352 0.447266 0.366211 0.449219 0.370117 0.445312 0.375000 0.438477 0.375977 0.432617 0.378906 0.431641 0.384766 0.423828 0.385742 0.419922 0.383789 0.419922 0.378906 0.417969 0.375977 0.415039 0.375977
1 0.425781 0.276367 0.427734 0.265625 0.439453 0.257812 0.458984 0.263672 0.462891 0.271484 0.462891 0.285156 0.456055 0.291992 0.449219 0.293945 0.433594 0.291016
1 0.438477 0.179688 0.447266 0.171875 0.452148 0.168945 0.460938 0.166992 0.468750 0.171875 0.468750 0.179688 0.474609 0.180664 0.473633 0.192383 0.473633 0.197266 0.466797 0.200195 0.459961 0.204102 0.451172 0.209961 0.442383 0.206055 0.438477 0.202148 0.434570 0.191406
1 0.451172 0.085938 0.462891 0.078125 0.472656 0.076172 0.480469 0.079102 0.489258 0.087891 0.491211 0.094727 0.497070 0.101562 0.495117 0.106445 0.486328 0.107422 0.481445 0.115234 0.472656 0.113281 0.470703 0.119141 0.467773 0.123047 0.457031 0.114258 0.451172 0.107422
1 0.459961 0.004883 0.461914 0.024414 0.486328 0.036133 0.490234 0.031250 0.496094 0.031250 0.500977 0.021484 0.497070 0.014648 0.493164 0.008789 0.489258 0.000977 0.463867 0.000000
1 0.549805 0.000000 0.547852 0.007812 0.561523 0.020508 0.580078 0.014648 0.575195 0.004883 0.575195 0.000000
1 0.551758 0.066406 0.560547 0.066406 0.577148 0.078125 0.580078 0.093750 0.580078 0.093750 0.579102 0.098633 0.570312 0.106445 0.550781 0.097656 0.541992 0.091797 0.541016 0.086914 0.543945 0.084961 0.543945 0.078125 0.542969 0.070312 0.544922 0.065430
1 0.526367 0.176758 0.530273 0.186523 0.533203 0.197266 0.541992 0.210938 0.545898 0.208008 0.550781 0.210938 0.550781 0.198242 0.557617 0.192383 0.561523 0.186523 0.565430 0.178711 0.565430 0.172852 0.555664 0.163086 0.544922 0.166016 0.543945 0.160156 0.537109 0.156250 0.532227 0.161133 0.532227 0.166016 0.526367 0.168945
1 0.520508 0.260742 0.536133 0.254883 0.547852 0.265625 0.547852 0.276367 0.535156 0.289062 0.524414 0.290039 0.522461 0.278320 0.516602 0.273438 0.522461 0.267578
1 0.513672 0.341797 0.532227 0.338867 0.540039 0.351562 0.541992 0.361328 0.539062 0.368164 0.533203 0.370117 0.532227 0.376953 0.524414 0.381836 0.519531 0.376953 0.509766 0.372070 0.505859 0.363281 0.507812 0.347656 0.511719 0.346680
1 0.496094 0.441406 0.505859 0.430664 0.518555 0.431641 0.527344 0.441406 0.527344 0.449219 0.528320 0.457031 0.518555 0.467773 0.507812 0.468750 0.498047 0.458984 0.492188 0.460938 0.492188 0.448242
1 0.495117 0.522461 0.505859 0.523438 0.514648 0.532227 0.516602 0.543945 0.510742 0.551758 0.507812 0.559570 0.498047 0.563477 0.489258 0.561523 0.477539 0.545898 0.482422 0.535156 0.485352 0.524414
1 0.480469 0.618164 0.486328 0.614258 0.496094 0.614258 0.500977 0.624023 0.501953 0.633789 0.502930 0.641602 0.500977 0.644531 0.491211 0.649414 0.485352 0.659180 0.481445 0.651367 0.475586 0.651367 0.469727 0.646484 0.468750 0.639648 0.466797 0.630859 0.468750 0.620117 0.472656 0.617188 0.476562 0.617188
1 0.461914 0.711914 0.470703 0.701172 0.479492 0.704102 0.485352 0.709961 0.491211 0.715820 0.492188 0.722656 0.491211 0.729492 0.485352 0.730469 0.489258 0.734375 0.485352 0.738281 0.485352 0.747070 0.475586 0.746094 0.464844 0.751953 0.459961 0.750977 0.457031 0.741211 0.457031 0.730469 0.452148 0.720703 0.452148 0.715820
1 0.445312 0.804688 0.459961 0.796875 0.472656 0.802734 0.475586 0.813477 0.472656 0.820312 0.471680 0.827148 0.468750 0.833984 0.464844 0.835938 0.459961 0.833984 0.455078 0.841797 0.453125 0.835938 0.446289 0.830078 0.440430 0.817383
1 0.444336 0.890625 0.452148 0.884766 0.458984 0.888672 0.464844 0.891602 0.465820 0.899414 0.469727 0.909180 0.468750 0.914062 0.468750 0.914062 0.466797 0.918945 0.466797 0.926758 0.461914 0.930664 0.461914 0.936523 0.458008 0.937500 0.451172 0.933594 0.450195 0.937500 0.446289 0.940430 0.440430 0.932617 0.430664 0.923828 0.428711 0.912109 0.432617 0.900391 0.428711 0.897461 0.434570 0.890625 0.438477 0.891602
1 0.416992 1.000000 0.416992 0.987305 0.427734 0.978516 0.433594 0.978516 0.440430 0.975586 0.448242 0.982422 0.449219 0.992188 0.453125 0.997070 0.454102 1.000000
1 0.517578 1.000000 0.512695 0.996094 0.512695 0.985352 0.514648 0.978516 0.520508 0.973633 0.528320 0.969727 0.532227 0.962891 0.541016 0.967773 0.542969 0.974609 0.548828 0.983398 0.542969 0.991211 0.547852 1.000000
1 0.521484 0.887695 0.526367 0.884766 0.538086 0.877930 0.553711 0.884766 0.553711 0.890625 0.551758 0.892578 0.561523 0.896484 0.558594 0.899414 0.556641 0.903320 0.554688 0.903320 0.554688 0.907227 0.555664 0.911133 0.554688 0.914062 0.553711 0.917969 0.551758 0.916992 0.551758 0.913086 0.548828 0.911133 0.545898 0.913086 0.546875 0.916992 0.546875 0.921875 0.545898 0.921875 0.543945 0.923828 0.540039 0.919922 0.536133 0.917969 0.529297 0.918945 0.522461 0.907227 0.519531 0.900391 0.520508 0.892578 0.521484 0.890625
1 0.537109 0.811523 0.537109 0.797852 0.544922 0.791992 0.559570 0.791992 0.563477 0.794922 0.569336 0.794922 0.566406 0.800781 0.568359 0.811523 0.566406 0.815430 0.566406 0.820312 0.562500 0.824219 0.559570 0.827148 0.552734 0.831055 0.543945 0.827148 0.540039 0.817383
1 0.543945 0.716797 0.552734 0.737305 0.560547 0.741211 0.568359 0.739258 0.575195 0.732422 0.578125 0.732422 0.578125 0.723633 0.585938 0.717773 0.580078 0.708984 0.573242 0.703125 0.563477 0.699219 0.557617 0.697266 0.551758 0.706055 0.546875 0.708984 0.543945 0.713867
1 0.563477 0.638672 0.572266 0.640625 0.580078 0.644531 0.584961 0.646484 0.584961 0.646484 0.590820 0.642578 0.592773 0.635742 0.596680 0.634766 0.598633 0.626953 0.594727 0.622070 0.588867 0.612305 0.587891 0.607422 0.576172 0.607422 0.569336 0.614258 0.564453 0.613281 0.562500 0.621094 0.561523 0.629883
1 0.564453 0.531250 0.569336 0.543945 0.578125 0.552734 0.588867 0.550781 0.596680 0.552734 0.601562 0.549805 0.602539 0.543945 0.607422 0.542969 0.609375 0.537109 0.609375 0.528320 0.601562 0.521484 0.602539 0.511719 0.596680 0.512695 0.581055 0.513672 0.576172 0.518555 0.570312 0.520508
1 0.580078 0.441406 0.583984 0.434570 0.591797 0.424805 0.601562 0.427734 0.611328 0.431641 0.613281 0.440430 0.619141 0.448242 0.616211 0.453125 0.609375 0.456055 0.599609 0.457031 0.588867 0.454102
1 0.596680 0.359375 0.599609 0.373047 0.612305 0.369141 0.625000 0.366211 0.628906 0.359375 0.631836 0.358398 0.630859 0.349609 0.630859 0.339844 0.625977 0.335938 0.615234 0.333008 0.609375 0.340820 0.601562 0.339844 0.596680 0.348633 0.593750 0.354492
1 0.616211 0.243164 0.608398 0.256836 0.602539 0.263672 0.606445 0.271484 0.609375 0.284180 0.623047 0.283203 0.627930 0.284180 0.636719 0.278320 0.641602 0.272461 0.645508 0.256836 0.638672 0.249023 0.635742 0.245117 0.629883 0.244141
1 0.622070 0.192383 0.629883 0.192383 0.631836 0.189453 0.640625 0.187500 0.647461 0.189453 0.653320 0.181641 0.656250 0.176758 0.652344 0.163086 0.646484 0.157227 0.642578 0.152344 0.636719 0.147461 0.624023 0.150391 0.624023 0.160156 0.616211 0.164062 0.616211 0.174805 0.618164 0.179688 0.617188 0.189453
1 0.630859 0.079102 0.634766 0.073242 0.644531 0.064453 0.653320 0.062500 0.659180 0.066406 0.670898 0.074219 0.668945 0.083008 0.661133 0.089844 0.655273 0.090820 0.654297 0.097656 0.644531 0.103516 0.636719 0.108398 0.630859 0.102539 0.630859 0.099609 0.631836 0.094727 0.627930 0.091797 0.629883 0.084961
1 0.643555 0.000000 0.641602 0.021484 0.658203 0.024414 0.666992 0.027344 0.666992 0.027344 0.672852 0.022461 0.678711 0.016602 0.677734 0.002930 0.670898 0.000000
1 0.729492 0.005859 0.741211 0.013672 0.750000 0.013672 0.758789 0.011719 0.769531 0.008789 0.774414 0.000000 0.730469 0.000000
1 0.730469 0.059570 0.737305 0.056641 0.748047 0.057617 0.753906 0.065430 0.758789 0.070312 0.759766 0.082031 0.757812 0.091797 0.746094 0.098633 0.736328 0.094727 0.726562 0.094727 0.719727 0.081055 0.724609 0.071289
1 0.719727 0.150391 0.732422 0.148438 0.741211 0.154297 0.744141 0.161133 0.745117 0.176758 0.740234 0.178711 0.734375 0.185547 0.727539 0.187500 0.720703 0.188477 0.714844 0.192383 0.710938 0.191406 0.709961 0.180664 0.708984 0.169922 0.711914 0.165039 0.709961 0.157227
1 0.711914 0.237305 0.718750 0.237305 0.718750 0.237305 0.724609 0.243164 0.730469 0.252930 0.723633 0.262695 0.719727 0.266602 0.712891 0.266602 0.707031 0.268555 0.699219 0.266602 0.699219 0.256836 0.698242 0.249023 0.701172 0.243164 0.705078 0.241211
1 0.703125 0.325195 0.709961 0.322266 0.718750 0.326172 0.726562 0.334961 0.729492 0.345703 0.722656 0.348633 0.714844 0.350586 0.713867 0.360352 0.708008 0.360352 0.700195 0.360352 0.693359 0.359375 0.687500 0.356445 0.682617 0.349609 0.686523 0.343750 0.686523 0.336914 0.690430 0.326172 0.698242 0.320312
1 0.677734 0.429688 0.685547 0.419922 0.694336 0.415039 0.700195 0.416992 0.709961 0.422852 0.715820 0.429688 0.715820 0.438477 0.709961 0.437500 0.708008 0.446289 0.705078 0.451172 0.698242 0.450195 0.691406 0.450195 0.684570 0.446289 0.678711 0.442383 0.675781 0.433594
1 0.668945 0.508789 0.677734 0.504883 0.686523 0.506836 0.701172 0.519531 0.699219 0.528320 0.694336 0.529297 0.692383 0.540039 0.686523 0.540039 0.680664 0.542969 0.670898 0.543945 0.664062 0.533203 0.664062 0.519531 0.663086 0.516602
1 0.654297 0.596680 0.668945 0.597656 0.680664 0.603516 0.687500 0.609375 0.689453 0.614258 0.686523 0.618164 0.686523 0.627930 0.682617 0.629883 0.674805 0.630859 0.673828 0.635742 0.666992 0.633789 0.659180 0.633789 0.655273 0.631836 0.649414 0.627930 0.647461 0.617188 0.649414 0.610352 0.651367 0.609375 0.654297 0.604492
1 0.648438 0.686523 0.662109 0.689453 0.669922 0.696289 0.671875 0.704102 0.669922 0.709961 0.672852 0.713867 0.674805 0.722656 0.663086 0.715820 0.662109 0.719727 0.662109 0.726562 0.656250 0.725586 0.653320 0.720703 0.647461 0.718750 0.638672 0.713867 0.638672 0.707031 0.634766 0.704102 0.635742 0.699219 0.639648 0.699219 0.639648 0.691406 0.645508 0.691406
1 0.659180 0.789062 0.666992 0.793945 0.668945 0.798828 0.668945 0.806641 0.666016 0.814453 0.660156 0.814453 0.656250 0.818359 0.649414 0.819336 0.640625 0.814453 0.634766 0.814453 0.627930 0.812500 0.624023 0.796875 0.626953 0.778320 0.634766 0.774414 0.639648 0.771484 0.649414 0.770508 0.658203 0.775391
1 0.643555 0.865234 0.646484 0.878906 0.651367 0.886719 0.650391 0.897461 0.648438 0.903320 0.641602 0.905273 0.627930 0.909180 0.616211 0.896484 0.613281 0.877930 0.620117 0.871094 0.632812 0.865234 0.637695 0.865234
1 0.603516 0.986328 0.601562 0.972656 0.607422 0.958984 0.618164 0.957031 0.629883 0.960938 0.631836 0.968750 0.635742 0.982422 0.641602 0.989258 0.637695 1.000000 0.617188 1.000000 0.612305 0.994141 0.608398 0.987305
1 0.693359 0.948242 0.703125 0.944336 0.710938 0.941406 0.719727 0.951172 0.726562 0.960938 0.729492 0.969727 0.724609 0.972656 0.727539 0.979492 0.718750 0.979492 0.715820 0.988281 0.708984 0.989258 0.700195 0.979492 0.692383 0.979492 0.688477 0.970703 0.692383 0.963867 0.688477 0.958984
1 0.701172 0.870117 0.708008 0.861328 0.721680 0.859375 0.730469 0.866211 0.736328 0.875000 0.737305 0.884766 0.730469 0.890625 0.724609 0.890625 0.719727 0.898438 0.712891 0.895508 0.708984 0.887695 0.705078 0.887695 0.699219 0.875000
1 0.719727 0.779297 0.731445 0.769531 0.746094 0.771484 0.741211 0.796875 0.734375 0.794922 0.729492 0.799805 0.724609 0.796875 0.719727 0.796875 0.718750 0.790039 0.716797 0.788086
1 0.731445 0.682617 0.750000 0.675781 0.758789 0.680664 0.769531 0.690430 0.767578 0.700195 0.764648 0.708008 0.764648 0.715820 0.760742 0.717773 0.759766 0.721680 0.752930 0.720703 0.743164 0.715820 0.733398 0.713867 0.729492 0.703125 0.725586 0.694336
1 0.744141 0.584961 0.751953 0.584961 0.764648 0.583984 0.774414 0.585938 0.776367 0.593750 0.779297 0.599609 0.781250 0.607422 0.776367 0.611328 0.777344 0.620117 0.771484 0.619141 0.765625 0.623047 0.759766 0.623047 0.752930 0.625977 0.747070 0.624023 0.741211 0.619141 0.739258 0.600586 0.740234 0.595703 0.743164 0.593750 0.741211 0.588867
1 0.764648 0.500977 0.777344 0.500977 0.785156 0.505859 0.789062 0.509766 0.787109 0.513672 0.790039 0.517578 0.790039 0.528320 0.784180 0.528320 0.778320 0.536133 0.776367 0.541016 0.772461 0.535156 0.761719 0.535156 0.750000 0.520508 0.753906 0.507812
1 0.783203 0.416016 0.791992 0.417969 0.794922 0.422852 0.791992 0.430664 0.786133 0.439453 0.777344 0.440430 0.770508 0.441406 0.761719 0.436523 0.769531 0.422852
1 0.781250 0.321289 0.793945 0.316406 0.801758 0.317383 0.804688 0.321289 0.808594 0.326172 0.812500 0.332031 0.808594 0.343750 0.808594 0.347656 0.803711 0.350586 0.792969 0.350586 0.788086 0.354492 0.778320 0.353516 0.775391 0.333984
1 0.791016 0.236328 0.806641 0.225586 0.820312 0.235352 0.821289 0.244141 0.819336 0.251953 0.813477 0.256836 0.801758 0.258789 0.801758 0.258789 0.788086 0.253906 0.787109 0.242188
1 0.802734 0.140625 0.814453 0.132812 0.823242 0.136719 0.832031 0.140625 0.834961 0.147461 0.833008 0.156250 0.822266 0.160156 0.824219 0.170898 0.820312 0.170898 0.815430 0.176758 0.815430 0.176758 0.810547 0.174805 0.799805 0.173828 0.792969 0.152344
1 0.823242 0.049805 0.835938 0.057617 0.842773 0.063477 0.844727 0.073242 0.844727 0.079102 0.837891 0.083008 0.833984 0.083984 0.833984 0.088867 0.827148 0.091797 0.823242 0.085938 0.818359 0.087891 0.806641 0.084961 0.808594 0.077148 0.802734 0.068359 0.807617 0.063477 0.811523 0.051758
1 0.931641 0.047852 0.936523 0.055664 0.939453 0.066406 0.932617 0.068359 0.926758 0.068359 0.918945 0.080078 0.914062 0.083984 0.902344 0.083008 0.891602 0.074219 0.893555 0.060547 0.897461 0.052734 0.899414 0.053711 0.907227 0.045898 0.915039 0.043945 0.916992 0.039062 0.922852 0.040039 0.929688 0.039062
1 1.000000 0.083984 0.992188 0.079102 0.981445 0.081055 0.981445 0.061523 0.987305 0.048828 0.996094 0.042969 1.000000 0.046875
1 1.000000 0.166016 0.992188 0.169922 0.985352 0.169922 0.974609 0.169922 0.972656 0.162109 0.968750 0.157227 0.972656 0.142578 0.981445 0.137695 0.988281 0.139648 0.999023 0.136719 1.000000 0.139648
1 0.920898 0.145508 0.916016 0.156250 0.910156 0.159180 0.897461 0.165039 0.892578 0.165039 0.890625 0.161133 0.883789 0.155273 0.882812 0.150391 0.886719 0.141602 0.890625 0.137695 0.893555 0.132812 0.900391 0.132812 0.909180 0.128906 0.916992 0.132812 0.916016 0.136719
1 0.895508 0.226562 0.905273 0.221680 0.913086 0.228516 0.915039 0.237305 0.917969 0.245117 0.910156 0.256836 0.903320 0.258789 0.898438 0.250000 0.893555 0.250977 0.880859 0.253906 0.877930 0.249023 0.879883 0.244141 0.879883 0.244141 0.875977 0.233398 0.880859 0.233398 0.883789 0.225586 0.891602 0.222656
1 0.968750 0.215820 0.992188 0.214844 0.995117 0.220703 0.998047 0.229492 0.994141 0.238281 0.989258 0.238281 0.980469 0.250000 0.968750 0.247070 0.963867 0.250000 0.957031 0.243164 0.953125 0.233398 0.957031 0.224609 0.959961 0.222656 0.963867 0.214844
1 0.964844 0.302734 0.972656 0.307617 0.980469 0.308594 0.982422 0.314453 0.986328 0.318359 0.983398 0.322266 0.978516 0.327148 0.979492 0.332031 0.975586 0.333008 0.971680 0.337891 0.968750 0.334961 0.960938 0.336914 0.958984 0.331055 0.957031 0.328125 0.950195 0.325195 0.945312 0.319336 0.949219 0.313477 0.950195 0.304688 0.952148 0.298828 0.958984 0.301758
1 0.885742 0.335938 0.896484 0.332031 0.894531 0.321289 0.887695 0.319336 0.885742 0.312500 0.873047 0.319336 0.863281 0.332031 0.864258 0.335938 0.869141 0.340820 0.875977 0.344727 0.878906 0.339844
1 0.878906 0.396484 0.884766 0.403320 0.888672 0.410156 0.886719 0.419922 0.884766 0.430664 0.880859 0.426758 0.878906 0.431641 0.873047 0.427734 0.872070 0.430664 0.866211 0.433594 0.860352 0.430664 0.849609 0.426758 0.852539 0.419922 0.853516 0.413086 0.853516 0.406250 0.856445 0.405273 0.863281 0.402344 0.873047 0.395508
1 0.955078 0.397461 0.960938 0.391602 0.967773 0.397461 0.967773 0.403320 0.975586 0.405273 0.978516 0.416992 0.971680 0.418945 0.963867 0.420898 0.954102 0.418945 0.947266 0.424805 0.936523 0.419922 0.938477 0.410156 0.933594 0.405273 0.947266 0.395508
1 0.872070 0.500977 0.874023 0.513672 0.865234 0.522461 0.861328 0.524414 0.856445 0.521484 0.846680 0.516602 0.845703 0.512695 0.840820 0.511719 0.840820 0.503906 0.846680 0.495117 0.853516 0.496094 0.857422 0.490234 0.862305 0.490234 0.868164 0.495117
1 0.942383 0.481445 0.952148 0.483398 0.959961 0.488281 0.965820 0.491211 0.964844 0.500000 0.961914 0.501953 0.957031 0.511719 0.948242 0.509766 0.935547 0.517578 0.929688 0.509766 0.922852 0.502930 0.924805 0.494141 0.927734 0.486328 0.935547 0.481445
1 0.918945 0.595703 0.927734 0.597656 0.939453 0.602539 0.945312 0.591797 0.944336 0.572266 0.935547 0.568359 0.935547 0.568359 0.927734 0.570312 0.917969 0.581055
1 0.856445 0.580078 0.860352 0.592773 0.855469 0.596680 0.853516 0.611328 0.847656 0.608398 0.835938 0.608398 0.833984 0.604492 0.833008 0.588867 0.836914 0.581055
1 0.823242 0.665039 0.840820 0.666016 0.851562 0.677734 0.856445 0.687500 0.856445 0.697266 0.851562 0.708008 0.839844 0.708008 0.824219 0.707031 0.822266 0.697266 0.810547 0.681641 0.813477 0.672852 0.817383 0.670898
1 0.906250 0.660156 0.917969 0.656250 0.930664 0.663086 0.930664 0.663086 0.933594 0.670898 0.937500 0.673828 0.942383 0.685547 0.942383 0.689453 0.934570 0.689453 0.925781 0.693359 0.922852 0.697266 0.908203 0.691406 0.898438 0.680664 0.899414 0.668945
1 0.908203 0.747070 0.918945 0.749023 0.925781 0.756836 0.927734 0.765625 0.928711 0.776367 0.924805 0.778320 0.924805 0.782227 0.915039 0.786133 0.908203 0.786133 0.902344 0.780273 0.889648 0.773438 0.890625 0.755859 0.896484 0.750000
1 0.829102 0.759766 0.839844 0.770508 0.841797 0.779297 0.839844 0.787109 0.833984 0.787109 0.833984 0.793945 0.833008 0.797852 0.824219 0.796875 0.815430 0.797852 0.807617 0.788086 0.800781 0.783203 0.799805 0.776367 0.803711 0.761719 0.810547 0.766602 0.817383 0.758789
1 0.817383 0.843750 0.827148 0.853516 0.832031 0.862305 0.831055 0.868164 0.833984 0.878906 0.828125 0.883789 0.823242 0.878906 0.823242 0.878906 0.808594 0.883789 0.797852 0.881836 0.792969 0.874023 0.791016 0.867188 0.786133 0.857422 0.791992 0.851562 0.802734 0.842773 0.809570 0.842773 0.814453 0.839844
1 0.792969 0.932617 0.803711 0.936523 0.809570 0.944336 0.807617 0.951172 0.808594 0.957031 0.809570 0.964844 0.806641 0.977539 0.799805 0.971680 0.793945 0.975586 0.784180 0.967773 0.778320 0.965820 0.774414 0.942383 0.778320 0.941406 0.783203 0.934570
1 0.869141 0.930664 0.873047 0.922852 0.881836 0.921875 0.882812 0.921875 0.894531 0.925781 0.896484 0.934570 0.901367 0.938477 0.903320 0.944336 0.908203 0.951172 0.906250 0.958008 0.906250 0.967773 0.901367 0.966797 0.893555 0.971680 0.873047 0.963867 0.875000 0.956055 0.866211 0.956055 0.864258 0.944336 0.864258 0.939453 0.864258 0.931641
1 0.956055 0.927734 0.967773 0.919922 0.975586 0.924805 0.990234 0.929688 0.993164 0.934570 0.987305 0.951172 0.978516 0.956055 0.968750 0.951172 0.962891 0.946289 0.962891 0.939453 0.959961 0.939453 0.955078 0.936523
1 0.907227 0.876953 0.918945 0.870117 0.924805 0.855469 0.917969 0.846680 0.905273 0.831055 0.891602 0.831055 0.883789 0.842773 0.881836 0.857422 0.882812 0.871094
1 0.995117 0.871094 0.986328 0.865234 0.973633 0.862305 0.966797 0.850586 0.960938 0.844727 0.966797 0.823242 0.979492 0.823242 0.991211 0.828125 0.996094 0.833008 1.000000 0.843750 1.000000 0.871094
1 1.000000 0.771484 0.994141 0.770508 0.986328 0.768555 0.982422 0.764648 0.977539 0.753906 0.985352 0.749023 0.989258 0.739258 1.000000 0.744141
1 0.999023 0.680664 0.992188 0.675781 0.988281 0.667969 0.990234 0.659180 1.000000 0.655273
1 0.087891 0.267578 0.071289 0.229492 0.100586 0.210938 0.119141 0.214844 0.116211 0.232422 0.105469 0.238281 0.105469 0.252930
1 0.074219 0.334961 0.053711 0.317383 0.069336 0.296875 0.087891 0.301758 0.110352 0.301758 0.108398 0.330078 0.097656 0.339844
1 0.039062 0.398438 0.056641 0.385742 0.079102 0.383789 0.085938 0.402344 0.078125 0.427734 0.071289 0.422852 0.054688 0.420898 0.048828 0.411133 0.043945 0.411133
1 0.068359 0.508789 0.061523 0.516602 0.039062 0.514648 0.027344 0.494141 0.035156 0.482422 0.045898 0.482422 0.046875 0.482422 0.063477 0.492188 0.072266 0.501953
1 0.040039 0.710938 0.021484 0.715820 0.014648 0.710938 0.008789 0.707031 0.008789 0.693359 0.000000 0.687500 0.000977 0.672852 0.008789 0.671875 0.015625 0.666016 0.029297 0.668945 0.041016 0.670898 0.045898 0.675781 0.049805 0.690430
1 0.052734 0.620117 0.031250 0.621094 0.015625 0.599609 0.015625 0.585938 0.024414 0.574219 0.034180 0.576172 0.049805 0.574219 0.061523 0.580078 0.064453 0.593750 0.065430 0.599609 0.062500 0.613281
1 0.000000 0.080078 0.006836 0.078125 0.010742 0.080078 0.013672 0.070312 0.007812 0.065430 0.008789 0.049805 0.000000 0.046875
1 0.392578 0.549805 0.406250 0.538086 0.410156 0.554688 0.403320 0.563477 0.397461 0.560547
1 0.284180 0.022461 0.293945 0.013672 0.305664 0.021484 0.301758 0.030273 0.296875 0.035156 0.288086 0.032227
1 0.026367 0.777344 0.018555 0.790039 0.005859 0.791016 0.005859 0.791016 0.000000 0.782227 0.000000 0.761719 0.013672 0.765625
1 0.020508 0.862305 0.011719 0.868164 0.005859 0.865234 0.000977 0.858398 0.004883 0.845703 0.014648 0.844727