1 0.000000 0.968750 0.009766 0.962891 0.015625 0.959961 0.029297 0.969727 0.036133 0.975586 0.035156 0.993164 0.025391 0.993164 0.026367 1.000000 0.000000 1.000000 0.000000 1.000000
1 0.077148 1.000000 0.078125 0.993164 0.062500 0.985352 0.070312 0.977539 0.076172 0.972656 0.079102 0.963867 0.085938 0.959961 0.089844 0.956055 0.097656 0.951172 0.102539 0.952148 0.108398 0.953125 0.114258 0.953125 0.114258 0.958008 0.116211 0.967773 0.125000 0.972656 0.125000 0.986328 0.124023 0.995117 0.118164 1.000000
1 0.153320 1.000000 0.154297 0.992188 0.157227 0.982422 0.162109 0.970703 0.168945 0.966797 0.176758 0.967773 0.178711 0.960938 0.184570 0.960938 0.184570 0.960938 0.188477 0.962891 0.194336 0.956055 0.194336 0.956055 0.204102 0.957031 0.203125 0.977539 0.198242 0.987305 0.211914 0.992188 0.205078 1.000000
1 0.260742 0.983398 0.246094 0.981445 0.242705 0.972297 0.241211 0.963867 0.248047 0.953125 0.259766 0.952148 0.269531 0.958984 0.285477 0.984330 0.281426 0.993504 0.272252 1.000000 0.259623 1.000000 0.255859 0.999023
1 0.350586 1.000000 0.340578 0.995441 0.335938 0.987305 0.326172 0.971680 0.341797 0.958008 0.349609 0.960938 0.359375 0.956055 0.366211 0.967773 0.367188 0.983398 0.360352 0.989258 0.355469 0.994141
1 0.492188 0.924805 0.463867 0.925781 0.452148 0.930664 0.439453 0.940430 0.426758 0.919922 0.431641 0.890625 0.437500 0.874023 0.429688 0.851562 0.445312 0.840820 0.458008 0.844727 0.470703 0.835938 0.488281 0.825195 0.498047 0.834961 0.500977 0.842773 0.510742 0.841797 0.517578 0.840820 0.527344 0.853516 0.538086 0.875977 0.532227 0.888672 0.521484 0.893555 0.521484 0.902344 0.514648 0.916992 0.514648 0.916992 0.507812 0.927734
1 0.514885 0.824872 0.484922 0.827993 0.470703 0.832031 0.464844 0.817383 0.445312 0.812500 0.435547 0.815430 0.430664 0.805664 0.435547 0.800781 0.424805 0.799805 0.426758 0.788086 0.407227 0.769531 0.402344 0.759766 0.408203 0.753906 0.413086 0.750977 0.414062 0.740234 0.421875 0.732422 0.438477 0.728516 0.436523 0.721680 0.425781 0.720703 0.428711 0.707031 0.429688 0.697266 0.438477 0.698242 0.449219 0.701172 0.453125 0.696289 0.469727 0.703125 0.474609 0.698242 0.486328 0.702148 0.486328 0.702148 0.495117 0.708008 0.504883 0.703125 0.518555 0.707031 0.536133 0.711914 0.555664 0.721680 0.558594 0.754883 0.556641 0.774414 0.548828 0.778320 0.553711 0.791016 0.548828 0.803711 0.537109 0.802734 0.539062 0.809570 0.528320 0.822266
1 0.534180 0.647461 0.523438 0.647461 0.519531 0.638672 0.506836 0.645508 0.504883 0.653320 0.490234 0.652344 0.487305 0.646484 0.484375 0.639648 0.455078 0.616211 0.456055 0.608398 0.470703 0.602539 0.467773 0.594727 0.468750 0.583984 0.462891 0.578125 0.474609 0.574219 0.480469 0.571289 0.494141 0.563477 0.503906 0.550781 0.512695 0.557617 0.519531 0.561523 0.527344 0.563477 0.540039 0.567383 0.542969 0.574219 0.542969 0.574219 0.551758 0.595703 0.551758 0.595703 0.556641 0.608398 0.556641 0.621094 0.561523 0.629883 0.555664 0.641602
1 0.553711 0.486328 0.524414 0.480469 0.511719 0.475586 0.468750 0.471680 0.458984 0.465820 0.467773 0.454102 0.468750 0.446289 0.472656 0.434570 0.481445 0.430664 0.477539 0.423828 0.484375 0.415039 0.488281 0.405273 0.493164 0.399414 0.493164 0.399414 0.500000 0.391602 0.503906 0.394531 0.509766 0.386719 0.515625 0.388672 0.523438 0.399414 0.528320 0.396484 0.532227 0.385742 0.532227 0.385742 0.541992 0.388672 0.541992 0.388672 0.554688 0.392578 0.569336 0.400391 0.590820 0.428711 0.589844 0.444336 0.589844 0.456055 0.565430 0.468750 0.568359 0.473633
1 0.563477 0.318359 0.535156 0.325195 0.510742 0.315430 0.489258 0.306641 0.487305 0.293945 0.492188 0.290039 0.478516 0.282227 0.480469 0.269531 0.485352 0.260742 0.493164 0.259766 0.490234 0.243164 0.498047 0.242188 0.497070 0.234375 0.503906 0.234375 0.509766 0.234375 0.521484 0.229492 0.529297 0.232422 0.537109 0.225586 0.548828 0.223633 0.566406 0.221680 0.575195 0.228516 0.588867 0.242188 0.583984 0.251953 0.590820 0.255859 0.597656 0.262695 0.598633 0.281250 0.597656 0.305664 0.590820 0.308594 0.583984 0.323242
1 0.574219 0.178711 0.559570 0.175781 0.547852 0.166016 0.543945 0.174805 0.516602 0.169922 0.501953 0.140625 0.490234 0.118164 0.496094 0.104492 0.503906 0.096680 0.509766 0.084961 0.511719 0.075195 0.522461 0.071289 0.522461 0.071289 0.528320 0.070312 0.539062 0.071289 0.546875 0.073242 0.547852 0.069336 0.547852 0.051758 0.553711 0.045898 0.563477 0.048828 0.570312 0.046875 0.576172 0.044922 0.585938 0.046875 0.594727 0.046875 0.594727 0.046875 0.611328 0.064453 0.614258 0.075195 0.609375 0.086914 0.611328 0.093750 0.619141 0.105469 0.612305 0.116211 0.611328 0.125000 0.616211 0.138672 0.614258 0.146484 0.607422 0.145508 0.602539 0.147461 0.595703 0.155273 0.585938 0.162109 0.578125 0.163086 0.580078 0.174805
1 0.651367 0.885742 0.632334 0.890648 0.621094 0.886719 0.611328 0.891602 0.604492 0.896484 0.592773 0.891602 0.577148 0.860352 0.580078 0.845703 0.580078 0.824219 0.592773 0.823242 0.600586 0.811523 0.611328 0.809570 0.631836 0.800781 0.654297 0.801758 0.665039 0.796875 0.674805 0.814453 0.672852 0.830078 0.676758 0.838867 0.676758 0.838867 0.674805 0.842773 0.678711 0.858398 0.667969 0.872070 0.661133 0.873047
1 0.809570 0.970703 0.797439 0.971608 0.791992 0.970703 0.783203 0.978516 0.771484 0.974609 0.768555 0.959961 0.773438 0.953125 0.772461 0.945312 0.775391 0.936523 0.781250 0.937500 0.787109 0.931641 0.791016 0.931641 0.793945 0.935547 0.798828 0.938477 0.806641 0.925781 0.813477 0.929688 0.820312 0.939453 0.822266 0.949219 0.824219 0.956055 0.819336 0.961914 0.812500 0.965820
1 0.722656 0.963867 0.713661 0.964225 0.708984 0.964844 0.707031 0.965820 0.697266 0.958984 0.702148 0.952148 0.703125 0.946289 0.709961 0.936523 0.715820 0.929688 0.728516 0.943359 0.736328 0.941406 0.737305 0.943359 0.739258 0.947266 0.735352 0.954102 0.731445 0.958984 0.727539 0.958984 0.724609 0.959961
1 0.884766 0.968750 0.871094 0.967773 0.868164 0.969727 0.860352 0.965820 0.860352 0.958008 0.863281 0.955078 0.858398 0.947266 0.856445 0.936523 0.859375 0.928711 0.857422 0.923828 0.863281 0.917969 0.874023 0.915039 0.883789 0.924805 0.889648 0.929688 0.892578 0.936523 0.890625 0.941406 0.891602 0.944336 0.897461 0.954102 0.898438 0.958008 0.892578 0.962891
1 0.783203 0.883789 0.766183 0.881951 0.749023 0.881836 0.748047 0.875977 0.739258 0.866211 0.746094 0.859375 0.722656 0.828125 0.731445 0.824219 0.735352 0.822266 0.745117 0.825195 0.745117 0.825195 0.748047 0.821289 0.757812 0.821289 0.757812 0.810547 0.758789 0.796875 0.762695 0.790039 0.769531 0.789062 0.781250 0.795898 0.788086 0.795898 0.796875 0.804688 0.797852 0.814453 0.802734 0.819336 0.799805 0.833008 0.800781 0.841797 0.808594 0.842773 0.814453 0.852539 0.808594 0.862305 0.804688 0.869141 0.798828 0.875977 0.793945 0.877930 0.787109 0.881836
1 0.590820 0.682617 0.583008 0.684570 0.577148 0.685547 0.570312 0.679688 0.567383 0.669922 0.569336 0.665039 0.576172 0.664062 0.580078 0.660156 0.586914 0.657227 0.592773 0.664062 0.599609 0.671875 0.597656 0.675781
1 0.679688 0.667969 0.672852 0.670898 0.661133 0.669922 0.658203 0.666992 0.658203 0.658203 0.660156 0.654297 0.662109 0.651367 0.665039 0.647461 0.667969 0.645508 0.672852 0.643555 0.677734 0.646484 0.683594 0.645508 0.687500 0.655273 0.687500 0.655273 0.689453 0.666016
1 0.670898 0.752930 0.659180 0.752930 0.657227 0.742188 0.661133 0.733398 0.666016 0.730469 0.668945 0.731445 0.671875 0.735352 0.671875 0.735352 0.674805 0.738281 0.675781 0.744141 0.673828 0.749023
1 0.753906 0.745117 0.739258 0.745117 0.737305 0.733398 0.739258 0.726562 0.742188 0.719727 0.747070 0.714844 0.750977 0.720703 0.755859 0.725586 0.760742 0.731445 0.759766 0.739258
1 0.841797 0.732422 0.836914 0.737305 0.829102 0.735352 0.820312 0.729492 0.821289 0.717773 0.827148 0.711914 0.832031 0.705078 0.835938 0.704102 0.840820 0.704102 0.846680 0.706055 0.852539 0.715820 0.853516 0.721680 0.849609 0.726562
1 0.932617 0.729492 0.922718 0.729246 0.908203 0.725586 0.907227 0.715820 0.912109 0.710938 0.915039 0.706055 0.921875 0.700195 0.927734 0.700195 0.935547 0.701172 0.934570 0.707031 0.939453 0.710938 0.938477 0.717773 0.935547 0.725586
1 0.940430 0.647461 0.921875 0.643555 0.918945 0.627930 0.923828 0.614258 0.930664 0.610352 0.935547 0.607422 0.944336 0.607422 0.950195 0.617188 0.953125 0.626953 0.953125 0.626953 0.953125 0.635742 0.951172 0.637695 0.943359 0.642578
1 0.852539 0.641602 0.839844 0.644531 0.833984 0.640625 0.833984 0.622070 0.836914 0.618164 0.843750 0.619141 0.850586 0.620117 0.860352 0.629883 0.859375 0.635742
1 0.772461 0.661133 0.758789 0.660156 0.748047 0.659180 0.744141 0.652344 0.746094 0.647461 0.750000 0.640625 0.749023 0.636719 0.751953 0.631836 0.759766 0.627930 0.770508 0.628906 0.770508 0.628906 0.777344 0.634766 0.777344 0.634766 0.778320 0.640625 0.780273 0.648438 0.780273 0.652344
1 0.684570 0.583008 0.666992 0.581055 0.666016 0.569336 0.674805 0.564453 0.678711 0.557617 0.685547 0.546875 0.693359 0.551758 0.697266 0.559570 0.695312 0.580078 0.692383 0.584961
1 0.705356 0.491019 0.694336 0.496094 0.685547 0.497070 0.681120 0.485613 0.681641 0.474609 0.685547 0.464844 0.692383 0.459961 0.698242 0.460938 0.704102 0.463867 0.709961 0.476562 0.708984 0.483398
1 0.789062 0.489258 0.776838 0.489943 0.764648 0.486328 0.761719 0.480469 0.769531 0.475586 0.758789 0.466797 0.764648 0.462891 0.760742 0.456055 0.762695 0.455078 0.771484 0.457031 0.775391 0.456055 0.783203 0.450195 0.791992 0.453125 0.799805 0.458984 0.801758 0.466797 0.799805 0.477539 0.792969 0.482422
1 0.778320 0.574219 0.766602 0.574219 0.753906 0.562500 0.755628 0.549301 0.765625 0.543945 0.772461 0.540039 0.778320 0.541992 0.786133 0.551758 0.788086 0.555664 0.787109 0.563477
1 0.865234 0.563477 0.851797 0.562185 0.839844 0.549805 0.841797 0.539062 0.845703 0.536133 0.852539 0.533203 0.860352 0.534180 0.868164 0.532227 0.871094 0.537109 0.873047 0.541016 0.874023 0.547852 0.873047 0.552734 0.873047 0.557617 0.867188 0.560547
1 0.876953 0.475586 0.865234 0.480469 0.855469 0.471680 0.853516 0.458984 0.852539 0.445312 0.859375 0.443359 0.866211 0.436523 0.874023 0.436523 0.882812 0.440430 0.887695 0.448242 0.884766 0.453125 0.882812 0.458984 0.885742 0.467773 0.882812 0.476562
1 0.970195 0.466984 0.958984 0.469727 0.946289 0.460938 0.946289 0.457031 0.949219 0.453125 0.952148 0.443359 0.956055 0.432617 0.958984 0.430664 0.968750 0.432617 0.976562 0.441406 0.980469 0.448242 0.980469 0.455078 0.974609 0.461914
1 0.952148 0.552734 0.939453 0.553711 0.928711 0.543945 0.933594 0.533203 0.943359 0.520508 0.948242 0.522461 0.956055 0.517578 0.959961 0.521484 0.963867 0.528320 0.965820 0.541016 0.956055 0.549805
1 0.982422 0.291016 0.975586 0.289062 0.965820 0.283203 0.961914 0.274414 0.961914 0.262695 0.968750 0.258789 0.977539 0.259766 0.977539 0.259766 0.982422 0.257812 0.989258 0.254883 0.997070 0.253906 1.000000 0.256836 1.000000 0.277344 0.992188 0.283203
1 0.977000 0.371667 0.970703 0.380859 0.955078 0.380859 0.952148 0.372070 0.947266 0.366211 0.954102 0.360352 0.958008 0.356445 0.961914 0.356445 0.965820 0.352539 0.970703 0.351562 0.979492 0.348633 0.985352 0.350586 0.988281 0.354492 0.986328 0.361328 0.984375 0.368164
1 0.897461 0.295898 0.885742 0.298828 0.876370 0.292955 0.872070 0.283203 0.877930 0.271484 0.888672 0.268555 0.894531 0.265625 0.899414 0.265625 0.900391 0.263672 0.905273 0.263672 0.906250 0.271484 0.908203 0.281250 0.904297 0.287109 0.902344 0.292969
1 0.891831 0.384632 0.877512 0.383775 0.869141 0.382812 0.862305 0.374023 0.862305 0.366211 0.866211 0.359375 0.871094 0.355469 0.877930 0.350586 0.883789 0.345703 0.895508 0.354492 0.900391 0.361328 0.900391 0.368164 0.896484 0.373047 0.895508 0.376953 0.896484 0.380859 0.896484 0.384766
1 0.800781 0.397461 0.790039 0.398438 0.780273 0.397461 0.776446 0.386260 0.775391 0.374023 0.780273 0.369141 0.789062 0.365234 0.798828 0.362305 0.806641 0.365234 0.809570 0.369141 0.810547 0.375977 0.810547 0.375977 0.809570 0.383789 0.807617 0.390625
1 0.816218 0.302727 0.800781 0.308594 0.789062 0.306641 0.785156 0.292969 0.787109 0.287109 0.791992 0.286133 0.788086 0.280273 0.794922 0.275391 0.804688 0.270508 0.818359 0.271484 0.822266 0.276367 0.822266 0.283203 0.824219 0.295898
1 0.722493 0.312474 0.709675 0.314519 0.699219 0.312500 0.694336 0.302734 0.693359 0.297852 0.696289 0.294922 0.699219 0.289062 0.702148 0.290039 0.703125 0.291992 0.706055 0.287109 0.710938 0.280273 0.716797 0.277344 0.724609 0.279297 0.727539 0.279297 0.729492 0.284180 0.731445 0.289062 0.730469 0.294922 0.728516 0.303711
1 0.718189 0.407162 0.702148 0.409180 0.691406 0.402344 0.689453 0.394531 0.690430 0.387695 0.695312 0.377930 0.701172 0.377930 0.707031 0.378906 0.708984 0.375000 0.713867 0.375000 0.719727 0.383789 0.720703 0.392578 0.721680 0.401367
1 0.632812 0.318359 0.622070 0.319336 0.616211 0.315430 0.618164 0.308594 0.622070 0.301758 0.627930 0.296875 0.635742 0.296875 0.642578 0.300781 0.641602 0.311523 0.640625 0.314453
1 0.623185 0.413279 0.609375 0.414062 0.607422 0.412109 0.610352 0.401367 0.608398 0.394531 0.613281 0.389648 0.621094 0.390625 0.628906 0.396484 0.628906 0.404297
1 0.659180 0.051758 0.648438 0.046875 0.648438 0.041992 0.651306 0.031768 0.662553 0.030070 0.668945 0.035156 0.668945 0.039062 0.665039 0.045898
1 0.750000 0.040039 0.738520 0.041558 0.732422 0.032227 0.731445 0.021484 0.736314 0.016380 0.744141 0.014648 0.747070 0.009766 0.750977 0.009766 0.751953 0.014648 0.752930 0.019531 0.757812 0.021484 0.758789 0.028320 0.754883 0.034180 0.754883 0.034180 0.753906 0.039062
1 0.832031 0.041016 0.817383 0.039062 0.813477 0.029297 0.817383 0.019531 0.822266 0.008789 0.828125 0.004883 0.840820 0.017578 0.847656 0.022461 0.846680 0.029297 0.844727 0.033203 0.842773 0.038086
1 0.915039 0.032227 0.906250 0.026367 0.904297 0.014648 0.909180 0.010742 0.909180 0.000000 0.935547 0.000000 0.937500 0.004883 0.937500 0.011719 0.936523 0.018555 0.935547 0.022461 0.931641 0.024414 0.928711 0.026367 0.924805 0.033203 0.919922 0.035156 0.916016 0.035156
1 1.000000 0.125000 0.990234 0.125977 0.986328 0.122070 0.983398 0.117188 0.983478 0.109679 0.978516 0.104492 0.978901 0.095411 0.981445 0.081055 0.991211 0.077148 1.000000 0.077645 1.000000 0.077375
1 0.913086 0.124023 0.899414 0.124023 0.892578 0.115234 0.893555 0.098633 0.905273 0.088867 0.913086 0.081055 0.918945 0.080078 0.920898 0.085938 0.926758 0.088867 0.927734 0.093750 0.931641 0.097656 0.933594 0.105469 0.925781 0.118164
1 0.822266 0.135742 0.807617 0.127930 0.802734 0.115234 0.813477 0.100586 0.824498 0.095804 0.831229 0.099486 0.836914 0.113281 0.834961 0.119141 0.832031 0.126953
1 0.742188 0.144531 0.731445 0.145508 0.717773 0.133789 0.717773 0.129883 0.720703 0.128906 0.716797 0.122070 0.718750 0.111328 0.727539 0.105469 0.743708 0.101517 0.751953 0.105469 0.754883 0.115234 0.755859 0.122070 0.753906 0.130859 0.750977 0.137695
1 0.654297 0.145508 0.643555 0.146484 0.638672 0.136719 0.638950 0.127068 0.645655 0.124709 0.655273 0.126953 0.660156 0.133789 0.660156 0.133789 0.659180 0.139648
1 0.643149 0.236650 0.638672 0.237305 0.631836 0.238281 0.627930 0.243164 0.625000 0.241211 0.622070 0.234375 0.622070 0.220703 0.626953 0.212891 0.636719 0.208008 0.645761 0.205971 0.648438 0.210938 0.650391 0.218750 0.649490 0.227698
1 0.732422 0.225586 0.718750 0.225586 0.709961 0.217773 0.710938 0.208984 0.717773 0.202148 0.724609 0.199219 0.736328 0.198242 0.741211 0.202148 0.741211 0.209961 0.742188 0.216797 0.742188 0.220703
1 0.819336 0.218750 0.801758 0.219727 0.795898 0.214844 0.795898 0.203125 0.799805 0.199219 0.801758 0.190430 0.805664 0.184570 0.817383 0.186523 0.822266 0.183594 0.827148 0.184570 0.831055 0.192383 0.835938 0.192383 0.835938 0.201172 0.833984 0.207031 0.833984 0.207031 0.828125 0.211914
1 0.908287 0.206130 0.899414 0.212891 0.884766 0.210938 0.879883 0.185547 0.887695 0.183594 0.898438 0.170898 0.908203 0.170898 0.916016 0.168945 0.920898 0.174805 0.923828 0.176758 0.922852 0.184570 0.922852 0.192383 0.916992 0.195312 0.916016 0.204102
1 1.000000 0.198696 0.989258 0.206055 0.974609 0.202148 0.970703 0.185547 0.974609 0.179688 0.979492 0.165039 0.991776 0.160546 1.000000 0.160317
1 0.972656 0.000000 0.974609 0.013672 0.981445 0.023438 0.992188 0.027344 1.000000 0.027344
1 0.949219 0.929688 0.964844 0.917969 0.979492 0.915039 0.979492 0.915039 0.989258 0.926758 0.993164 0.940430 0.993164 0.940430 0.991211 0.948242 0.986328 0.954102 0.965820 0.955078 0.950195 0.949219 0.946289 0.941406
1 0.584961 0.584961 0.590820 0.572266 0.602539 0.566406 0.612305 0.568359 0.608398 0.580078 0.609375 0.587891 0.605469 0.589844 0.591797 0.590820
1 0.584961 0.494141 0.600586 0.482422 0.612305 0.482422 0.620117 0.492188 0.620117 0.500977 0.612305 0.506836 0.605469 0.507812 0.586914 0.500000