1 0.002930 0.957031 0.005859 0.958984 0.010742 0.958984 0.017578 0.956055 0.028320 0.959961 0.024414 0.975586 0.025391 0.988281 0.021484 0.993164 0.019531 0.995117 0.010742 0.993164 0.006836 0.996094 0.000000 0.995117 0.000000 0.985352 0.001953 0.978516 0.001953 0.974609 0.000000 0.965820 0.000000 0.959961
1 0.046875 0.967773 0.050781 0.959961 0.059570 0.958984 0.068359 0.960938 0.071289 0.970703 0.070312 0.984375 0.063477 0.989258 0.065430 1.000000 0.055664 1.000000 0.052734 0.998047 0.044922 0.997070 0.044922 0.991211 0.044922 0.973633
1 0.106445 0.951172 0.124023 0.948242 0.125977 0.951172 0.129883 0.948242 0.135742 0.950195 0.136719 0.954102 0.138672 0.958008 0.141602 0.958008 0.146484 0.963867 0.144531 0.968750 0.140625 0.979492 0.143555 0.985352 0.145508 0.992188 0.138672 1.000000 0.125000 1.000000 0.122070 0.999023 0.120117 1.000000 0.112305 1.000000 0.100586 0.988281 0.102539 0.974609 0.103516 0.959961
1 0.019531 0.909180 0.024414 0.906250 0.030273 0.908203 0.032227 0.914062 0.033203 0.922852 0.032227 0.927734 0.032227 0.927734 0.029297 0.932617 0.025391 0.934570 0.020508 0.930664 0.017578 0.925781 0.015625 0.920898 0.015625 0.914062
1 0.057617 0.911133 0.059570 0.904297 0.067383 0.901367 0.076172 0.902344 0.081055 0.906250 0.087891 0.914062 0.092773 0.916016 0.093750 0.921875 0.087891 0.927734 0.086914 0.934570 0.086914 0.940430 0.083984 0.946289 0.078125 0.949219 0.065430 0.949219 0.060547 0.948242 0.054688 0.948242 0.054688 0.940430 0.055664 0.933594 0.057617 0.930664 0.053711 0.920898
1 0.000000 0.852539 0.006836 0.851562 0.014648 0.847656 0.026367 0.876953 0.026367 0.880859 0.015625 0.886719 0.015625 0.898438 0.007812 0.900391 0.000000 0.896484
1 0.000000 0.834961 0.006836 0.843750 0.015625 0.845703 0.024414 0.845703 0.024414 0.848633 0.028320 0.847656 0.033203 0.841797 0.033203 0.834961 0.033203 0.829102 0.035156 0.823242 0.035156 0.814453 0.033203 0.807617 0.029297 0.803711 0.017578 0.800781 0.017578 0.800781 0.013672 0.804688 0.013672 0.804688 0.009766 0.807617 0.003906 0.809570 0.000000 0.810547
1 0.085938 0.911133 0.085938 0.905273 0.090820 0.903320 0.101562 0.906250 0.111328 0.904297 0.117188 0.907227 0.117188 0.916016 0.124023 0.916992 0.125977 0.927734 0.123047 0.938477 0.118164 0.945312 0.106445 0.947266 0.104492 0.943359 0.096680 0.941406 0.095703 0.949219 0.088867 0.950195 0.083984 0.949219 0.080078 0.950195 0.077148 0.950195 0.077148 0.946289 0.083984 0.944336 0.087891 0.939453 0.086914 0.934570 0.084961 0.932617 0.088867 0.927734 0.089844 0.923828 0.088867 0.919922 0.088867 0.916016
1 0.091797 0.864258 0.096680 0.862305 0.104492 0.865234 0.111328 0.856445 0.119141 0.865234 0.124023 0.876953 0.125000 0.882812 0.120117 0.890625 0.116211 0.900391 0.109375 0.900391 0.107422 0.892578 0.097656 0.897461 0.092773 0.892578 0.092773 0.882812 0.089844 0.881836 0.088867 0.875977 0.089844 0.875977 0.089844 0.867188
1 0.066406 0.814453 0.071289 0.804688 0.076172 0.802734 0.079102 0.803711 0.081055 0.807617 0.091797 0.813477 0.093750 0.824219 0.095703 0.827148 0.099609 0.829102 0.100586 0.840820 0.099609 0.847656 0.093750 0.853516 0.083008 0.850586 0.075195 0.850586 0.068359 0.842773 0.068359 0.836914 0.063477 0.834961 0.063477 0.827148 0.063477 0.820312
1 0.051758 0.795898 0.054688 0.793945 0.059570 0.793945 0.064453 0.791992 0.072266 0.795898 0.075195 0.782227 0.077148 0.773438 0.075195 0.764648 0.071289 0.766602 0.062500 0.760742 0.056641 0.761719 0.051758 0.767578 0.051758 0.770508 0.047852 0.778320 0.047852 0.783203 0.046875 0.789062
1 0.000000 0.793945 0.004883 0.790039 0.006836 0.787109 0.012695 0.786133 0.014648 0.781250 0.014648 0.774414 0.013672 0.772461 0.012695 0.771484 0.012695 0.768555 0.010742 0.765625 0.008789 0.764648 0.009766 0.762695 0.008789 0.759766 0.007812 0.757812 0.004883 0.755859 0.002930 0.755859 0.000000 0.755859
1 0.000000 0.717773 0.001953 0.713867 0.004883 0.712891 0.011719 0.712891 0.013672 0.715820 0.018555 0.718750 0.018555 0.718750 0.022461 0.724609 0.024414 0.726562 0.022461 0.731445 0.022461 0.731445 0.017578 0.733398 0.011719 0.737305 0.010742 0.740234 0.014648 0.742188 0.013672 0.745117 0.011719 0.746094 0.008789 0.747070 0.004883 0.748047 0.001953 0.747070 0.001953 0.744141 0.000000 0.743164
1 0.000000 0.693359 0.003906 0.698242 0.007812 0.702148 0.012695 0.702148 0.016602 0.699219 0.020508 0.694336 0.020508 0.694336 0.022461 0.684570 0.024414 0.675781 0.026367 0.668945 0.028320 0.663086 0.026367 0.655273 0.018555 0.649414 0.016602 0.646484 0.011719 0.648438 0.007812 0.648438 0.003906 0.647461 0.000000 0.648438
1 0.000000 0.592773 0.003906 0.592773 0.008789 0.591797 0.014648 0.587891 0.016602 0.586914 0.022461 0.584961 0.025391 0.581055 0.026367 0.574219 0.028320 0.563477 0.025391 0.562500 0.026367 0.558594 0.027344 0.555664 0.025391 0.552734 0.021484 0.546875 0.014648 0.543945 0.008789 0.545898 0.004883 0.545898 0.001953 0.545898 0.000000 0.546875
1 0.000000 0.507812 0.002930 0.505859 0.007812 0.504883 0.010742 0.505859 0.013672 0.505859 0.016602 0.503906 0.020508 0.505859 0.024414 0.504883 0.030273 0.507812 0.028320 0.513672 0.031250 0.518555 0.029297 0.525391 0.026367 0.532227 0.024414 0.533203 0.022461 0.535156 0.017578 0.537109 0.012695 0.538086 0.008789 0.537109 0.005859 0.534180 0.001953 0.525391 0.000000 0.521484
1 0.000000 0.486328 0.005859 0.483398 0.010742 0.482422 0.012695 0.478516 0.015625 0.478516 0.016602 0.474609 0.018555 0.472656 0.017578 0.469727 0.018555 0.466797 0.015625 0.463867 0.012695 0.459961 0.012695 0.455078 0.013672 0.453125 0.014648 0.450195 0.011719 0.445312 0.008789 0.444336 0.005859 0.444336 0.002930 0.445312 0.000000 0.447266
1 0.046875 0.457031 0.048828 0.452148 0.052734 0.452148 0.056641 0.448242 0.062500 0.448242 0.067383 0.449219 0.072266 0.451172 0.073242 0.451172 0.077148 0.451172 0.077148 0.458008 0.079102 0.460938 0.076172 0.463867 0.078125 0.468750 0.079102 0.472656 0.076172 0.479492 0.069336 0.482422 0.062500 0.485352 0.056641 0.485352 0.050781 0.485352 0.047852 0.482422 0.050781 0.476562 0.045898 0.475586 0.044922 0.469727 0.044922 0.464844 0.043945 0.459961
1 0.085938 0.516602 0.089844 0.509766 0.091797 0.505859 0.085938 0.501953 0.091797 0.500000 0.102539 0.497070 0.108398 0.500977 0.111328 0.505859 0.117188 0.506836 0.124023 0.511719 0.125000 0.516602 0.123047 0.521484 0.119141 0.524414 0.118164 0.528320 0.120117 0.533203 0.120117 0.538086 0.118164 0.541016 0.116211 0.545898 0.110352 0.545898 0.104492 0.542969 0.100586 0.542969 0.095703 0.541992 0.088867 0.536133 0.088867 0.533203 0.085938 0.530273 0.083984 0.527344 0.081055 0.522461 0.085938 0.521484
1 0.052734 0.556641 0.056641 0.549805 0.065430 0.544922 0.077148 0.553711 0.079102 0.559570 0.079102 0.561523 0.080078 0.564453 0.080078 0.570312 0.081055 0.575195 0.081055 0.579102 0.079102 0.583984 0.077148 0.588867 0.073242 0.592773 0.069336 0.595703 0.068359 0.598633 0.061523 0.603516 0.055664 0.601562 0.052734 0.596680 0.050781 0.592773 0.048828 0.591797 0.047852 0.586914 0.045898 0.582031 0.045898 0.577148 0.047852 0.574219 0.041992 0.568359 0.046875 0.563477 0.049805 0.559570
1 0.028320 0.612305 0.028320 0.605469 0.032227 0.604492 0.035156 0.603516 0.039062 0.603516 0.043945 0.600586 0.047852 0.600586 0.050781 0.602539 0.052734 0.606445 0.053711 0.609375 0.057617 0.611328 0.062500 0.612305 0.066406 0.614258 0.067383 0.619141 0.065430 0.622070 0.062500 0.625977 0.062500 0.627930 0.062500 0.629883 0.065430 0.629883 0.064453 0.635742 0.064453 0.640625 0.064453 0.642578 0.061523 0.649414 0.062500 0.652344 0.058594 0.654297 0.053711 0.653320 0.051758 0.650391 0.047852 0.649414 0.045898 0.650391 0.041992 0.651367 0.035156 0.650391 0.029297 0.643555 0.026367 0.636719 0.020508 0.630859 0.020508 0.630859 0.021484 0.622070 0.023438 0.616211 0.028320 0.614258
1 0.055664 0.656250 0.053711 0.664062 0.050781 0.665039 0.049805 0.667969 0.049805 0.669922 0.050781 0.676758 0.050781 0.679688 0.053711 0.680664 0.056641 0.681641 0.057617 0.686523 0.057617 0.686523 0.054688 0.688477 0.056641 0.692383 0.058594 0.693359 0.063477 0.694336 0.066406 0.700195 0.072266 0.703125 0.072266 0.704102 0.076172 0.702148 0.082031 0.703125 0.083008 0.699219 0.085938 0.696289 0.086914 0.693359 0.085938 0.691406 0.084961 0.687500 0.087891 0.683594 0.088867 0.683594 0.087891 0.677734 0.086914 0.675781 0.090820 0.675781 0.092773 0.673828 0.092773 0.670898 0.091797 0.666992 0.090820 0.664062 0.095703 0.661133 0.095703 0.657227 0.093750 0.655273 0.089844 0.655273 0.087891 0.655273 0.085938 0.651367 0.083008 0.653320 0.080078 0.653320 0.078125 0.651367 0.075195 0.650391 0.072266 0.647461 0.070312 0.646484 0.068359 0.645508 0.065430 0.645508 0.063477 0.647461 0.061523 0.648438 0.061523 0.650391 0.063477 0.652344 0.062500 0.654297 0.060547 0.656250
1 0.092773 0.621094 0.093750 0.617188 0.092773 0.615234 0.094727 0.614258 0.098633 0.612305 0.102539 0.612305 0.104492 0.612305 0.108398 0.613281 0.114258 0.616211 0.117188 0.617188 0.118164 0.620117 0.118164 0.624023 0.120117 0.625977 0.120117 0.629883 0.119141 0.632812 0.115234 0.632812 0.115234 0.639648 0.111328 0.644531 0.106445 0.645508 0.106445 0.645508 0.102539 0.646484 0.099609 0.645508 0.097656 0.643555 0.094727 0.645508 0.088867 0.637695 0.090820 0.634766 0.092773 0.632812 0.093750 0.630859 0.091797 0.629883 0.089844 0.629883 0.089844 0.627930 0.089844 0.625000 0.092773 0.624023
1 0.118164 0.555664 0.122070 0.553711 0.125977 0.553711 0.129883 0.554688 0.132812 0.556641 0.133789 0.561523 0.134766 0.566406 0.136719 0.570312 0.134766 0.574219 0.135742 0.578125 0.133789 0.580078 0.132812 0.586914 0.127930 0.584961 0.121094 0.586914 0.115234 0.582031 0.115234 0.575195 0.116211 0.572266 0.117188 0.569336 0.118164 0.565430 0.118164 0.562500 0.116211 0.559570
1 0.165039 0.613281 0.171875 0.604492 0.178711 0.605469 0.184570 0.607422 0.190430 0.607422 0.195312 0.608398 0.197266 0.610352 0.200195 0.612305 0.200195 0.617188 0.200195 0.622070 0.200195 0.626953 0.199219 0.631836 0.199219 0.638672 0.197266 0.640625 0.192383 0.647461 0.187500 0.649414 0.185547 0.642578 0.179688 0.642578 0.173828 0.648438 0.167969 0.646484 0.164062 0.647461 0.164062 0.643555 0.161133 0.634766 0.156250 0.626953 0.162109 0.624023 0.162109 0.616211
1 0.190430 0.666992 0.196289 0.658203 0.204102 0.659180 0.210938 0.654297 0.214844 0.660156 0.212891 0.665039 0.218750 0.665039 0.218750 0.671875 0.213867 0.670898 0.213867 0.678711 0.218750 0.682617 0.219727 0.688477 0.220703 0.697266 0.217773 0.698242 0.211914 0.700195 0.209961 0.705078 0.204102 0.702148 0.200195 0.697266 0.198242 0.702148 0.193359 0.703125 0.190430 0.704102 0.189453 0.705078 0.187500 0.705078 0.184570 0.690430 0.180664 0.688477 0.176758 0.688477 0.172852 0.684570 0.176758 0.680664 0.180664 0.681641 0.185547 0.674805 0.179688 0.674805 0.181641 0.668945 0.186523 0.667969
1 0.188477 0.708984 0.190430 0.704102 0.193359 0.704102 0.195312 0.701172 0.198242 0.702148 0.199219 0.700195 0.203125 0.706055 0.208008 0.710938 0.208984 0.714844 0.211914 0.712891 0.218750 0.716797 0.219727 0.721680 0.218750 0.726562 0.215820 0.733398 0.214844 0.736328 0.218750 0.743164 0.214844 0.747070 0.211914 0.750000 0.209961 0.751953 0.202148 0.750977 0.192383 0.752930 0.192383 0.747070 0.189453 0.744141 0.182617 0.751953 0.177734 0.741211 0.181641 0.737305 0.183594 0.720703 0.185547 0.715820 0.187500 0.710938
1 0.116211 0.662109 0.116211 0.654297 0.122070 0.650391 0.128906 0.650391 0.137695 0.652344 0.144531 0.657227 0.146484 0.663086 0.145508 0.666992 0.146484 0.668945 0.146484 0.673828 0.146484 0.676758 0.143555 0.679688 0.146484 0.683594 0.144531 0.690430 0.139648 0.697266 0.131836 0.701172 0.127930 0.695312 0.122070 0.697266 0.118164 0.695312 0.110352 0.696289 0.107422 0.691406 0.107422 0.684570 0.109375 0.680664 0.108398 0.674805 0.110352 0.671875 0.111328 0.666016
1 0.096680 0.706055 0.103516 0.700195 0.110352 0.700195 0.117188 0.703125 0.123047 0.702148 0.127930 0.704102 0.134766 0.703125 0.137695 0.707031 0.135742 0.709961 0.131836 0.714844 0.130859 0.718750 0.130859 0.722656 0.134766 0.721680 0.138672 0.727539 0.135742 0.736328 0.132812 0.741211 0.129883 0.746094 0.127930 0.750977 0.125977 0.755859 0.123047 0.760742 0.123047 0.764648 0.117188 0.766602 0.111328 0.763672 0.112305 0.758789 0.107422 0.756836 0.104492 0.754883 0.101562 0.756836 0.096680 0.750977 0.096680 0.743164 0.092773 0.736328 0.093750 0.715820 0.095703 0.713867
1 0.131836 0.796875 0.126953 0.782227 0.130859 0.776367 0.133789 0.766602 0.141602 0.758789 0.150391 0.757812 0.156250 0.760742 0.162109 0.766602 0.164062 0.773438 0.164062 0.778320 0.163086 0.782227 0.164062 0.787109 0.160156 0.794922 0.154297 0.801758 0.147461 0.802734 0.145508 0.807617 0.140625 0.806641 0.140625 0.803711 0.137695 0.798828
1 0.130859 0.796875 0.127930 0.799805 0.122070 0.801758 0.120117 0.805664 0.117188 0.806641 0.114258 0.813477 0.114258 0.819336 0.115234 0.826172 0.119141 0.830078 0.124023 0.836914 0.127930 0.840820 0.127930 0.840820 0.132812 0.841797 0.132812 0.845703 0.133789 0.847656 0.138672 0.848633 0.140625 0.849609 0.144531 0.849609 0.147461 0.847656 0.148438 0.844727 0.150391 0.842773 0.153320 0.843750 0.154297 0.838867 0.160156 0.832031 0.158203 0.820312 0.154297 0.819336 0.154297 0.814453 0.152344 0.808594 0.147461 0.806641 0.146484 0.809570 0.143555 0.807617 0.139648 0.808594 0.140625 0.803711 0.138672 0.802734 0.138672 0.799805 0.134766 0.798828 0.132812 0.798828
1 0.168945 0.928711 0.166992 0.922852 0.167969 0.915039 0.173828 0.914062 0.180664 0.911133 0.189453 0.908203 0.196289 0.911133 0.205078 0.917969 0.207031 0.921875 0.205078 0.929688 0.204102 0.933594 0.199219 0.939453 0.198242 0.950195 0.192383 0.958008 0.186523 0.954102 0.177734 0.954102 0.171875 0.950195 0.172852 0.935547
1 0.184570 0.964844 0.193359 0.959961 0.202148 0.966797 0.207031 0.975586 0.209961 0.984375 0.208008 1.000000 0.196289 1.000000 0.194336 0.994141 0.186523 0.990234 0.182617 0.977539 0.183594 0.969727
1 0.238281 1.000000 0.237305 0.986328 0.227539 0.972656 0.246094 0.963867 0.250977 0.966797 0.256836 0.958008 0.269531 0.963867 0.271484 0.970703 0.274414 0.982422 0.270508 0.991211 0.265625 1.000000
1 0.260742 0.911133 0.270508 0.911133 0.278320 0.918945 0.280273 0.926758 0.280273 0.937500 0.285156 0.940430 0.290039 0.949219 0.284180 0.955078 0.277344 0.953125 0.273438 0.959961 0.266602 0.960938 0.264648 0.960938 0.261719 0.954102 0.253906 0.952148 0.250000 0.948242 0.250000 0.942383 0.250977 0.936523 0.250977 0.927734
1 0.228516 0.903320 0.235352 0.909180 0.242188 0.913086 0.242188 0.919922 0.247070 0.919922 0.251953 0.919922 0.255859 0.921875 0.256836 0.916992 0.259766 0.913086 0.260742 0.910156 0.271484 0.910156 0.272461 0.903320 0.276367 0.898438 0.275391 0.888672 0.277344 0.875977 0.267578 0.867188 0.263672 0.864258 0.259766 0.861328 0.254883 0.854492 0.250000 0.850586 0.243164 0.848633 0.238281 0.848633 0.233398 0.851562 0.228516 0.855469 0.228516 0.862305 0.228516 0.869141 0.226562 0.873047 0.227539 0.876953 0.227539 0.889648 0.227539 0.895508 0.229492 0.899414
1 0.203125 0.825195 0.204102 0.817383 0.208984 0.810547 0.217773 0.809570 0.222656 0.811523 0.226562 0.812500 0.227539 0.818359 0.236328 0.824219 0.240234 0.832031 0.241211 0.836914 0.240234 0.841797 0.241211 0.844727 0.233398 0.848633 0.227539 0.848633 0.223633 0.848633 0.217773 0.850586 0.214844 0.850586 0.208984 0.848633 0.206055 0.846680 0.206055 0.844727 0.204102 0.842773 0.201172 0.837891 0.201172 0.832031
1 0.190430 0.793945 0.200195 0.802734 0.208008 0.800781 0.211914 0.796875 0.218750 0.792969 0.223633 0.787109 0.226562 0.782227 0.221680 0.771484 0.218750 0.765625 0.214844 0.761719 0.215820 0.757812 0.211914 0.750977 0.209961 0.745117 0.202148 0.755859 0.196289 0.757812 0.191406 0.760742 0.189453 0.765625 0.189453 0.770508 0.187500 0.777344 0.188477 0.780273 0.191406 0.783203 0.190430 0.789062
1 0.236328 0.714844 0.242188 0.714844 0.248047 0.709961 0.256836 0.707031 0.262695 0.708008 0.263672 0.714844 0.270508 0.725586 0.269531 0.730469 0.270508 0.738281 0.270508 0.739258 0.264648 0.741211 0.258789 0.741211 0.258789 0.741211 0.256836 0.748047 0.251953 0.748047 0.247070 0.744141 0.236328 0.742188 0.235352 0.733398 0.232422 0.725586 0.236328 0.720703
1 0.018555 0.403320 0.027344 0.397461 0.039062 0.399414 0.050781 0.410156 0.047852 0.416992 0.045898 0.416016 0.044922 0.420898 0.041016 0.421875 0.041016 0.428711 0.038086 0.432617 0.035156 0.434570 0.030273 0.434570 0.030273 0.435547 0.026367 0.437500 0.022461 0.434570 0.020508 0.432617 0.016602 0.427734 0.015625 0.423828 0.016602 0.416992 0.018555 0.410156 0.016602 0.407227
1 0.072266 0.404297 0.075195 0.403320 0.075195 0.398438 0.078125 0.395508 0.083984 0.396484 0.087891 0.391602 0.091797 0.395508 0.096680 0.397461 0.098633 0.399414 0.099609 0.402344 0.102539 0.405273 0.107422 0.408203 0.108398 0.413086 0.109375 0.417969 0.109375 0.424805 0.107422 0.429688 0.104492 0.429688 0.101562 0.436523 0.095703 0.438477 0.095703 0.438477 0.088867 0.439453 0.087891 0.441406 0.083008 0.441406 0.078125 0.440430 0.076172 0.437500 0.073242 0.435547 0.073242 0.431641 0.069336 0.424805 0.069336 0.416992 0.070312 0.414062 0.074219 0.410156
1 0.026367 0.344727 0.032227 0.338867 0.036133 0.341797 0.039062 0.342773 0.043945 0.343750 0.047852 0.344727 0.047852 0.349609 0.052734 0.351562 0.055664 0.355469 0.053711 0.359375 0.051758 0.363281 0.048828 0.367188 0.051758 0.375977 0.047852 0.380859 0.043945 0.382812 0.041016 0.379883 0.038086 0.379883 0.034180 0.375000 0.031250 0.375000 0.027344 0.376953 0.024414 0.373047 0.022461 0.375000 0.020508 0.374023 0.021484 0.370117 0.018555 0.368164 0.017578 0.363281 0.015625 0.360352 0.016602 0.358398 0.013672 0.352539 0.010742 0.350586 0.010742 0.344727 0.018555 0.341797 0.022461 0.342773
1 0.021484 0.279297 0.023438 0.272461 0.029297 0.273438 0.038086 0.278320 0.046875 0.284180 0.053711 0.289062 0.056641 0.295898 0.054688 0.302734 0.055664 0.311523 0.053711 0.317383 0.048828 0.321289 0.039062 0.322266 0.035156 0.328125 0.031250 0.329102 0.024414 0.329102 0.019531 0.328125 0.014648 0.325195 0.014648 0.316406 0.015625 0.310547 0.016602 0.294922 0.017578 0.294922 0.019531 0.291016 0.020508 0.289062 0.021484 0.285156
1 0.000000 0.264648 0.006836 0.267578 0.011719 0.270508 0.019531 0.266602 0.016602 0.259766 0.021484 0.252930 0.024414 0.246094 0.024414 0.234375 0.023438 0.228516 0.016602 0.229492 0.013672 0.221680 0.005859 0.221680 0.002930 0.218750 0.000000 0.219727
1 0.015625 0.194336 0.018555 0.188477 0.027344 0.182617 0.033203 0.177734 0.041016 0.180664 0.043945 0.187500 0.047852 0.190430 0.046875 0.196289 0.048828 0.205078 0.047852 0.210938 0.041992 0.210938 0.041992 0.218750 0.037109 0.219727 0.035156 0.225586 0.029297 0.225586 0.026367 0.218750 0.021484 0.216797 0.019531 0.220703 0.014648 0.217773 0.014648 0.209961 0.013672 0.204102 0.013672 0.202148 0.011719 0.197266
1 0.010742 0.146484 0.012695 0.127930 0.021484 0.125977 0.027344 0.123047 0.034180 0.127930 0.040039 0.131836 0.041992 0.135742 0.038086 0.141602 0.033203 0.149414 0.028320 0.152344 0.023438 0.150391 0.018555 0.155273
1 0.000000 0.097656 0.008789 0.109375 0.013672 0.109375 0.016602 0.109375 0.021484 0.108398 0.028320 0.106445 0.034180 0.099609 0.034180 0.092773 0.034180 0.086914 0.029297 0.083008 0.025391 0.078125 0.025391 0.071289 0.020508 0.068359 0.018555 0.066406 0.014648 0.070312 0.010742 0.070312 0.004883 0.075195 0.003906 0.079102 0.002930 0.083008
1 0.020508 0.032227 0.022461 0.018555 0.030273 0.017578 0.041016 0.022461 0.047852 0.028320 0.050781 0.036133 0.044922 0.046875 0.040039 0.054688 0.033203 0.054688 0.032227 0.046875 0.026367 0.045898 0.026367 0.038086
1 0.332031 0.528320 0.337891 0.525391 0.339844 0.518555 0.345703 0.509766 0.350586 0.513672 0.357422 0.513672 0.363281 0.517578 0.366211 0.523438 0.364258 0.536133 0.367188 0.541992 0.365234 0.546875 0.359375 0.547852 0.354492 0.552734 0.347656 0.551758 0.345703 0.546875 0.339844 0.541016 0.333984 0.537109
1 0.221680 0.663086 0.224609 0.658203 0.229492 0.657227 0.232422 0.659180 0.235352 0.658203 0.241211 0.656250 0.243164 0.659180 0.250977 0.658203 0.252930 0.665039 0.252930 0.670898 0.256836 0.675781 0.257812 0.683594 0.253906 0.684570 0.251953 0.686523 0.251953 0.691406 0.250000 0.694336 0.241211 0.697266 0.239258 0.695312 0.236328 0.695312 0.233398 0.698242 0.228516 0.695312 0.225586 0.691406 0.222656 0.688477 0.217773 0.679688 0.219727 0.674805 0.219727 0.668945 0.221680 0.666992 0.223633 0.666016
1 0.232422 0.627930 0.235352 0.622070 0.241211 0.619141 0.244141 0.613281 0.251953 0.613281 0.255859 0.610352 0.260742 0.613281 0.267578 0.616211 0.267578 0.620117 0.271484 0.625000 0.272461 0.628906 0.274414 0.632812 0.269531 0.637695 0.261719 0.635742 0.259766 0.638672 0.261719 0.642578 0.256836 0.644531 0.252930 0.644531 0.252930 0.648438 0.248047 0.646484 0.242188 0.648438 0.238281 0.645508 0.235352 0.640625 0.234375 0.637695 0.231445 0.635742
1 0.306641 0.662109 0.312500 0.656250 0.315430 0.650391 0.320312 0.649414 0.324219 0.654297 0.335938 0.657227 0.335938 0.664062 0.341797 0.666992 0.347656 0.667969 0.347656 0.675781 0.350586 0.679688 0.347656 0.682617 0.343750 0.682617 0.343750 0.689453 0.337891 0.688477 0.335938 0.692383 0.336914 0.696289 0.336914 0.699219 0.334961 0.701172 0.333008 0.704102 0.330078 0.705078 0.325195 0.705078 0.318359 0.704102 0.312500 0.700195 0.305664 0.694336 0.304688 0.690430 0.301758 0.685547 0.301758 0.681641 0.301758 0.677734 0.300781 0.673828 0.300781 0.670898 0.302734 0.666992 0.303711 0.668945 0.305664 0.666992
1 0.313477 0.729492 0.319336 0.726562 0.322266 0.720703 0.328125 0.716797 0.331055 0.717773 0.331055 0.720703 0.334961 0.722656 0.337891 0.727539 0.339844 0.729492 0.341797 0.733398 0.342773 0.737305 0.338867 0.742188 0.334961 0.741211 0.334961 0.749023 0.332031 0.752930 0.327148 0.753906 0.320312 0.753906 0.317383 0.748047 0.313477 0.739258
1 0.273438 0.774414 0.279297 0.772461 0.283203 0.772461 0.287109 0.769531 0.292969 0.766602 0.293945 0.769531 0.302734 0.773438 0.302734 0.773438 0.300781 0.776367 0.303711 0.789062 0.302734 0.794922 0.295898 0.803711 0.286133 0.805664 0.279297 0.805664 0.275391 0.803711 0.273438 0.803711 0.268555 0.795898 0.267578 0.788086 0.269531 0.788086 0.270508 0.779297
1 0.292969 0.820312 0.298828 0.810547 0.303711 0.809570 0.309570 0.810547 0.313477 0.812500 0.320312 0.811523 0.323242 0.815430 0.322266 0.818359 0.324219 0.819336 0.325195 0.824219 0.325195 0.827148 0.324219 0.833984 0.326172 0.837891 0.328125 0.842773 0.324219 0.846680 0.324219 0.846680 0.318359 0.851562 0.309570 0.852539 0.305664 0.853516 0.297852 0.851562 0.291992 0.844727 0.292969 0.838867 0.293945 0.831055 0.292969 0.826172
1 0.300781 0.866211 0.303711 0.858398 0.311523 0.856445 0.314453 0.860352 0.317383 0.859375 0.320312 0.863281 0.326172 0.864258 0.325195 0.873047 0.325195 0.876953 0.330078 0.881836 0.330078 0.881836 0.327148 0.885742 0.327148 0.889648 0.323242 0.893555 0.323242 0.893555 0.320312 0.895508 0.314453 0.891602 0.310547 0.891602 0.302734 0.888672 0.298828 0.878906 0.299805 0.875000 0.297852 0.870117
1 0.312500 0.915039 0.328125 0.910156 0.332031 0.916016 0.332031 0.916016 0.337891 0.916992 0.343750 0.922852 0.345703 0.933594 0.343750 0.941406 0.340820 0.947266 0.340820 0.947266 0.337891 0.949219 0.333984 0.951172 0.331055 0.952148 0.321289 0.955078 0.317383 0.952148 0.314453 0.954102 0.310547 0.951172 0.305664 0.952148 0.304688 0.946289 0.305664 0.942383 0.301758 0.938477 0.302734 0.926758 0.306641 0.921875 0.309570 0.919922
1 0.288086 0.989258 0.289062 0.983398 0.291992 0.979492 0.294922 0.970703 0.301758 0.964844 0.308594 0.962891 0.309570 0.965820 0.313477 0.966797 0.317383 0.970703 0.322266 0.974609 0.324219 0.979492 0.325195 0.985352 0.322266 0.989258 0.319336 0.989258 0.319336 0.999023 0.314453 1.000000 0.312500 0.999023 0.309570 1.000000 0.296875 1.000000 0.296875 0.995117 0.296875 0.993164
1 0.349609 0.984375 0.353516 0.973633 0.357422 0.969727 0.367188 0.964844 0.375000 0.969727 0.379883 0.975586 0.382812 0.981445 0.380859 0.986328 0.377930 0.995117 0.378906 1.000000 0.355469 1.000000 0.355469 0.995117 0.350586 0.993164 0.351562 0.989258
1 0.392578 0.947266 0.390625 0.926758 0.396484 0.914062 0.409180 0.913086 0.412109 0.918945 0.416016 0.918945 0.424805 0.912109 0.437500 0.922852 0.440430 0.932617 0.434570 0.948242 0.428711 0.956055 0.424805 0.960938 0.424805 0.960938 0.414062 0.962891 0.401367 0.959961
1 0.361328 0.875000 0.363281 0.865234 0.370117 0.865234 0.370117 0.865234 0.377930 0.859375 0.387695 0.869141 0.393555 0.875000 0.395508 0.880859 0.394531 0.888672 0.390625 0.897461 0.380859 0.899414 0.373047 0.900391 0.364258 0.896484 0.359375 0.888672 0.360352 0.880859 0.363281 0.880859
1 0.346680 0.839844 0.350586 0.845703 0.358398 0.846680 0.363281 0.846680 0.371094 0.850586 0.379883 0.852539 0.382812 0.847656 0.384766 0.837891 0.387695 0.833984 0.387695 0.825195 0.386719 0.819336 0.386719 0.819336 0.379883 0.811523 0.374023 0.808594 0.366211 0.807617 0.360352 0.809570 0.360352 0.809570 0.356445 0.809570 0.351562 0.811523 0.350586 0.816406 0.352539 0.822266 0.353516 0.825195 0.350586 0.832031
1 0.353516 0.790039 0.353516 0.778320 0.358398 0.769531 0.370117 0.769531 0.376953 0.772461 0.378906 0.781250 0.381836 0.785156 0.379883 0.790039 0.374023 0.790039 0.375000 0.797852 0.366211 0.802734 0.357422 0.804688 0.356445 0.800781
1 0.367188 0.733398 0.375000 0.746094 0.383789 0.751953 0.391602 0.751953 0.399414 0.747070 0.401367 0.742188 0.397461 0.735352 0.403320 0.731445 0.395508 0.724609 0.395508 0.717773 0.388672 0.712891 0.381836 0.711914 0.376953 0.718750 0.372070 0.719727 0.372070 0.719727
1 0.360352 0.678711 0.361328 0.686523 0.369141 0.694336 0.374023 0.703125 0.379883 0.708008 0.387695 0.703125 0.393555 0.693359 0.393555 0.683594 0.394531 0.679688 0.394531 0.674805 0.394531 0.669922 0.397461 0.667969 0.401367 0.665039 0.400391 0.659180 0.393555 0.658203 0.389648 0.664062 0.380859 0.663086 0.375000 0.657227 0.368164 0.655273 0.364258 0.662109 0.365234 0.666992 0.362305 0.669922 0.360352 0.669922
1 0.338867 0.615234 0.347656 0.610352 0.353516 0.604492 0.362305 0.604492 0.369141 0.609375 0.374023 0.611328 0.381836 0.613281 0.381836 0.617188 0.384766 0.623047 0.387695 0.631836 0.384766 0.639648 0.378906 0.643555 0.372070 0.646484 0.365234 0.649414 0.359375 0.649414 0.354492 0.650391 0.345703 0.652344 0.343750 0.646484 0.344727 0.637695 0.343750 0.631836 0.340820 0.626953 0.338867 0.623047
1 0.429688 1.000000 0.424805 0.994141 0.424805 0.985352 0.431641 0.978516 0.440430 0.980469 0.446289 0.988281 0.444336 1.000000
1 0.465820 1.000000 0.463867 0.997070 0.470703 0.991211 0.474609 0.982422 0.475586 0.976562 0.480469 0.974609 0.484375 0.974609 0.491211 0.974609 0.493164 0.971680 0.495117 0.974609 0.497070 0.981445 0.500000 0.985352 0.496094 0.992188 0.494141 0.995117 0.492188 1.000000 0.468750 1.000000
1 0.457031 0.953125 0.462891 0.955078 0.469727 0.953125 0.474609 0.955078 0.477539 0.953125 0.484375 0.954102 0.486328 0.950195 0.486328 0.944336 0.487305 0.939453 0.485352 0.934570 0.482422 0.932617 0.479492 0.926758 0.475586 0.920898 0.468750 0.922852 0.466797 0.925781 0.459961 0.929688 0.459961 0.929688 0.457031 0.936523 0.457031 0.942383 0.458984 0.947266
1 0.438477 0.875977 0.442383 0.874023 0.451172 0.874023 0.454102 0.878906 0.456055 0.885742 0.457031 0.892578 0.454102 0.897461 0.444336 0.904297 0.441406 0.903320 0.437500 0.904297 0.433594 0.897461 0.434570 0.890625 0.437500 0.886719 0.435547 0.882812
1 0.416992 0.844727 0.418945 0.827148 0.417969 0.822266 0.422852 0.815430 0.428711 0.815430 0.436523 0.817383 0.441406 0.817383 0.446289 0.821289 0.446289 0.826172 0.446289 0.833984 0.447266 0.839844 0.448242 0.841797 0.445312 0.844727 0.443359 0.850586 0.443359 0.850586 0.440430 0.852539 0.434570 0.852539 0.423828 0.852539
1 0.451172 0.770508 0.445312 0.761719 0.446289 0.750977 0.453125 0.749023 0.457031 0.752930 0.469727 0.751953 0.473633 0.752930 0.477539 0.753906 0.476562 0.765625 0.482422 0.771484 0.482422 0.778320 0.485352 0.783203 0.482422 0.795898 0.472656 0.793945 0.468750 0.805664 0.463867 0.811523 0.458984 0.809570 0.448242 0.813477 0.440430 0.808594 0.438477 0.793945 0.444336 0.790039 0.446289 0.784180 0.448242 0.778320 0.445312 0.773438 0.447266 0.770508
1 0.423828 0.726562 0.427734 0.719727 0.431641 0.716797 0.435547 0.713867 0.437500 0.707031 0.448242 0.708008 0.452148 0.714844 0.454102 0.722656 0.455078 0.728516 0.454102 0.736328 0.448242 0.747070 0.434570 0.748047 0.423828 0.743164 0.418945 0.739258 0.419922 0.737305 0.418945 0.732422 0.422852 0.732422
1 0.421875 0.667969 0.434570 0.663086 0.443359 0.663086 0.449219 0.668945 0.450195 0.675781 0.448242 0.679688 0.444336 0.686523 0.444336 0.694336 0.436523 0.704102 0.427734 0.703125 0.421875 0.695312 0.418945 0.685547 0.419922 0.676758 0.422852 0.675781 0.420898 0.672852
1 0.415039 0.620117 0.415039 0.613281 0.416992 0.608398 0.423828 0.606445 0.427734 0.608398 0.433594 0.610352 0.434570 0.616211 0.438477 0.621094 0.436523 0.625977 0.432617 0.628906 0.429688 0.634766 0.428711 0.637695 0.424805 0.638672 0.420898 0.635742 0.417969 0.627930
1 0.489258 0.603516 0.487305 0.597656 0.490234 0.593750 0.490234 0.588867 0.494141 0.583984 0.500000 0.584961 0.503906 0.588867 0.504883 0.594727 0.510742 0.594727 0.515625 0.597656 0.518555 0.598633 0.523438 0.592773 0.528320 0.595703 0.532227 0.595703 0.536133 0.603516 0.536133 0.607422 0.535156 0.610352 0.532227 0.613281 0.532227 0.618164 0.531250 0.621094 0.530273 0.623047 0.531250 0.629883 0.532227 0.632812 0.535156 0.636719 0.535156 0.643555 0.532227 0.650391 0.532227 0.650391 0.528320 0.654297 0.521484 0.653320 0.516602 0.657227 0.510742 0.659180 0.505859 0.666016 0.500977 0.661133 0.497070 0.666992 0.494141 0.671875 0.488281 0.668945 0.482422 0.664062 0.486328 0.662109 0.486328 0.656250 0.486328 0.649414 0.486328 0.643555 0.482422 0.637695 0.476562 0.638672 0.474609 0.628906 0.479492 0.625977 0.481445 0.612305
1 0.474609 0.671875 0.479492 0.664062 0.486328 0.668945 0.493164 0.672852 0.491211 0.678711 0.490234 0.687500 0.487305 0.693359 0.481445 0.693359 0.475586 0.690430 0.471680 0.689453 0.472656 0.684570 0.470703 0.674805
1 0.515625 0.663086 0.536133 0.659180 0.538086 0.664062 0.549805 0.669922 0.556641 0.675781 0.548828 0.691406 0.548828 0.699219 0.543945 0.701172 0.541992 0.712891 0.531250 0.715820 0.524414 0.712891 0.520508 0.712891 0.519531 0.708984 0.508789 0.700195 0.511719 0.693359 0.513672 0.680664 0.509766 0.673828
1 0.482422 0.729492 0.483398 0.717773 0.495117 0.718750 0.501953 0.727539 0.502930 0.737305 0.500977 0.742188 0.501953 0.747070 0.497070 0.750977 0.489258 0.750977 0.487305 0.746094 0.481445 0.740234
1 0.471680 0.832031 0.477539 0.821289 0.482422 0.816406 0.493164 0.823242 0.492188 0.833984 0.492188 0.840820 0.500000 0.845703 0.500000 0.851562 0.493164 0.855469 0.488281 0.861328 0.479492 0.858398 0.468750 0.854492 0.468750 0.844727
1 0.526367 0.885742 0.534180 0.869141 0.547852 0.875000 0.554688 0.875000 0.561523 0.884766 0.561523 0.884766 0.559570 0.889648 0.555664 0.892578 0.555664 0.892578 0.551758 0.897461 0.550781 0.902344 0.541016 0.902344 0.533203 0.898438 0.527344 0.893555
1 0.512695 0.929688 0.517578 0.921875 0.531250 0.919922 0.534180 0.923828 0.544922 0.932617 0.542969 0.936523 0.540039 0.937500 0.537109 0.935547 0.539062 0.943359 0.536133 0.947266 0.537109 0.954102 0.538086 0.958008 0.532227 0.962891 0.527344 0.960938 0.522461 0.958008 0.516602 0.958008 0.509766 0.950195 0.509766 0.935547
1 0.514648 1.000000 0.515625 0.992188 0.518555 0.988281 0.514648 0.983398 0.516602 0.978516 0.522461 0.971680 0.527344 0.970703 0.534180 0.970703 0.541016 0.971680 0.547852 0.977539 0.549805 0.983398 0.551758 0.988281 0.551758 0.989258 0.553711 0.992188 0.554688 0.996094 0.549805 1.000000
1 0.570312 1.000000 0.565430 0.996094 0.568359 0.992188 0.567383 0.982422 0.575195 0.972656 0.581055 0.972656 0.587891 0.973633 0.593750 0.970703 0.601562 0.973633 0.604492 0.978516 0.608398 0.984375 0.610352 0.990234 0.606445 0.997070 0.606445 1.000000
1 0.553711 0.934570 0.553711 0.925781 0.562500 0.918945 0.567383 0.916016 0.577148 0.917969 0.582031 0.921875 0.584961 0.927734 0.586914 0.932617 0.587891 0.937500 0.587891 0.941406 0.585938 0.946289 0.581055 0.950195 0.579102 0.953125 0.572266 0.951172 0.572266 0.951172 0.567383 0.955078 0.560547 0.948242 0.556641 0.948242 0.551758 0.944336 0.549805 0.934570
1 0.592773 0.931641 0.598633 0.920898 0.598633 0.913086 0.604492 0.911133 0.606445 0.908203 0.610352 0.913086 0.614258 0.915039 0.619141 0.908203 0.625977 0.909180 0.630859 0.909180 0.632812 0.916016 0.632812 0.922852 0.637695 0.930664 0.637695 0.935547 0.643555 0.940430 0.629883 0.942383 0.626953 0.954102 0.620117 0.955078 0.617188 0.958008 0.609375 0.957031 0.606445 0.952148 0.600586 0.949219 0.595703 0.945312 0.595703 0.938477
1 0.650391 0.999023 0.645508 0.992188 0.646484 0.981445 0.653320 0.976562 0.660156 0.972656 0.666016 0.966797 0.671875 0.965820 0.677734 0.970703 0.685547 0.970703 0.684570 0.982422 0.684570 0.989258 0.685547 0.995117 0.684570 1.000000
1 0.701172 0.916016 0.702148 0.909180 0.697266 0.900391 0.710938 0.897461 0.712891 0.902344 0.719727 0.897461 0.722656 0.900391 0.732422 0.895508 0.736328 0.902344 0.734375 0.911133 0.739258 0.914062 0.741211 0.916992 0.739258 0.923828 0.744141 0.926758 0.746094 0.931641 0.745117 0.939453 0.743164 0.944336 0.741211 0.950195 0.740234 0.954102 0.738281 0.959961 0.737305 0.964844 0.734375 0.969727 0.723633 0.971680 0.718750 0.973633 0.708984 0.972656 0.708984 0.968750 0.701172 0.965820 0.693359 0.958008 0.699219 0.956055 0.703125 0.952148 0.704102 0.946289 0.699219 0.939453 0.702148 0.935547 0.701172 0.929688 0.703125 0.924805 0.703125 0.924805 0.699219 0.920898
1 0.655273 0.948242 0.654297 0.940430 0.661133 0.936523 0.664062 0.937500 0.665039 0.931641 0.666992 0.924805 0.666016 0.918945 0.666992 0.915039 0.666992 0.908203 0.666016 0.901367 0.669922 0.904297 0.675781 0.902344 0.679688 0.900391 0.684570 0.904297 0.687500 0.910156 0.692383 0.912109 0.694336 0.916016 0.698242 0.917969 0.700195 0.923828 0.697266 0.928711 0.695312 0.933594 0.693359 0.938477 0.694336 0.942383 0.701172 0.947266 0.696289 0.952148 0.690430 0.956055 0.685547 0.960938 0.681641 0.961914 0.680664 0.958984 0.675781 0.958984 0.672852 0.957031 0.669922 0.955078 0.663086 0.954102
1 0.659180 0.860352 0.666016 0.864258 0.670898 0.864258 0.675781 0.863281 0.676758 0.859375 0.680664 0.855469 0.684570 0.855469 0.687500 0.857422 0.695312 0.858398 0.708008 0.859375 0.710938 0.861328 0.709961 0.864258 0.712891 0.868164 0.707031 0.870117 0.707031 0.875977 0.706055 0.878906 0.705078 0.880859 0.711914 0.883789 0.714844 0.886719 0.715820 0.893555 0.712891 0.896484 0.708008 0.897461 0.697266 0.900391 0.696289 0.904297 0.700195 0.909180 0.698242 0.912109 0.694336 0.911133 0.689453 0.909180 0.684570 0.906250 0.681641 0.902344 0.676758 0.899414 0.669922 0.904297 0.665039 0.896484 0.666992 0.888672 0.666992 0.879883 0.662109 0.872070
1 0.593750 0.880859 0.593750 0.875000 0.597656 0.869141 0.601562 0.871094 0.608398 0.872070 0.608398 0.877930 0.609375 0.885742 0.614258 0.888672 0.610352 0.891602 0.610352 0.897461 0.610352 0.901367 0.605469 0.902344 0.603516 0.898438 0.599609 0.897461 0.599609 0.892578 0.593750 0.891602 0.590820 0.891602 0.588867 0.888672 0.590820 0.885742
1 0.532227 0.806641 0.539062 0.811523 0.547852 0.812500 0.548828 0.821289 0.542969 0.820312 0.545898 0.827148 0.542969 0.833984 0.547852 0.835938 0.545898 0.840820 0.541016 0.845703 0.536133 0.846680 0.531250 0.844727 0.527344 0.844727 0.522461 0.836914 0.525391 0.833008 0.527344 0.828125 0.521484 0.820312 0.526367 0.819336 0.526367 0.819336 0.529297 0.816406 0.526367 0.811523
1 0.530273 0.774414 0.531250 0.765625 0.536133 0.761719 0.536133 0.755859 0.540039 0.753906 0.545898 0.750000 0.554688 0.746094 0.562500 0.745117 0.570312 0.747070 0.579102 0.754883 0.581055 0.762695 0.583008 0.766602 0.581055 0.771484 0.583008 0.781250 0.583008 0.781250 0.580078 0.781250 0.580078 0.789062 0.580078 0.794922 0.578125 0.793945 0.571289 0.796875 0.568359 0.804688 0.561523 0.799805 0.559570 0.806641 0.556641 0.812500 0.551758 0.813477 0.545898 0.807617 0.543945 0.802734 0.541016 0.796875 0.544922 0.792969 0.542969 0.791016 0.542969 0.784180 0.538086 0.785156 0.535156 0.784180 0.533203 0.780273
1 0.559570 0.816406 0.566406 0.814453 0.570312 0.811523 0.570312 0.806641 0.575195 0.808594 0.574219 0.797852 0.578125 0.795898 0.586914 0.797852 0.587891 0.804688 0.592773 0.812500 0.596680 0.817383 0.596680 0.825195 0.593750 0.827148 0.599609 0.832031 0.596680 0.839844 0.594727 0.846680 0.594727 0.852539 0.583984 0.851562 0.583008 0.854492 0.582031 0.856445 0.579102 0.859375 0.572266 0.861328 0.566406 0.855469 0.565430 0.850586 0.562500 0.849609 0.562500 0.846680 0.562500 0.843750 0.560547 0.838867 0.556641 0.835938 0.560547 0.832031 0.562500 0.831055 0.563477 0.827148 0.562500 0.824219 0.561523 0.822266
1 0.561523 0.743164 0.562500 0.733398 0.567383 0.725586 0.564453 0.712891 0.568359 0.707031 0.578125 0.703125 0.594727 0.706055 0.600586 0.717773 0.604492 0.727539 0.609375 0.735352 0.611328 0.742188 0.598633 0.750977 0.596680 0.755859 0.596680 0.763672 0.588867 0.760742 0.583984 0.760742 0.579102 0.758789 0.578125 0.750000 0.571289 0.747070 0.566406 0.747070
1 0.583008 0.654297 0.594727 0.650391 0.607422 0.662109 0.609375 0.672852 0.606445 0.685547 0.598633 0.693359 0.588867 0.697266 0.588867 0.697266 0.578125 0.690430 0.577148 0.669922 0.573242 0.662109 0.577148 0.656250
1 0.573242 0.625000 0.579102 0.614258 0.583008 0.607422 0.591797 0.617188 0.595703 0.625977 0.601562 0.627930 0.602539 0.641602 0.601562 0.647461 0.591797 0.637695 0.583984 0.643555 0.572266 0.640625
1 0.589844 0.559570 0.588867 0.551758 0.600586 0.546875 0.608398 0.545898 0.623047 0.550781 0.633789 0.551758 0.640625 0.562500 0.640625 0.566406 0.649414 0.572266 0.645508 0.580078 0.645508 0.592773 0.642578 0.594727 0.631836 0.591797 0.631836 0.604492 0.625977 0.602539 0.620117 0.611328 0.617188 0.623047 0.605469 0.625000 0.597656 0.630859 0.591797 0.616211 0.586914 0.613281 0.583008 0.606445 0.579102 0.614258 0.577148 0.598633 0.580078 0.589844 0.582031 0.583984 0.584961 0.571289 0.587891 0.568359
1 0.656250 0.566406 0.663086 0.565430 0.670898 0.551758 0.679688 0.551758 0.688477 0.556641 0.691406 0.568359 0.699219 0.576172 0.700195 0.585938 0.699219 0.593750 0.694336 0.594727 0.688477 0.589844 0.687500 0.601562 0.677734 0.602539 0.669922 0.598633 0.667969 0.594727 0.659180 0.594727 0.654297 0.587891 0.648438 0.583984 0.651367 0.572266
1 0.658203 0.608398 0.664062 0.600586 0.672852 0.600586 0.675781 0.612305 0.683594 0.615234 0.689453 0.619141 0.685547 0.625000 0.686523 0.632812 0.682617 0.638672 0.678711 0.641602 0.674805 0.647461 0.667969 0.648438 0.667969 0.649414 0.659180 0.649414 0.643555 0.644531 0.647461 0.634766 0.649414 0.630859 0.642578 0.620117 0.647461 0.611328
1 0.639648 0.670898 0.640625 0.658203 0.648438 0.658203 0.658203 0.661133 0.665039 0.661133 0.665039 0.669922 0.666016 0.675781 0.664062 0.680664 0.666016 0.688477 0.665039 0.691406 0.657227 0.691406 0.651367 0.691406 0.642578 0.694336 0.637695 0.690430 0.638672 0.683594 0.632812 0.677734
1 0.644531 0.720703 0.657227 0.698242 0.666016 0.711914 0.673828 0.710938 0.678711 0.720703 0.685547 0.728516 0.686523 0.733398 0.681641 0.743164 0.678711 0.757812 0.668945 0.755859 0.659180 0.756836 0.653320 0.751953 0.649414 0.749023 0.641602 0.741211 0.647461 0.736328 0.648438 0.728516 0.641602 0.724609
1 0.665039 0.758789 0.661133 0.767578 0.663086 0.770508 0.668945 0.773438 0.667969 0.779297 0.666016 0.788086 0.666016 0.792969 0.666016 0.796875 0.670898 0.798828 0.683594 0.799805 0.691406 0.796875 0.698242 0.794922 0.699219 0.798828 0.705078 0.797852 0.707031 0.790039 0.708984 0.785156 0.704102 0.776367 0.701172 0.767578 0.698242 0.761719 0.689453 0.754883 0.691406 0.750000 0.684570 0.751953 0.683594 0.758789 0.678711 0.758789 0.673828 0.756836 0.669922 0.757812
1 0.609375 0.809570 0.606445 0.799805 0.626953 0.798828 0.633789 0.796875 0.638672 0.798828 0.638672 0.802734 0.644531 0.804688 0.653320 0.804688 0.677734 0.809570 0.688477 0.816406 0.690430 0.830078 0.690430 0.837891 0.690430 0.848633 0.690430 0.853516 0.677734 0.852539 0.666992 0.853516 0.662109 0.850586 0.652344 0.857422 0.638672 0.849609 0.632812 0.858398 0.625000 0.855469 0.625977 0.849609 0.615234 0.844727 0.614258 0.837891 0.620117 0.829102 0.614258 0.826172 0.612305 0.820312 0.615234 0.814453
1 0.598633 0.795898 0.596680 0.790039 0.604492 0.786133 0.607422 0.779297 0.607422 0.770508 0.604492 0.762695 0.613281 0.758789 0.624023 0.756836 0.625977 0.762695 0.633789 0.764648 0.634766 0.772461 0.635742 0.780273 0.631836 0.785156 0.632812 0.790039 0.628906 0.795898 0.628906 0.795898 0.623047 0.797852 0.616211 0.796875 0.609375 0.792969
1 0.738281 0.879883 0.739258 0.865234 0.745117 0.851562 0.752930 0.854492 0.758789 0.854492 0.758789 0.858398 0.775391 0.870117 0.775391 0.870117 0.771484 0.875000 0.774414 0.878906 0.770508 0.884766 0.768555 0.887695 0.768555 0.892578 0.767578 0.896484 0.763672 0.898438 0.759766 0.901367 0.755859 0.903320 0.752930 0.902344 0.753906 0.906250 0.755859 0.910156 0.755859 0.914062 0.752930 0.916016 0.750977 0.916016 0.747070 0.915039 0.744141 0.912109 0.744141 0.905273 0.739258 0.905273 0.736328 0.901367 0.738281 0.898438 0.735352 0.894531 0.734375 0.889648 0.729492 0.888672 0.729492 0.883789 0.736328 0.882812
1 0.747070 0.813477 0.746094 0.827148 0.750000 0.833008 0.757812 0.835938 0.757812 0.841797 0.760742 0.851562 0.781250 0.847656 0.787109 0.840820 0.786133 0.827148 0.778320 0.806641 0.771484 0.805664 0.764648 0.807617 0.758789 0.801758 0.753906 0.805664 0.753906 0.811523
1 0.754883 0.790039 0.750977 0.782227 0.752930 0.779297 0.752930 0.769531 0.761719 0.761719 0.772461 0.759766 0.780273 0.760742 0.778320 0.770508 0.782227 0.781250 0.779297 0.788086 0.777344 0.788086 0.767578 0.789062 0.761719 0.793945
1 0.710938 0.713867 0.711914 0.708008 0.720703 0.703125 0.726562 0.703125 0.729492 0.710938 0.731445 0.718750 0.732422 0.726562 0.732422 0.732422 0.731445 0.736328 0.726562 0.740234 0.721680 0.744141 0.714844 0.745117 0.707031 0.740234 0.698242 0.735352 0.697266 0.727539 0.699219 0.719727
1 0.687500 0.692383 0.687500 0.683594 0.691406 0.677734 0.692383 0.665039 0.699219 0.663086 0.704102 0.655273 0.708984 0.655273 0.712891 0.663086 0.715820 0.669922 0.710938 0.673828 0.712891 0.693359 0.708984 0.696289 0.703125 0.695312 0.695312 0.700195
1 0.715820 0.662109 0.716797 0.655273 0.721680 0.658203 0.728516 0.654297 0.728516 0.649414 0.738281 0.644531 0.739258 0.649414 0.742188 0.651367 0.742188 0.656250 0.749023 0.657227 0.750977 0.662109 0.751953 0.669922 0.752930 0.675781 0.750000 0.683594 0.746094 0.693359 0.736328 0.701172 0.722656 0.694336 0.720703 0.683594 0.722656 0.677734 0.723633 0.673828 0.719727 0.668945
1 0.696289 0.614258 0.706055 0.608398 0.713867 0.611328 0.715820 0.623047 0.716797 0.639648 0.716797 0.639648 0.708984 0.639648 0.702148 0.645508 0.696289 0.637695 0.695312 0.628906 0.693359 0.621094
1 0.793945 0.978516 0.799805 0.968750 0.803711 0.967773 0.805664 0.965820 0.814453 0.970703 0.822266 0.976562 0.823242 0.980469 0.821289 0.987305 0.823242 0.994141 0.817383 0.999023 0.813477 0.997070 0.807617 1.000000 0.788086 1.000000 0.789062 0.993164 0.792969 0.992188 0.791016 0.987305
1 0.842773 0.975586 0.845703 0.967773 0.852539 0.967773 0.855469 0.973633 0.855469 0.973633 0.856445 0.979492 0.855469 0.987305 0.852539 0.991211 0.849609 0.994141 0.844727 0.995117 0.844727 0.995117 0.840820 0.992188 0.835938 0.985352 0.834961 0.981445 0.841797 0.979492
1 0.794922 0.875000 0.797852 0.866211 0.790039 0.859375 0.793945 0.847656 0.804688 0.846680 0.813477 0.855469 0.825195 0.856445 0.836914 0.859375 0.842773 0.870117 0.843750 0.876953 0.836914 0.882812 0.836914 0.888672 0.838867 0.895508 0.839844 0.904297 0.836914 0.909180 0.829102 0.910156 0.820312 0.907227 0.814453 0.916992 0.801758 0.912109 0.791016 0.907227 0.792969 0.894531 0.798828 0.887695
1 0.832031 0.821289 0.836914 0.811523 0.845703 0.808594 0.859375 0.808594 0.862305 0.815430 0.866211 0.817383 0.869141 0.822266 0.872070 0.833008 0.867188 0.837891 0.861328 0.852539 0.852539 0.852539 0.852539 0.852539 0.844727 0.853516 0.839844 0.855469 0.835938 0.856445 0.831055 0.854492 0.832031 0.845703 0.824219 0.830078 0.831055 0.825195
1 0.829102 0.773438 0.834961 0.758789 0.841797 0.754883 0.856445 0.759766 0.861328 0.766602 0.860352 0.775391 0.860352 0.775391 0.865234 0.782227 0.864258 0.789062 0.854492 0.791992 0.852539 0.799805 0.847656 0.804688 0.842773 0.795898 0.834961 0.799805 0.827148 0.795898 0.825195 0.787109
1 0.768555 0.712891 0.774414 0.713867 0.781250 0.711914 0.789062 0.715820 0.790039 0.719727 0.789062 0.724609 0.787109 0.731445 0.788086 0.737305 0.788086 0.737305 0.786133 0.742188 0.787109 0.748047 0.783203 0.752930 0.777344 0.756836 0.775391 0.751953 0.769531 0.753906 0.763672 0.746094 0.763672 0.738281 0.768555 0.736328 0.769531 0.727539 0.765625 0.725586 0.768555 0.718750
1 0.822266 0.701172 0.822266 0.695312 0.833984 0.695312 0.836914 0.685547 0.848633 0.696289 0.852539 0.708008 0.854492 0.718750 0.851562 0.731445 0.848633 0.739258 0.837891 0.740234 0.827148 0.744141 0.817383 0.733398 0.816406 0.720703 0.822266 0.711914 0.825195 0.706055
1 0.779297 0.655273 0.784180 0.654297 0.791016 0.651367 0.794922 0.653320 0.793945 0.660156 0.794922 0.666016 0.792969 0.675781 0.789062 0.686523 0.789062 0.690430 0.781250 0.692383 0.769531 0.688477 0.772461 0.683594 0.772461 0.672852 0.773438 0.664062 0.777344 0.661133
1 0.803711 0.654297 0.810547 0.654297 0.812500 0.648438 0.815430 0.647461 0.820312 0.647461 0.821289 0.652344 0.827148 0.651367 0.832031 0.652344 0.833008 0.658203 0.834961 0.662109 0.835938 0.666992 0.837891 0.670898 0.836914 0.674805 0.833984 0.679688 0.835938 0.682617 0.834961 0.684570 0.832031 0.689453 0.827148 0.693359 0.822266 0.693359 0.821289 0.687500 0.815430 0.688477 0.811523 0.687500 0.808594 0.688477 0.803711 0.686523 0.808594 0.681641 0.805664 0.677734 0.799805 0.673828 0.799805 0.673828 0.801758 0.666016 0.802734 0.660156
1 0.867188 0.878906 0.873047 0.869141 0.881836 0.865234 0.891602 0.870117 0.893555 0.878906 0.894531 0.887695 0.889648 0.895508 0.885742 0.901367 0.879883 0.901367 0.876953 0.905273 0.871094 0.902344 0.866211 0.889648
1 0.916992 0.871094 0.922852 0.858398 0.930664 0.857422 0.938477 0.859375 0.940430 0.864258 0.945312 0.868164 0.947266 0.876953 0.948242 0.887695 0.949219 0.896484 0.949219 0.896484 0.950195 0.902344 0.945312 0.906250 0.938477 0.907227 0.927734 0.904297 0.919922 0.902344 0.916016 0.897461 0.919922 0.890625 0.918945 0.884766 0.917969 0.875977
1 0.984375 0.877930 0.988281 0.872070 0.993164 0.861328 1.000000 0.861328 1.000000 0.898438 0.991211 0.898438 0.987305 0.893555 0.989258 0.888672 0.983398 0.883789
1 0.935547 0.820312 0.942383 0.812500 0.944336 0.807617 0.949219 0.806641 0.955078 0.802734 0.964844 0.804688 0.964844 0.809570 0.975586 0.816406 0.979492 0.823242 0.981445 0.827148 0.981445 0.833008 0.980469 0.839844 0.978516 0.846680 0.978516 0.852539 0.973633 0.855469 0.968750 0.855469 0.958008 0.852539 0.953125 0.854492 0.946289 0.860352 0.938477 0.856445 0.936523 0.850586 0.936523 0.840820 0.934570 0.832031
1 0.902344 0.773438 0.906250 0.764648 0.916016 0.758789 0.928711 0.761719 0.932617 0.770508 0.932617 0.780273 0.927734 0.784180 0.926758 0.800781 0.916016 0.798828 0.904297 0.790039
1 0.959961 0.767578 0.968750 0.756836 0.982422 0.754883 0.986328 0.764648 0.985352 0.774414 0.984375 0.781250 0.977539 0.789062 0.977539 0.789062 0.971680 0.787109 0.963867 0.781250
1 0.888672 0.711914 0.889648 0.700195 0.899414 0.694336 0.905273 0.700195 0.913086 0.701172 0.918945 0.705078 0.926758 0.704102 0.925781 0.714844 0.929688 0.720703 0.936523 0.726562 0.931641 0.738281 0.918945 0.744141 0.914062 0.752930 0.910156 0.758789 0.895508 0.751953 0.881836 0.742188 0.880859 0.725586
1 0.878906 0.680664 0.893555 0.689453 0.906250 0.686523 0.917969 0.678711 0.916016 0.665039 0.917969 0.653320 0.915039 0.649414 0.906250 0.650391 0.899414 0.645508 0.890625 0.645508 0.884766 0.649414 0.880859 0.659180
1 0.944336 0.712891 0.952148 0.704102 0.960938 0.703125 0.970703 0.708008 0.973633 0.713867 0.972656 0.721680 0.971680 0.732422 0.965820 0.738281 0.965820 0.738281 0.958984 0.740234 0.951172 0.741211 0.941406 0.728516 0.946289 0.722656
1 0.974609 0.709961 0.979492 0.707031 0.986328 0.706055 0.992188 0.709961 0.997070 0.712891 0.998047 0.717773 1.000000 0.725586 1.000000 0.729492 0.994141 0.733398 0.995117 0.733398 0.984375 0.735352 0.974609 0.734375 0.971680 0.728516 0.973633 0.718750
1 0.948242 0.657227 0.955078 0.651367 0.963867 0.648438 0.971680 0.657227 0.971680 0.663086 0.969727 0.673828 0.968750 0.680664 0.961914 0.681641 0.954102 0.680664 0.948242 0.677734 0.946289 0.666992
1 0.999023 0.627930 0.988281 0.631836 0.988281 0.631836 0.982422 0.626953 0.977539 0.625977 0.971680 0.616211 0.977539 0.607422 0.985352 0.596680 0.995117 0.591797 1.000000 0.590820
1 0.916016 0.596680 0.918945 0.587891 0.927734 0.585938 0.935547 0.593750 0.940430 0.601562 0.945312 0.612305 0.946289 0.622070 0.943359 0.629883 0.936523 0.633789 0.929688 0.633789 0.925781 0.639648 0.917969 0.640625 0.907227 0.626953 0.906250 0.618164 0.908203 0.603516
1 0.952148 0.543945 0.959961 0.539062 0.965820 0.540039 0.972656 0.540039 0.985352 0.546875 0.986328 0.553711 0.991211 0.557617 0.991211 0.567383 0.985352 0.569336 0.981445 0.576172 0.969727 0.577148 0.968750 0.582031 0.973633 0.590820 0.966797 0.598633 0.958984 0.598633 0.958984 0.598633 0.951172 0.594727 0.948242 0.587891 0.942383 0.583984 0.947266 0.575195 0.943359 0.568359 0.945312 0.563477 0.947266 0.556641
1 1.000000 0.528320 0.994141 0.534180 0.987305 0.544922 0.994141 0.552734 1.000000 0.551758
1 0.854492 0.588867 0.869141 0.594727 0.883789 0.599609 0.891602 0.611328 0.890625 0.621094 0.885742 0.628906 0.879883 0.635742 0.875000 0.639648 0.864258 0.637695 0.851562 0.630859 0.852539 0.621094 0.851562 0.607422 0.850586 0.598633 0.854492 0.596680
1 0.810547 0.608398 0.817383 0.597656 0.822266 0.599609 0.831055 0.599609 0.837891 0.603516 0.839844 0.611328 0.839844 0.616211 0.835938 0.625000 0.832031 0.633789 0.824219 0.642578 0.816406 0.643555 0.816406 0.643555 0.809570 0.641602 0.809570 0.631836 0.807617 0.620117
1 0.784180 0.603516 0.790039 0.603516 0.795898 0.608398 0.795898 0.617188 0.795898 0.625000 0.796875 0.627930 0.796875 0.640625 0.790039 0.641602 0.790039 0.647461 0.780273 0.650391 0.780273 0.650391 0.772461 0.644531 0.759766 0.635742 0.763672 0.629883 0.764648 0.620117 0.765625 0.606445 0.772461 0.604492 0.775391 0.608398 0.780273 0.608398
1 0.747070 0.548828 0.757812 0.540039 0.762695 0.545898 0.772461 0.538086 0.774414 0.542969 0.785156 0.548828 0.787109 0.555664 0.787109 0.562500 0.788086 0.572266 0.790039 0.577148 0.790039 0.583008 0.782227 0.588867 0.783203 0.599609 0.776367 0.603516 0.769531 0.599609 0.767578 0.603516 0.763672 0.605469 0.763672 0.610352 0.752930 0.605469 0.747070 0.597656 0.747070 0.587891 0.741211 0.581055 0.738281 0.573242 0.742188 0.563477 0.745117 0.560547
1 0.820312 0.555664 0.818359 0.544922 0.828125 0.546875 0.840820 0.539062 0.851562 0.543945 0.854492 0.551758 0.861328 0.557617 0.863281 0.568359 0.859375 0.572266 0.859375 0.585938 0.848633 0.584961 0.847656 0.593750 0.836914 0.591797 0.830078 0.583008 0.822266 0.582031 0.817383 0.575195 0.824219 0.564453
1 0.888672 0.553711 0.900391 0.540039 0.920898 0.549805 0.909180 0.558594 0.908203 0.570312 0.917969 0.578125 0.905273 0.589844 0.891602 0.583984 0.886719 0.564453
1 0.924805 0.155273 0.928711 0.144531 0.942383 0.140625 0.957031 0.147461 0.957031 0.147461 0.958008 0.154297 0.963867 0.164062 0.961914 0.179688 0.952148 0.183594 0.952148 0.183594 0.933594 0.181641 0.922852 0.169922
1 0.588867 0.220703 0.595703 0.203125 0.603516 0.205078 0.616211 0.205078 0.630859 0.212891 0.640625 0.225586 0.643555 0.233398 0.644531 0.243164 0.641602 0.257812 0.632812 0.264648 0.625977 0.268555 0.607422 0.271484 0.589844 0.255859 0.587891 0.238281 0.592773 0.228516
1 0.130859 0.210938 0.143555 0.204102 0.155273 0.204102 0.162109 0.210938 0.164062 0.219727 0.160156 0.228516 0.151367 0.236328 0.144531 0.237305 0.136719 0.234375 0.130859 0.229492 0.134766 0.222656 0.131836 0.219727
1 0.804688 0.525391 0.812500 0.519531 0.818359 0.513672 0.826172 0.511719 0.837891 0.512695 0.847656 0.516602 0.844727 0.525391 0.844727 0.532227 0.835938 0.535156 0.830078 0.537109 0.821289 0.539062 0.812500 0.532227
1 0.958008 0.386719 0.961914 0.382812 0.971680 0.381836 0.983398 0.385742 0.988281 0.392578 0.981445 0.401367 0.973633 0.403320 0.973633 0.411133 0.973633 0.413086 0.962891 0.413086 0.957031 0.403320 0.957031 0.397461 0.958008 0.392578 0.959961 0.390625
1 0.464844 0.510742 0.468750 0.505859 0.469727 0.500000 0.478516 0.499023 0.489258 0.512695 0.488281 0.526367 0.480469 0.529297 0.473633 0.527344 0.470703 0.529297 0.462891 0.523438 0.464844 0.514648