1 1.000000 0.560667 0.981649 0.564813 0.978096 0.585542 0.979083 0.621273 0.988164 0.640423 1.000000 0.641016
1 0.798859 0.318721 0.778168 0.320637 0.771079 0.333855 0.778168 0.352631 0.786023 0.367575 0.802308 0.378495 0.818593 0.373514 0.826256 0.353397 0.831046 0.334239 0.821850 0.322169 0.810163 0.315655
1 0.686964 0.313262 0.667229 0.326320 0.665488 0.344604 0.684642 0.359694 0.709020 0.349247 0.726722 0.325450 0.718306 0.310649
1 0.027931 0.000000 0.038631 0.017495 0.052688 0.030294 0.070943 0.023789 0.077237 0.012459 0.074089 0.000000
1 0.001021 0.000194 0.000000 0.023386 0.000272 0.038801 0.015174 0.056441 0.029903 0.048906 0.037439 0.032292 0.035213 0.018419 0.022024 0.000000
1 0.044804 0.025955 0.026478 0.035204 0.020312 0.049248 0.026820 0.062607 0.043776 0.066376 0.058849 0.061237 0.066214 0.043938 0.056108 0.033662
1 0.067926 0.098510 0.055307 0.105555 0.054045 0.114914 0.060249 0.124903 0.070449 0.126271 0.080123 0.120802 0.082437 0.111864 0.076653 0.104398
1 0.808594 0.290039 0.826172 0.289062 0.835938 0.298828 0.837891 0.311523 0.823242 0.316406 0.804688 0.307617
0 0.000000 0.047852 0.012695 0.053711 0.020508 0.067383 0.021484 0.081055 0.026367 0.088867 0.026367 0.098633 0.032227 0.113281 0.031250 0.123047 0.041016 0.135742 0.043945 0.150391 0.039062 0.159180 0.020508 0.162109 0.000000 0.162109
0 0.187500 0.000000 0.192383 0.033203 0.227539 0.071289 0.255859 0.081055 0.283203 0.078125 0.270508 0.049805 0.255859 0.051758 0.230469 0.012695 0.239258 0.005859 0.257812 0.038086 0.269531 0.042969 0.291992 0.075195 0.311523 0.067383 0.339844 0.050781 0.358398 0.041992 0.371094 0.019531 0.369141 0.000000
0 0.340820 0.056641 0.360352 0.039062 0.387695 0.028320 0.406250 0.004883 0.432617 0.005859 0.454102 0.020508 0.474609 0.031250 0.476562 0.049805 0.458984 0.076172 0.429688 0.071289 0.399414 0.080078 0.406250 0.100586 0.415039 0.118164 0.436523 0.128906 0.450195 0.150391 0.460938 0.181641 0.486328 0.192383 0.495117 0.215820 0.488281 0.244141 0.484375 0.261719 0.477539 0.288086 0.458008 0.308594 0.436523 0.316406 0.411133 0.298828 0.408203 0.276367 0.386719 0.252930 0.395508 0.233398 0.402344 0.214844 0.388672 0.195312 0.388672 0.195312 0.375000 0.172852 0.356445 0.152344 0.341797 0.125000 0.318359 0.129883 0.291992 0.120117 0.281250 0.096680 0.291016 0.074219 0.317383 0.065430
1 0.495117 0.116211 0.523438 0.119141 0.541016 0.142578 0.544922 0.166016 0.534180 0.188477 0.525391 0.205078 0.504883 0.220703 0.486328 0.213867 0.486328 0.191406 0.459961 0.181641 0.448242 0.144531 0.462891 0.119141
1 0.287109 0.425781 0.303711 0.441406 0.303711 0.441406 0.322266 0.452148 0.329102 0.471680 0.317383 0.492188 0.299805 0.502930 0.269531 0.509766 0.238281 0.494141 0.219727 0.479492 0.219727 0.450195 0.216797 0.422852 0.241211 0.412109 0.260742 0.397461 0.274414 0.401367
1 0.317383 0.550781 0.331055 0.573242 0.328125 0.603516 0.330078 0.646484 0.313477 0.669922 0.283203 0.679688 0.283203 0.679688 0.249023 0.666992 0.232422 0.648438 0.207031 0.640625 0.196289 0.612305 0.194336 0.584961 0.189453 0.556641 0.208984 0.541992 0.209961 0.536133 0.212891 0.521484 0.228516 0.514648 0.251953 0.515625 0.274414 0.527344 0.300781 0.526367
0 0.361328 0.558594 0.380859 0.573242 0.396484 0.598633 0.384766 0.608398 0.392578 0.619141 0.410156 0.642578 0.405273 0.668945 0.382812 0.677734 0.382812 0.677734 0.362305 0.683594 0.348633 0.663086 0.366211 0.635742 0.349609 0.618164 0.345703 0.594727 0.333008 0.583984 0.336914 0.556641
1 0.000000 0.673828 0.017578 0.664062 0.044922 0.657227 0.062500 0.677734 0.079102 0.713867 0.076172 0.760742 0.057617 0.790039 0.020508 0.794922 0.000000 0.790039
1 0.125977 0.706055 0.145508 0.701172 0.154297 0.710938 0.154297 0.723633 0.144531 0.730469 0.125977 0.725586
1 0.037109 1.000000 0.039062 0.980469 0.057617 0.980469 0.074219 0.968750 0.095703 0.974609 0.120117 0.976562 0.143555 0.983398 0.143555 0.983398 0.154297 1.000000
0 0.044922 0.836914 0.068359 0.834961 0.095703 0.822266 0.132812 0.836914 0.142578 0.860352 0.158203 0.872070 0.167969 0.891602 0.164062 0.916992 0.180664 0.934570 0.190430 0.966797 0.197266 1.000000 0.158203 1.000000 0.145508 0.981445 0.122070 0.978516 0.087891 0.976562 0.063477 0.970703 0.046875 0.930664 0.050781 0.912109 0.050781 0.912109 0.029297 0.899414 0.029297 0.867188 0.036133 0.853516
1 0.180664 0.762695 0.202148 0.769531 0.228516 0.789062 0.246094 0.815430 0.241211 0.845703 0.228516 0.865234 0.209961 0.868164 0.205078 0.888672 0.174805 0.887695 0.149414 0.864258 0.145508 0.837891 0.125977 0.818359 0.130859 0.797852 0.154297 0.793945 0.156250 0.774414
1 0.000000 0.848633 0.014648 0.844727 0.022461 0.857422 0.019531 0.870117 0.005859 0.875000 0.000000 0.872070
1 0.432617 0.724609 0.453125 0.723633 0.463867 0.740234 0.466797 0.754883 0.456055 0.760742 0.439453 0.759766 0.424805 0.763672 0.412109 0.753906 0.408203 0.728516
1 0.455078 0.760742 0.462891 0.770508 0.458008 0.786133 0.439453 0.788086 0.428711 0.781250 0.428711 0.761719
0 0.515625 0.827148 0.492188 0.833008 0.480469 0.849609 0.479492 0.872070 0.490234 0.885742 0.499023 0.904297 0.492188 0.923828 0.479492 0.941406 0.469727 0.957031 0.469727 0.957031 0.469727 0.975586 0.460938 0.983398 0.442383 0.983398 0.429688 0.991211 0.428711 1.000000 0.509766 1.000000 0.512695 0.985352 0.525391 0.972656 0.537109 0.979492 0.537109 0.979492 0.554688 0.981445 0.576172 0.969727 0.579102 0.950195 0.569336 0.930664 0.561523 0.915039 0.547852 0.911133 0.527344 0.857422 0.528320 0.851562
0 0.473633 0.291992 0.486328 0.294922 0.496094 0.312500 0.506836 0.329102 0.523438 0.328125 0.545898 0.334961 0.565430 0.349609 0.570312 0.371094 0.564453 0.383789 0.564453 0.397461 0.553711 0.396484 0.542969 0.405273 0.531250 0.413086 0.516602 0.416992 0.501953 0.411133 0.499023 0.397461 0.487305 0.389648 0.488281 0.374023 0.472656 0.365234 0.461914 0.351562 0.461914 0.336914 0.467773 0.319336 0.459961 0.303711
1 0.838867 0.895508 0.844727 0.903320 0.839844 0.913086 0.827148 0.915039 0.818359 0.901367 0.827148 0.891602
1 0.930664 0.751953 0.937500 0.752930 0.942383 0.764648 0.940430 0.772461 0.933594 0.773438 0.924805 0.763672 0.924805 0.754883 0.924805 0.754883
1 0.931641 0.771484 0.938477 0.781250 0.932617 0.793945 0.914062 0.799805 0.900391 0.793945 0.898438 0.781250 0.910156 0.773438 0.921875 0.772461
1 1.000000 0.791016 0.984375 0.788086 0.972656 0.793945 0.968750 0.807617 0.972656 0.827148 0.984375 0.831055 0.991211 0.834961 1.000000 0.836914
1 0.774414 0.786133 0.787109 0.790039 0.790039 0.810547 0.774414 0.818359 0.751953 0.812500 0.754883 0.793945
1 0.794922 0.786133 0.807617 0.789062 0.809570 0.804688 0.809570 0.804688 0.801758 0.807617 0.792969 0.804688 0.790039 0.792969
1 0.797852 0.808594 0.807617 0.815430 0.806641 0.831055 0.806641 0.831055 0.791992 0.833984 0.791992 0.833984 0.783203 0.824219 0.783203 0.824219 0.785156 0.810547
0 0.797852 0.771484 0.792969 0.783203 0.776367 0.787109 0.753906 0.790039 0.737305 0.797852 0.716797 0.795898 0.704102 0.787109 0.712891 0.769531 0.700195 0.754883 0.699219 0.743164 0.685547 0.728516 0.677734 0.703125 0.671875 0.686523 0.656250 0.677734 0.636719 0.661133 0.652344 0.642578 0.666016 0.637695 0.663086 0.610352 0.672852 0.594727 0.689453 0.585938 0.703125 0.597656 0.702148 0.621094 0.719727 0.625000 0.736328 0.656250 0.741211 0.673828 0.748047 0.692383 0.765625 0.701172 0.769531 0.721680 0.786133 0.732422 0.798828 0.754883
1 0.729492 0.831055 0.745117 0.829102 0.754883 0.835938 0.752930 0.851562 0.734375 0.859375 0.734375 0.859375 0.718750 0.852539 0.717773 0.835938
1 0.723633 0.798828 0.744141 0.794922 0.753906 0.813477 0.747070 0.831055 0.725586 0.832031 0.712891 0.818359 0.712891 0.805664
1 0.668945 0.686523 0.668945 0.701172 0.655273 0.704102 0.648438 0.696289 0.651367 0.686523 0.660156 0.679688
1 0.869141 0.535156 0.877930 0.534180 0.882812 0.541016 0.880859 0.548828 0.867188 0.547852
1 0.895508 0.525391 0.910156 0.525391 0.916992 0.535156 0.912109 0.552734 0.898438 0.551758 0.891602 0.539062
1 0.940430 0.527344 0.947266 0.536133 0.943359 0.542969 0.933594 0.541992 0.929688 0.529297 0.931641 0.524414
0 0.737305 0.499023 0.747070 0.502930 0.747070 0.502930 0.760742 0.504883 0.767578 0.506836 0.767578 0.506836 0.775391 0.513672 0.789062 0.510742 0.800781 0.505859 0.821289 0.507812 0.826172 0.522461 0.819336 0.533203 0.818359 0.543945 0.833008 0.546875 0.847656 0.541016 0.867188 0.544922 0.868164 0.563477 0.868164 0.563477 0.861328 0.574219 0.860352 0.583984 0.846680 0.588867 0.832031 0.585938 0.820312 0.600586 0.807617 0.602539 0.794922 0.593750 0.777344 0.599609 0.760742 0.602539 0.756836 0.609375 0.741211 0.606445 0.740234 0.591797 0.742188 0.577148 0.736328 0.565430 0.730469 0.549805 0.738281 0.535156 0.750977 0.528320 0.752930 0.519531 0.743164 0.516602 0.736328 0.508789
1 0.844727 0.469727 0.855469 0.477539 0.854492 0.489258 0.840820 0.493164 0.840820 0.493164 0.830078 0.485352 0.830078 0.474609
0 0.876953 0.016602 0.895508 0.005859 0.913086 0.013672 0.925781 0.038086 0.918945 0.056641 0.912109 0.077148 0.918945 0.094727 0.915039 0.116211 0.908203 0.133789 0.899414 0.153320 0.874023 0.151367 0.857422 0.131836 0.859375 0.103516 0.856445 0.080078 0.845703 0.066406 0.841797 0.041016 0.849609 0.019531 0.861328 0.018555
0 0.965820 0.228516 0.976562 0.234375 0.992188 0.238281 1.000000 0.239258 1.000000 0.268555 0.990234 0.269531 0.976562 0.265625 0.976562 0.265625 0.962891 0.267578 0.946289 0.264648 0.937500 0.265625 0.928711 0.276367 0.910156 0.276367 0.899414 0.266602 0.906250 0.247070 0.915039 0.240234 0.928711 0.242188 0.947266 0.227539
1 0.916016 0.166992 0.936523 0.180664 0.943359 0.203125 0.954102 0.220703 0.952148 0.227539 0.935547 0.234375 0.917969 0.242188 0.895508 0.237305 0.875977 0.222656 0.868164 0.206055 0.872070 0.190430 0.884766 0.174805 0.894531 0.168945
1 0.406250 0.536133 0.392578 0.508789 0.413086 0.475586 0.436523 0.465820 0.461914 0.472656 0.475586 0.490234 0.478516 0.501953