1 0.012695 0.017578 0.015625 0.025391 0.024414 0.035156 0.037109 0.034180 0.049805 0.020508 0.052734 0.008789 0.045898 0.000000 0.024414 0.000000 0.015625 0.009766
1 0.065430 0.017578 0.076172 0.000000 0.097656 0.000000 0.105469 0.017578 0.103516 0.027344 0.088867 0.038086 0.075195 0.037109 0.066406 0.029297
1 0.151367 0.016602 0.154297 0.000000 0.168945 0.000000 0.183594 0.000000 0.190430 0.007812 0.186523 0.023438 0.179688 0.035156 0.166992 0.033203 0.162109 0.028320 0.155273 0.027344 0.157227 0.020508
1 0.234375 0.000000 0.232422 0.004883 0.233398 0.012695 0.237305 0.022461 0.242188 0.031250 0.245117 0.035156 0.253906 0.035156 0.262695 0.038086 0.272461 0.037109 0.274414 0.032227 0.279297 0.028320 0.280273 0.017578 0.283203 0.014648 0.281250 0.007812 0.282227 0.003906 0.282227 0.000000
1 0.304688 0.000000 0.304688 0.013672 0.298828 0.015625 0.299805 0.026367 0.301758 0.030273 0.303711 0.033203 0.303711 0.039062 0.312500 0.041016 0.324219 0.038086 0.330078 0.031250 0.333984 0.025391 0.335938 0.020508 0.339844 0.014648 0.338867 0.006836 0.333008 0.000000
1 0.367188 0.010742 0.373047 0.006836 0.375000 0.002930 0.382812 0.002930 0.386719 0.006836 0.386719 0.010742 0.385742 0.013672 0.387695 0.020508 0.386719 0.026367 0.384766 0.029297 0.381836 0.032227 0.376953 0.033203 0.372070 0.032227 0.367188 0.029297 0.367188 0.021484
1 0.416992 0.016602 0.415039 0.005859 0.422852 0.000977 0.430664 0.004883 0.436523 0.005859 0.438477 0.010742 0.437500 0.014648 0.434570 0.014648 0.432617 0.023438 0.437500 0.028320 0.439453 0.033203 0.437500 0.038086 0.429688 0.037109 0.422852 0.043945 0.417969 0.036133 0.413086 0.030273 0.414062 0.020508
1 0.447266 0.011719 0.452148 0.006836 0.456055 0.000000 0.462891 0.000000 0.465820 0.004883 0.472656 0.009766 0.477539 0.015625 0.477539 0.015625 0.476562 0.022461 0.471680 0.023438 0.469727 0.032227 0.463867 0.036133 0.455078 0.038086 0.446289 0.030273 0.450195 0.025391 0.451172 0.019531
1 0.500000 0.006836 0.510742 0.006836 0.519531 0.005859 0.527344 0.004883 0.530273 0.007812 0.529297 0.013672 0.530273 0.018555 0.528320 0.025391 0.525391 0.032227 0.521484 0.036133 0.514648 0.038086 0.506836 0.036133 0.503906 0.031250 0.502930 0.025391 0.498047 0.017578 0.499023 0.012695
1 0.590820 0.006836 0.584961 0.013672 0.584961 0.018555 0.584961 0.019531 0.581055 0.025391 0.590820 0.033203 0.590820 0.039062 0.596680 0.043945 0.605469 0.045898 0.613281 0.042969 0.618164 0.037109 0.621094 0.024414 0.622070 0.013672 0.617188 0.006836 0.611328 0.005859 0.610352 0.000000 0.591797 0.000000
1 0.837891 0.022461 0.844727 0.010742 0.854492 0.013672 0.858398 0.014648 0.855469 0.019531 0.857422 0.027344 0.864258 0.028320 0.868164 0.043945 0.863281 0.046875 0.859375 0.046875 0.857422 0.055664 0.850586 0.057617 0.845703 0.045898 0.841797 0.044922 0.834961 0.039062 0.833008 0.032227 0.832031 0.028320
1 1.000000 0.084961 0.993164 0.083984 0.989258 0.093750 0.989258 0.099609 0.985352 0.105469 0.981445 0.114258 0.976562 0.132812 0.976562 0.138672 0.990234 0.132812 0.989258 0.144531 0.984375 0.157227 0.981445 0.165039 0.986328 0.167969 0.992188 0.169922 0.996094 0.167969 1.000000 0.160156
1 0.980469 0.165039 0.977539 0.166016 0.975586 0.169922 0.975586 0.172852 0.971680 0.173828 0.972656 0.184570 0.974609 0.191406 0.982422 0.195312 0.988281 0.193359 0.990234 0.186523 0.992188 0.179688 0.993164 0.170898 0.991211 0.170898 0.988281 0.168945 0.985352 0.169922 0.983398 0.167969
1 0.915039 0.118164 0.917969 0.107422 0.924805 0.106445 0.930664 0.109375 0.933594 0.108398 0.936523 0.116211 0.937500 0.123047 0.934570 0.126953 0.931641 0.133789 0.926758 0.138672 0.922852 0.136719 0.918945 0.130859 0.916992 0.127930 0.914062 0.124023
1 0.845703 0.110352 0.851562 0.106445 0.857422 0.103516 0.864258 0.104492 0.869141 0.110352 0.875000 0.113281 0.881836 0.115234 0.880859 0.121094 0.883789 0.124023 0.886719 0.128906 0.886719 0.133789 0.884766 0.139648 0.878906 0.144531 0.872070 0.145508 0.872070 0.145508 0.864258 0.147461 0.857422 0.149414 0.850586 0.151367 0.843750 0.150391 0.842773 0.138672 0.837891 0.128906 0.836914 0.123047 0.840820 0.115234
1 0.921875 0.166992 0.933594 0.164062 0.943359 0.164062 0.950195 0.167969 0.950195 0.175781 0.947266 0.184570 0.945312 0.196289 0.938477 0.203125 0.932617 0.205078 0.924805 0.200195 0.920898 0.197266 0.922852 0.191406 0.917969 0.186523 0.916016 0.176758 0.919922 0.173828
1 0.982422 0.229492 0.984375 0.223633 0.984375 0.219727 0.993164 0.219727 1.000000 0.229492 1.000000 0.249023 0.996094 0.252930 0.991211 0.252930 0.988281 0.250000 0.989258 0.246094 0.983398 0.241211 0.980469 0.234375
1 0.935547 0.212891 0.938477 0.206055 0.946289 0.207031 0.951172 0.214844 0.953125 0.221680 0.955078 0.229492 0.953125 0.237305 0.953125 0.237305 0.946289 0.247070 0.940430 0.246094 0.932617 0.247070 0.924805 0.242188 0.921875 0.232422 0.922852 0.224609
1 0.892578 0.184570 0.891602 0.197266 0.883789 0.206055 0.874023 0.206055 0.871094 0.197266 0.865234 0.192383 0.858398 0.178711 0.861328 0.173828 0.865234 0.168945 0.867188 0.160156 0.868164 0.154297 0.872070 0.156250 0.877930 0.157227 0.879883 0.162109 0.889648 0.163086 0.895508 0.156250 0.899414 0.153320 0.900391 0.159180 0.900391 0.166016 0.893555 0.170898
1 0.872070 0.222656 0.881836 0.211914 0.894531 0.215820 0.901367 0.227539 0.902344 0.231445 0.898438 0.238281 0.888672 0.250977 0.880859 0.251953 0.876953 0.246094 0.869141 0.239258 0.867188 0.230469
1 0.823242 0.220703 0.827148 0.217773 0.831055 0.218750 0.832031 0.221680 0.835938 0.224609 0.840820 0.229492 0.843750 0.238281 0.841797 0.246094 0.836914 0.249023 0.830078 0.254883 0.817383 0.252930 0.815430 0.244141 0.813477 0.240234 0.815430 0.235352 0.811523 0.229492 0.814453 0.226562 0.818359 0.225586
1 0.814453 0.154297 0.817383 0.148438 0.821289 0.147461 0.825195 0.155273 0.834961 0.157227 0.835938 0.163086 0.841797 0.166992 0.847656 0.170898 0.848633 0.178711 0.847656 0.185547 0.843750 0.186523 0.837891 0.188477 0.836914 0.196289 0.836914 0.202148 0.833008 0.207031 0.829102 0.205078 0.820312 0.203125 0.811523 0.200195 0.803711 0.190430 0.802734 0.180664 0.802734 0.171875 0.804688 0.163086 0.807617 0.158203
1 0.735352 0.123047 0.739258 0.119141 0.743164 0.114258 0.749023 0.112305 0.755859 0.110352 0.763672 0.112305 0.765625 0.120117 0.772461 0.124023 0.774414 0.129883 0.774414 0.129883 0.770508 0.138672 0.760742 0.134766 0.758789 0.139648 0.751953 0.147461 0.751953 0.147461 0.746094 0.147461 0.747070 0.148438 0.740234 0.148438 0.735352 0.139648 0.732422 0.132812
1 0.664062 0.113281 0.671875 0.104492 0.681641 0.105469 0.690430 0.107422 0.699219 0.111328 0.699219 0.117188 0.701172 0.128906 0.699219 0.135742 0.700195 0.143555 0.694336 0.149414 0.694336 0.149414 0.682617 0.156250 0.674805 0.151367 0.662109 0.146484 0.663086 0.135742 0.655273 0.127930 0.657227 0.118164
1 0.613281 0.054688 0.623047 0.048828 0.632812 0.055664 0.636719 0.065430 0.637695 0.081055 0.632812 0.089844 0.625000 0.092773 0.615234 0.082031 0.616211 0.067383 0.612305 0.065430
1 0.553711 0.054688 0.562500 0.055664 0.558594 0.046875 0.565430 0.044922 0.575195 0.052734 0.579102 0.056641 0.579102 0.062500 0.579102 0.070312 0.580078 0.075195 0.581055 0.081055 0.577148 0.087891 0.570312 0.094727 0.565430 0.098633 0.565430 0.098633 0.558594 0.101562 0.554688 0.100586 0.548828 0.090820 0.544922 0.078125 0.546875 0.072266 0.543945 0.065430 0.547852 0.061523
1 0.491211 0.045898 0.499023 0.045898 0.503906 0.044922 0.506836 0.045898 0.515625 0.043945 0.522461 0.046875 0.523438 0.051758 0.523438 0.055664 0.523438 0.061523 0.526367 0.063477 0.526367 0.072266 0.526367 0.079102 0.526367 0.079102 0.523438 0.083984 0.516602 0.086914 0.511719 0.089844 0.500977 0.091797 0.493164 0.082031 0.489258 0.073242 0.485352 0.066406 0.486328 0.061523 0.486328 0.053711
1 0.501953 0.096680 0.501953 0.100586 0.499023 0.100586 0.494141 0.102539 0.489258 0.103516 0.480469 0.095703 0.474609 0.093750 0.471680 0.084961 0.467773 0.078125 0.470703 0.075195 0.470703 0.066406 0.478516 0.063477 0.480469 0.056641 0.485352 0.059570 0.486328 0.062500 0.485352 0.066406 0.491211 0.079102 0.494141 0.083984 0.500000 0.090820 0.501953 0.091797 0.503906 0.093750
1 0.413086 0.054688 0.417969 0.052734 0.424805 0.052734 0.429688 0.056641 0.432617 0.059570 0.434570 0.064453 0.433594 0.070312 0.431641 0.075195 0.428711 0.076172 0.424805 0.083984 0.420898 0.087891 0.415039 0.087891 0.408203 0.084961 0.405273 0.081055 0.402344 0.073242 0.402344 0.062500 0.408203 0.058594 0.409180 0.055664
1 0.353516 0.063477 0.352539 0.057617 0.356445 0.055664 0.363281 0.051758 0.369141 0.054688 0.375000 0.056641 0.377930 0.059570 0.378906 0.064453 0.379883 0.068359 0.378906 0.071289 0.379883 0.074219 0.378906 0.078125 0.374023 0.078125 0.372070 0.081055 0.368164 0.083008 0.368164 0.084961 0.364258 0.084961 0.358398 0.081055 0.354492 0.077148 0.352539 0.073242 0.351562 0.069336
1 0.270508 0.049805 0.274414 0.039062 0.279297 0.039062 0.285156 0.037109 0.291992 0.036133 0.297852 0.041016 0.305664 0.041992 0.310547 0.051758 0.305664 0.061523 0.304688 0.069336 0.298828 0.075195 0.295898 0.082031 0.295898 0.082031 0.291992 0.083984 0.288086 0.084961 0.284180 0.084961 0.279297 0.085938 0.273438 0.089844 0.268555 0.086914 0.265625 0.083008 0.266602 0.073242 0.266602 0.061523
1 0.206055 0.049805 0.209961 0.042969 0.216797 0.041992 0.222656 0.044922 0.229492 0.044922 0.238281 0.048828 0.238281 0.054688 0.238281 0.062500 0.237305 0.068359 0.237305 0.069336 0.238281 0.073242 0.235352 0.078125 0.230469 0.084961 0.227539 0.087891 0.221680 0.090820 0.212891 0.087891 0.202148 0.083008 0.203125 0.064453 0.200195 0.060547
1 0.147461 0.056641 0.149414 0.044922 0.157227 0.040039 0.165039 0.041016 0.171875 0.042969 0.176758 0.046875 0.179688 0.051758 0.176758 0.060547 0.176758 0.060547 0.177734 0.067383 0.177734 0.073242 0.171875 0.078125 0.166016 0.081055 0.166016 0.081055 0.160156 0.083008 0.146484 0.079102 0.139648 0.075195 0.139648 0.066406 0.139648 0.058594
1 0.103516 0.051758 0.107422 0.050781 0.108398 0.050781 0.110352 0.049805 0.115234 0.050781 0.117188 0.054688 0.117188 0.059570 0.118164 0.064453 0.121094 0.069336 0.119141 0.075195 0.117188 0.079102 0.113281 0.079102 0.104492 0.080078 0.101562 0.078125 0.097656 0.073242 0.097656 0.064453 0.097656 0.060547
1 0.000000 0.045898 0.005859 0.045898 0.015625 0.041016 0.022461 0.041016 0.032227 0.040039 0.039062 0.044922 0.039062 0.050781 0.042969 0.061523 0.047852 0.069336 0.047852 0.075195 0.042969 0.082031 0.040039 0.085938 0.033203 0.089844 0.025391 0.090820 0.019531 0.092773 0.009766 0.085938 0.010742 0.081055 0.002930 0.079102 0.001953 0.069336 0.005859 0.059570 0.000000 0.053711
1 0.022461 0.098633 0.022461 0.106445 0.025391 0.114258 0.023438 0.121094 0.018555 0.118164 0.014648 0.123047 0.011719 0.124023 0.008789 0.125000 0.003906 0.125000 0.000000 0.122070 0.000000 0.095703 0.005859 0.094727 0.010742 0.098633 0.015625 0.096680
1 0.023438 0.133789 0.026367 0.137695 0.031250 0.148438 0.034180 0.153320 0.035156 0.164062 0.035156 0.170898 0.032227 0.179688 0.028320 0.182617 0.023438 0.188477 0.019531 0.190430 0.013672 0.194336 0.009766 0.189453 0.005859 0.190430 0.000000 0.188477 0.000000 0.163086 0.003906 0.161133 0.003906 0.157227 0.010742 0.141602 0.014648 0.140625 0.017578 0.139648
1 0.000000 0.155273 0.002930 0.157227 0.004883 0.153320 0.007812 0.148438 0.008789 0.141602 0.010742 0.137695 0.013672 0.132812 0.014648 0.124023 0.007812 0.124023 0.003906 0.126953 0.000000 0.126953
1 0.048828 0.104492 0.055664 0.093750 0.066406 0.091797 0.072266 0.096680 0.076172 0.102539 0.077148 0.110352 0.078125 0.121094 0.075195 0.125977 0.075195 0.125977 0.064453 0.128906 0.056641 0.126953 0.048828 0.120117
1 0.110352 0.102539 0.105469 0.125000 0.105469 0.128906 0.122070 0.136719 0.125000 0.136719 0.131836 0.131836 0.132812 0.126953 0.134766 0.122070 0.133789 0.115234 0.132812 0.104492 0.124023 0.100586 0.117188 0.100586
1 0.178711 0.107422 0.177734 0.100586 0.181641 0.096680 0.188477 0.097656 0.190430 0.092773 0.198242 0.092773 0.206055 0.097656 0.203125 0.105469 0.207031 0.109375 0.212891 0.117188 0.205078 0.126953 0.203125 0.126953 0.203125 0.135742 0.197266 0.138672 0.191406 0.137695 0.183594 0.142578 0.175781 0.138672 0.176758 0.131836 0.179688 0.126953 0.180664 0.119141 0.176758 0.115234
1 0.208984 0.097656 0.214844 0.095703 0.221680 0.099609 0.229492 0.101562 0.239258 0.106445 0.245117 0.114258 0.247070 0.121094 0.245117 0.128906 0.240234 0.132812 0.234375 0.134766 0.228516 0.137695 0.224609 0.142578 0.224609 0.142578 0.217773 0.135742 0.211914 0.136719 0.204102 0.129883 0.208008 0.124023 0.214844 0.117188 0.212891 0.111328 0.211914 0.106445 0.207031 0.103516
1 0.202148 0.140625 0.201172 0.144531 0.198242 0.151367 0.195312 0.156250 0.195312 0.164062 0.193359 0.168945 0.196289 0.175781 0.203125 0.175781 0.210938 0.178711 0.211914 0.174805 0.215820 0.172852 0.216797 0.167969 0.222656 0.158203 0.220703 0.154297 0.219727 0.153320 0.213867 0.145508 0.216797 0.143555 0.222656 0.143555 0.216797 0.136719 0.212891 0.137695 0.205078 0.137695 0.202148 0.138672
1 0.279297 0.116211 0.278320 0.108398 0.284180 0.105469 0.291992 0.109375 0.291992 0.113281 0.294922 0.122070 0.293945 0.125977 0.291016 0.130859 0.285156 0.130859 0.280273 0.130859 0.274414 0.122070
1 0.335938 0.113281 0.341797 0.108398 0.348633 0.108398 0.356445 0.115234 0.357422 0.119141 0.357422 0.124023 0.355469 0.130859 0.349609 0.133789 0.339844 0.132812 0.333984 0.125977
1 0.384766 0.115234 0.393555 0.112305 0.397461 0.109375 0.406250 0.115234 0.410156 0.121094 0.409180 0.125977 0.407227 0.125000 0.406250 0.129883 0.403320 0.131836 0.398438 0.132812 0.393555 0.129883 0.390625 0.125000 0.385742 0.120117
1 0.461914 0.123047 0.458984 0.112305 0.463867 0.105469 0.470703 0.105469 0.474609 0.102539 0.481445 0.102539 0.487305 0.106445 0.487305 0.113281 0.489258 0.120117 0.493164 0.125977 0.492188 0.130859 0.492188 0.131836 0.488281 0.136719 0.482422 0.138672 0.483398 0.141602 0.481445 0.144531 0.477539 0.146484 0.473633 0.147461 0.467773 0.146484 0.462891 0.142578 0.460938 0.138672 0.458984 0.134766 0.458008 0.131836 0.458984 0.127930 0.459961 0.125000
1 0.525391 0.120117 0.527344 0.105469 0.534180 0.102539 0.541016 0.100586 0.544922 0.096680 0.549805 0.099609 0.552734 0.105469 0.555664 0.110352 0.563477 0.111328 0.566406 0.117188 0.562500 0.123047 0.562500 0.128906 0.566406 0.131836 0.565430 0.138672 0.564453 0.144531 0.562500 0.148438 0.561523 0.153320 0.559570 0.154297 0.557617 0.155273 0.553711 0.150391 0.546875 0.151367 0.546875 0.151367 0.539062 0.147461 0.533203 0.148438 0.526367 0.145508 0.526367 0.139648 0.519531 0.129883
1 0.552734 0.157227 0.552734 0.162109 0.547852 0.166016 0.550781 0.172852 0.550781 0.178711 0.553711 0.184570 0.557617 0.193359 0.562500 0.195312 0.565430 0.197266 0.568359 0.202148 0.575195 0.205078 0.581055 0.203125 0.584961 0.198242 0.584961 0.198242 0.584961 0.191406 0.583984 0.187500 0.586914 0.182617 0.586914 0.177734 0.593750 0.177734 0.594727 0.169922 0.592773 0.166016 0.594727 0.157227 0.588867 0.152344 0.584961 0.152344 0.584961 0.152344 0.583008 0.152344 0.576172 0.148438 0.569336 0.145508 0.563477 0.147461 0.561523 0.154297 0.558594 0.156250
1 0.591797 0.123047 0.589844 0.115234 0.596680 0.113281 0.600586 0.110352 0.606445 0.113281 0.611328 0.115234 0.618164 0.118164 0.618164 0.123047 0.620117 0.128906 0.618164 0.133789 0.615234 0.132812 0.615234 0.138672 0.615234 0.140625 0.610352 0.146484 0.603516 0.147461 0.597656 0.147461 0.591797 0.145508 0.590820 0.139648 0.592773 0.130859 0.588867 0.129883 0.587891 0.125977
1 0.723633 0.166992 0.724609 0.158203 0.730469 0.157227 0.734375 0.158203 0.736328 0.156250 0.742188 0.155273 0.742188 0.159180 0.750000 0.158203 0.751953 0.162109 0.752930 0.166016 0.751953 0.170898 0.754883 0.171875 0.757812 0.175781 0.757812 0.179688 0.757812 0.184570 0.756836 0.189453 0.750000 0.187500 0.749023 0.195312 0.738281 0.195312 0.735352 0.193359 0.730469 0.194336 0.726562 0.188477 0.723633 0.186523 0.725586 0.180664 0.718750 0.175781 0.718750 0.170898 0.722656 0.171875
1 0.713867 0.162109 0.709961 0.154297 0.707031 0.154297 0.704102 0.161133 0.695312 0.159180 0.693359 0.164062 0.689453 0.166992 0.689453 0.166992 0.681641 0.168945 0.681641 0.173828 0.681641 0.175781 0.679688 0.180664 0.679688 0.187500 0.682617 0.193359 0.692383 0.190430 0.694336 0.196289 0.698242 0.198242 0.704102 0.195312 0.710938 0.191406 0.715820 0.185547 0.712891 0.172852 0.717773 0.171875 0.718750 0.169922 0.717773 0.168945 0.717773 0.166992 0.714844 0.165039
1 0.687500 0.213867 0.691406 0.206055 0.696289 0.202148 0.703125 0.208984 0.708984 0.213867 0.717773 0.215820 0.718750 0.223633 0.717773 0.229492 0.714844 0.234375 0.716797 0.240234 0.719727 0.246094 0.716797 0.249023 0.711914 0.248047 0.709961 0.250977 0.705078 0.250977 0.705078 0.250977 0.692383 0.252930 0.691406 0.248047 0.688477 0.245117 0.686523 0.247070 0.684570 0.250000 0.682617 0.250977 0.676758 0.244141 0.680664 0.239258 0.683594 0.237305 0.682617 0.222656
1 0.738281 0.217773 0.741211 0.212891 0.746094 0.208008 0.754883 0.202148 0.758789 0.201172 0.765625 0.206055 0.769531 0.212891 0.764648 0.220703 0.771484 0.224609 0.768555 0.230469 0.770508 0.236328 0.769531 0.241211 0.761719 0.242188 0.757812 0.250000 0.750977 0.250000 0.749023 0.245117 0.743164 0.246094 0.736328 0.241211 0.735352 0.237305 0.735352 0.224609
1 0.617188 0.162109 0.617188 0.154297 0.627930 0.150391 0.637695 0.153320 0.644531 0.161133 0.644531 0.166992 0.644531 0.173828 0.644531 0.180664 0.645508 0.187500 0.642578 0.194336 0.639648 0.200195 0.630859 0.200195 0.628906 0.194336 0.616211 0.194336 0.612305 0.196289 0.606445 0.191406 0.606445 0.175781 0.611328 0.165039
1 0.492188 0.151367 0.497070 0.148438 0.500977 0.149414 0.513672 0.148438 0.518555 0.146484 0.524414 0.154297 0.528320 0.161133 0.526367 0.166992 0.524414 0.177734 0.522461 0.186523 0.520508 0.195312 0.515625 0.201172 0.507812 0.205078 0.504883 0.199219 0.499023 0.195312 0.495117 0.192383 0.491211 0.192383 0.485352 0.182617 0.485352 0.175781 0.484375 0.162109 0.489258 0.159180 0.492188 0.156250
1 0.477539 0.157227 0.469727 0.154297 0.458984 0.154297 0.454102 0.158203 0.454102 0.158203 0.452148 0.161133 0.452148 0.167969 0.452148 0.167969 0.452148 0.178711 0.454102 0.186523 0.456055 0.189453 0.465820 0.191406 0.473633 0.189453 0.479492 0.185547 0.483398 0.177734 0.484375 0.171875 0.484375 0.162109 0.480469 0.162109
1 0.380859 0.149414 0.382812 0.160156 0.382812 0.171875 0.382812 0.179688 0.382812 0.179688 0.382812 0.183594 0.392578 0.189453 0.399414 0.193359 0.406250 0.193359 0.414062 0.192383 0.420898 0.191406 0.426758 0.187500 0.431641 0.182617 0.429688 0.174805 0.425781 0.165039 0.429688 0.158203 0.425781 0.151367 0.422852 0.151367 0.411133 0.147461 0.407227 0.147461 0.398438 0.148438 0.395508 0.148438 0.391602 0.148438 0.388672 0.151367 0.384766 0.148438
1 0.317383 0.155273 0.326172 0.151367 0.335938 0.154297 0.342773 0.161133 0.348633 0.168945 0.347656 0.175781 0.344727 0.184570 0.338867 0.190430 0.321289 0.191406 0.313477 0.176758 0.315430 0.165039
1 0.372070 0.033203 0.366211 0.040039 0.358398 0.039062 0.352539 0.036133 0.351562 0.028320 0.348633 0.017578 0.349609 0.013672 0.354492 0.014648 0.361328 0.009766 0.361328 0.009766 0.364258 0.012695 0.368164 0.013672 0.365234 0.021484 0.366211 0.023438 0.368164 0.024414 0.368164 0.029297
1 0.413086 0.029297 0.418945 0.038086 0.416992 0.039062 0.412109 0.034180 0.408203 0.034180 0.406250 0.033203 0.401367 0.036133 0.397461 0.031250 0.392578 0.028320 0.389648 0.023438 0.394531 0.021484 0.394531 0.012695 0.399414 0.012695 0.401367 0.009766 0.405273 0.010742 0.406250 0.013672 0.410156 0.016602 0.412109 0.017578 0.416016 0.015625 0.415039 0.019531
1 0.264648 0.152344 0.269531 0.148438 0.275391 0.143555 0.283203 0.145508 0.289062 0.155273 0.292969 0.164062 0.291992 0.172852 0.291992 0.180664 0.291992 0.183594 0.287109 0.188477 0.282227 0.194336 0.273438 0.195312 0.265625 0.195312 0.254883 0.181641 0.255859 0.166016 0.261719 0.157227
1 0.175781 0.153320 0.183594 0.168945 0.182617 0.174805 0.178711 0.181641 0.168945 0.181641 0.162109 0.178711 0.157227 0.169922 0.155273 0.160156 0.160156 0.153320 0.162109 0.154297 0.167969 0.152344
1 0.150391 0.155273 0.140625 0.150391 0.131836 0.148438 0.126953 0.151367 0.125000 0.158203 0.123047 0.161133 0.124023 0.165039 0.124023 0.175781 0.128906 0.181641 0.134766 0.181641 0.144531 0.174805 0.149414 0.169922
1 0.070312 0.149414 0.077148 0.150391 0.084961 0.153320 0.085938 0.160156 0.087891 0.168945 0.086914 0.175781 0.083008 0.181641 0.078125 0.183594 0.069336 0.193359 0.064453 0.181641 0.058594 0.178711 0.057617 0.168945 0.062500 0.168945 0.063477 0.164062 0.063477 0.156250
1 0.000000 0.201172 0.007812 0.198242 0.012695 0.209961 0.010742 0.220703 0.008789 0.229492 0.008789 0.229492 0.006836 0.238281 0.000000 0.241211
1 0.045898 0.189453 0.054688 0.188477 0.062500 0.189453 0.062500 0.185547 0.066406 0.187500 0.067383 0.194336 0.077148 0.189453 0.075195 0.200195 0.076172 0.205078 0.077148 0.209961 0.076172 0.213867 0.080078 0.218750 0.081055 0.221680 0.080078 0.225586 0.076172 0.228516 0.071289 0.231445 0.069336 0.234375 0.063477 0.234375 0.060547 0.236328 0.059570 0.242188 0.051758 0.243164 0.054688 0.235352 0.053711 0.230469 0.045898 0.225586 0.043945 0.215820 0.044922 0.207031 0.046875 0.202148 0.041992 0.196289
1 0.118164 0.198242 0.121094 0.198242 0.125977 0.194336 0.133789 0.197266 0.134766 0.202148 0.137695 0.209961 0.134766 0.222656 0.122070 0.228516 0.118164 0.228516 0.111328 0.221680 0.109375 0.208008 0.112305 0.207031 0.113281 0.199219
1 0.160156 0.193359 0.173828 0.193359 0.179688 0.197266 0.185547 0.197266 0.191406 0.204102 0.195312 0.211914 0.185547 0.226562 0.185547 0.230469 0.180664 0.230469 0.178711 0.232422 0.171875 0.232422 0.166016 0.233398 0.156250 0.219727 0.157227 0.209961
1 0.223633 0.202148 0.225586 0.195312 0.230469 0.191406 0.245117 0.191406 0.257812 0.197266 0.260742 0.207031 0.254883 0.224609 0.249023 0.242188 0.240234 0.242188 0.240234 0.239258 0.234375 0.238281 0.231445 0.237305 0.233398 0.231445 0.231445 0.231445 0.228516 0.231445 0.219727 0.223633 0.221680 0.213867 0.222656 0.208984 0.224609 0.207031
1 0.297852 0.203125 0.310547 0.201172 0.311523 0.208984 0.316406 0.215820 0.314453 0.224609 0.312500 0.230469 0.307617 0.237305 0.302734 0.242188 0.297852 0.236328 0.289062 0.236328 0.288086 0.220703 0.290039 0.216797 0.292969 0.214844
1 0.331055 0.201172 0.341797 0.199219 0.347656 0.200195 0.354492 0.205078 0.355469 0.211914 0.361328 0.220703 0.359375 0.234375 0.353516 0.242188 0.344727 0.243164 0.344727 0.243164 0.336914 0.243164 0.336914 0.243164 0.333008 0.239258 0.322266 0.229492 0.319336 0.217773 0.322266 0.207031
1 0.431641 0.226562 0.431641 0.218750 0.434570 0.211914 0.439453 0.205078 0.449219 0.207031 0.454102 0.209961 0.456055 0.217773 0.456055 0.228516 0.456055 0.237305 0.450195 0.244141 0.426758 0.234375
1 0.597656 0.207031 0.603516 0.200195 0.610352 0.199219 0.617188 0.201172 0.623047 0.202148 0.637695 0.204102 0.636719 0.209961 0.629883 0.217773 0.638672 0.225586 0.638672 0.231445 0.635742 0.235352 0.633789 0.237305 0.631836 0.243164 0.627930 0.251953 0.626953 0.257812 0.620117 0.267578 0.612305 0.265625 0.611328 0.260742 0.600586 0.255859 0.594727 0.251953 0.590820 0.237305 0.591797 0.216797
1 0.511719 0.212891 0.515625 0.216797 0.518555 0.213867 0.522461 0.211914 0.527344 0.214844 0.525391 0.220703 0.522461 0.222656 0.522461 0.225586 0.524414 0.231445 0.513672 0.236328 0.511719 0.239258 0.514648 0.239258 0.515625 0.243164 0.510742 0.247070 0.502930 0.247070 0.496094 0.240234 0.493164 0.228516 0.496094 0.218750 0.502930 0.214844
1 0.371094 0.215820 0.380859 0.204102 0.393555 0.201172 0.400391 0.206055 0.400391 0.216797 0.402344 0.223633 0.396484 0.235352 0.391602 0.243164 0.385742 0.243164 0.380859 0.248047 0.374023 0.244141 0.370117 0.241211 0.367188 0.236328
1 0.000000 0.248047 0.005859 0.252930 0.005859 0.263672 0.007812 0.267578 0.003906 0.274414 0.003906 0.279297 0.001953 0.281250 0.000000 0.278320 0.001953 0.272461 0.000977 0.270508 0.000000 0.271484
1 0.045898 0.259766 0.044922 0.255859 0.045898 0.250000 0.050781 0.245117 0.053711 0.247070 0.055664 0.243164 0.059570 0.243164 0.059570 0.247070 0.063477 0.248047 0.068359 0.250000 0.068359 0.255859 0.070312 0.261719 0.071289 0.265625 0.072266 0.269531 0.073242 0.273438 0.071289 0.277344 0.070312 0.281250 0.060547 0.288086 0.054688 0.282227 0.048828 0.279297 0.044922 0.271484 0.044922 0.265625
1 0.114258 0.249023 0.121094 0.240234 0.127930 0.246094 0.140625 0.248047 0.140625 0.262695 0.141602 0.269531 0.141602 0.273438 0.138672 0.277344 0.132812 0.277344 0.132812 0.281250 0.128906 0.285156 0.119141 0.286133 0.110352 0.280273 0.107422 0.273438 0.109375 0.266602 0.110352 0.261719 0.114258 0.260742
1 0.173828 0.250000 0.182617 0.249023 0.194336 0.248047 0.200195 0.251953 0.197266 0.260742 0.200195 0.264648 0.200195 0.276367 0.200195 0.283203 0.197266 0.285156 0.197266 0.290039 0.193359 0.290039 0.189453 0.293945 0.184570 0.291016 0.182617 0.286133 0.179688 0.288086 0.175781 0.286133 0.171875 0.282227 0.168945 0.279297 0.168945 0.273438 0.169922 0.267578 0.167969 0.262695 0.170898 0.257812 0.171875 0.252930
1 0.217773 0.250000 0.228516 0.244141 0.238281 0.246094 0.249023 0.253906 0.254883 0.257812 0.252930 0.266602 0.250977 0.273438 0.248047 0.281250 0.239258 0.282227 0.234375 0.285156 0.230469 0.290039 0.220703 0.291016 0.220703 0.291016 0.212891 0.289062 0.210938 0.277344 0.215820 0.274414 0.214844 0.262695
1 0.274414 0.256836 0.285156 0.251953 0.292969 0.242188 0.298828 0.243164 0.303711 0.250977 0.307617 0.257812 0.309570 0.267578 0.311523 0.272461 0.311523 0.279297 0.308594 0.284180 0.305664 0.286133 0.298828 0.284180 0.294922 0.287109 0.289062 0.294922 0.284180 0.292969 0.280273 0.293945 0.275391 0.288086
1 0.348633 0.263672 0.354492 0.251953 0.357422 0.246094 0.363281 0.243164 0.367188 0.245117 0.369141 0.250000 0.375000 0.250000 0.376953 0.254883 0.380859 0.255859 0.388672 0.262695 0.387695 0.268555 0.383789 0.273438 0.376953 0.280273 0.376953 0.280273 0.367188 0.287109 0.357422 0.284180 0.353516 0.282227 0.353516 0.273438 0.348633 0.270508
1 0.405273 0.261719 0.414062 0.263672 0.421875 0.260742 0.427734 0.261719 0.432617 0.266602 0.429688 0.272461 0.427734 0.279297 0.427734 0.279297 0.424805 0.285156 0.424805 0.285156 0.420898 0.289062 0.414062 0.290039 0.409180 0.285156 0.410156 0.275391 0.402344 0.273438
1 0.486328 0.265625 0.488281 0.252930 0.499023 0.250977 0.501953 0.252930 0.510742 0.258789 0.510742 0.264648 0.514648 0.273438 0.515625 0.278320 0.512695 0.288086 0.504883 0.288086 0.500977 0.293945 0.496094 0.295898 0.485352 0.290039 0.485352 0.281250 0.481445 0.272461
1 0.555664 0.265625 0.562500 0.259766 0.574219 0.263672 0.578125 0.268555 0.575195 0.289062 0.571289 0.297852 0.562500 0.295898 0.553711 0.297852 0.547852 0.293945 0.545898 0.288086 0.547852 0.275391
1 0.632812 0.266602 0.643555 0.259766 0.651367 0.258789 0.659180 0.262695 0.664062 0.268555 0.664062 0.277344 0.666016 0.285156 0.663086 0.291016 0.656250 0.298828 0.640625 0.301758 0.636719 0.297852 0.632812 0.295898 0.627930 0.281250 0.631836 0.274414
1 0.712891 0.251953 0.719727 0.265625 0.725586 0.279297 0.725586 0.286133 0.717773 0.293945 0.717773 0.293945 0.702148 0.302734 0.689453 0.294922 0.694336 0.286133 0.686523 0.272461 0.692383 0.263672 0.699219 0.255859 0.702148 0.259766 0.708008 0.257812
1 0.770508 0.287109 0.772461 0.272461 0.772461 0.272461 0.783203 0.270508 0.792969 0.264648 0.802734 0.272461 0.801758 0.279297 0.804688 0.286133 0.802734 0.294922 0.801758 0.300781 0.793945 0.304688 0.782227 0.304688 0.770508 0.303711 0.767578 0.297852 0.767578 0.290039
1 0.853516 0.277344 0.859375 0.268555 0.867188 0.267578 0.876953 0.271484 0.879883 0.282227 0.881836 0.289062 0.877930 0.292969 0.875977 0.297852 0.872070 0.301758 0.872070 0.301758 0.856445 0.305664 0.855469 0.299805 0.852539 0.289062
1 0.950195 0.249023 0.956055 0.252930 0.960938 0.253906 0.968750 0.250977 0.974609 0.253906 0.977539 0.253906 0.977539 0.260742 0.977539 0.268555 0.981445 0.274414 0.984375 0.279297 0.988281 0.281250 0.984375 0.288086 0.986328 0.293945 0.980469 0.298828 0.974609 0.295898 0.970703 0.302734 0.963867 0.309570 0.959961 0.309570 0.958008 0.312500 0.952148 0.312500 0.952148 0.312500 0.944336 0.312500 0.939453 0.304688 0.937500 0.294922 0.940430 0.286133 0.945312 0.284180 0.946289 0.279297 0.947266 0.273438 0.947266 0.266602 0.945312 0.254883 0.947266 0.250000
1 0.997070 0.351562 0.996094 0.355469 0.986328 0.351562 0.980469 0.351562 0.976562 0.350586 0.970703 0.341797 0.969727 0.334961 0.974609 0.324219 0.980469 0.319336 0.985352 0.321289 0.991211 0.328125 0.994141 0.332031 0.994141 0.336914 0.993164 0.339844 0.994141 0.342773 0.997070 0.344727
1 0.920898 0.317383 0.922852 0.315430 0.928711 0.315430 0.932617 0.317383 0.940430 0.318359 0.945312 0.320312 0.946289 0.323242 0.946289 0.328125 0.946289 0.333984 0.946289 0.337891 0.947266 0.340820 0.945312 0.343750 0.944336 0.347656 0.943359 0.352539 0.938477 0.353516 0.934570 0.354492 0.930664 0.354492 0.923828 0.350586 0.917969 0.348633 0.916016 0.342773 0.918945 0.329102 0.916992 0.325195
1 0.854492 0.310547 0.864258 0.308594 0.871094 0.307617 0.875000 0.310547 0.882812 0.313477 0.885742 0.318359 0.887695 0.322266 0.888672 0.327148 0.886719 0.333984 0.882812 0.342773 0.882812 0.342773 0.882812 0.346680 0.879883 0.351562 0.876953 0.352539 0.862305 0.346680 0.857422 0.346680 0.849609 0.344727 0.845703 0.338867 0.848633 0.334961 0.849609 0.329102 0.852539 0.324219 0.850586 0.316406
1 0.791992 0.320312 0.797852 0.310547 0.805664 0.309570 0.815430 0.309570 0.821289 0.313477 0.824219 0.319336 0.826172 0.328125 0.825195 0.339844 0.828125 0.341797 0.828125 0.343750 0.824219 0.344727 0.820312 0.350586 0.816406 0.352539 0.810547 0.351562 0.802734 0.354492 0.802734 0.354492 0.797852 0.352539 0.793945 0.353516 0.791016 0.343750 0.792969 0.334961
1 0.701172 0.320312 0.708008 0.309570 0.717773 0.309570 0.726562 0.311523 0.726562 0.317383 0.734375 0.320312 0.738281 0.327148 0.740234 0.333008 0.741211 0.338867 0.739258 0.342773 0.740234 0.344727 0.733398 0.348633 0.728516 0.348633 0.723633 0.348633 0.716797 0.350586 0.712891 0.350586 0.708008 0.347656 0.707031 0.343750 0.704102 0.342773 0.702148 0.335938 0.701172 0.328125
1 0.619141 0.302734 0.613281 0.313477 0.613281 0.322266 0.619141 0.332031 0.625977 0.339844 0.630859 0.340820 0.635742 0.347656 0.642578 0.349609 0.648438 0.345703 0.654297 0.341797 0.659180 0.332031 0.657227 0.320312 0.650391 0.307617 0.646484 0.306641 0.640625 0.306641 0.638672 0.301758 0.635742 0.298828 0.631836 0.296875 0.627930 0.298828
1 0.575195 0.301758 0.580078 0.302734 0.581055 0.306641 0.588867 0.309570 0.592773 0.313477 0.594727 0.319336 0.594727 0.325195 0.597656 0.327148 0.599609 0.332031 0.599609 0.340820 0.599609 0.346680 0.596680 0.351562 0.592773 0.353516 0.583984 0.350586 0.574219 0.350586 0.569336 0.343750 0.567383 0.335938 0.563477 0.330078 0.561523 0.325195 0.565430 0.312500 0.569336 0.308594 0.570312 0.302734
1 0.517578 0.301758 0.524414 0.303711 0.529297 0.303711 0.533203 0.310547 0.535156 0.317383 0.534180 0.323242 0.532227 0.328125 0.532227 0.334961 0.531250 0.343750 0.527344 0.346680 0.523438 0.348633 0.521484 0.345703 0.517578 0.345703 0.510742 0.344727 0.508789 0.344727 0.500977 0.342773 0.496094 0.333984 0.496094 0.327148 0.502930 0.319336 0.499023 0.313477 0.507812 0.306641 0.511719 0.302734
1 0.449219 0.309570 0.458008 0.302734 0.462891 0.301758 0.468750 0.305664 0.470703 0.309570 0.472656 0.314453 0.469727 0.319336 0.473633 0.327148 0.474609 0.334961 0.472656 0.341797 0.472656 0.341797 0.468750 0.349609 0.461914 0.348633 0.457031 0.345703 0.452148 0.343750 0.443359 0.343750 0.443359 0.343750 0.438477 0.336914 0.443359 0.331055 0.438477 0.326172 0.442383 0.313477
1 0.403320 0.298828 0.414062 0.301758 0.420898 0.302734 0.420898 0.302734 0.422852 0.307617 0.424805 0.312500 0.425781 0.319336 0.425781 0.325195 0.421875 0.335938 0.421875 0.335938 0.413086 0.339844 0.406250 0.343750 0.400391 0.344727 0.394531 0.341797 0.388672 0.332031 0.390625 0.322266 0.391602 0.310547 0.395508 0.306641
1 0.342773 0.300781 0.352539 0.305664 0.358398 0.309570 0.362305 0.312500 0.363281 0.319336 0.363281 0.325195 0.359375 0.328125 0.357422 0.331055 0.349609 0.333008 0.349609 0.336914 0.347656 0.341797 0.340820 0.343750 0.335938 0.337891 0.329102 0.325195 0.333008 0.316406 0.335938 0.307617 0.340820 0.304688
1 0.000000 0.284180 0.004883 0.283203 0.010742 0.286133 0.011719 0.291992 0.022461 0.297852 0.025391 0.304688 0.028320 0.310547 0.025391 0.316406 0.025391 0.316406 0.026367 0.322266 0.027344 0.327148 0.025391 0.332031 0.023438 0.336914 0.023438 0.336914 0.018555 0.340820 0.015625 0.343750 0.011719 0.345703 0.006836 0.341797 0.001953 0.343750 0.000000 0.338867
1 0.048828 0.294922 0.053711 0.291992 0.061523 0.293945 0.070312 0.294922 0.076172 0.307617 0.080078 0.309570 0.082031 0.317383 0.079102 0.321289 0.074219 0.325195 0.071289 0.333984 0.066406 0.337891 0.055664 0.335938 0.052734 0.337891 0.045898 0.333984 0.041016 0.326172 0.044922 0.318359 0.045898 0.309570
1 0.123047 0.299805 0.127930 0.294922 0.132812 0.294922 0.138672 0.293945 0.141602 0.297852 0.147461 0.296875 0.149414 0.300781 0.156250 0.301758 0.163086 0.297852 0.168945 0.296875 0.171875 0.299805 0.167969 0.307617 0.162109 0.315430 0.162109 0.316406 0.162109 0.322266 0.167969 0.322266 0.167969 0.330078 0.161133 0.333984 0.154297 0.338867 0.152344 0.335938 0.145508 0.332031 0.139648 0.333008 0.135742 0.333984 0.132812 0.339844 0.129883 0.339844 0.125977 0.336914 0.120117 0.323242 0.122070 0.314453 0.122070 0.308594
1 0.186523 0.314453 0.187500 0.300781 0.190430 0.293945 0.192383 0.291016 0.197266 0.291992 0.199219 0.287109 0.202148 0.285156 0.206055 0.286133 0.211914 0.292969 0.214844 0.300781 0.217773 0.306641 0.218750 0.319336 0.216797 0.326172 0.210938 0.328125 0.212891 0.333008 0.213867 0.334961 0.208008 0.340820 0.202148 0.340820 0.201172 0.343750 0.195312 0.344727 0.191406 0.342773 0.188477 0.336914 0.182617 0.328125
1 0.279297 0.302734 0.289062 0.301758 0.290039 0.308594 0.291016 0.312500 0.296875 0.305664 0.299805 0.302734 0.307617 0.310547 0.310547 0.315430 0.309570 0.322266 0.307617 0.326172 0.304688 0.323242 0.304688 0.331055 0.308594 0.333984 0.306641 0.338867 0.302734 0.343750 0.298828 0.347656 0.291016 0.342773 0.284180 0.342773 0.277344 0.342773 0.274414 0.336914 0.268555 0.333008 0.273438 0.328125 0.271484 0.319336 0.274414 0.313477
1 0.934570 0.380859 0.941406 0.374023 0.948242 0.374023 0.955078 0.375000 0.956055 0.382812 0.956055 0.389648 0.954102 0.396484 0.950195 0.401367 0.945312 0.402344 0.940430 0.404297 0.933594 0.398438 0.933594 0.391602
1 0.959961 0.427734 0.967773 0.422852 0.977539 0.422852 0.982422 0.427734 0.986328 0.434570 0.988281 0.437500 0.988281 0.443359 0.987305 0.449219 0.985352 0.454102 0.981445 0.454102 0.976562 0.453125 0.971680 0.454102 0.968750 0.454102 0.964844 0.455078 0.958984 0.453125 0.957031 0.445312 0.958008 0.439453 0.957031 0.431641
1 0.878906 0.361328 0.897461 0.377930 0.896484 0.382812 0.894531 0.392578 0.890625 0.395508 0.879883 0.398438 0.875000 0.399414 0.869141 0.399414 0.862305 0.396484 0.861328 0.390625 0.859375 0.382812 0.859375 0.382812 0.858398 0.379883 0.861328 0.367188 0.867188 0.365234 0.871094 0.362305
1 0.901367 0.412109 0.907227 0.412109 0.912109 0.416992 0.916016 0.417969 0.921875 0.415039 0.929688 0.416016 0.931641 0.418945 0.936523 0.421875 0.939453 0.427734 0.940430 0.433594 0.938477 0.437500 0.936523 0.444336 0.936523 0.444336 0.933594 0.450195 0.932617 0.455078 0.932617 0.455078 0.929688 0.456055 0.929688 0.459961 0.920898 0.462891 0.910156 0.461914 0.901367 0.459961 0.892578 0.450195 0.890625 0.445312 0.891602 0.441406 0.889648 0.428711 0.892578 0.417969 0.896484 0.415039
1 0.813477 0.414062 0.820312 0.411133 0.829102 0.411133 0.832031 0.415039 0.839844 0.416992 0.844727 0.423828 0.845703 0.429688 0.845703 0.435547 0.842773 0.443359 0.837891 0.449219 0.837891 0.449219 0.833008 0.451172 0.828125 0.453125 0.828125 0.453125 0.822266 0.455078 0.816406 0.453125 0.809570 0.454102 0.805664 0.449219 0.804688 0.443359 0.802734 0.435547 0.802734 0.423828 0.809570 0.417969
1 0.802734 0.365234 0.803711 0.359375 0.805664 0.355469 0.812500 0.355469 0.820312 0.360352 0.822266 0.364258 0.825195 0.367188 0.826172 0.371094 0.825195 0.374023 0.830078 0.381836 0.829102 0.387695 0.825195 0.391602 0.821289 0.393555 0.815430 0.393555 0.809570 0.391602 0.804688 0.390625 0.800781 0.382812 0.798828 0.377930 0.799805 0.374023 0.798828 0.369141
1 0.748047 0.349609 0.754883 0.354492 0.763672 0.362305 0.763672 0.362305 0.773438 0.369141 0.773438 0.374023 0.767578 0.375977 0.773438 0.385742 0.772461 0.394531 0.763672 0.405273 0.757812 0.403320 0.751953 0.403320 0.746094 0.403320 0.738281 0.399414 0.731445 0.398438 0.727539 0.391602 0.729492 0.376953 0.726562 0.375000 0.729492 0.363281 0.733398 0.360352 0.733398 0.353516 0.738281 0.348633
1 0.761719 0.411133 0.770508 0.410156 0.778320 0.416992 0.780273 0.423828 0.782227 0.431641 0.782227 0.431641 0.779297 0.436523 0.785156 0.440430 0.786133 0.446289 0.789062 0.450195 0.784180 0.455078 0.777344 0.453125 0.773438 0.459961 0.766602 0.459961 0.760742 0.458984 0.760742 0.452148 0.754883 0.452148 0.749023 0.445312 0.750977 0.439453 0.749023 0.433594
1 0.674805 0.415039 0.683594 0.409180 0.698242 0.413086 0.709961 0.418945 0.707031 0.427734 0.705078 0.431641 0.701172 0.438477 0.700195 0.445312 0.702148 0.451172 0.694336 0.458984 0.684570 0.455078 0.673828 0.455078 0.670898 0.449219 0.671875 0.437500 0.667969 0.425781 0.668945 0.416992
1 0.607422 0.363281 0.613281 0.357422 0.620117 0.366211 0.623047 0.376953 0.625000 0.382812 0.621094 0.387695 0.620117 0.391602 0.618164 0.398438 0.610352 0.400391 0.609375 0.393555 0.602539 0.394531 0.598633 0.397461 0.598633 0.397461 0.592773 0.394531 0.595703 0.383789 0.588867 0.369141 0.593750 0.363281
1 0.515625 0.350586 0.527344 0.376953 0.525391 0.381836 0.516602 0.386719 0.516602 0.399414 0.509766 0.400391 0.503906 0.399414 0.497070 0.395508 0.492188 0.392578 0.490234 0.386719 0.493164 0.382812 0.494141 0.380859 0.488281 0.366211 0.489258 0.357422 0.497070 0.351562 0.505859 0.351562
1 0.597656 0.415039 0.601562 0.406250 0.610352 0.403320 0.617188 0.407227 0.618164 0.413086 0.625977 0.417969 0.626953 0.428711 0.625977 0.437500 0.619141 0.444336 0.605469 0.443359 0.598633 0.440430 0.594727 0.430664 0.594727 0.422852
1 0.592773 0.405273 0.584961 0.408203 0.579102 0.404297 0.579102 0.400391 0.571289 0.402344 0.563477 0.402344 0.558594 0.404297 0.554688 0.416016 0.556641 0.420898 0.558594 0.422852 0.558594 0.430664 0.554688 0.437500 0.554688 0.444336 0.556641 0.447266 0.564453 0.449219 0.572266 0.451172 0.578125 0.450195 0.585938 0.451172 0.588867 0.440430 0.586914 0.431641 0.588867 0.423828 0.592773 0.420898 0.592773 0.415039 0.594727 0.410156
1 0.531250 0.410156 0.534180 0.421875 0.534180 0.428711 0.530273 0.433594 0.527344 0.433594 0.521484 0.431641 0.517578 0.423828 0.515625 0.418945 0.516602 0.411133 0.523438 0.405273 0.528320 0.406250
1 0.451172 0.351562 0.458984 0.354492 0.458984 0.359375 0.458984 0.367188 0.458008 0.374023 0.459961 0.381836 0.456055 0.386719 0.450195 0.391602 0.443359 0.392578 0.437500 0.392578 0.436523 0.395508 0.432617 0.396484 0.428711 0.395508 0.420898 0.396484 0.419922 0.390625 0.422852 0.380859 0.422852 0.371094 0.425781 0.369141 0.423828 0.359375 0.425781 0.350586 0.431641 0.347656 0.444336 0.347656
1 0.427734 0.399414 0.436523 0.411133 0.440430 0.417969 0.440430 0.424805 0.438477 0.431641 0.435547 0.439453 0.435547 0.439453 0.429688 0.442383 0.419922 0.441406 0.416016 0.440430 0.413086 0.435547 0.406250 0.435547 0.403320 0.427734 0.405273 0.422852 0.408203 0.419922 0.412109 0.416016 0.415039 0.399414 0.419922 0.400391 0.423828 0.401367 0.421875 0.398438 0.423828 0.397461
1 0.355469 0.356445 0.358398 0.371094 0.358398 0.378906 0.350586 0.385742 0.341797 0.389648 0.341797 0.389648 0.333984 0.390625 0.329102 0.383789 0.329102 0.374023 0.329102 0.374023 0.332031 0.369141 0.332031 0.357422 0.333984 0.357422 0.338867 0.350586 0.345703 0.350586
1 0.358398 0.393555 0.366211 0.384766 0.375977 0.390625 0.379883 0.394531 0.387695 0.396484 0.389648 0.406250 0.390625 0.411133 0.390625 0.416992 0.389648 0.424805 0.390625 0.431641 0.386719 0.436523 0.385742 0.445312 0.380859 0.446289 0.375977 0.448242 0.370117 0.448242 0.366211 0.449219 0.359375 0.450195 0.359375 0.450195 0.355469 0.445312 0.349609 0.444336 0.342773 0.436523 0.343750 0.408203 0.344727 0.395508
1 0.313477 0.396484 0.310547 0.402344 0.314453 0.409180 0.316406 0.416016 0.318359 0.423828 0.316406 0.429688 0.310547 0.427734 0.306641 0.428711 0.309570 0.435547 0.305664 0.439453 0.300781 0.441406 0.296875 0.440430 0.299805 0.446289 0.295898 0.447266 0.291992 0.446289 0.289062 0.439453 0.291992 0.434570 0.291016 0.425781 0.290039 0.413086 0.293945 0.410156 0.297852 0.403320 0.301758 0.398438 0.308594 0.396484
1 0.275391 0.360352 0.280273 0.358398 0.285156 0.361328 0.288086 0.365234 0.283203 0.371094 0.276367 0.373047 0.271484 0.369141 0.271484 0.364258
1 0.205078 0.355469 0.215820 0.351562 0.226562 0.352539 0.233398 0.357422 0.233398 0.366211 0.233398 0.379883 0.229492 0.384766 0.226562 0.385742 0.225586 0.391602 0.220703 0.395508 0.213867 0.394531 0.202148 0.385742 0.199219 0.375000 0.197266 0.366211 0.197266 0.366211
1 0.151367 0.344727 0.161133 0.352539 0.166016 0.358398 0.166016 0.367188 0.166016 0.375000 0.165039 0.381836 0.155273 0.382812 0.149414 0.387695 0.142578 0.388672 0.138672 0.384766 0.135742 0.384766 0.130859 0.382812 0.133789 0.377930 0.135742 0.367188 0.138672 0.353516 0.144531 0.349609
1 0.253906 0.392578 0.262695 0.398438 0.266602 0.409180 0.264648 0.418945 0.261719 0.431641 0.256836 0.436523 0.254883 0.438477 0.250000 0.442383 0.242188 0.438477 0.237305 0.440430 0.233398 0.436523 0.227539 0.433594 0.230469 0.427734 0.229492 0.422852 0.229492 0.417969 0.231445 0.413086 0.234375 0.410156 0.233398 0.405273 0.236328 0.395508 0.246094 0.390625 0.246094 0.390625
1 0.217773 0.403320 0.217773 0.416992 0.228516 0.424805 0.229492 0.427734 0.226562 0.433594 0.229492 0.436523 0.231445 0.440430 0.226562 0.442383 0.221680 0.443359 0.217773 0.445312 0.212891 0.447266 0.204102 0.444336 0.201172 0.439453 0.197266 0.437500 0.197266 0.433594 0.194336 0.425781 0.192383 0.417969 0.196289 0.410156 0.199219 0.402344 0.202148 0.397461 0.208984 0.396484 0.213867 0.398438
1 0.152344 0.400391 0.150391 0.414062 0.146484 0.417969 0.142578 0.430664 0.137695 0.433594 0.136719 0.441406 0.131836 0.446289 0.124023 0.448242 0.119141 0.443359 0.119141 0.437500 0.111328 0.439453 0.102539 0.436523 0.102539 0.427734 0.105469 0.422852 0.102539 0.415039 0.105469 0.406250 0.108398 0.399414 0.108398 0.392578 0.116211 0.386719 0.122070 0.388672 0.133789 0.384766 0.138672 0.385742 0.141602 0.388672 0.147461 0.390625 0.150391 0.394531
1 0.083984 0.328125 0.093750 0.332031 0.097656 0.337891 0.103516 0.342773 0.107422 0.352539 0.108398 0.366211 0.106445 0.372070 0.096680 0.371094 0.096680 0.375977 0.099609 0.376953 0.100586 0.383789 0.097656 0.386719 0.089844 0.386719 0.083984 0.390625 0.080078 0.394531 0.071289 0.393555 0.066406 0.385742 0.061523 0.376953 0.061523 0.376953 0.063477 0.367188 0.058594 0.362305 0.062500 0.348633 0.072266 0.340820 0.075195 0.334961 0.078125 0.333008 0.080078 0.334961 0.085938 0.333008 0.083008 0.331055
1 0.049805 0.336914 0.052734 0.345703 0.056641 0.345703 0.058594 0.349609 0.056641 0.357422 0.055664 0.358398 0.052734 0.358398 0.047852 0.364258 0.047852 0.370117 0.045898 0.375000 0.039062 0.380859 0.032227 0.381836 0.032227 0.381836 0.030273 0.378906 0.030273 0.374023 0.030273 0.362305 0.030273 0.355469 0.033203 0.351562 0.026367 0.353516 0.026367 0.349609 0.029297 0.347656 0.029297 0.340820 0.036133 0.340820 0.041992 0.340820 0.044922 0.335938
1 0.028320 0.395508 0.035156 0.387695 0.047852 0.391602 0.050781 0.397461 0.060547 0.402344 0.061523 0.409180 0.063477 0.417969 0.058594 0.423828 0.052734 0.424805 0.051758 0.432617 0.046875 0.436523 0.038086 0.436523 0.038086 0.436523 0.031250 0.437500 0.027344 0.432617 0.023438 0.432617 0.020508 0.427734 0.025391 0.422852 0.015625 0.416016 0.023438 0.407227 0.028320 0.402344
1 0.005859 0.386719 0.006836 0.390625 0.007812 0.394531 0.009766 0.400391 0.009766 0.405273 0.009766 0.410156 0.009766 0.415039 0.009766 0.415039 0.006836 0.417969 0.000000 0.418945 0.000000 0.383789
1 0.007812 0.433594 0.014648 0.434570 0.015625 0.436523 0.019531 0.435547 0.023438 0.438477 0.021484 0.443359 0.023438 0.448242 0.026367 0.448242 0.030273 0.450195 0.031250 0.456055 0.030273 0.459961 0.028320 0.462891 0.027344 0.464844 0.027344 0.467773 0.029297 0.472656 0.028320 0.475586 0.025391 0.479492 0.021484 0.483398 0.020508 0.486328 0.016602 0.487305 0.014648 0.488281 0.010742 0.485352 0.005859 0.481445 0.005859 0.482422 0.002930 0.479492 0.000000 0.479492 0.000000 0.439453
1 0.006836 0.418945 0.011719 0.421875 0.010742 0.426758 0.010742 0.432617 0.006836 0.433594 0.004883 0.435547 0.000000 0.434570 0.000000 0.419922
1 0.059570 0.458008 0.065430 0.471680 0.069336 0.481445 0.081055 0.482422 0.089844 0.480469 0.105469 0.479492 0.110352 0.471680 0.112305 0.459961 0.108398 0.452148 0.100586 0.448242 0.092773 0.444336 0.084961 0.447266 0.083008 0.452148 0.078125 0.453125 0.079102 0.444336 0.073242 0.440430 0.063477 0.442383 0.059570 0.448242
1 0.000000 0.500977 0.007812 0.508789 0.014648 0.512695 0.014648 0.519531 0.014648 0.524414 0.010742 0.532227 0.003906 0.535156 0.000000 0.533203
1 0.053711 0.501953 0.060547 0.490234 0.067383 0.490234 0.073242 0.496094 0.074219 0.506836 0.074219 0.506836 0.075195 0.514648 0.076172 0.522461 0.073242 0.526367 0.067383 0.526367 0.057617 0.531250 0.053711 0.520508 0.053711 0.511719
1 0.122070 0.485352 0.125977 0.481445 0.139648 0.481445 0.144531 0.485352 0.149414 0.495117 0.149414 0.495117 0.149414 0.502930 0.147461 0.511719 0.143555 0.520508 0.142578 0.526367 0.142578 0.533203 0.136719 0.533203 0.129883 0.530273 0.127930 0.530273 0.124023 0.534180 0.118164 0.536133 0.113281 0.528320 0.112305 0.518555 0.111328 0.511719 0.115234 0.500000 0.117188 0.487305
1 0.175781 0.451172 0.182617 0.444336 0.190430 0.448242 0.194336 0.457031 0.196289 0.466797 0.197266 0.477539 0.195312 0.483398 0.191406 0.497070 0.176758 0.489258 0.162109 0.487305 0.162109 0.476562 0.165039 0.471680 0.162109 0.463867
1 0.171875 0.497070 0.183594 0.496094 0.190430 0.508789 0.190430 0.516602 0.189453 0.527344 0.185547 0.534180 0.180664 0.537109 0.179688 0.540039 0.175781 0.541992 0.170898 0.540039 0.170898 0.540039 0.161133 0.534180 0.165039 0.528320 0.164062 0.513672 0.166992 0.506836
1 0.225586 0.498047 0.239258 0.497070 0.244141 0.507812 0.244141 0.516602 0.244141 0.523438 0.244141 0.523438 0.239258 0.528320 0.239258 0.528320 0.235352 0.532227 0.233398 0.537109 0.218750 0.540039 0.218750 0.540039 0.211914 0.535156 0.211914 0.527344 0.208984 0.519531 0.213867 0.512695 0.215820 0.502930
1 0.247070 0.447266 0.256836 0.443359 0.263672 0.443359 0.267578 0.452148 0.265625 0.460938 0.266602 0.468750 0.267578 0.474609 0.266602 0.480469 0.260742 0.483398 0.253906 0.484375 0.251953 0.489258 0.247070 0.491211 0.243164 0.492188 0.238281 0.487305 0.237305 0.476562 0.235352 0.468750 0.238281 0.462891 0.237305 0.456055
1 0.295898 0.455078 0.297852 0.459961 0.296875 0.467773 0.296875 0.473633 0.297852 0.481445 0.301758 0.486328 0.307617 0.488281 0.313477 0.486328 0.319336 0.476562 0.323242 0.468750 0.323242 0.468750 0.314453 0.464844 0.312500 0.455078 0.308594 0.450195
1 0.291016 0.493164 0.301758 0.491211 0.316406 0.486328 0.319336 0.493164 0.318359 0.501953 0.314453 0.513672 0.313477 0.521484 0.311523 0.529297 0.314453 0.539062 0.306641 0.539062 0.302734 0.541992 0.294922 0.542969 0.287109 0.542969 0.280273 0.523438 0.285156 0.516602 0.285156 0.504883
1 0.396484 0.453125 0.407227 0.473633 0.399414 0.486328 0.394531 0.492188 0.386719 0.492188 0.374023 0.490234 0.368164 0.484375 0.369141 0.474609 0.370117 0.458984 0.378906 0.454102 0.385742 0.454102
1 0.369141 0.493164 0.374023 0.499023 0.386719 0.499023 0.391602 0.508789 0.387695 0.523438 0.393555 0.526367 0.393555 0.541016 0.384766 0.547852 0.377930 0.544922 0.376953 0.551758 0.369141 0.553711 0.366211 0.548828 0.354492 0.547852 0.342773 0.548828 0.327148 0.534180 0.337891 0.529297 0.339844 0.510742 0.352539 0.508789 0.352539 0.498047
1 0.447266 0.468750 0.442383 0.461914 0.445312 0.453125 0.465820 0.449219 0.470703 0.453125 0.476562 0.458008 0.473633 0.473633 0.471680 0.482422 0.463867 0.492188 0.441406 0.491211 0.435547 0.483398 0.444336 0.478516
1 0.495117 0.457031 0.506836 0.450195 0.515625 0.453125 0.526367 0.457031 0.527344 0.461914 0.524414 0.471680 0.526367 0.479492 0.524414 0.488281 0.521484 0.493164 0.516602 0.496094 0.507812 0.491211 0.507812 0.497070 0.499023 0.499023 0.493164 0.490234 0.494141 0.480469
1 0.553711 0.459961 0.560547 0.458008 0.566406 0.459961 0.571289 0.469727 0.572266 0.485352 0.565430 0.491211 0.569336 0.499023 0.566406 0.503906 0.559570 0.505859 0.552734 0.503906 0.543945 0.493164 0.543945 0.483398 0.544922 0.469727
1 0.606445 0.450195 0.620117 0.449219 0.627930 0.447266 0.634766 0.450195 0.637695 0.454102 0.644531 0.459961 0.645508 0.466797 0.646484 0.472656 0.642578 0.475586 0.642578 0.483398 0.646484 0.493164 0.639648 0.505859 0.628906 0.503906 0.628906 0.503906 0.622070 0.504883 0.614258 0.508789 0.606445 0.501953 0.606445 0.493164 0.600586 0.486328 0.602539 0.472656 0.602539 0.463867
1 0.683594 0.466797 0.693359 0.459961 0.703125 0.468750 0.707031 0.476562 0.710938 0.484375 0.711914 0.490234 0.710938 0.496094 0.705078 0.501953 0.691406 0.500000 0.691406 0.500000 0.686523 0.499023 0.681641 0.487305 0.683594 0.475586
1 0.756836 0.459961 0.750977 0.465820 0.745117 0.462891 0.733398 0.470703 0.735352 0.483398 0.742188 0.494141 0.750000 0.501953 0.765625 0.498047 0.775391 0.490234 0.772461 0.480469 0.773438 0.468750 0.765625 0.461914 0.760742 0.459961
1 0.789062 0.483398 0.794922 0.467773 0.805664 0.462891 0.811523 0.465820 0.822266 0.471680 0.825195 0.479492 0.825195 0.486328 0.820312 0.490234 0.820312 0.500000 0.811523 0.500977 0.808594 0.505859 0.803711 0.504883 0.794922 0.500977 0.793945 0.497070 0.789062 0.489258
1 0.852539 0.474609 0.865234 0.465820 0.875977 0.465820 0.882812 0.476562 0.880859 0.487305 0.879883 0.498047 0.874023 0.504883 0.863281 0.506836 0.864258 0.506836 0.858398 0.501953 0.851562 0.499023 0.848633 0.484375
1 0.929688 0.481445 0.943359 0.476562 0.952148 0.483398 0.950195 0.495117 0.945312 0.501953 0.939453 0.502930 0.924805 0.495117 0.923828 0.485352
1 0.976562 0.474609 0.988281 0.474609 1.000000 0.488281 0.997070 0.491211 0.994141 0.499023 0.996094 0.504883 0.996094 0.504883 0.992188 0.511719 0.983398 0.511719 0.976562 0.509766 0.973633 0.507812 0.965820 0.501953 0.963867 0.496094 0.972656 0.489258
1 0.980469 0.519531 0.988281 0.518555 0.996094 0.522461 1.000000 0.528320 1.000000 0.556641 0.997070 0.560547 0.993164 0.561523 0.989258 0.561523 0.983398 0.557617 0.980469 0.552734 0.974609 0.548828 0.978516 0.543945 0.975586 0.533203 0.978516 0.529297
1 0.936523 0.520508 0.948242 0.521484 0.955078 0.522461 0.957031 0.527344 0.957031 0.534180 0.957031 0.534180 0.958008 0.546875 0.956055 0.551758 0.950195 0.553711 0.947266 0.554688 0.947266 0.554688 0.940430 0.555664 0.935547 0.554688 0.928711 0.547852 0.926758 0.542969 0.931641 0.536133 0.930664 0.530273 0.932617 0.521484
1 0.895508 0.525391 0.905273 0.533203 0.904297 0.541016 0.904297 0.548828 0.898438 0.551758 0.891602 0.551758 0.886719 0.552734 0.882812 0.551758 0.879883 0.541992 0.883789 0.531250 0.888672 0.527344
1 1.000000 0.572266 0.992188 0.571289 0.985352 0.575195 0.980469 0.583008 0.980469 0.591797 0.982422 0.600586 0.986328 0.607422 0.990234 0.611328 1.000000 0.612305
1 0.982422 0.578125 0.975586 0.574219 0.967773 0.571289 0.961914 0.574219 0.959961 0.580078 0.956055 0.585938 0.952148 0.590820 0.953125 0.598633 0.959961 0.607422 0.965820 0.609375 0.971680 0.609375 0.977539 0.606445 0.983398 0.603516 0.980469 0.594727 0.979492 0.588867 0.979492 0.582031
1 0.892578 0.574219 0.899414 0.576172 0.900391 0.582031 0.903320 0.585938 0.900391 0.591797 0.897461 0.597656 0.890625 0.601562 0.890625 0.601562 0.884766 0.601562 0.878906 0.595703 0.880859 0.591797 0.878906 0.575195 0.886719 0.572266
1 0.863281 0.524414 0.870117 0.536133 0.868164 0.541992 0.865234 0.545898 0.864258 0.555664 0.859375 0.558594 0.850586 0.559570 0.844727 0.558594 0.835938 0.555664 0.830078 0.556641 0.827148 0.545898 0.831055 0.538086 0.831055 0.526367 0.843750 0.512695
1 0.860352 0.572266 0.865234 0.583008 0.862305 0.587891 0.859375 0.594727 0.852539 0.597656 0.847656 0.603516 0.838867 0.608398 0.838867 0.608398 0.834961 0.601562 0.829102 0.599609 0.829102 0.599609 0.830078 0.585938 0.835938 0.575195 0.835938 0.568359 0.844727 0.570312
1 0.959961 0.628906 0.971680 0.616211 0.988281 0.622070 0.989258 0.633789 0.990234 0.647461 0.987305 0.657227 0.978516 0.659180 0.971680 0.659180 0.958008 0.656250 0.958008 0.650391 0.956055 0.639648
1 0.927734 0.614258 0.931641 0.622070 0.945312 0.625000 0.941406 0.640625 0.933594 0.646484 0.933594 0.651367 0.926758 0.653320 0.922852 0.658203 0.914062 0.651367 0.908203 0.639648 0.911133 0.633789 0.914062 0.625000 0.921875 0.622070
1 0.878906 0.608398 0.884766 0.611328 0.894531 0.612305 0.902344 0.618164 0.900391 0.625977 0.902344 0.633789 0.899414 0.642578 0.899414 0.648438 0.894531 0.659180 0.887695 0.659180 0.879883 0.659180 0.873047 0.654297 0.860352 0.640625 0.863281 0.634766 0.863281 0.622070 0.867188 0.610352
1 0.764648 0.502930 0.787109 0.501953 0.800781 0.508789 0.803711 0.519531 0.797852 0.530273 0.803711 0.541992 0.797852 0.555664 0.797852 0.555664 0.789062 0.556641 0.787109 0.562500 0.773438 0.560547 0.764648 0.548828 0.759766 0.525391
1 0.813477 0.554688 0.814453 0.570312 0.818359 0.585938 0.810547 0.595703 0.795898 0.602539 0.783203 0.594727 0.772461 0.599609 0.763672 0.591797 0.772461 0.576172 0.771484 0.564453 0.777344 0.558594 0.786133 0.565430 0.790039 0.553711 0.799805 0.554688
1 0.810547 0.602539 0.812500 0.607422 0.816406 0.614258 0.822266 0.621094 0.825195 0.626953 0.819336 0.631836 0.824219 0.640625 0.826172 0.646484 0.822266 0.652344 0.814453 0.656250 0.806641 0.656250 0.799805 0.656250 0.790039 0.654297 0.790039 0.654297 0.786133 0.649414 0.782227 0.649414 0.780273 0.641602 0.784180 0.636719 0.786133 0.627930 0.788086 0.617188 0.789062 0.613281 0.779297 0.613281 0.779297 0.603516 0.783203 0.599609 0.789062 0.600586 0.790039 0.598633 0.795898 0.602539 0.800781 0.600586
1 0.985352 1.000000 0.988281 0.985352 1.000000 0.980469 1.000000 0.980469 1.000000 1.000000
1 0.971680 0.934570 0.981445 0.927734 0.985352 0.927734 0.988281 0.932617 0.993164 0.935547 0.993164 0.942383 0.989258 0.950195 0.984375 0.956055 0.978516 0.953125 0.970703 0.953125 0.969727 0.947266 0.970703 0.941406
1 0.933594 1.000000 0.931641 0.993164 0.933594 0.986328 0.938477 0.975586 0.946289 0.975586 0.952148 0.977539 0.959961 0.976562 0.964844 0.981445 0.961914 0.987305 0.958984 0.995117 0.964844 1.000000
1 0.911133 0.976562 0.917969 0.977539 0.924805 0.983398 0.927734 0.989258 0.929688 0.993164 0.929688 1.000000 0.899414 1.000000 0.900391 0.986328
1 0.847656 1.000000 0.845703 0.990234 0.848633 0.986328 0.848633 0.981445 0.851562 0.983398 0.859375 0.976562 0.866211 0.980469 0.865234 0.984375 0.864258 0.988281 0.866211 0.994141 0.861328 1.000000
1 0.793945 1.000000 0.787109 0.991211 0.793945 0.986328 0.796875 0.979492 0.799805 0.973633 0.806641 0.973633 0.810547 0.980469 0.818359 0.979492 0.823242 0.989258 0.828125 0.991211 0.829102 1.000000
1 0.729492 1.000000 0.729492 0.991211 0.732422 0.985352 0.739258 0.984375 0.742188 0.974609 0.754883 0.973633 0.765625 0.978516 0.773438 0.979492 0.771484 0.988281 0.774414 0.993164 0.772461 1.000000
1 0.694336 1.000000 0.694336 0.993164 0.691406 0.984375 0.697266 0.981445 0.701172 0.976562 0.708008 0.973633 0.712891 0.975586 0.712891 0.981445 0.713867 0.985352 0.713867 0.989258 0.709961 0.991211 0.706055 1.000000
1 0.621094 1.000000 0.620117 0.996094 0.620117 0.984375 0.625000 0.981445 0.627930 0.971680 0.639648 0.958008 0.648438 0.964844 0.658203 0.968750 0.666016 0.972656 0.668945 0.979492 0.669922 0.984375 0.667969 0.989258 0.671875 0.995117 0.667969 1.000000
1 0.580078 0.974609 0.584961 0.975586 0.589844 0.971680 0.595703 0.972656 0.594727 0.977539 0.597656 0.982422 0.594727 0.985352 0.593750 0.990234 0.591797 0.992188 0.583008 0.992188 0.582031 0.985352 0.579102 0.978516
1 0.544922 0.968750 0.544922 0.972656 0.547852 0.976562 0.548828 0.985352 0.548828 0.990234 0.550781 0.992188 0.548828 1.000000 0.522461 1.000000 0.522461 0.989258 0.524414 0.981445 0.519531 0.975586 0.519531 0.967773 0.524414 0.967773 0.532227 0.964844 0.536133 0.965820 0.541016 0.964844
1 0.447266 1.000000 0.445312 0.993164 0.448242 0.988281 0.459961 0.984375 0.458008 0.978516 0.459961 0.975586 0.459961 0.969727 0.463867 0.965820 0.472656 0.961914 0.482422 0.964844 0.486328 0.970703 0.491211 0.973633 0.493164 0.977539 0.492188 0.982422 0.491211 0.986328 0.495117 0.989258 0.499023 0.991211 0.503906 0.993164 0.506836 0.996094 0.508789 1.000000
1 0.394531 1.000000 0.394531 0.988281 0.396484 0.983398 0.397461 0.978516 0.397461 0.967773 0.398438 0.958984 0.404297 0.958008 0.413086 0.958984 0.420898 0.958008 0.426758 0.964844 0.430664 0.967773 0.437500 0.967773 0.440430 0.975586 0.440430 0.975586 0.435547 0.977539 0.434570 0.982422 0.434570 0.985352 0.434570 0.988281 0.437500 0.992188 0.433594 1.000000
1 0.347656 1.000000 0.343750 0.995117 0.340820 0.985352 0.339844 0.977539 0.346680 0.975586 0.351562 0.971680 0.344727 0.968750 0.340820 0.964844 0.345703 0.958984 0.351562 0.955078 0.361328 0.951172 0.365234 0.957031 0.365234 0.962891 0.369141 0.968750 0.369141 0.974609 0.373047 0.977539 0.371094 0.983398 0.369141 0.987305 0.363281 0.991211 0.361328 1.000000
1 0.288086 1.000000 0.284180 0.992188 0.279297 0.986328 0.282227 0.973633 0.288086 0.972656 0.291016 0.965820 0.300781 0.958008 0.305664 0.961914 0.311523 0.958984 0.318359 0.961914 0.318359 0.964844 0.319336 0.969727 0.319336 0.973633 0.318359 0.978516 0.319336 0.983398 0.319336 0.989258 0.319336 0.995117 0.315430 0.996094 0.310547 0.993164 0.309570 0.995117 0.312500 1.000000
1 0.210938 1.000000 0.203125 0.984375 0.202148 0.978516 0.209961 0.966797 0.212891 0.954102 0.217773 0.946289 0.229492 0.941406 0.242188 0.946289 0.243164 0.951172 0.260742 0.958984 0.268555 0.955078 0.273438 0.958008 0.275391 0.963867 0.278320 0.966797 0.274414 0.970703 0.269531 0.977539 0.267578 0.985352 0.267578 0.992188 0.267578 1.000000
1 0.147461 0.959961 0.148438 0.954102 0.159180 0.949219 0.168945 0.956055 0.169922 0.966797 0.172852 0.977539 0.172852 0.977539 0.162109 0.992188 0.147461 0.985352 0.147461 0.976562 0.150391 0.967773
1 0.116211 0.956055 0.122070 0.961914 0.127930 0.971680 0.127930 0.971680 0.129883 0.978516 0.125977 0.985352 0.122070 0.985352 0.118164 0.996094 0.110352 0.995117 0.105469 0.999023 0.096680 0.993164 0.094727 0.989258 0.082031 0.985352 0.085938 0.975586 0.083984 0.964844 0.091797 0.962891 0.098633 0.954102 0.109375 0.958008
1 0.032227 0.943359 0.035156 0.949219 0.032227 0.957031 0.040039 0.961914 0.041992 0.968750 0.040039 0.973633 0.034180 0.979492 0.032227 0.984375 0.035156 1.000000 0.015625 1.000000 0.006836 0.996094 0.006836 0.986328 0.000000 0.986328 0.000000 0.956055 0.000000 0.942383 0.006836 0.942383 0.010742 0.934570 0.014648 0.935547 0.019531 0.940430
1 0.000000 0.896484 0.008789 0.898438 0.014648 0.903320 0.015625 0.910156 0.017578 0.916016 0.018555 0.919922 0.016602 0.923828 0.008789 0.923828 0.004883 0.926758 0.006836 0.931641 0.000000 0.934570
1 0.048828 0.905273 0.060547 0.903320 0.071289 0.909180 0.071289 0.918945 0.071289 0.926758 0.064453 0.928711 0.062500 0.933594 0.056641 0.936523 0.050781 0.936523 0.044922 0.932617 0.046875 0.921875 0.043945 0.915039 0.048828 0.910156
1 0.103516 0.894531 0.116211 0.891602 0.125000 0.893555 0.129883 0.906250 0.135742 0.913086 0.133789 0.925781 0.132812 0.934570 0.129883 0.946289 0.122070 0.949219 0.113281 0.950195 0.102539 0.947266 0.095703 0.937500 0.095703 0.922852 0.097656 0.916016 0.092773 0.905273 0.098633 0.905273 0.104492 0.904297
1 0.180664 0.915039 0.188477 0.908203 0.198242 0.913086 0.198242 0.921875 0.195312 0.937500 0.189453 0.944336 0.177734 0.933594 0.176758 0.924805
1 0.215820 0.926758 0.222656 0.937500 0.227539 0.933594 0.231445 0.942383 0.236328 0.940430 0.243164 0.935547 0.245117 0.931641 0.253906 0.933594 0.250977 0.919922 0.248047 0.907227 0.247070 0.896484 0.241211 0.890625 0.233398 0.893555 0.228516 0.893555 0.220703 0.905273
1 0.281250 0.905273 0.289062 0.897461 0.299805 0.891602 0.305664 0.894531 0.312500 0.902344 0.314453 0.910156 0.314453 0.910156 0.312500 0.919922 0.315430 0.927734 0.309570 0.933594 0.313477 0.938477 0.313477 0.944336 0.308594 0.947266 0.308594 0.947266 0.304688 0.947266 0.297852 0.954102 0.292969 0.954102 0.282227 0.948242 0.264648 0.948242 0.269531 0.928711 0.278320 0.918945
1 0.325195 0.920898 0.332031 0.907227 0.342773 0.906250 0.347656 0.911133 0.355469 0.922852 0.355469 0.922852 0.348633 0.927734 0.348633 0.932617 0.346680 0.939453 0.343750 0.944336 0.343750 0.944336 0.335938 0.945312 0.327148 0.944336 0.321289 0.934570
1 0.388672 0.918945 0.405273 0.908203 0.415039 0.916016 0.419922 0.920898 0.412109 0.930664 0.413086 0.936523 0.414062 0.943359 0.402344 0.949219 0.402344 0.949219 0.398438 0.944336 0.392578 0.942383 0.383789 0.932617 0.386719 0.925781
1 0.440430 0.913086 0.447266 0.917969 0.456055 0.915039 0.455078 0.931641 0.451172 0.935547 0.457031 0.943359 0.452148 0.951172 0.442383 0.952148 0.435547 0.945312 0.429688 0.950195 0.420898 0.946289 0.418945 0.935547 0.426758 0.934570 0.419922 0.924805 0.430664 0.918945 0.435547 0.920898
1 0.494141 0.916992 0.502930 0.910156 0.512695 0.917969 0.522461 0.921875 0.525391 0.926758 0.520508 0.936523 0.525391 0.943359 0.520508 0.947266 0.520508 0.947266 0.514648 0.948242 0.514648 0.954102 0.511719 0.958008 0.505859 0.961914 0.504883 0.953125 0.502930 0.948242 0.498047 0.950195 0.487305 0.947266 0.484375 0.943359 0.492188 0.936523 0.487305 0.928711 0.492188 0.923828
1 0.548828 0.921875 0.558594 0.924805 0.565430 0.928711 0.561523 0.936523 0.561523 0.936523 0.560547 0.942383 0.558594 0.948242 0.558594 0.953125 0.551758 0.956055 0.546875 0.952148 0.547852 0.945312 0.541016 0.945312 0.538086 0.935547 0.541016 0.927734
1 0.584961 0.927734 0.591797 0.920898 0.596680 0.926758 0.602539 0.927734 0.607422 0.932617 0.609375 0.934570 0.604492 0.938477 0.604492 0.941406 0.605469 0.947266 0.607422 0.953125 0.604492 0.956055 0.599609 0.956055 0.596680 0.955078 0.591797 0.955078 0.583984 0.953125 0.579102 0.951172 0.577148 0.948242 0.583984 0.942383 0.583008 0.936523
1 0.645508 0.923828 0.655273 0.916016 0.660156 0.914062 0.665039 0.919922 0.671875 0.922852 0.674805 0.928711 0.673828 0.935547 0.669922 0.939453 0.666016 0.945312 0.667969 0.952148 0.646484 0.956055 0.641602 0.952148 0.637695 0.951172 0.638672 0.937500 0.643555 0.936523 0.646484 0.932617
1 0.687500 0.932617 0.698242 0.921875 0.703125 0.912109 0.708984 0.911133 0.712891 0.916992 0.719727 0.920898 0.722656 0.930664 0.722656 0.930664 0.725586 0.933594 0.722656 0.941406 0.721680 0.945312 0.722656 0.950195 0.719727 0.955078 0.714844 0.959961 0.710938 0.962891 0.704102 0.966797 0.694336 0.961914 0.694336 0.956055 0.689453 0.950195 0.684570 0.949219
1 0.734375 0.932617 0.749023 0.924805 0.752930 0.927734 0.752930 0.933594 0.753906 0.942383 0.751953 0.950195 0.747070 0.958984 0.740234 0.955078 0.731445 0.953125 0.736328 0.945312 0.735352 0.938477
1 0.786133 0.934570 0.793945 0.928711 0.799805 0.932617 0.807617 0.934570 0.807617 0.939453 0.810547 0.943359 0.811523 0.947266 0.810547 0.961914 0.808594 0.963867 0.798828 0.959961 0.794922 0.962891 0.791016 0.957031 0.788086 0.952148 0.783203 0.945312
1 0.817383 0.937500 0.816406 0.928711 0.821289 0.927734 0.827148 0.919922 0.838867 0.923828 0.838867 0.930664 0.843750 0.935547 0.848633 0.939453 0.850586 0.945312 0.852539 0.953125 0.852539 0.953125 0.847656 0.959961 0.842773 0.969727 0.842773 0.969727 0.833008 0.965820 0.828125 0.971680 0.828125 0.971680 0.813477 0.959961 0.824219 0.956055 0.817383 0.946289 0.821289 0.941406
1 0.882812 0.937500 0.888672 0.929688 0.898438 0.932617 0.898438 0.938477 0.900391 0.942383 0.901367 0.950195 0.898438 0.955078 0.894531 0.956055 0.884766 0.954102 0.883789 0.947266
1 0.910156 0.933594 0.913086 0.921875 0.921875 0.923828 0.932617 0.921875 0.939453 0.920898 0.941406 0.925781 0.945312 0.928711 0.945312 0.940430 0.945312 0.944336 0.945312 0.947266 0.946289 0.955078 0.945312 0.963867 0.942383 0.966797 0.938477 0.967773 0.933594 0.964844 0.924805 0.974609 0.919922 0.970703 0.915039 0.967773 0.915039 0.958984 0.908203 0.959961 0.907227 0.951172 0.908203 0.943359 0.913086 0.937500
1 0.941406 0.888672 0.947266 0.876953 0.958984 0.876953 0.965820 0.884766 0.967773 0.895508 0.962891 0.901367 0.960938 0.916016 0.955078 0.914062 0.948242 0.912109 0.939453 0.916992 0.937500 0.907227 0.943359 0.898438
1 0.903320 0.888672 0.907227 0.897461 0.903320 0.902344 0.900391 0.911133 0.890625 0.916992 0.890625 0.916992 0.879883 0.911133 0.868164 0.899414 0.874023 0.888672 0.886719 0.875977 0.894531 0.875977 0.894531 0.876953
1 0.849609 0.875977 0.860352 0.889648 0.854492 0.900391 0.854492 0.900391 0.854492 0.906250 0.835938 0.916016 0.833008 0.900391 0.829102 0.891602 0.842773 0.880859
1 0.804688 0.871094 0.811523 0.881836 0.814453 0.888672 0.816406 0.895508 0.816406 0.903320 0.807617 0.911133 0.792969 0.916016 0.777344 0.916992 0.765625 0.915039 0.775391 0.897461 0.769531 0.889648 0.766602 0.875977 0.769531 0.861328 0.781250 0.864258 0.784180 0.860352 0.795898 0.866211
1 0.698242 0.878906 0.704102 0.873047 0.718750 0.875000 0.726562 0.876953 0.725586 0.884766 0.725586 0.884766 0.716797 0.894531 0.712891 0.899414 0.707031 0.900391 0.701172 0.896484 0.696289 0.890625
1 0.658203 0.875000 0.665039 0.867188 0.675781 0.870117 0.677734 0.879883 0.676758 0.886719 0.668945 0.901367 0.664062 0.900391 0.656250 0.896484 0.652344 0.885742
1 0.597656 0.864258 0.604492 0.868164 0.613281 0.869141 0.614258 0.874023 0.614258 0.883789 0.607422 0.902344 0.601562 0.904297 0.591797 0.899414 0.580078 0.901367 0.570312 0.890625 0.577148 0.883789 0.574219 0.866211 0.586914 0.865234 0.591797 0.859375
1 0.565430 0.866211 0.559570 0.879883 0.556641 0.888672 0.549805 0.901367 0.534180 0.907227 0.523438 0.901367 0.525391 0.893555 0.523438 0.881836 0.529297 0.872070 0.530273 0.861328 0.542969 0.848633 0.549805 0.856445 0.560547 0.860352
1 0.486328 0.858398 0.490234 0.869141 0.492188 0.873047 0.492188 0.880859 0.488281 0.885742 0.490234 0.895508 0.486328 0.902344 0.467773 0.904297 0.458008 0.902344 0.455078 0.890625 0.458008 0.883789 0.455078 0.876953 0.459961 0.862305 0.470703 0.857422
1 0.405273 0.893555 0.408203 0.877930 0.416992 0.868164 0.411133 0.860352 0.427734 0.859375 0.437500 0.863281 0.433594 0.873047 0.433594 0.873047 0.437500 0.878906 0.437500 0.890625 0.435547 0.901367 0.423828 0.898438 0.417969 0.896484 0.412109 0.897461
1 0.365234 0.847656 0.366211 0.862305 0.366211 0.862305 0.368164 0.871094 0.371094 0.879883 0.372070 0.887695 0.372070 0.887695 0.364258 0.897461 0.358398 0.900391 0.351562 0.902344 0.342773 0.897461 0.333008 0.896484 0.326172 0.888672 0.328125 0.879883 0.331055 0.873047 0.329102 0.860352 0.329102 0.860352 0.337891 0.849609 0.346680 0.849609 0.354492 0.846680
1 0.283203 0.860352 0.291992 0.860352 0.296875 0.861328 0.296875 0.871094 0.295898 0.875000 0.292969 0.875977 0.286133 0.875977 0.283203 0.869141
1 0.202148 0.855469 0.208984 0.863281 0.212891 0.866211 0.215820 0.873047 0.212891 0.875000 0.204102 0.879883 0.204102 0.879883 0.198242 0.886719 0.189453 0.886719 0.178711 0.881836 0.177734 0.871094 0.181641 0.856445 0.193359 0.851562
1 0.128906 0.858398 0.137695 0.855469 0.150391 0.850586 0.153320 0.859375 0.151367 0.874023 0.146484 0.879883 0.138672 0.882812 0.125000 0.874023
1 0.089844 0.844727 0.097656 0.852539 0.106445 0.857422 0.106445 0.867188 0.107422 0.875977 0.099609 0.884766 0.090820 0.886719 0.080078 0.891602 0.069336 0.888672 0.069336 0.877930 0.072266 0.866211 0.077148 0.861328 0.082031 0.848633
1 0.044922 0.821289 0.050781 0.831055 0.056641 0.835938 0.057617 0.839844 0.058594 0.844727 0.058594 0.849609 0.056641 0.856445 0.053711 0.860352 0.049805 0.865234 0.043945 0.867188 0.043945 0.867188 0.038086 0.870117 0.038086 0.870117 0.030273 0.872070 0.030273 0.872070 0.023438 0.871094 0.015625 0.870117 0.011719 0.853516 0.011719 0.853516 0.011719 0.846680 0.007812 0.840820 0.010742 0.835938 0.014648 0.833984 0.015625 0.827148 0.024414 0.827148 0.027344 0.821289 0.038086 0.817383
1 0.000000 0.813477 0.006836 0.813477 0.010742 0.822266 0.012695 0.826172 0.012695 0.831055 0.012695 0.833984 0.009766 0.835938 0.000000 0.833984
1 0.000000 0.743164 0.004883 0.746094 0.015625 0.743164 0.022461 0.748047 0.022461 0.756836 0.026367 0.764648 0.026367 0.764648 0.028320 0.766602 0.026367 0.773438 0.024414 0.781250 0.020508 0.782227 0.015625 0.791992 0.009766 0.795898 0.006836 0.798828 0.000000 0.796875
1 0.965820 0.688477 0.966797 0.682617 0.975586 0.679688 0.981445 0.683594 0.986328 0.690430 0.986328 0.697266 0.982422 0.702148 0.980469 0.705078 0.966797 0.702148 0.962891 0.695312
1 0.971680 0.736328 0.977539 0.729492 0.987305 0.728516 0.988281 0.734375 0.992188 0.742188 0.993164 0.747070 0.987305 0.756836 0.980469 0.757812 0.968750 0.758789 0.965820 0.753906 0.971680 0.750000 0.969727 0.741211
1 1.000000 0.779297 0.993164 0.780273 0.989258 0.783203 0.986328 0.787109 0.985352 0.790039 0.984375 0.794922 0.985352 0.800781 0.989258 0.804688 0.996094 0.807617 1.000000 0.807617
1 0.945312 0.779297 0.949219 0.778320 0.956055 0.777344 0.961914 0.779297 0.965820 0.781250 0.967773 0.786133 0.967773 0.790039 0.966797 0.793945 0.964844 0.796875 0.966797 0.798828 0.966797 0.803711 0.964844 0.807617 0.961914 0.807617 0.958984 0.810547 0.957031 0.812500 0.952148 0.814453 0.948242 0.813477 0.946289 0.810547 0.946289 0.808594 0.944336 0.804688 0.941406 0.801758 0.941406 0.797852 0.937500 0.791992 0.937500 0.787109 0.939453 0.785156 0.942383 0.783203
1 0.980469 0.830078 0.982422 0.825195 0.983398 0.820312 0.985352 0.819336 0.990234 0.822266 0.993164 0.825195 0.995117 0.827148 0.999023 0.828125 1.000000 0.829102 1.000000 0.863281 0.995117 0.864258 0.994141 0.869141 0.994141 0.869141 0.988281 0.875000 0.983398 0.871094 0.977539 0.866211 0.975586 0.861328 0.971680 0.858398 0.968750 0.858398 0.968750 0.854492 0.964844 0.846680 0.964844 0.840820 0.964844 0.840820 0.967773 0.838867 0.967773 0.833984 0.973633 0.830078 0.973633 0.830078 0.978516 0.832031
1 0.925781 0.827148 0.931641 0.826172 0.931641 0.826172 0.933594 0.827148 0.940430 0.824219 0.944336 0.828125 0.951172 0.828125 0.957031 0.833008 0.958984 0.833008 0.960938 0.835938 0.958984 0.837891 0.954102 0.838867 0.952148 0.845703 0.952148 0.845703 0.949219 0.847656 0.946289 0.849609 0.945312 0.852539 0.945312 0.854492 0.947266 0.858398 0.952148 0.860352 0.953125 0.863281 0.946289 0.866211 0.942383 0.865234 0.937500 0.863281 0.932617 0.862305 0.928711 0.857422 0.926758 0.856445 0.922852 0.850586 0.920898 0.843750 0.923828 0.840820 0.921875 0.836914 0.923828 0.835938 0.925781 0.836914
1 0.882812 0.830078 0.887695 0.825195 0.890625 0.825195 0.895508 0.825195 0.902344 0.831055 0.906250 0.833008 0.908203 0.837891 0.908203 0.840820 0.908203 0.843750 0.908203 0.848633 0.909180 0.854492 0.909180 0.855469 0.909180 0.859375 0.907227 0.859375 0.907227 0.864258 0.907227 0.866211 0.902344 0.869141 0.898438 0.865234 0.894531 0.864258 0.889648 0.866211 0.886719 0.868164 0.884766 0.869141 0.879883 0.869141 0.877930 0.861328 0.875977 0.856445 0.875977 0.850586 0.874023 0.847656 0.874023 0.843750 0.875977 0.842773 0.875977 0.836914 0.876953 0.833008 0.879883 0.831055
1 0.836914 0.829102 0.837891 0.823242 0.842773 0.819336 0.848633 0.823242 0.853516 0.820312 0.857422 0.827148 0.860352 0.829102 0.860352 0.833008 0.860352 0.836914 0.859375 0.843750 0.862305 0.849609 0.859375 0.855469 0.855469 0.857422 0.855469 0.862305 0.850586 0.865234 0.844727 0.865234 0.840820 0.872070 0.836914 0.875977 0.834961 0.867188 0.833008 0.859375 0.833984 0.854492 0.831055 0.845703 0.830078 0.837891 0.833008 0.834961 0.836914 0.833008
1 0.859375 0.780273 0.859375 0.768555 0.860352 0.762695 0.865234 0.763672 0.871094 0.768555 0.876953 0.768555 0.881836 0.759766 0.886719 0.760742 0.887695 0.769531 0.894531 0.771484 0.902344 0.775391 0.900391 0.789062 0.900391 0.789062 0.898438 0.792969 0.905273 0.797852 0.905273 0.801758 0.901367 0.809570 0.897461 0.817383 0.897461 0.817383 0.885742 0.819336 0.876953 0.819336 0.871094 0.818359 0.861328 0.818359 0.855469 0.817383 0.856445 0.810547 0.849609 0.803711 0.845703 0.792969 0.852539 0.791016
1 0.893555 0.731445 0.896484 0.725586 0.896484 0.720703 0.900391 0.719727 0.912109 0.723633 0.918945 0.729492 0.925781 0.729492 0.930664 0.744141 0.924805 0.749023 0.923828 0.755859 0.920898 0.758789 0.916016 0.761719 0.908203 0.761719 0.897461 0.753906 0.891602 0.749023 0.889648 0.735352
1 0.912109 0.679688 0.918945 0.669922 0.922852 0.669922 0.932617 0.671875 0.936523 0.673828 0.940430 0.681641 0.941406 0.687500 0.942383 0.697266 0.935547 0.698242 0.933594 0.706055 0.923828 0.708984 0.916992 0.708008 0.908203 0.705078 0.905273 0.698242 0.904297 0.689453
1 0.862305 0.666016 0.866211 0.664062 0.869141 0.658203 0.874023 0.661133 0.877930 0.663086 0.881836 0.661133 0.885742 0.661133 0.893555 0.668945 0.895508 0.671875 0.896484 0.673828 0.897461 0.677734 0.899414 0.678711 0.894531 0.686523 0.893555 0.688477 0.897461 0.693359 0.899414 0.697266 0.895508 0.704102 0.891602 0.708008 0.886719 0.706055 0.883789 0.712891 0.882812 0.715820 0.882812 0.717773 0.875000 0.719727 0.871094 0.715820 0.865234 0.710938 0.865234 0.708984 0.859375 0.705078 0.859375 0.699219 0.856445 0.695312 0.861328 0.687500 0.864258 0.684570 0.864258 0.679688 0.862305 0.674805 0.859375 0.674805 0.859375 0.668945
1 0.825195 0.721680 0.828125 0.714844 0.828125 0.711914 0.833008 0.712891 0.838867 0.712891 0.842773 0.715820 0.848633 0.718750 0.847656 0.726562 0.849609 0.731445 0.850586 0.738281 0.853516 0.742188 0.855469 0.742188 0.855469 0.748047 0.858398 0.754883 0.855469 0.758789 0.849609 0.761719 0.841797 0.763672 0.838867 0.765625 0.832031 0.771484 0.827148 0.769531 0.826172 0.768555 0.820312 0.767578 0.816406 0.766602 0.812500 0.764648 0.810547 0.759766 0.808594 0.750977 0.809570 0.741211 0.813477 0.729492 0.817383 0.726562
1 0.806641 0.664062 0.810547 0.659180 0.816406 0.662109 0.819336 0.664062 0.827148 0.664062 0.829102 0.671875 0.829102 0.677734 0.829102 0.682617 0.830078 0.688477 0.830078 0.695312 0.831055 0.702148 0.831055 0.702148 0.830078 0.708984 0.832031 0.718750 0.821289 0.720703 0.814453 0.709961 0.808594 0.708008 0.801758 0.713867 0.796875 0.716797 0.791992 0.711914 0.784180 0.709961 0.780273 0.702148 0.781250 0.695312 0.785156 0.691406 0.782227 0.681641 0.781250 0.674805 0.787109 0.664062 0.785156 0.660156 0.783203 0.654297 0.790039 0.652344 0.795898 0.652344 0.795898 0.652344 0.803711 0.657227
1 0.773438 0.731445 0.770508 0.727539 0.774414 0.723633 0.780273 0.722656 0.791016 0.727539 0.795898 0.730469 0.790039 0.739258 0.790039 0.739258 0.790039 0.743164 0.786133 0.746094 0.783203 0.746094 0.780273 0.746094 0.774414 0.741211
1 0.783203 0.775391 0.783203 0.766602 0.789062 0.766602 0.796875 0.766602 0.798828 0.772461 0.804688 0.776367 0.806641 0.782227 0.807617 0.788086 0.804688 0.793945 0.799805 0.805664 0.794922 0.807617 0.785156 0.806641 0.779297 0.806641 0.770508 0.807617 0.771484 0.799805 0.774414 0.792969 0.777344 0.786133 0.781250 0.778320
1 0.780273 0.826172 0.785156 0.818359 0.788086 0.816406 0.792969 0.816406 0.795898 0.820312 0.798828 0.820312 0.805664 0.822266 0.806641 0.826172 0.807617 0.831055 0.805664 0.840820 0.803711 0.850586 0.798828 0.857422 0.792969 0.860352 0.792969 0.860352 0.785156 0.859375 0.781250 0.857422 0.774414 0.853516 0.771484 0.851562 0.770508 0.846680 0.771484 0.839844 0.774414 0.831055 0.779297 0.830078
1 0.727539 0.833008 0.734375 0.822266 0.738281 0.817383 0.743164 0.817383 0.747070 0.825195 0.757812 0.826172 0.759766 0.833008 0.754883 0.833008 0.748047 0.836914 0.751953 0.842773 0.752930 0.846680 0.747070 0.851562 0.744141 0.854492 0.739258 0.861328 0.736328 0.861328 0.732422 0.861328 0.728516 0.859375 0.725586 0.855469 0.720703 0.851562 0.720703 0.843750 0.721680 0.833984
1 0.731445 0.753906 0.738281 0.752930 0.742188 0.759766 0.748047 0.760742 0.752930 0.757812 0.758789 0.752930 0.760742 0.753906 0.761719 0.761719 0.763672 0.768555 0.768555 0.773438 0.761719 0.786133 0.762695 0.791992 0.761719 0.796875 0.763672 0.801758 0.763672 0.805664 0.759766 0.812500 0.759766 0.812500 0.761719 0.818359 0.754883 0.821289 0.749023 0.822266 0.742188 0.812500 0.735352 0.812500 0.728516 0.812500 0.718750 0.819336 0.713867 0.813477 0.712891 0.807617 0.713867 0.803711 0.715820 0.798828 0.712891 0.792969 0.718750 0.788086 0.720703 0.776367 0.723633 0.770508 0.725586 0.766602 0.721680 0.756836
1 0.718750 0.715820 0.722656 0.708008 0.726562 0.705078 0.729492 0.708984 0.734375 0.708984 0.736328 0.713867 0.743164 0.712891 0.744141 0.717773 0.750977 0.717773 0.751953 0.721680 0.750977 0.725586 0.750977 0.730469 0.750000 0.735352 0.754883 0.744141 0.757812 0.749023 0.753906 0.753906 0.749023 0.755859 0.744141 0.754883 0.735352 0.751953 0.728516 0.753906 0.723633 0.749023 0.721680 0.744141 0.715820 0.743164 0.709961 0.738281 0.708008 0.725586
1 0.685547 0.812500 0.693359 0.801758 0.693359 0.793945 0.693359 0.793945 0.689453 0.790039 0.689453 0.781250 0.686523 0.779297 0.679688 0.779297 0.674805 0.779297 0.672852 0.783203 0.672852 0.787109 0.672852 0.790039 0.672852 0.797852 0.672852 0.802734 0.677734 0.803711 0.678711 0.805664 0.674805 0.807617 0.676758 0.812500
1 0.658203 0.754883 0.666992 0.756836 0.669922 0.757812 0.676758 0.759766 0.681641 0.759766 0.687500 0.758789 0.688477 0.753906 0.693359 0.754883 0.694336 0.750977 0.693359 0.746094 0.695312 0.739258 0.688477 0.734375 0.693359 0.732422 0.698242 0.724609 0.698242 0.717773 0.695312 0.713867 0.689453 0.713867 0.676758 0.714844 0.679688 0.710938 0.672852 0.708984 0.666016 0.710938 0.663086 0.722656 0.662109 0.727539 0.663086 0.735352 0.662109 0.740234
1 0.620117 0.775391 0.626953 0.770508 0.626953 0.770508 0.632812 0.768555 0.635742 0.770508 0.644531 0.765625 0.648438 0.765625 0.654297 0.765625 0.655273 0.770508 0.655273 0.782227 0.655273 0.787109 0.655273 0.792969 0.653320 0.798828 0.648438 0.802734 0.648438 0.802734 0.643555 0.803711 0.638672 0.804688 0.636719 0.805664 0.631836 0.808594 0.625000 0.804688 0.620117 0.802734 0.614258 0.795898 0.619141 0.792969
1 0.550781 0.799805 0.560547 0.794922 0.569336 0.791992 0.571289 0.780273 0.566406 0.772461 0.563477 0.765625 0.555664 0.766602 0.548828 0.762695 0.544922 0.768555 0.544922 0.775391 0.546875 0.781250 0.541992 0.785156 0.541992 0.791016 0.544922 0.792969
1 0.593750 0.825195 0.599609 0.820312 0.605469 0.819336 0.608398 0.826172 0.609375 0.833984 0.604492 0.841797 0.597656 0.842773 0.595703 0.833008
1 0.565430 0.816406 0.573242 0.815430 0.573242 0.815430 0.583008 0.817383 0.586914 0.828125 0.586914 0.828125 0.587891 0.834961 0.581055 0.843750 0.576172 0.845703 0.569336 0.847656 0.569336 0.847656 0.561523 0.847656 0.556641 0.836914 0.559570 0.831055 0.562500 0.825195
1 0.519531 0.810547 0.525391 0.821289 0.525391 0.822266 0.526367 0.829102 0.526367 0.834961 0.518555 0.840820 0.513672 0.841797 0.509766 0.842773 0.501953 0.841797 0.498047 0.840820 0.493164 0.829102 0.495117 0.821289 0.500977 0.810547 0.507812 0.810547 0.512695 0.804688
1 0.498047 0.779297 0.493164 0.773438 0.500000 0.760742 0.500000 0.760742 0.514648 0.767578 0.525391 0.767578 0.526367 0.776367 0.528320 0.782227 0.527344 0.788086 0.522461 0.791016 0.517578 0.791992 0.512695 0.796875 0.513672 0.796875 0.500000 0.795898 0.499023 0.790039 0.496094 0.788086
1 0.445312 0.805664 0.453125 0.810547 0.453125 0.810547 0.463867 0.809570 0.465820 0.819336 0.467773 0.826172 0.470703 0.832031 0.468750 0.838867 0.461914 0.838867 0.459961 0.844727 0.456055 0.845703 0.446289 0.845703 0.438477 0.842773 0.434570 0.839844 0.437500 0.831055 0.442383 0.820312 0.440430 0.810547
1 0.449219 0.763672 0.455078 0.747070 0.467773 0.750977 0.478516 0.761719 0.485352 0.766602 0.478516 0.776367 0.479492 0.786133 0.479492 0.793945 0.473633 0.793945 0.465820 0.802734 0.459961 0.799805 0.454102 0.791992 0.447266 0.788086 0.445312 0.779297 0.445312 0.772461 0.439453 0.765625 0.444336 0.761719
1 0.427734 0.767578 0.433594 0.760742 0.438477 0.759766 0.440430 0.767578 0.441406 0.778320 0.440430 0.786133 0.435547 0.790039 0.429688 0.791992 0.421875 0.788086 0.419922 0.780273
1 0.386719 0.809570 0.392578 0.805664 0.401367 0.802734 0.411133 0.804688 0.415039 0.810547 0.416016 0.824219 0.416992 0.832031 0.408203 0.839844 0.408203 0.839844 0.399414 0.833008 0.393555 0.839844 0.389648 0.839844 0.384766 0.831055 0.387695 0.826172 0.390625 0.820312 0.384766 0.815430
1 0.356445 0.803711 0.364258 0.804688 0.366211 0.813477 0.367188 0.821289 0.365234 0.828125 0.364258 0.831055 0.364258 0.842773 0.359375 0.844727 0.347656 0.846680 0.338867 0.845703 0.325195 0.833984 0.327148 0.816406 0.328125 0.810547 0.333008 0.809570 0.337891 0.797852 0.345703 0.795898 0.349609 0.793945
1 0.299805 0.802734 0.307617 0.814453 0.306641 0.824219 0.305664 0.836914 0.298828 0.837891 0.292969 0.841797 0.282227 0.839844 0.279297 0.841797 0.271484 0.840820 0.271484 0.833008 0.275391 0.819336 0.276367 0.808594 0.281250 0.801758 0.283203 0.795898 0.287109 0.796875
1 0.222656 0.805664 0.223633 0.821289 0.230469 0.827148 0.226562 0.835938 0.219727 0.840820 0.214844 0.843750 0.206055 0.841797 0.197266 0.829102 0.199219 0.816406 0.202148 0.806641 0.208984 0.804688
1 0.169922 0.808594 0.173828 0.814453 0.176758 0.820312 0.173828 0.827148 0.175781 0.834961 0.169922 0.839844 0.160156 0.836914 0.149414 0.835938 0.146484 0.828125 0.143555 0.814453 0.149414 0.808594 0.149414 0.803711 0.154297 0.801758 0.161133 0.801758
1 0.167969 0.781250 0.174805 0.796875 0.182617 0.795898 0.193359 0.794922 0.204102 0.792969 0.207031 0.789062 0.206055 0.782227 0.209961 0.781250 0.208984 0.772461 0.203125 0.766602 0.204102 0.762695 0.207031 0.758789 0.203125 0.750977 0.201172 0.746094 0.197266 0.743164 0.191406 0.750000 0.187500 0.742188 0.181641 0.742188 0.177734 0.745117 0.178711 0.750977 0.176758 0.756836 0.172852 0.760742 0.170898 0.768555
1 0.263672 0.763672 0.265625 0.750977 0.268555 0.750000 0.274414 0.753906 0.279297 0.753906 0.284180 0.755859 0.288086 0.761719 0.287109 0.767578 0.284180 0.773438 0.285156 0.779297 0.283203 0.786133 0.277344 0.786133 0.271484 0.789062 0.257812 0.785156 0.254883 0.775391 0.258789 0.766602
1 0.303711 0.756836 0.304688 0.747070 0.307617 0.746094 0.311523 0.747070 0.319336 0.746094 0.323242 0.748047 0.328125 0.753906 0.333008 0.757812 0.336914 0.758789 0.333008 0.770508 0.333008 0.778320 0.329102 0.780273 0.330078 0.784180 0.329102 0.788086 0.333008 0.791992 0.331055 0.797852 0.325195 0.799805 0.316406 0.797852 0.311523 0.794922 0.304688 0.795898 0.299805 0.795898 0.294922 0.785156 0.297852 0.778320 0.307617 0.780273 0.303711 0.764648
1 0.349609 0.762695 0.351562 0.750000 0.357422 0.750977 0.365234 0.753906 0.369141 0.758789 0.377930 0.757812 0.381836 0.759766 0.384766 0.764648 0.381836 0.768555 0.381836 0.768555 0.377930 0.771484 0.377930 0.783203 0.375000 0.791016 0.368164 0.793945 0.364258 0.793945 0.359375 0.794922 0.358398 0.791016 0.352539 0.789062 0.349609 0.790039 0.342773 0.789062 0.349609 0.783203 0.353516 0.778320 0.358398 0.771484
1 0.458984 0.710938 0.461914 0.696289 0.470703 0.693359 0.478516 0.695312 0.484375 0.700195 0.489258 0.697266 0.492188 0.708008 0.493164 0.717773 0.489258 0.724609 0.490234 0.731445 0.490234 0.737305 0.491211 0.737305 0.485352 0.742188 0.481445 0.743164 0.474609 0.747070 0.468750 0.747070 0.463867 0.744141 0.457031 0.743164 0.453125 0.745117 0.448242 0.744141 0.446289 0.740234 0.451172 0.729492 0.458008 0.726562 0.458008 0.718750
1 0.429688 0.701172 0.431641 0.711914 0.437500 0.719727 0.437500 0.725586 0.436523 0.731445 0.432617 0.740234 0.431641 0.746094 0.431641 0.752930 0.422852 0.752930 0.419922 0.752930 0.407227 0.754883 0.402344 0.750000 0.396484 0.749023 0.385742 0.745117 0.383789 0.738281 0.392578 0.738281 0.390625 0.728516 0.395508 0.721680 0.398438 0.709961 0.397461 0.697266 0.404297 0.692383 0.413086 0.691406 0.416016 0.693359 0.422852 0.692383 0.432617 0.695312
1 0.355469 0.704102 0.356445 0.712891 0.361328 0.722656 0.364258 0.734375 0.361328 0.738281 0.357422 0.739258 0.351562 0.747070 0.348633 0.756836 0.338867 0.751953 0.329102 0.752930 0.319336 0.748047 0.324219 0.741211 0.317383 0.735352 0.323242 0.713867 0.324219 0.706055 0.330078 0.700195 0.337891 0.701172 0.343750 0.694336 0.352539 0.697266
1 0.301758 0.708008 0.299805 0.714844 0.303711 0.721680 0.296875 0.729492 0.292969 0.740234 0.291992 0.746094 0.284180 0.745117 0.278320 0.740234 0.273438 0.733398 0.267578 0.725586 0.270508 0.716797 0.276367 0.706055 0.289062 0.702148
1 0.235352 0.699219 0.244141 0.705078 0.251953 0.707031 0.257812 0.709961 0.257812 0.723633 0.250977 0.735352 0.241211 0.740234 0.228516 0.735352 0.226562 0.726562 0.224609 0.717773 0.229492 0.709961 0.229492 0.704102
1 0.206055 0.694336 0.211914 0.708008 0.213867 0.715820 0.210938 0.721680 0.217773 0.725586 0.216797 0.734375 0.216797 0.734375 0.208984 0.736328 0.205078 0.741211 0.196289 0.737305 0.196289 0.737305 0.184570 0.743164 0.168945 0.737305 0.170898 0.724609 0.170898 0.706055 0.179688 0.692383 0.191406 0.689453 0.197266 0.696289
1 0.153320 0.709961 0.153320 0.724609 0.145508 0.734375 0.129883 0.740234 0.121094 0.734375 0.124023 0.718750 0.126953 0.704102 0.126953 0.704102 0.130859 0.695312 0.144531 0.698242
1 0.125000 0.668945 0.137695 0.685547 0.144531 0.686523 0.150391 0.677734 0.151367 0.666016 0.147461 0.654297 0.140625 0.650391 0.132812 0.651367 0.125977 0.656250
1 0.195312 0.660156 0.200195 0.649414 0.208008 0.647461 0.217773 0.660156 0.217773 0.669922 0.212891 0.672852 0.212891 0.681641 0.199219 0.682617 0.195312 0.679688
1 0.240234 0.655273 0.252930 0.649414 0.261719 0.654297 0.262695 0.667969 0.262695 0.685547 0.255859 0.691406 0.246094 0.698242 0.239258 0.698242 0.231445 0.674805
1 0.307617 0.658203 0.308594 0.651367 0.321289 0.653320 0.321289 0.664062 0.322266 0.671875 0.326172 0.681641 0.327148 0.686523 0.320312 0.692383 0.315430 0.692383 0.303711 0.699219 0.294922 0.699219 0.296875 0.693359 0.291992 0.684570 0.297852 0.673828
1 0.341797 0.659180 0.348633 0.652344 0.353516 0.653320 0.359375 0.654297 0.366211 0.665039 0.369141 0.668945 0.367188 0.676758 0.358398 0.684570 0.346680 0.693359 0.336914 0.682617 0.335938 0.673828 0.342773 0.669922 0.341797 0.663086
1 0.392578 0.666016 0.398438 0.660156 0.404297 0.659180 0.414062 0.662109 0.414062 0.669922 0.415039 0.673828 0.407227 0.682617 0.407227 0.682617 0.401367 0.687500 0.395508 0.688477 0.392578 0.688477 0.391602 0.681641 0.390625 0.672852
1 0.507812 0.725586 0.510742 0.714844 0.518555 0.713867 0.530273 0.707031 0.533203 0.718750 0.540039 0.718750 0.544922 0.722656 0.543945 0.728516 0.547852 0.733398 0.541016 0.739258 0.536133 0.746094 0.529297 0.748047 0.520508 0.745117 0.515625 0.742188
1 0.445312 0.668945 0.445312 0.646484 0.459961 0.651367 0.465820 0.646484 0.473633 0.653320 0.477539 0.663086 0.480469 0.668945 0.484375 0.673828 0.480469 0.680664 0.475586 0.681641 0.475586 0.681641 0.468750 0.686523 0.468750 0.694336 0.464844 0.700195 0.458984 0.700195 0.453125 0.701172 0.439453 0.689453
1 0.496094 0.663086 0.493164 0.654297 0.499023 0.646484 0.511719 0.648438 0.519531 0.650391 0.520508 0.659180 0.520508 0.669922 0.517578 0.680664 0.517578 0.687500 0.525391 0.687500 0.522461 0.693359 0.507812 0.696289 0.490234 0.687500 0.493164 0.682617 0.490234 0.677734 0.496094 0.672852
1 0.534180 0.658203 0.537109 0.652344 0.541016 0.652344 0.542969 0.657227 0.553711 0.654297 0.562500 0.659180 0.560547 0.669922 0.560547 0.678711 0.563477 0.683594 0.557617 0.689453 0.550781 0.691406 0.545898 0.694336 0.541992 0.698242 0.533203 0.698242 0.526367 0.689453 0.531250 0.682617 0.527344 0.660156
1 0.576172 0.669922 0.586914 0.663086 0.592773 0.670898 0.596680 0.678711 0.596680 0.688477 0.595703 0.693359 0.589844 0.701172 0.580078 0.698242 0.574219 0.688477 0.571289 0.683594 0.573242 0.678711
1 0.623047 0.672852 0.625977 0.663086 0.631836 0.666016 0.635742 0.673828 0.636719 0.676758 0.634766 0.682617 0.634766 0.682617 0.633789 0.687500 0.628906 0.688477 0.621094 0.677734
1 0.592773 0.644531 0.603516 0.650391 0.612305 0.651367 0.619141 0.653320 0.621094 0.647461 0.624023 0.642578 0.626953 0.640625 0.628906 0.634766 0.625000 0.628906 0.624023 0.624023 0.618164 0.620117 0.612305 0.618164 0.610352 0.615234 0.604492 0.616211 0.604492 0.623047 0.600586 0.625977 0.594727 0.630859 0.593750 0.636719
1 0.559570 0.614258 0.564453 0.614258 0.574219 0.615234 0.573242 0.622070 0.569336 0.629883 0.562500 0.631836 0.556641 0.625000 0.555664 0.617188
1 0.530273 0.618164 0.534180 0.607422 0.543945 0.607422 0.547852 0.614258 0.552734 0.618164 0.550781 0.624023 0.545898 0.625977 0.543945 0.633789 0.536133 0.635742 0.531250 0.636719 0.526367 0.631836
1 0.468750 0.609375 0.476562 0.602539 0.484375 0.603516 0.492188 0.603516 0.496094 0.607422 0.500000 0.615234 0.500977 0.624023 0.502930 0.635742 0.498047 0.640625 0.498047 0.640625 0.494141 0.645508 0.488281 0.647461 0.479492 0.647461 0.470703 0.647461 0.465820 0.642578 0.466797 0.630859
1 0.401367 0.600586 0.411133 0.600586 0.419922 0.597656 0.424805 0.608398 0.425781 0.619141 0.421875 0.624023 0.419922 0.627930 0.424805 0.633789 0.422852 0.638672 0.422852 0.638672 0.417969 0.641602 0.410156 0.643555 0.396484 0.638672 0.397461 0.630859 0.395508 0.620117 0.396484 0.606445
1 0.660156 0.668945 0.658203 0.660156 0.660156 0.653320 0.666016 0.653320 0.675781 0.662109 0.679688 0.658203 0.670898 0.651367 0.673828 0.647461 0.692383 0.648438 0.694336 0.661133 0.691406 0.676758 0.694336 0.679688 0.694336 0.685547 0.689453 0.693359 0.685547 0.695312 0.693359 0.697266 0.693359 0.700195 0.696289 0.704102 0.688477 0.710938 0.678711 0.713867 0.671875 0.709961 0.673828 0.705078 0.665039 0.703125 0.659180 0.699219 0.655273 0.689453 0.661133 0.673828
1 0.696289 0.666992 0.701172 0.655273 0.705078 0.654297 0.711914 0.656250 0.716797 0.665039 0.723633 0.668945 0.725586 0.677734 0.725586 0.683594 0.723633 0.687500 0.725586 0.689453 0.725586 0.695312 0.722656 0.702148 0.719727 0.704102 0.714844 0.701172 0.714844 0.701172 0.713867 0.706055 0.709961 0.708984 0.704102 0.708984 0.698242 0.703125 0.693359 0.694336 0.695312 0.690430 0.694336 0.686523 0.695312 0.680664 0.692383 0.672852 0.696289 0.670898
1 0.742188 0.676758 0.747070 0.666992 0.747070 0.666992 0.752930 0.667969 0.758789 0.673828 0.767578 0.684570 0.764648 0.695312 0.763672 0.700195 0.755859 0.702148 0.747070 0.697266
1 0.753906 0.611328 0.764648 0.614258 0.765625 0.624023 0.766602 0.630859 0.766602 0.642578 0.766602 0.650391 0.761719 0.653320 0.753906 0.654297 0.747070 0.657227 0.737305 0.648438 0.742188 0.637695 0.742188 0.627930 0.747070 0.621094 0.748047 0.613281
1 0.718750 0.609375 0.717773 0.618164 0.719727 0.626953 0.720703 0.630859 0.715820 0.637695 0.717773 0.642578 0.716797 0.650391 0.709961 0.651367 0.706055 0.654297 0.694336 0.650391 0.689453 0.627930 0.695312 0.620117 0.700195 0.608398 0.708008 0.608398
1 0.647461 0.615234 0.656250 0.608398 0.666016 0.608398 0.664062 0.621094 0.666992 0.627930 0.664062 0.638672 0.664062 0.649414 0.657227 0.649414 0.646484 0.650391 0.646484 0.650391 0.639648 0.648438 0.635742 0.644531 0.636719 0.629883 0.644531 0.619141
1 0.705078 0.531250 0.703125 0.520508 0.705078 0.511719 0.720703 0.513672 0.720703 0.513672 0.728516 0.521484 0.735352 0.530273 0.733398 0.539062 0.728516 0.543945 0.720703 0.544922 0.723633 0.554688 0.717773 0.557617 0.711914 0.555664 0.700195 0.548828
1 0.723633 0.571289 0.728516 0.558594 0.735352 0.559570 0.743164 0.560547 0.744141 0.570312 0.746094 0.582031 0.746094 0.590820 0.741211 0.597656 0.733398 0.607422 0.726562 0.608398 0.722656 0.610352 0.712891 0.605469 0.712891 0.589844 0.715820 0.577148
1 0.694336 0.571289 0.707031 0.576172 0.713867 0.579102 0.707031 0.591797 0.701172 0.597656 0.693359 0.603516 0.685547 0.600586 0.683594 0.592773 0.685547 0.582031 0.685547 0.582031 0.690430 0.576172
1 0.672852 0.553711 0.671875 0.565430 0.666016 0.569336 0.670898 0.578125 0.676758 0.583008 0.672852 0.589844 0.666992 0.593750 0.667969 0.598633 0.669922 0.604492 0.666016 0.609375 0.655273 0.608398 0.649414 0.613281 0.643555 0.610352 0.638672 0.613281 0.633789 0.608398 0.620117 0.599609 0.620117 0.584961 0.624023 0.576172 0.626953 0.565430 0.631836 0.555664 0.639648 0.555664 0.645508 0.552734
1 0.644531 0.508789 0.656250 0.511719 0.670898 0.508789 0.678711 0.513672 0.675781 0.525391 0.683594 0.533203 0.678711 0.542969 0.680664 0.545898 0.675781 0.552734 0.666992 0.552734 0.647461 0.552734 0.646484 0.544922 0.649414 0.540039 0.644531 0.534180 0.646484 0.525391 0.640625 0.521484
1 0.615234 0.515625 0.617188 0.525391 0.616211 0.537109 0.609375 0.545898 0.609375 0.545898 0.602539 0.546875 0.597656 0.541992 0.599609 0.522461 0.603516 0.515625
1 0.567383 0.545898 0.579102 0.558594 0.583008 0.567383 0.583008 0.579102 0.573242 0.588867 0.560547 0.589844 0.553711 0.582031 0.547852 0.569336 0.554688 0.566406 0.556641 0.556641 0.563477 0.554688
1 0.496094 0.514648 0.498047 0.499023 0.503906 0.501953 0.505859 0.494141 0.512695 0.497070 0.515625 0.500977 0.522461 0.497070 0.527344 0.506836 0.522461 0.521484 0.531250 0.518555 0.533203 0.528320 0.530273 0.542969 0.530273 0.549805 0.512695 0.549805 0.501953 0.546875 0.501953 0.546875 0.492188 0.542969 0.492188 0.542969 0.485352 0.537109 0.484375 0.527344 0.495117 0.521484
1 0.464844 0.513672 0.478516 0.532227 0.479492 0.540039 0.473633 0.543945 0.469727 0.550781 0.459961 0.550781 0.450195 0.549805 0.450195 0.544922 0.440430 0.546875 0.434570 0.544922 0.422852 0.541016 0.412109 0.538086 0.407227 0.531250 0.408203 0.525391 0.414062 0.521484 0.416016 0.513672 0.416992 0.503906 0.426758 0.500977 0.437500 0.504883 0.455078 0.502930 0.460938 0.503906
1 0.465820 0.570312 0.471680 0.553711 0.483398 0.568359 0.485352 0.579102 0.482422 0.584961 0.479492 0.587891 0.478516 0.590820 0.472656 0.590820 0.463867 0.585938 0.462891 0.578125
1 0.430664 0.545898 0.437500 0.566406 0.437500 0.579102 0.435547 0.589844 0.425781 0.589844 0.421875 0.593750 0.414062 0.593750 0.409180 0.594727 0.403320 0.589844 0.407227 0.583008 0.405273 0.569336 0.414062 0.548828 0.419922 0.547852 0.422852 0.543945
1 0.358398 0.599609 0.365234 0.592773 0.372070 0.593750 0.372070 0.600586 0.382812 0.606445 0.382812 0.617188 0.375977 0.623047 0.374023 0.627930 0.383789 0.631836 0.385742 0.634766 0.379883 0.642578 0.373047 0.639648 0.363281 0.638672 0.357422 0.638672 0.346680 0.630859 0.352539 0.623047 0.349609 0.608398
1 0.322266 0.607422 0.329102 0.608398 0.339844 0.610352 0.336914 0.618164 0.337891 0.622070 0.340820 0.626953 0.333008 0.634766 0.335938 0.640625 0.341797 0.639648 0.337891 0.645508 0.333984 0.654297 0.327148 0.649414 0.318359 0.649414 0.315430 0.639648 0.310547 0.636719 0.308594 0.632812 0.310547 0.623047 0.313477 0.609375
1 0.338867 0.558594 0.338867 0.544922 0.350586 0.552734 0.362305 0.558594 0.368164 0.563477 0.372070 0.570312 0.369141 0.577148 0.362305 0.579102 0.359375 0.583008 0.360352 0.587891 0.354492 0.591797 0.346680 0.592773 0.347656 0.592773 0.339844 0.582031 0.332031 0.575195
1 0.315430 0.563477 0.311523 0.573242 0.313477 0.582031 0.309570 0.584961 0.300781 0.584961 0.291016 0.589844 0.284180 0.584961 0.285156 0.575195 0.286133 0.564453 0.301758 0.554688 0.309570 0.551758 0.310547 0.551758
1 0.256836 0.554688 0.266602 0.555664 0.272461 0.567383 0.270508 0.577148 0.268555 0.581055 0.262695 0.582031 0.257812 0.584961 0.250977 0.592773 0.239258 0.580078 0.245117 0.552734
1 0.258789 0.595703 0.268555 0.604492 0.274414 0.611328 0.278320 0.615234 0.277344 0.621094 0.277344 0.621094 0.271484 0.623047 0.276367 0.628906 0.281250 0.632812 0.276367 0.638672 0.269531 0.638672 0.269531 0.644531 0.265625 0.648438 0.262695 0.650391 0.253906 0.644531 0.249023 0.650391 0.244141 0.645508 0.241211 0.635742 0.232422 0.626953 0.238281 0.615234 0.238281 0.604492 0.242188 0.598633 0.248047 0.601562
1 0.214844 0.596680 0.221680 0.593750 0.225586 0.597656 0.221680 0.609375 0.222656 0.620117 0.222656 0.625977 0.216797 0.630859 0.209961 0.636719 0.204102 0.634766 0.203125 0.628906 0.197266 0.629883 0.193359 0.623047 0.198242 0.617188 0.200195 0.606445 0.205078 0.599609 0.207031 0.590820 0.213867 0.589844
1 0.168945 0.595703 0.174805 0.599609 0.173828 0.608398 0.170898 0.611328 0.174805 0.617188 0.174805 0.625000 0.175781 0.631836 0.175781 0.631836 0.167969 0.639648 0.160156 0.639648 0.156250 0.643555 0.156250 0.643555 0.147461 0.639648 0.143555 0.627930 0.141602 0.607422 0.145508 0.591797 0.153320 0.592773 0.154297 0.582031 0.166992 0.583984
1 0.148438 0.538086 0.168945 0.542969 0.174805 0.556641 0.171875 0.566406 0.171875 0.573242 0.165039 0.578125 0.165039 0.579102 0.157227 0.582031 0.148438 0.583008 0.139648 0.583008 0.127930 0.574219 0.131836 0.567383 0.134766 0.562500 0.134766 0.552734 0.136719 0.544922 0.140625 0.542969 0.142578 0.541992
1 0.081055 0.804688 0.086914 0.795898 0.100586 0.801758 0.110352 0.798828 0.110352 0.808594 0.108398 0.822266 0.112305 0.835938 0.086914 0.839844 0.073242 0.833984 0.074219 0.817383
1 0.072266 0.744141 0.082031 0.748047 0.091797 0.734375 0.100586 0.741211 0.103516 0.752930 0.111328 0.761719 0.108398 0.771484 0.112305 0.776367 0.097656 0.789062 0.084961 0.790039 0.070312 0.780273 0.063477 0.762695
1 0.053711 0.722656 0.054688 0.701172 0.040039 0.690430 0.032227 0.689453 0.026367 0.713867 0.041992 0.724609
1 0.061523 0.678711 0.080078 0.686523 0.097656 0.674805 0.092773 0.663086 0.095703 0.646484 0.084961 0.638672 0.072266 0.638672 0.061523 0.649414 0.061523 0.665039
1 0.015625 0.680664 0.026367 0.671875 0.046875 0.666992 0.043945 0.655273 0.043945 0.641602 0.035156 0.629883 0.016602 0.635742 0.009766 0.645508 0.010742 0.645508 0.012695 0.659180 0.006836 0.671875
1 0.000000 0.631836 0.015625 0.621094 0.008789 0.601562 0.000000 0.601562
1 0.000000 0.584961 0.009766 0.585938 0.022461 0.559570 0.018555 0.537109 0.012695 0.531250 0.000000 0.532227 0.000000 0.581055
1 0.042969 0.547852 0.063477 0.548828 0.071289 0.552734 0.075195 0.565430 0.075195 0.573242 0.073242 0.579102 0.066406 0.580078 0.060547 0.584961 0.060547 0.584961 0.046875 0.583984 0.038086 0.570312
1 0.963867 0.012695 0.972656 0.000000 0.979492 0.000000 0.986328 0.009766 0.991211 0.020508 0.987305 0.029297 0.975586 0.029297 0.963867 0.023438