1 0.185547 0.005859 0.188477 0.018555 0.202148 0.030273 0.227539 0.025391 0.235352 0.018555 0.230469 0.005859 0.224609 0.000000 0.192383 0.000000
1 0.285156 0.000000 0.279297 0.006836 0.275391 0.011719 0.281250 0.024414 0.288086 0.024414 0.294922 0.025391 0.301758 0.023438 0.304688 0.028320 0.311523 0.025391 0.311523 0.019531 0.315430 0.019531 0.320312 0.013672 0.318359 0.007812 0.315430 0.000000
1 0.382812 0.000000 0.377930 0.010742 0.381836 0.016602 0.390625 0.021484 0.401367 0.020508 0.401367 0.015625 0.408203 0.013672 0.409180 0.000000
1 0.477539 0.000000 0.477539 0.007812 0.475586 0.012695 0.481445 0.013672 0.488281 0.012695 0.492188 0.014648 0.496094 0.012695 0.496094 0.007812 0.497070 0.002930 0.494141 0.000000
1 0.559570 0.000000 0.557617 0.003906 0.562500 0.005859 0.557617 0.013672 0.565430 0.012695 0.568359 0.013672 0.579102 0.015625 0.583984 0.016602 0.587891 0.015625 0.589844 0.011719 0.593750 0.009766 0.592773 0.005859 0.593750 0.001953 0.594727 0.000000
1 0.931641 0.041016 0.942383 0.045898 0.949219 0.048828 0.951172 0.053711 0.948242 0.062500 0.949219 0.069336 0.941406 0.066406 0.939453 0.072266 0.932617 0.071289 0.928711 0.074219 0.919922 0.066406 0.916992 0.065430 0.916016 0.056641 0.913086 0.053711 0.917969 0.046875 0.924805 0.047852
1 0.856445 0.045898 0.857422 0.055664 0.859375 0.060547 0.854492 0.071289 0.844727 0.078125 0.839844 0.075195 0.837891 0.080078 0.833008 0.082031 0.830078 0.080078 0.822266 0.081055 0.820312 0.073242 0.821289 0.062500 0.824219 0.053711 0.827148 0.050781 0.829102 0.047852 0.835938 0.047852 0.839844 0.041016 0.848633 0.042969 0.852539 0.042969
1 0.764648 0.078125 0.762695 0.066406 0.765625 0.058594 0.748047 0.049805 0.743164 0.056641 0.735352 0.063477 0.730469 0.071289 0.736328 0.072266 0.739258 0.083008 0.746094 0.084961 0.752930 0.078125 0.756836 0.081055
1 0.651367 0.052734 0.677734 0.061523 0.682617 0.072266 0.682617 0.080078 0.683594 0.090820 0.678711 0.091797 0.668945 0.091797 0.664062 0.098633 0.661133 0.094727 0.655273 0.090820 0.647461 0.091797 0.642578 0.086914 0.639648 0.083984 0.639648 0.058594 0.648438 0.058594
1 0.581055 0.065430 0.584961 0.071289 0.584961 0.071289 0.584961 0.081055 0.582031 0.090820 0.577148 0.092773 0.576172 0.098633 0.564453 0.101562 0.554688 0.100586 0.554688 0.093750 0.549805 0.085938 0.551758 0.078125 0.557617 0.072266 0.559570 0.063477 0.568359 0.065430 0.575195 0.063477 0.579102 0.063477
1 0.495117 0.083008 0.493164 0.095703 0.490234 0.105469 0.482422 0.109375 0.470703 0.106445 0.469727 0.102539 0.463867 0.100586 0.462891 0.091797 0.466797 0.087891 0.467773 0.083984 0.469727 0.081055 0.474609 0.081055 0.473633 0.074219 0.475586 0.069336 0.479492 0.067383 0.485352 0.068359 0.491211 0.073242
1 0.395508 0.079102 0.396484 0.086914 0.395508 0.094727 0.394531 0.102539 0.391602 0.104492 0.390625 0.108398 0.385742 0.112305 0.384766 0.115234 0.379883 0.115234 0.376953 0.114258 0.372070 0.111328 0.366211 0.110352 0.362305 0.102539 0.357422 0.094727 0.362305 0.091797 0.364258 0.084961 0.364258 0.079102 0.372070 0.075195 0.378906 0.079102 0.384766 0.075195 0.389648 0.075195
1 0.291016 0.074219 0.298828 0.077148 0.300781 0.081055 0.304688 0.083984 0.308594 0.088867 0.307617 0.095703 0.308594 0.101562 0.309570 0.106445 0.306641 0.112305 0.303711 0.117188 0.299805 0.117188 0.291992 0.114258 0.284180 0.113281 0.278320 0.108398 0.272461 0.109375 0.267578 0.107422 0.269531 0.092773 0.276367 0.090820 0.276367 0.085938 0.280273 0.078125 0.285156 0.076172
1 0.203125 0.101562 0.209961 0.095703 0.207031 0.088867 0.195312 0.092773 0.177734 0.083984 0.176758 0.096680 0.176758 0.096680 0.162109 0.106445 0.173828 0.109375 0.179688 0.119141 0.189453 0.116211 0.199219 0.119141 0.201172 0.111328 0.208984 0.103516
1 0.250977 0.188477 0.256836 0.170898 0.262695 0.172852 0.275391 0.163086 0.282227 0.175781 0.293945 0.186523 0.292969 0.199219 0.287109 0.197266 0.274414 0.208008 0.259766 0.208008 0.252930 0.205078 0.250000 0.196289
1 0.355469 0.161133 0.363281 0.164062 0.374023 0.166016 0.380859 0.178711 0.379883 0.186523 0.375977 0.194336 0.373047 0.197266 0.368164 0.201172 0.364258 0.204102 0.353516 0.196289 0.345703 0.189453 0.344727 0.171875
1 0.463867 0.163086 0.468750 0.166992 0.472656 0.166016 0.472656 0.169922 0.475586 0.171875 0.478516 0.172852 0.477539 0.182617 0.476562 0.190430 0.474609 0.194336 0.470703 0.199219 0.462891 0.199219 0.456055 0.200195 0.449219 0.194336 0.444336 0.186523 0.444336 0.177734 0.451172 0.175781 0.452148 0.172852 0.457031 0.165039 0.458984 0.165039 0.459961 0.166016
1 0.550781 0.153320 0.555664 0.155273 0.560547 0.153320 0.564453 0.152344 0.565430 0.153320 0.566406 0.151367 0.569336 0.151367 0.570312 0.153320 0.571289 0.156250 0.574219 0.157227 0.574219 0.159180 0.576172 0.160156 0.574219 0.162109 0.577148 0.165039 0.576172 0.169922 0.573242 0.174805 0.573242 0.178711 0.571289 0.181641 0.566406 0.180664 0.564453 0.181641 0.562500 0.187500 0.559570 0.188477 0.555664 0.187500 0.552734 0.191406 0.547852 0.185547 0.541016 0.188477 0.541016 0.182617 0.539062 0.179688 0.540039 0.175781 0.534180 0.166016 0.535156 0.161133 0.539062 0.159180 0.541992 0.155273 0.544922 0.154297
1 0.636719 0.152344 0.641602 0.151367 0.643555 0.146484 0.648438 0.144531 0.654297 0.146484 0.657227 0.148438 0.657227 0.150391 0.658203 0.155273 0.660156 0.158203 0.660156 0.161133 0.660156 0.165039 0.659180 0.169922 0.656250 0.174805 0.656250 0.174805 0.654297 0.178711 0.649414 0.178711 0.643555 0.178711 0.638672 0.180664 0.630859 0.176758 0.629883 0.170898 0.632812 0.166016 0.632812 0.161133 0.636719 0.157227
1 0.725586 0.155273 0.724609 0.152344 0.729492 0.148438 0.732422 0.144531 0.736328 0.141602 0.746094 0.143555 0.749023 0.146484 0.749023 0.151367 0.752930 0.151367 0.755859 0.153320 0.755859 0.158203 0.750977 0.165039 0.750000 0.166992 0.748047 0.171875 0.745117 0.174805 0.741211 0.170898 0.733398 0.175781 0.731445 0.170898 0.727539 0.175781 0.724609 0.171875 0.722656 0.171875 0.723633 0.166016 0.723633 0.164062 0.719727 0.162109
1 0.811523 0.140625 0.814453 0.133789 0.820312 0.131836 0.821289 0.126953 0.826172 0.125977 0.832031 0.129883 0.840820 0.134766 0.847656 0.138672 0.855469 0.144531 0.854492 0.155273 0.848633 0.161133 0.844727 0.165039 0.842773 0.168945 0.837891 0.168945 0.833984 0.170898 0.824219 0.171875 0.816406 0.167969 0.811523 0.163086 0.808594 0.153320 0.808594 0.149414
1 0.900391 0.135742 0.907227 0.131836 0.911133 0.132812 0.920898 0.131836 0.924805 0.127930 0.928711 0.128906 0.933594 0.134766 0.935547 0.140625 0.936523 0.146484 0.937500 0.151367 0.936523 0.158203 0.930664 0.158203 0.924805 0.169922 0.919922 0.163086 0.914062 0.165039 0.906250 0.166992 0.903320 0.159180 0.898438 0.159180 0.896484 0.145508
1 1.000000 0.160156 0.987305 0.156250 0.983398 0.149414 0.979492 0.141602 0.988281 0.133789 0.993164 0.126953 1.000000 0.124023
1 1.000000 0.211914 0.990234 0.210938 0.981445 0.212891 0.981445 0.218750 0.976562 0.222656 0.971680 0.226562 0.973633 0.232422 0.974609 0.242188 0.981445 0.245117 0.991211 0.246094 1.000000 0.250000
1 0.918945 0.220703 0.926758 0.235352 0.924805 0.246094 0.924805 0.246094 0.921875 0.250977 0.915039 0.252930 0.913086 0.256836 0.909180 0.256836 0.905273 0.252930 0.900391 0.251953 0.892578 0.249023 0.891602 0.238281 0.886719 0.238281 0.891602 0.228516 0.896484 0.227539 0.899414 0.221680 0.904297 0.223633 0.909180 0.219727
1 0.833008 0.229492 0.832031 0.236328 0.833984 0.245117 0.828125 0.254883 0.823242 0.256836 0.814453 0.258789 0.814453 0.258789 0.809570 0.259766 0.807617 0.253906 0.803711 0.256836 0.798828 0.255859 0.798828 0.250977 0.800781 0.239258 0.801758 0.234375 0.801758 0.226562 0.806641 0.220703 0.814453 0.218750 0.818359 0.223633 0.826172 0.226562 0.831055 0.226562
1 0.737305 0.229492 0.743164 0.238281 0.748047 0.244141 0.748047 0.249023 0.748047 0.255859 0.748047 0.261719 0.743164 0.263672 0.737305 0.268555 0.726562 0.272461 0.719727 0.271484 0.713867 0.270508 0.708984 0.264648 0.704102 0.255859 0.706055 0.248047 0.710938 0.245117 0.709961 0.233398 0.716797 0.228516 0.720703 0.233398 0.726562 0.232422 0.729492 0.228516 0.733398 0.227539
1 0.635742 0.237305 0.642578 0.244141 0.648438 0.250000 0.648438 0.257812 0.644531 0.263672 0.640625 0.271484 0.640625 0.271484 0.632812 0.273438 0.621094 0.272461 0.618164 0.263672 0.618164 0.250000 0.627930 0.241211
1 0.548828 0.246094 0.557617 0.252930 0.562500 0.265625 0.562500 0.265625 0.559570 0.275391 0.556641 0.280273 0.556641 0.280273 0.550781 0.282227 0.546875 0.285156 0.541016 0.283203 0.541016 0.283203 0.536133 0.286133 0.527344 0.279297 0.527344 0.271484 0.527344 0.267578 0.524414 0.262695 0.532227 0.251953 0.542969 0.248047
1 0.471680 0.273438 0.464844 0.277344 0.460938 0.280273 0.458008 0.282227 0.455078 0.284180 0.449219 0.287109 0.442383 0.286133 0.436523 0.280273 0.429688 0.278320 0.427734 0.265625 0.436523 0.257812 0.443359 0.250000 0.450195 0.251953 0.455078 0.251953 0.461914 0.256836 0.461914 0.256836 0.463867 0.259766 0.468750 0.260742 0.470703 0.267578
1 0.364258 0.293945 0.367188 0.290039 0.371094 0.288086 0.374023 0.283203 0.374023 0.275391 0.368164 0.270508 0.363281 0.266602 0.366211 0.262695 0.356445 0.255859 0.351562 0.259766 0.347656 0.261719 0.336914 0.257812 0.334961 0.261719 0.333008 0.267578 0.330078 0.279297 0.332031 0.285156 0.337891 0.287109 0.342773 0.294922 0.347656 0.291992 0.352539 0.296875 0.358398 0.299805
1 0.278320 0.289062 0.272461 0.298828 0.272461 0.298828 0.268555 0.300781 0.265625 0.302734 0.261719 0.305664 0.255859 0.304688 0.253906 0.298828 0.244141 0.295898 0.242188 0.291992 0.241211 0.283203 0.245117 0.276367 0.256836 0.268555 0.267578 0.271484 0.274414 0.279297
1 0.182617 0.298828 0.179688 0.301758 0.169922 0.307617 0.157227 0.306641 0.151367 0.301758 0.147461 0.291016 0.147461 0.283203 0.147461 0.277344 0.153320 0.271484 0.158203 0.275391 0.162109 0.273438 0.163086 0.267578 0.166016 0.263672 0.171875 0.270508 0.182617 0.276367 0.182617 0.280273 0.186523 0.281250 0.186523 0.284180 0.185547 0.291992 0.188477 0.292969 0.188477 0.297852
1 0.228516 0.368164 0.234375 0.366211 0.248047 0.358398 0.252930 0.368164 0.268555 0.372070 0.265625 0.381836 0.250977 0.396484 0.239258 0.395508 0.235352 0.392578 0.229492 0.396484 0.223633 0.383789
1 0.318359 0.362305 0.322266 0.350586 0.336914 0.340820 0.354492 0.348633 0.355469 0.361328 0.353516 0.373047 0.349609 0.380859 0.343750 0.390625 0.333008 0.389648 0.321289 0.373047
1 0.420898 0.354492 0.426758 0.347656 0.433594 0.350586 0.440430 0.346680 0.450195 0.350586 0.455078 0.358398 0.456055 0.365234 0.455078 0.372070 0.450195 0.377930 0.447266 0.378906 0.441406 0.383789 0.438477 0.384766 0.426758 0.382812 0.421875 0.373047 0.418945 0.369141 0.421875 0.362305
1 0.520508 0.350586 0.523438 0.342773 0.529297 0.340820 0.533203 0.335938 0.538086 0.336914 0.543945 0.344727 0.544922 0.348633 0.551758 0.354492 0.553711 0.360352 0.549805 0.370117 0.541016 0.370117 0.536133 0.377930 0.531250 0.377930 0.525391 0.375977 0.520508 0.373047 0.515625 0.367188 0.507812 0.368164 0.510742 0.362305 0.510742 0.356445
1 0.610352 0.338867 0.611328 0.333008 0.617188 0.331055 0.623047 0.326172 0.629883 0.327148 0.630859 0.329102 0.633789 0.329102 0.634766 0.333984 0.640625 0.337891 0.642578 0.345703 0.642578 0.345703 0.640625 0.351562 0.637695 0.359375 0.636719 0.363281 0.632812 0.364258 0.626953 0.366211 0.620117 0.366211 0.616211 0.370117 0.612305 0.372070 0.606445 0.372070 0.607422 0.363281 0.600586 0.353516 0.601562 0.344727
1 0.720703 0.325195 0.727539 0.325195 0.733398 0.335938 0.730469 0.343750 0.729492 0.350586 0.722656 0.359375 0.722656 0.359375 0.708008 0.360352 0.701172 0.359375 0.693359 0.353516 0.691406 0.333984 0.701172 0.323242 0.708008 0.319336 0.713867 0.321289 0.718750 0.322266
1 0.787109 0.330078 0.794922 0.323242 0.809570 0.318359 0.819336 0.324219 0.827148 0.328125 0.829102 0.334961 0.825195 0.339844 0.825195 0.339844 0.818359 0.345703 0.818359 0.348633 0.816406 0.350586 0.816406 0.353516 0.810547 0.355469 0.801758 0.354492 0.795898 0.353516 0.789062 0.349609 0.787109 0.342773 0.788086 0.337891
1 0.877930 0.317383 0.889648 0.308594 0.893555 0.306641 0.894531 0.311523 0.900391 0.312500 0.903320 0.310547 0.915039 0.310547 0.914062 0.316406 0.914062 0.327148 0.914062 0.333008 0.909180 0.338867 0.905273 0.342773 0.899414 0.344727 0.896484 0.346680 0.891602 0.343750 0.886719 0.343750 0.875000 0.334961 0.876953 0.330078
1 0.966797 0.306641 0.972656 0.304688 0.974609 0.298828 0.979492 0.297852 0.986328 0.298828 0.992188 0.301758 0.997070 0.304688 1.000000 0.304688 1.000000 0.328125 0.995117 0.331055 0.988281 0.333008 0.987305 0.337891 0.982422 0.338867 0.979492 0.338867 0.972656 0.337891 0.966797 0.335938 0.960938 0.333008 0.958008 0.331055 0.956055 0.325195 0.959961 0.318359 0.960938 0.311523
1 0.966797 0.392578 0.977539 0.391602 0.983398 0.393555 0.984375 0.400391 0.989258 0.406250 0.995117 0.412109 0.995117 0.412109 0.988281 0.422852 0.983398 0.426758 0.979492 0.428711 0.968750 0.426758 0.963867 0.430664 0.958984 0.422852 0.950195 0.417969 0.948242 0.408203 0.950195 0.397461 0.956055 0.395508 0.958984 0.390625
1 0.895508 0.398438 0.894531 0.406250 0.898438 0.406250 0.898438 0.415039 0.899414 0.419922 0.898438 0.421875 0.894531 0.423828 0.894531 0.423828 0.892578 0.429688 0.881836 0.429688 0.880859 0.435547 0.876953 0.431641 0.873047 0.432617 0.869141 0.426758 0.859375 0.418945 0.863281 0.416992 0.863281 0.414062 0.865234 0.413086 0.868164 0.410156 0.867188 0.408203 0.864258 0.406250 0.872070 0.403320 0.873047 0.399414 0.876953 0.393555 0.879883 0.396484 0.881836 0.395508 0.883789 0.396484 0.887695 0.393555
1 0.790039 0.412109 0.795898 0.416992 0.803711 0.416992 0.806641 0.421875 0.810547 0.427734 0.809570 0.432617 0.804688 0.432617 0.808594 0.442383 0.803711 0.444336 0.800781 0.443359 0.800781 0.447266 0.798828 0.449219 0.795898 0.451172 0.791992 0.450195 0.789062 0.452148 0.784180 0.453125 0.783203 0.449219 0.774414 0.449219 0.775391 0.445312 0.773438 0.441406 0.771484 0.439453 0.770508 0.434570 0.765625 0.432617 0.769531 0.425781 0.775391 0.418945 0.783203 0.415039 0.786133 0.414062
1 0.722656 0.433594 0.719727 0.441406 0.719727 0.441406 0.719727 0.445312 0.717773 0.450195 0.712891 0.454102 0.712891 0.454102 0.705078 0.455078 0.703125 0.457031 0.695312 0.456055 0.696289 0.452148 0.690430 0.450195 0.684570 0.450195 0.682617 0.445312 0.684570 0.440430 0.685547 0.436523 0.690430 0.429688 0.692383 0.425781 0.695312 0.421875 0.699219 0.414062 0.703125 0.417969 0.713867 0.417969 0.719727 0.426758 0.717773 0.430664 0.719727 0.431641
1 0.623047 0.443359 0.620117 0.445312 0.619141 0.454102 0.621094 0.456055 0.618164 0.458984 0.616211 0.461914 0.609375 0.461914 0.606445 0.458008 0.600586 0.458984 0.599609 0.454102 0.596680 0.453125 0.591797 0.454102 0.585938 0.449219 0.590820 0.444336 0.591797 0.435547 0.591797 0.431641 0.596680 0.432617 0.596680 0.423828 0.599609 0.421875 0.603516 0.422852 0.603516 0.425781 0.611328 0.424805 0.615234 0.427734 0.618164 0.432617 0.621094 0.436523 0.623047 0.438477
1 0.526367 0.427734 0.533203 0.435547 0.536133 0.438477 0.539062 0.446289 0.537109 0.454102 0.532227 0.457031 0.532227 0.458984 0.528320 0.458984 0.521484 0.467773 0.515625 0.465820 0.511719 0.466797 0.505859 0.461914 0.497070 0.455078 0.499023 0.448242 0.499023 0.439453 0.503906 0.438477 0.508789 0.430664 0.514648 0.431641 0.519531 0.426758
1 0.442383 0.458008 0.446289 0.465820 0.443359 0.469727 0.441406 0.474609 0.439453 0.482422 0.428711 0.477539 0.428711 0.481445 0.422852 0.485352 0.421875 0.481445 0.417969 0.480469 0.417969 0.476562 0.410156 0.470703 0.411133 0.463867 0.412109 0.455078 0.416016 0.453125 0.419922 0.454102 0.420898 0.447266 0.424805 0.443359 0.429688 0.445312 0.437500 0.446289 0.439453 0.450195 0.439453 0.455078
1 0.348633 0.462891 0.343750 0.474609 0.340820 0.479492 0.337891 0.483398 0.330078 0.482422 0.330078 0.482422 0.324219 0.485352 0.318359 0.478516 0.309570 0.474609 0.307617 0.467773 0.310547 0.456055 0.313477 0.449219 0.320312 0.441406 0.326172 0.439453 0.333008 0.439453 0.334961 0.442383 0.337891 0.447266 0.341797 0.444336 0.340820 0.448242 0.343750 0.454102 0.345703 0.457031
1 0.247070 0.459961 0.248047 0.468750 0.252930 0.475586 0.250000 0.488281 0.243164 0.491211 0.243164 0.491211 0.231445 0.497070 0.222656 0.490234 0.214844 0.489258 0.208984 0.478516 0.212891 0.463867 0.217773 0.456055 0.223633 0.457031 0.229492 0.451172 0.235352 0.450195 0.244141 0.452148
1 0.225586 0.550781 0.232422 0.557617 0.239258 0.560547 0.240234 0.566406 0.233398 0.575195 0.225586 0.579102 0.222656 0.584961 0.211914 0.585938 0.200195 0.583008 0.199219 0.578125 0.197266 0.573242 0.199219 0.567383 0.202148 0.558594 0.202148 0.554688 0.204102 0.554688 0.206055 0.554688 0.211914 0.551758 0.212891 0.551758 0.215820 0.551758 0.218750 0.549805
1 0.307617 0.546875 0.317383 0.538086 0.324219 0.538086 0.332031 0.544922 0.335938 0.549805 0.335938 0.556641 0.333008 0.565430 0.333008 0.565430 0.333008 0.573242 0.327148 0.573242 0.318359 0.579102 0.312500 0.580078 0.295898 0.574219 0.295898 0.559570 0.299805 0.548828
1 0.396484 0.535156 0.398438 0.530273 0.403320 0.530273 0.407227 0.528320 0.420898 0.533203 0.427734 0.538086 0.428711 0.542969 0.429688 0.549805 0.429688 0.549805 0.428711 0.554688 0.427734 0.558594 0.423828 0.562500 0.418945 0.565430 0.413086 0.570312 0.409180 0.571289 0.393555 0.564453 0.392578 0.561523 0.392578 0.557617 0.390625 0.555664 0.391602 0.552734 0.391602 0.548828 0.388672 0.548828 0.389648 0.542969 0.394531 0.535156
1 0.500977 0.521484 0.509766 0.518555 0.513672 0.519531 0.514648 0.521484 0.518555 0.521484 0.521484 0.529297 0.522461 0.531250 0.524414 0.534180 0.524414 0.536133 0.524414 0.541016 0.525391 0.548828 0.519531 0.548828 0.519531 0.552734 0.516602 0.555664 0.516602 0.559570 0.513672 0.559570 0.508789 0.562500 0.501953 0.560547 0.500977 0.557617 0.493164 0.556641 0.488281 0.553711 0.483398 0.549805 0.483398 0.541992 0.485352 0.539062 0.489258 0.537109 0.489258 0.533203 0.489258 0.531250 0.491211 0.526367 0.490234 0.523438 0.491211 0.519531 0.495117 0.516602
1 0.590820 0.515625 0.603516 0.518555 0.605469 0.525391 0.612305 0.527344 0.614258 0.532227 0.611328 0.537109 0.608398 0.541016 0.606445 0.546875 0.604492 0.551758 0.597656 0.551758 0.596680 0.553711 0.588867 0.553711 0.577148 0.540039 0.578125 0.528320
1 0.677734 0.511719 0.687500 0.508789 0.692383 0.508789 0.699219 0.514648 0.703125 0.519531 0.705078 0.523438 0.699219 0.530273 0.697266 0.538086 0.693359 0.541992 0.690430 0.542969 0.685547 0.542969 0.680664 0.544922 0.678711 0.541992 0.671875 0.539062 0.669922 0.530273 0.666016 0.523438 0.671875 0.518555
1 0.768555 0.503906 0.782227 0.498047 0.793945 0.501953 0.801758 0.508789 0.799805 0.518555 0.792969 0.518555 0.793945 0.527344 0.789062 0.527344 0.785156 0.528320 0.773438 0.529297 0.759766 0.522461 0.761719 0.512695 0.764648 0.506836
1 0.846680 0.493164 0.858398 0.494141 0.859375 0.487305 0.865234 0.487305 0.868164 0.492188 0.872070 0.490234 0.881836 0.495117 0.881836 0.501953 0.885742 0.509766 0.885742 0.514648 0.877930 0.518555 0.869141 0.521484 0.865234 0.524414 0.862305 0.523438 0.852539 0.523438 0.847656 0.514648 0.848633 0.508789 0.846680 0.501953
1 0.950195 0.482422 0.958008 0.482422 0.965820 0.484375 0.974609 0.489258 0.981445 0.494141 0.981445 0.501953 0.981445 0.511719 0.970703 0.511719 0.963867 0.517578 0.957031 0.521484 0.948242 0.521484 0.937500 0.517578 0.933594 0.503906 0.933594 0.503906 0.940430 0.494141 0.943359 0.483398
1 0.941406 0.570312 0.949219 0.571289 0.960938 0.575195 0.962891 0.583984 0.966797 0.587891 0.965820 0.599609 0.963867 0.605469 0.958984 0.605469 0.958984 0.611328 0.949219 0.612305 0.939453 0.611328 0.923828 0.599609 0.920898 0.593750 0.921875 0.582031 0.927734 0.574219 0.934570 0.572266
1 0.697266 0.625977 0.696289 0.617188 0.694336 0.609375 0.693359 0.601562 0.682617 0.598633 0.676758 0.596680 0.666992 0.600586 0.659180 0.600586 0.656250 0.612305 0.654297 0.618164 0.652344 0.622070 0.653320 0.628906 0.657227 0.640625 0.660156 0.639648 0.668945 0.645508 0.668945 0.646484 0.674805 0.642578 0.683594 0.643555 0.686523 0.635742 0.695312 0.631836
1 0.594727 0.631836 0.591797 0.635742 0.593750 0.640625 0.589844 0.642578 0.584961 0.645508 0.581055 0.644531 0.576172 0.645508 0.571289 0.644531 0.568359 0.640625 0.565430 0.637695 0.562500 0.629883 0.563477 0.619141 0.569336 0.613281 0.581055 0.608398 0.585938 0.611328 0.588867 0.611328 0.591797 0.611328 0.592773 0.615234 0.594727 0.623047 0.595703 0.625977
1 0.505859 0.638672 0.500977 0.643555 0.501953 0.646484 0.500977 0.650391 0.500977 0.654297 0.500977 0.658203 0.498047 0.658203 0.496094 0.655273 0.494141 0.655273 0.490234 0.652344 0.486328 0.655273 0.479492 0.655273 0.476562 0.648438 0.471680 0.648438 0.469727 0.646484 0.470703 0.638672 0.472656 0.635742 0.472656 0.631836 0.472656 0.625977 0.477539 0.625977 0.481445 0.623047 0.484375 0.621094 0.486328 0.623047 0.493164 0.620117 0.497070 0.619141 0.500000 0.626953 0.503906 0.629883
1 0.410156 0.659180 0.404297 0.661133 0.402344 0.664062 0.399414 0.667969 0.394531 0.671875 0.386719 0.669922 0.376953 0.666016 0.375977 0.658203 0.372070 0.645508 0.374023 0.637695 0.380859 0.630859 0.384766 0.628906 0.387695 0.624023 0.399414 0.627930 0.406250 0.625977 0.409180 0.631836 0.414062 0.633789 0.413086 0.639648 0.410156 0.643555 0.411133 0.650391 0.412109 0.655273
1 0.309570 0.667969 0.312500 0.657227 0.320312 0.652344 0.319336 0.646484 0.315430 0.641602 0.309570 0.635742 0.301758 0.633789 0.300781 0.637695 0.296875 0.639648 0.291992 0.639648 0.286133 0.642578 0.276367 0.647461 0.276367 0.653320 0.279297 0.661133 0.285156 0.665039 0.287109 0.670898 0.291016 0.669922 0.295898 0.671875 0.300781 0.669922
1 0.227539 0.654297 0.223633 0.662109 0.226562 0.669922 0.226562 0.672852 0.221680 0.674805 0.218750 0.674805 0.217773 0.677734 0.210938 0.676758 0.207031 0.679688 0.204102 0.683594 0.200195 0.684570 0.197266 0.684570 0.194336 0.686523 0.192383 0.678711 0.188477 0.676758 0.186523 0.672852 0.185547 0.667969 0.185547 0.664062 0.187500 0.661133 0.182617 0.660156 0.180664 0.658203 0.183594 0.656250 0.182617 0.652344 0.184570 0.648438 0.188477 0.648438 0.189453 0.645508 0.202148 0.645508 0.203125 0.642578 0.206055 0.640625 0.210938 0.639648 0.217773 0.641602 0.217773 0.644531 0.222656 0.646484 0.225586 0.649414
1 0.185547 0.735352 0.194336 0.741211 0.196289 0.745117 0.202148 0.744141 0.208984 0.747070 0.209961 0.750000 0.210938 0.753906 0.208008 0.757812 0.207031 0.763672 0.207031 0.767578 0.202148 0.768555 0.200195 0.771484 0.196289 0.776367 0.189453 0.785156 0.185547 0.783203 0.182617 0.774414 0.177734 0.775391 0.175781 0.777344 0.172852 0.773438 0.171875 0.768555 0.167969 0.768555 0.170898 0.764648 0.170898 0.760742 0.171875 0.758789 0.171875 0.754883 0.172852 0.751953 0.174805 0.749023 0.176758 0.747070 0.175781 0.745117 0.179688 0.741211 0.181641 0.741211 0.182617 0.737305
1 0.274414 0.728516 0.280273 0.730469 0.282227 0.727539 0.286133 0.727539 0.290039 0.723633 0.292969 0.725586 0.294922 0.728516 0.299805 0.732422 0.300781 0.736328 0.302734 0.739258 0.302734 0.746094 0.300781 0.748047 0.300781 0.752930 0.297852 0.756836 0.294922 0.764648 0.292969 0.767578 0.286133 0.768555 0.275391 0.767578 0.270508 0.761719 0.265625 0.756836 0.263672 0.751953 0.265625 0.749023 0.264648 0.745117 0.266602 0.741211 0.268555 0.739258 0.269531 0.734375
1 0.360352 0.752930 0.369141 0.757812 0.377930 0.753906 0.383789 0.757812 0.390625 0.753906 0.395508 0.749023 0.402344 0.750977 0.399414 0.744141 0.399414 0.736328 0.394531 0.728516 0.389648 0.722656 0.375977 0.722656 0.373047 0.726562 0.367188 0.726562 0.363281 0.733398 0.359375 0.732422 0.359375 0.737305 0.360352 0.739258 0.360352 0.745117
1 0.459961 0.715820 0.472656 0.707031 0.477539 0.710938 0.486328 0.709961 0.491211 0.718750 0.492188 0.724609 0.494141 0.728516 0.491211 0.729492 0.496094 0.735352 0.493164 0.737305 0.494141 0.740234 0.490234 0.741211 0.490234 0.741211 0.487305 0.738281 0.485352 0.746094 0.478516 0.745117 0.479492 0.751953 0.469727 0.751953 0.460938 0.750000 0.457031 0.744141 0.454102 0.733398 0.455078 0.722656 0.457031 0.717773
1 0.559570 0.705078 0.566406 0.701172 0.570312 0.704102 0.573242 0.707031 0.578125 0.708008 0.580078 0.713867 0.581055 0.719727 0.582031 0.722656 0.576172 0.729492 0.574219 0.737305 0.569336 0.737305 0.564453 0.737305 0.559570 0.735352 0.554688 0.732422 0.549805 0.717773
1 0.658203 0.690430 0.668945 0.693359 0.674805 0.697266 0.674805 0.706055 0.673828 0.714844 0.670898 0.720703 0.665039 0.721680 0.665039 0.721680 0.663086 0.725586 0.659180 0.725586 0.658203 0.722656 0.653320 0.721680 0.647461 0.719727 0.643555 0.712891 0.643555 0.706055 0.643555 0.698242
1 0.750000 0.690430 0.755859 0.686523 0.764648 0.689453 0.770508 0.697266 0.769531 0.705078 0.770508 0.711914 0.769531 0.716797 0.767578 0.721680 0.759766 0.722656 0.754883 0.722656 0.753906 0.725586 0.749023 0.722656 0.741211 0.719727 0.734375 0.708008 0.738281 0.697266 0.746094 0.697266
1 0.919922 0.663086 0.932617 0.659180 0.939453 0.663086 0.951172 0.671875 0.954102 0.676758 0.954102 0.680664 0.953125 0.686523 0.953125 0.688477 0.953125 0.692383 0.950195 0.697266 0.947266 0.700195 0.942383 0.700195 0.937500 0.697266 0.930664 0.697266 0.925781 0.696289 0.914062 0.689453 0.913086 0.667969
1 1.000000 0.778320 0.991211 0.772461 0.983398 0.763672 0.986328 0.753906 0.994141 0.747070 1.000000 0.743164
1 0.927734 0.800781 0.929688 0.794922 0.934570 0.793945 0.936523 0.788086 0.942383 0.783203 0.939453 0.775391 0.934570 0.771484 0.934570 0.765625 0.923828 0.758789 0.913086 0.755859 0.904297 0.762695 0.899414 0.770508 0.898438 0.778320 0.899414 0.785156 0.908203 0.795898 0.912109 0.796875 0.914062 0.797852 0.921875 0.799805 0.922852 0.799805
1 0.737305 0.770508 0.747070 0.778320 0.757812 0.784180 0.759766 0.794922 0.759766 0.805664 0.752930 0.813477 0.746094 0.818359 0.738281 0.818359 0.733398 0.815430 0.724609 0.816406 0.717773 0.810547 0.714844 0.788086 0.720703 0.770508
1 0.666016 0.796875 0.667969 0.801758 0.666992 0.807617 0.663086 0.821289 0.657227 0.815430 0.653320 0.824219 0.648438 0.824219 0.636719 0.823242 0.633789 0.816406 0.629883 0.807617 0.621094 0.805664 0.626953 0.794922 0.634766 0.784180 0.642578 0.778320 0.656250 0.778320 0.659180 0.784180
1 0.573242 0.827148 0.567383 0.827148 0.563477 0.830078 0.560547 0.829102 0.557617 0.829102 0.554688 0.835938 0.550781 0.833008 0.549805 0.836914 0.545898 0.837891 0.543945 0.834961 0.541992 0.836914 0.538086 0.831055 0.534180 0.823242 0.529297 0.823242 0.529297 0.815430 0.530273 0.810547 0.533203 0.803711 0.536133 0.800781 0.540039 0.797852 0.546875 0.790039 0.553711 0.787109 0.562500 0.791016 0.566406 0.794922 0.567383 0.797852 0.569336 0.799805 0.569336 0.802734 0.571289 0.806641 0.571289 0.811523 0.574219 0.813477 0.574219 0.819336
1 0.479492 0.830078 0.476562 0.835938 0.471680 0.838867 0.462891 0.845703 0.458008 0.845703 0.452148 0.845703 0.444336 0.834961 0.443359 0.818359 0.444336 0.812500 0.451172 0.810547 0.456055 0.808594 0.459961 0.801758 0.472656 0.793945 0.478516 0.804688 0.480469 0.813477 0.478516 0.820312 0.482422 0.823242
1 0.383789 0.833984 0.382812 0.839844 0.382812 0.843750 0.376953 0.851562 0.372070 0.853516 0.366211 0.856445 0.358398 0.858398 0.357422 0.856445 0.355469 0.856445 0.352539 0.855469 0.350586 0.851562 0.352539 0.848633 0.350586 0.844727 0.347656 0.844727 0.346680 0.833984 0.349609 0.825195 0.355469 0.821289 0.366211 0.816406 0.372070 0.816406 0.380859 0.817383 0.385742 0.820312 0.381836 0.826172
1 0.293945 0.843750 0.286133 0.851562 0.280273 0.852539 0.283203 0.861328 0.279297 0.865234 0.270508 0.871094 0.263672 0.869141 0.253906 0.870117 0.239258 0.853516 0.243164 0.840820 0.243164 0.830078 0.250977 0.824219 0.260742 0.817383 0.282227 0.819336 0.291992 0.827148
1 0.191406 0.843750 0.196289 0.856445 0.188477 0.863281 0.185547 0.870117 0.178711 0.870117 0.169922 0.874023 0.165039 0.865234 0.149414 0.862305 0.149414 0.862305 0.156250 0.852539 0.154297 0.846680 0.159180 0.844727 0.161133 0.838867 0.171875 0.830078 0.189453 0.831055
1 0.157227 0.931641 0.169922 0.934570 0.179688 0.934570 0.183594 0.939453 0.179688 0.943359 0.177734 0.948242 0.175781 0.953125 0.173828 0.955078 0.168945 0.958984 0.161133 0.964844 0.161133 0.964844 0.152344 0.963867 0.149414 0.955078 0.143555 0.944336 0.147461 0.943359 0.146484 0.940430 0.150391 0.937500 0.148438 0.933594 0.150391 0.931641
1 0.245117 0.922852 0.251953 0.915039 0.262695 0.914062 0.269531 0.918945 0.274414 0.928711 0.278320 0.928711 0.281250 0.935547 0.279297 0.939453 0.277344 0.943359 0.276367 0.949219 0.271484 0.952148 0.264648 0.952148 0.264648 0.958008 0.258789 0.959961 0.251953 0.959961 0.251953 0.959961 0.243164 0.955078 0.233398 0.945312 0.238281 0.941406 0.233398 0.937500 0.234375 0.929688 0.239258 0.926758
1 0.340820 0.912109 0.345703 0.909180 0.353516 0.904297 0.364258 0.906250 0.368164 0.912109 0.374023 0.915039 0.371094 0.922852 0.366211 0.938477 0.359375 0.936523 0.354492 0.938477 0.347656 0.939453 0.347656 0.948242 0.337891 0.942383 0.330078 0.946289 0.330078 0.931641 0.328125 0.921875
1 0.437500 0.897461 0.442383 0.897461 0.447266 0.890625 0.454102 0.891602 0.457031 0.895508 0.461914 0.901367 0.467773 0.903320 0.468750 0.906250 0.465820 0.909180 0.469727 0.915039 0.466797 0.919922 0.466797 0.925781 0.458008 0.930664 0.450195 0.930664 0.437500 0.936523 0.430664 0.930664 0.427734 0.915039 0.427734 0.907227 0.432617 0.906250
1 0.527344 0.888672 0.536133 0.883789 0.543945 0.886719 0.550781 0.893555 0.550781 0.901367 0.548828 0.908203 0.548828 0.916992 0.545898 0.924805 0.545898 0.924805 0.539062 0.924805 0.532227 0.925781 0.532227 0.925781 0.528320 0.919922 0.524414 0.920898 0.517578 0.909180 0.520508 0.893555
1 0.629883 0.868164 0.631836 0.873047 0.639648 0.870117 0.645508 0.870117 0.646484 0.878906 0.651367 0.885742 0.651367 0.891602 0.651367 0.897461 0.653320 0.905273 0.650391 0.911133 0.646484 0.912109 0.645508 0.916992 0.639648 0.916992 0.636719 0.918945 0.627930 0.918945 0.620117 0.914062 0.614258 0.901367 0.613281 0.888672 0.614258 0.880859 0.618164 0.876953 0.621094 0.869141
1 0.706055 0.874023 0.719727 0.864258 0.719727 0.864258 0.731445 0.865234 0.743164 0.872070 0.746094 0.884766 0.746094 0.895508 0.741211 0.901367 0.733398 0.905273 0.729492 0.911133 0.721680 0.910156 0.709961 0.905273 0.705078 0.896484 0.705078 0.885742 0.702148 0.879883
1 0.798828 0.862305 0.803711 0.855469 0.828125 0.856445 0.832031 0.866211 0.840820 0.874023 0.844727 0.886719 0.840820 0.887695 0.837891 0.895508 0.833008 0.900391 0.829102 0.903320 0.826172 0.898438 0.823242 0.905273 0.818359 0.904297 0.815430 0.898438 0.807617 0.895508 0.798828 0.879883 0.794922 0.878906 0.793945 0.866211
1 0.885742 0.846680 0.905273 0.839844 0.917969 0.846680 0.923828 0.857422 0.929688 0.862305 0.926758 0.869141 0.930664 0.873047 0.925781 0.879883 0.925781 0.885742 0.918945 0.886719 0.912109 0.886719 0.907227 0.885742 0.899414 0.882812 0.895508 0.879883 0.888672 0.883789 0.883789 0.871094 0.880859 0.860352 0.885742 0.855469
1 1.000000 0.875977 0.989258 0.875977 0.989258 0.875977 0.982422 0.869141 0.969727 0.856445 0.971680 0.843750 0.977539 0.838867 0.986328 0.833008 0.994141 0.833984 1.000000 0.836914
1 1.000000 0.968750 0.991211 0.963867 0.989258 0.967773 0.985352 0.968750 0.975586 0.964844 0.972656 0.960938 0.963867 0.953125 0.958008 0.949219 0.958008 0.940430 0.961914 0.929688 0.968750 0.926758 0.970703 0.922852 0.977539 0.916992 0.984375 0.918945 0.987305 0.920898 0.983398 0.925781 0.988281 0.932617 0.992188 0.930664 1.000000 0.935547
1 0.904297 0.948242 0.905273 0.954102 0.906250 0.958984 0.901367 0.965820 0.902344 0.979492 0.894531 0.975586 0.892578 0.978516 0.887695 0.978516 0.880859 0.975586 0.878906 0.970703 0.875000 0.970703 0.874023 0.960938 0.875000 0.957031 0.869141 0.958008 0.866211 0.954102 0.866211 0.947266 0.870117 0.947266 0.874023 0.935547 0.881836 0.934570 0.884766 0.936523 0.891602 0.934570 0.896484 0.937500 0.898438 0.940430
1 0.813477 0.958008 0.816406 0.968750 0.817383 0.972656 0.817383 0.976562 0.817383 0.983398 0.812500 0.984375 0.808594 0.980469 0.806641 0.982422 0.795898 0.980469 0.793945 0.978516 0.789062 0.976562 0.789062 0.970703 0.784180 0.970703 0.778320 0.958984 0.782227 0.952148 0.791016 0.954102 0.797852 0.950195 0.809570 0.950195
1 0.725586 0.990234 0.724609 0.997070 0.719727 0.999023 0.713867 1.000000 0.710938 0.998047 0.708008 0.996094 0.703125 0.996094 0.697266 0.987305 0.691406 0.982422 0.690430 0.967773 0.694336 0.958008 0.701172 0.956055 0.708008 0.954102 0.708008 0.951172 0.716797 0.953125 0.718750 0.958008 0.724609 0.958008 0.726562 0.966797 0.732422 0.970703 0.732422 0.977539 0.731445 0.991211
1 0.633789 1.000000 0.603516 1.000000 0.598633 0.995117 0.597656 0.989258 0.599609 0.982422 0.604492 0.976562 0.604492 0.976562 0.614258 0.971680 0.621094 0.971680 0.628906 0.974609 0.635742 0.980469 0.635742 0.984375 0.636719 0.989258 0.635742 0.993164
1 0.502930 1.000000 0.506836 0.985352 0.510742 0.983398 0.515625 0.983398 0.528320 0.975586 0.537109 0.983398 0.540039 0.989258 0.541016 0.995117 0.541016 1.000000
1 0.415039 1.000000 0.415039 0.992188 0.418945 0.990234 0.422852 0.983398 0.427734 0.976562 0.431641 0.976562 0.433594 0.983398 0.440430 0.982422 0.443359 0.987305 0.448242 0.987305 0.453125 0.990234 0.455078 1.000000
0 0.000000 0.072266 0.011719 0.070312 0.022461 0.076172 0.035156 0.077148 0.045898 0.067383 0.052734 0.079102 0.071289 0.077148 0.081055 0.067383 0.090820 0.060547 0.100586 0.046875 0.088867 0.015625 0.084961 0.010742 0.088867 0.005859 0.088867 0.000000 0.000000 0.000000
0 0.092773 0.172852 0.092773 0.208008 0.076172 0.229492 0.066406 0.238281 0.045898 0.230469 0.032227 0.232422 0.017578 0.222656 0.000000 0.223633 0.000000 0.175781 0.006836 0.174805 0.010742 0.152344 0.019531 0.151367 0.021484 0.156250 0.026367 0.157227 0.030273 0.151367 0.038086 0.153320 0.042969 0.154297 0.045898 0.152344 0.051758 0.154297 0.058594 0.157227 0.065430 0.159180 0.073242 0.166016 0.083008 0.166992
0 0.000000 0.430664 0.002930 0.433594 0.007812 0.417969 0.009766 0.408203 0.020508 0.416016 0.033203 0.419922 0.041992 0.416016 0.046875 0.402344 0.058594 0.398438 0.060547 0.384766 0.060547 0.371094 0.068359 0.366211 0.082031 0.358398 0.084961 0.366211 0.088867 0.368164 0.101562 0.364258 0.106445 0.343750 0.099609 0.319336 0.091797 0.305664 0.083008 0.305664 0.079102 0.299805 0.069336 0.309570 0.064453 0.302734 0.056641 0.303711 0.038086 0.292969 0.026367 0.285156 0.017578 0.282227 0.014648 0.274414 0.000000 0.263672
0 0.000000 0.440430 0.006836 0.439453 0.012695 0.443359 0.024414 0.444336 0.024414 0.451172 0.033203 0.458008 0.042969 0.454102 0.051758 0.460938 0.064453 0.458008 0.069336 0.465820 0.077148 0.464844 0.084961 0.472656 0.089844 0.475586 0.089844 0.491211 0.089844 0.491211 0.090820 0.509766 0.094727 0.524414 0.095703 0.532227 0.089844 0.539062 0.074219 0.540039 0.062500 0.541992 0.064453 0.560547 0.066406 0.568359 0.069336 0.578125 0.086914 0.594727 0.093750 0.610352 0.102539 0.633789 0.098633 0.643555 0.092773 0.655273 0.084961 0.665039 0.084961 0.687500 0.084961 0.700195 0.083008 0.714844 0.077148 0.726562 0.072266 0.734375 0.075195 0.737305 0.075195 0.739258 0.072266 0.740234 0.068359 0.744141 0.058594 0.749023 0.050781 0.754883 0.043945 0.755859 0.037109 0.756836 0.032227 0.759766 0.026367 0.759766 0.019531 0.759766 0.010742 0.750000 0.004883 0.757812 0.000000 0.758789 0.000000 0.719727 0.004883 0.715820 0.008789 0.708984 0.000000 0.704102
0 0.070312 0.776367 0.061523 0.800781 0.067383 0.814453 0.076172 0.823242 0.083008 0.842773 0.071289 0.849609 0.070312 0.866211 0.073242 0.877930 0.072266 0.889648 0.047852 0.913086 0.056641 0.929688 0.056641 0.944336 0.052734 0.967773 0.050781 0.978516 0.050781 0.986328 0.051758 1.000000 0.000000 1.000000 0.000000 0.768555 0.004883 0.769531 0.008789 0.764648 0.018555 0.761719 0.023438 0.767578 0.031250 0.772461 0.034180 0.777344 0.039062 0.777344 0.046875 0.771484 0.058594 0.768555
1 0.809570 0.792969 0.811523 0.773438 0.832031 0.779297 0.841797 0.789062 0.833008 0.799805 0.828125 0.804688
1 0.834961 0.694336 0.837891 0.702148 0.855469 0.702148 0.864258 0.691406 0.871094 0.684570 0.861328 0.676758 0.856445 0.675781 0.848633 0.667969 0.838867 0.674805 0.833984 0.688477