1 0.041992 0.058594 0.038086 0.061523 0.032227 0.058594 0.031250 0.053711 0.020508 0.053711 0.018555 0.048828 0.015625 0.049805 0.012695 0.046875 0.011719 0.040039 0.008789 0.043945 0.004883 0.044922 0.000977 0.041992 0.000000 0.040039 0.000000 0.035156 0.000977 0.031250 0.002930 0.027344 0.004883 0.023438 0.007812 0.021484 0.006836 0.017578 0.003906 0.015625 0.004883 0.008789 0.007812 0.007812 0.005859 0.005859 0.007812 0.000000 0.065430 0.000000 0.064453 0.002930 0.063477 0.005859 0.066406 0.006836 0.072266 0.007812 0.073242 0.011719 0.075195 0.015625 0.074219 0.019531 0.075195 0.023438 0.073242 0.025391 0.074219 0.028320 0.073242 0.032227 0.070312 0.036133 0.066406 0.038086 0.061523 0.039062 0.058594 0.039062 0.057617 0.041016 0.058594 0.043945 0.053711 0.046875 0.053711 0.046875 0.051758 0.051758 0.047852 0.054688 0.044922 0.053711
1 0.072266 0.077148 0.063477 0.073242 0.063477 0.068359 0.059570 0.069336 0.052734 0.077148 0.049805 0.076172 0.053711 0.068359 0.049805 0.065430 0.058594 0.062500 0.063477 0.055664 0.066406 0.047852 0.062500 0.044922 0.062500 0.038086 0.068359 0.036133 0.071289 0.034180 0.073242 0.029297 0.081055 0.027344 0.085938 0.033203 0.094463 0.033130 0.096680 0.033203 0.096680 0.037109 0.101562 0.038086 0.101562 0.044922 0.100586 0.049805 0.097656 0.051758 0.093750 0.057617 0.094727 0.061523 0.086914 0.060547 0.087891 0.066406 0.085938 0.074219 0.078125 0.075195
1 0.116211 0.102539 0.114258 0.096680 0.120117 0.092773 0.124023 0.089844 0.125000 0.079102 0.129883 0.078125 0.130859 0.071289 0.135742 0.073242 0.138672 0.077148 0.142578 0.074219 0.146484 0.078125 0.149414 0.075195 0.159180 0.078125 0.162109 0.078125 0.168945 0.083008 0.169922 0.086914 0.163086 0.092773 0.166016 0.095703 0.166016 0.102539 0.169922 0.101562 0.175781 0.105469 0.173828 0.108398 0.155273 0.110352 0.155273 0.116211 0.151367 0.119141 0.147461 0.119141 0.143555 0.119141 0.141602 0.125000 0.138672 0.130859 0.136719 0.125977 0.133789 0.125977 0.132812 0.119141 0.130859 0.117188 0.124023 0.118164 0.120117 0.115234 0.125000 0.110352 0.120117 0.107422
1 0.289062 0.108398 0.285156 0.107422 0.281250 0.104492 0.279297 0.097656 0.277344 0.091797 0.278320 0.083984 0.282197 0.077688 0.286133 0.074219 0.292969 0.075195 0.294922 0.070312 0.297852 0.067383 0.303711 0.066406 0.310595 0.068910 0.315430 0.068359 0.318359 0.071289 0.317383 0.075195 0.318359 0.082031 0.320312 0.083984 0.322266 0.086914 0.322266 0.088867 0.323242 0.090820 0.321289 0.091797 0.318359 0.095703 0.318359 0.098633 0.314453 0.097656 0.310547 0.099609 0.309570 0.103516 0.305664 0.108398 0.302734 0.110352 0.298828 0.109375 0.294922 0.110352 0.291992 0.108398
1 0.321289 0.088867 0.321289 0.084961 0.316406 0.082031 0.313477 0.079102 0.314453 0.075195 0.319336 0.072266 0.316406 0.068359 0.309570 0.070312 0.305664 0.074219 0.297852 0.070312 0.294313 0.071002 0.289588 0.064954 0.286110 0.052216 0.289062 0.042969 0.295898 0.039062 0.293945 0.033203 0.296409 0.028205 0.302962 0.022615 0.308594 0.018555 0.318359 0.014648 0.326172 0.016602 0.330078 0.021484 0.336914 0.021484 0.340820 0.026367 0.340820 0.030273 0.346680 0.036133 0.344727 0.040039 0.347656 0.041016 0.347656 0.044922 0.350586 0.049805 0.353516 0.055664 0.358398 0.054688 0.359375 0.059570 0.359375 0.064453 0.360352 0.067383 0.359375 0.072266 0.354492 0.076172 0.351562 0.077148 0.349609 0.079102 0.345703 0.078125 0.345703 0.083008 0.340820 0.083984 0.336914 0.088867 0.334961 0.092773 0.336914 0.097656 0.334961 0.101562 0.332031 0.106445 0.327148 0.107422 0.324219 0.104492 0.322266 0.099609 0.319336 0.097656 0.320312 0.091797
1 0.385742 0.082031 0.386719 0.075195 0.375977 0.066406 0.385742 0.047852 0.394531 0.043945 0.400391 0.037109 0.409180 0.040039 0.416992 0.039062 0.420898 0.046875 0.429688 0.045898 0.441406 0.042969 0.438477 0.048828 0.450195 0.051758 0.448242 0.056641 0.452148 0.059570 0.458008 0.070312 0.452148 0.074219 0.447266 0.078125 0.448242 0.083984 0.443359 0.087891 0.436523 0.089844 0.430664 0.097656 0.420898 0.095703 0.413086 0.098633 0.406250 0.095703 0.398438 0.099609 0.391602 0.096680 0.389648 0.091797 0.391602 0.086914
1 0.746094 0.102539 0.739258 0.102539 0.735352 0.095703 0.721680 0.094727 0.717773 0.086914 0.726562 0.083984 0.724609 0.078125 0.715820 0.070312 0.713867 0.060547 0.722656 0.046875 0.727539 0.049805 0.732422 0.056641 0.737305 0.056641 0.740234 0.044922 0.746094 0.043945 0.750977 0.050781 0.758789 0.045898 0.762695 0.046875 0.758789 0.056641 0.768555 0.058594 0.771484 0.065430 0.769531 0.068359 0.776367 0.070312 0.776367 0.075195 0.773438 0.082031 0.766602 0.095703 0.762695 0.101562 0.750000 0.100586
1 0.773438 0.000000 0.777344 0.003906 0.763672 0.013672 0.762695 0.019531 0.773438 0.019531 0.777344 0.021484 0.785491 0.037483 0.789062 0.039062 0.794922 0.039062 0.799805 0.033203 0.802734 0.038086 0.812500 0.039062 0.813477 0.033203 0.817383 0.030273 0.822266 0.035156 0.828125 0.031250 0.827148 0.027344 0.832031 0.023438 0.832031 0.022461 0.829102 0.019531 0.824219 0.015625 0.827148 0.011719 0.824219 0.006836 0.825195 0.006836 0.834961 0.005859 0.826172 0.000977 0.825195 0.000977 0.825195 0.000000
0 0.908203 0.010742 0.914062 0.017578 0.914062 0.031250 0.918945 0.038086 0.921875 0.045898 0.925781 0.054688 0.933594 0.059570 0.939453 0.061523 0.944336 0.059570 0.948242 0.065430 0.957608 0.066666 0.972656 0.057617 0.989258 0.046875 0.998047 0.029297 0.997070 0.016602 0.991211 0.011719 0.998047 0.000000 0.914540 0.000000 0.909180 0.003906
1 0.836914 0.162109 0.830078 0.153320 0.822266 0.153320 0.809570 0.143555 0.814453 0.135742 0.805664 0.126953 0.821289 0.119141 0.821289 0.109375 0.824219 0.103516 0.832031 0.108398 0.838867 0.100586 0.852539 0.101562 0.853516 0.123047 0.864258 0.124023 0.863281 0.136719 0.856549 0.150579 0.845703 0.157227
1 0.694336 0.162109 0.687146 0.161825 0.675635 0.155580 0.670898 0.140625 0.680664 0.129883 0.669922 0.118164 0.674805 0.113281 0.686523 0.110352 0.694336 0.100586 0.701172 0.104492 0.715820 0.098633 0.722612 0.117611 0.731445 0.122070 0.731445 0.129883 0.734375 0.134766 0.722656 0.138672 0.716797 0.141602 0.721680 0.153320 0.708984 0.151367 0.702148 0.158203
1 0.637886 0.186830 0.623458 0.184359 0.613615 0.177408 0.617522 0.130453 0.626614 0.123193 0.643747 0.125356 0.657423 0.135705 0.656146 0.176019
1 0.529297 0.205078 0.525391 0.197266 0.532227 0.189453 0.538086 0.187500 0.545898 0.191406 0.547852 0.182617 0.573242 0.181641 0.571289 0.188477 0.588633 0.186471 0.584961 0.201172 0.587891 0.206055 0.584961 0.213867 0.583984 0.221680 0.586914 0.227539 0.585938 0.232422 0.580078 0.234375 0.567383 0.243164 0.561523 0.241211 0.556641 0.241211 0.547852 0.237305 0.540039 0.236328 0.536133 0.232422 0.529297 0.228516 0.535156 0.219727 0.531250 0.217773 0.525391 0.216797 0.531250 0.208984
1 0.723633 0.448242 0.716797 0.444336 0.710938 0.431641 0.702148 0.432617 0.705078 0.425781 0.700195 0.416992 0.709961 0.414062 0.705657 0.406656 0.711914 0.401367 0.713867 0.392578 0.720703 0.390625 0.728516 0.386719 0.732422 0.388672 0.738281 0.380859 0.746094 0.380859 0.760742 0.386719 0.756836 0.399414 0.750000 0.409180 0.754883 0.414062 0.752930 0.420898 0.756836 0.425781 0.749023 0.436523 0.743164 0.442383 0.739258 0.441406 0.738281 0.444336 0.734375 0.445312 0.729492 0.448242
1 0.605469 0.421875 0.599609 0.415039 0.592773 0.416992 0.594727 0.406250 0.583984 0.396484 0.586914 0.380859 0.598633 0.372070 0.600586 0.363281 0.619665 0.356339 0.642448 0.361486 0.661872 0.371390 0.671875 0.387695 0.660156 0.396484 0.664062 0.407227 0.656250 0.409180 0.651367 0.410156 0.645508 0.415039 0.637695 0.416016 0.635742 0.431641 0.630859 0.439453 0.626953 0.439453 0.617188 0.431641 0.614258 0.423828 0.610352 0.422852
0 0.665039 0.380859 0.671875 0.371094 0.680664 0.372070 0.687500 0.375977 0.700195 0.370117 0.705078 0.375000 0.716797 0.373047 0.722656 0.378906 0.720703 0.386719 0.723633 0.394531 0.716797 0.401367 0.714844 0.407227 0.710938 0.414062 0.706055 0.422852 0.704102 0.428711 0.708984 0.435547 0.712891 0.437500 0.720703 0.435547 0.730469 0.437500 0.735352 0.444336 0.739258 0.452148 0.731445 0.464844 0.726562 0.474609 0.727539 0.479492 0.715820 0.491211 0.703125 0.493164 0.695312 0.491211 0.691406 0.494141 0.681641 0.498047 0.672852 0.495117 0.668945 0.491211 0.664062 0.494141 0.660156 0.497070 0.648438 0.485352 0.649414 0.475586 0.646484 0.472656 0.647461 0.463867 0.644531 0.459961 0.648438 0.456055 0.640625 0.450195 0.636719 0.441406 0.642578 0.438477 0.641602 0.430664 0.636719 0.424805 0.636719 0.416016 0.640625 0.411133 0.646484 0.409180 0.654297 0.407227 0.660156 0.408203 0.663086 0.403320 0.659180 0.397461 0.661133 0.394531 0.667969 0.391602 0.671875 0.386719 0.666992 0.384766
1 0.278320 0.169922 0.278320 0.163086 0.286133 0.160156 0.291992 0.160156 0.302734 0.164062 0.310547 0.172852 0.309570 0.180664 0.313477 0.183594 0.319336 0.180664 0.324219 0.181641 0.331055 0.184570 0.332031 0.189453 0.337891 0.190430 0.335938 0.195312 0.335938 0.201172 0.338867 0.206055 0.336914 0.210938 0.338867 0.215820 0.333984 0.218750 0.329102 0.217773 0.326172 0.221680 0.319336 0.229492 0.314453 0.231445 0.309570 0.231445 0.298828 0.229492 0.291992 0.222656 0.286133 0.220703 0.281250 0.220703 0.276367 0.217773 0.277344 0.212891 0.279297 0.208008 0.275391 0.204102 0.273438 0.199219 0.275391 0.194336 0.275391 0.189453 0.272461 0.185547 0.272461 0.180664 0.274414 0.175781 0.274414 0.171875
1 0.545898 0.251953 0.539062 0.259766 0.524414 0.264648 0.504883 0.257812 0.491211 0.255859 0.493164 0.249023 0.484375 0.244141 0.474609 0.238281 0.474630 0.226510 0.466797 0.214844 0.475586 0.208008 0.476562 0.201172 0.474609 0.197266 0.483398 0.192383 0.485352 0.182617 0.491211 0.180664 0.492188 0.176758 0.497070 0.176758 0.500483 0.171218 0.524414 0.164062 0.541992 0.165039 0.549805 0.167969 0.558594 0.183594 0.548984 0.188979 0.539062 0.194336 0.536133 0.204102 0.532227 0.210938 0.536133 0.215820 0.542969 0.220703 0.543945 0.225586 0.548828 0.229492 0.550781 0.232422 0.553711 0.236328 0.560547 0.241211 0.560547 0.246094 0.555664 0.250000
0 0.317439 0.471224 0.292362 0.462184 0.266724 0.442757 0.251191 0.413906 0.250977 0.401367 0.244141 0.381836 0.253906 0.356445 0.274414 0.335938 0.287109 0.336914 0.305664 0.327148 0.325195 0.331055 0.333008 0.329102 0.341797 0.333008 0.350586 0.333008 0.358398 0.339844 0.366211 0.348633 0.367188 0.357422 0.373047 0.369141 0.373047 0.376953 0.371094 0.386719 0.376953 0.392578 0.381836 0.400391 0.378906 0.411133 0.373047 0.415039 0.376953 0.421875 0.382812 0.423828 0.379883 0.429688 0.373047 0.436523 0.370117 0.452148 0.353516 0.459961 0.341797 0.458984 0.337891 0.465820 0.332031 0.461914
1 0.192383 0.539062 0.184570 0.540039 0.172852 0.529297 0.172852 0.522461 0.167969 0.518555 0.177734 0.508789 0.177734 0.498047 0.187500 0.500000 0.190430 0.487305 0.208984 0.487305 0.220703 0.496094 0.235352 0.495117 0.247070 0.509766 0.245117 0.518555 0.241211 0.528320 0.242188 0.541016 0.230469 0.548828 0.223633 0.550781 0.216797 0.551758 0.213867 0.556641 0.208984 0.549805 0.201172 0.554688 0.191406 0.567383 0.187500 0.565430 0.188477 0.558594 0.194336 0.545898 0.191406 0.542969
1 0.138672 0.455078 0.129883 0.449219 0.121094 0.448242 0.119141 0.440430 0.110352 0.435547 0.115234 0.426758 0.109375 0.404297 0.116211 0.393555 0.121094 0.389648 0.134766 0.396484 0.148438 0.400391 0.157227 0.407227 0.175781 0.409180 0.189453 0.421875 0.179688 0.439453 0.174805 0.453125 0.169922 0.453125 0.163086 0.462891 0.156250 0.453125 0.150391 0.452148 0.148438 0.458984 0.141602 0.450195
1 0.081087 0.531554 0.060957 0.530962 0.047614 0.519259 0.040039 0.505859 0.035156 0.489258 0.046875 0.486328 0.042969 0.478516 0.054688 0.479492 0.058594 0.474609 0.064453 0.470703 0.079102 0.461914 0.085938 0.470703 0.084961 0.477539 0.090820 0.483398 0.108398 0.488281 0.110476 0.510037 0.106445 0.519531 0.099609 0.521484 0.091797 0.526367 0.087891 0.525391 0.083984 0.528320
1 0.007812 0.594727 0.001953 0.594727 0.000000 0.583984 0.000000 0.552373 0.000000 0.542969 0.012695 0.550781 0.013672 0.539062 0.016602 0.529297 0.042969 0.531250 0.044921 0.546842 0.047852 0.558594 0.052734 0.564453 0.050781 0.574219 0.046875 0.576172 0.052734 0.586914 0.048828 0.588867 0.040039 0.580078 0.039062 0.594727 0.033203 0.596680 0.031250 0.583008 0.028320 0.593750 0.022461 0.599609 0.016602 0.597656 0.013672 0.596680 0.017578 0.589844 0.016602 0.583008 0.012695 0.584961 0.010742 0.592773
1 0.194909 0.566653 0.209386 0.562147 0.216797 0.563477 0.224609 0.555664 0.240234 0.553711 0.251953 0.565430 0.250000 0.579102 0.262695 0.589844 0.268555 0.592773 0.272461 0.607422 0.269531 0.622070 0.259766 0.632812 0.252930 0.639648 0.238288 0.639685 0.219727 0.642578 0.212891 0.634766 0.205078 0.633789 0.201172 0.624023 0.194336 0.621094 0.186523 0.615234 0.186523 0.607422 0.184570 0.603516 0.194336 0.595703 0.194336 0.595703 0.194336 0.585938 0.189453 0.576172
1 0.167969 0.646484 0.163086 0.632812 0.154297 0.629883 0.149414 0.624023 0.138672 0.621094 0.130859 0.615234 0.133789 0.606445 0.130859 0.595703 0.143555 0.590820 0.143555 0.581055 0.156250 0.580078 0.165039 0.584961 0.174805 0.573242 0.184570 0.579102 0.191406 0.576172 0.193359 0.583008 0.196289 0.585938 0.195312 0.592773 0.202148 0.597656 0.202148 0.604492 0.198242 0.608398 0.204102 0.612305 0.202148 0.617188 0.198242 0.625000 0.203125 0.632812 0.196289 0.634766 0.195312 0.641602 0.185547 0.636719 0.179688 0.638672 0.173828 0.637695
1 0.184570 0.670898 0.188477 0.667969 0.186523 0.664062 0.180664 0.664062 0.179688 0.653320 0.182617 0.651367 0.181641 0.644531 0.184970 0.638637 0.200195 0.629883 0.205078 0.633789 0.214844 0.624023 0.219727 0.632812 0.225586 0.630859 0.234375 0.639648 0.244141 0.641602 0.240234 0.649414 0.244141 0.654297 0.241211 0.662109 0.238281 0.664062 0.235352 0.668945 0.231445 0.667969 0.228516 0.672852 0.221680 0.673828 0.216797 0.676758 0.209961 0.671875 0.204102 0.673828 0.201172 0.678711 0.194336 0.677734 0.192383 0.671875 0.187500 0.674805
1 0.088867 0.636719 0.083984 0.633789 0.083008 0.624023 0.078499 0.621650 0.073242 0.609375 0.077009 0.602251 0.080078 0.592773 0.085938 0.587891 0.090820 0.578125 0.094727 0.582031 0.096680 0.585938 0.098633 0.590820 0.106445 0.591797 0.111328 0.583984 0.120117 0.583008 0.126953 0.585938 0.127948 0.599061 0.130859 0.605469 0.135742 0.609375 0.138672 0.612305 0.134766 0.620117 0.129883 0.622070 0.127930 0.625000 0.122070 0.628906 0.122070 0.628906 0.117188 0.625000 0.115234 0.631836 0.113281 0.637695 0.105469 0.632812 0.103516 0.637695 0.105469 0.642578 0.100586 0.645508 0.091797 0.644531 0.087891 0.640625
1 0.126953 0.729492 0.116211 0.717773 0.120117 0.708984 0.110352 0.702148 0.109375 0.690430 0.117188 0.675781 0.117297 0.666801 0.125000 0.649414 0.133789 0.646484 0.149414 0.643555 0.158203 0.655273 0.166992 0.647461 0.171875 0.657227 0.181641 0.655273 0.180664 0.664062 0.183594 0.674805 0.196289 0.672852 0.191406 0.681641 0.195312 0.689453 0.189453 0.696289 0.183594 0.696289 0.185547 0.704102 0.186523 0.713867 0.177734 0.713867 0.170898 0.713867 0.172852 0.724609 0.166992 0.724609 0.159180 0.722656 0.154297 0.727539 0.146484 0.724609 0.137695 0.723633 0.137695 0.726562
1 0.241211 0.744141 0.228516 0.722656 0.221680 0.722656 0.210938 0.742188 0.200195 0.738281 0.210938 0.719727 0.190430 0.722656 0.204102 0.713867 0.195312 0.708984 0.187500 0.703125 0.187500 0.690430 0.197266 0.691406 0.198242 0.682617 0.208008 0.677734 0.218750 0.681641 0.235352 0.672852 0.242188 0.671875 0.237305 0.691406 0.246094 0.689453 0.257812 0.705078 0.253906 0.711914 0.258789 0.718750 0.253906 0.720703 0.251953 0.726562 0.243164 0.731445 0.247070 0.736328 0.247070 0.746094
1 0.209961 0.830078 0.204102 0.822266 0.208008 0.815430 0.207031 0.807617 0.201172 0.805664 0.175781 0.802734 0.185547 0.793945 0.186523 0.781250 0.195081 0.773927 0.198242 0.764648 0.217773 0.757812 0.228516 0.769531 0.236328 0.765625 0.257812 0.772461 0.252930 0.790039 0.257812 0.804688 0.245117 0.811523 0.236328 0.812500 0.233398 0.820312 0.228516 0.822266 0.221680 0.825195 0.219727 0.829102 0.214844 0.820312
1 0.139648 0.883789 0.130859 0.888672 0.116211 0.882812 0.111328 0.871094 0.096680 0.868164 0.086914 0.858398 0.103516 0.846680 0.100586 0.835938 0.108398 0.828125 0.106445 0.817383 0.120117 0.833008 0.127930 0.817383 0.133789 0.824219 0.144531 0.820312 0.145508 0.831055 0.159180 0.827148 0.156250 0.835938 0.162109 0.846680 0.166016 0.856445 0.163086 0.862305 0.171875 0.871094 0.165039 0.878906 0.154297 0.880859 0.144531 0.878906
1 0.120117 0.931641 0.114258 0.917969 0.100586 0.920898 0.097674 0.915474 0.091797 0.906250 0.099609 0.898438 0.094147 0.884524 0.107422 0.889648 0.110352 0.874023 0.121094 0.880859 0.128906 0.873047 0.137695 0.879883 0.144531 0.881836 0.142578 0.887695 0.149414 0.892578 0.142578 0.898438 0.151367 0.911133 0.143555 0.912109 0.138672 0.916992 0.128906 0.930664 0.125000 0.927734 0.123047 0.932617
1 0.003509 0.757258 0.016602 0.749023 0.022461 0.752930 0.033203 0.749023 0.035156 0.755859 0.046875 0.752930 0.052734 0.756836 0.053711 0.762695 0.057617 0.766602 0.059570 0.768555 0.057617 0.775391 0.059570 0.782227 0.054688 0.787109 0.049805 0.790039 0.059570 0.794922 0.052734 0.800781 0.046875 0.807617 0.041016 0.811523 0.031250 0.809570 0.023438 0.828125 0.018555 0.820312 0.006836 0.815430 0.000000 0.808594 0.000000 0.767405 0.000000 0.760742
1 0.117188 0.991211 0.113281 0.987305 0.131836 0.982422 0.125977 0.974609 0.113281 0.971680 0.122070 0.963867 0.127930 0.958984 0.137695 0.952148 0.143555 0.947266 0.151367 0.955078 0.157227 0.950195 0.165039 0.951172 0.170898 0.949219 0.180664 0.957031 0.177734 0.965820 0.175781 0.972656 0.175781 0.977539 0.184570 0.980469 0.185547 0.984375 0.179688 0.990234 0.174805 0.993164 0.177734 1.000000 0.150391 1.000000 0.147461 0.993164 0.134766 1.000000 0.125000 1.000000 0.125000 1.000000 0.134766 0.991211 0.129883 0.988281
1 0.000000 0.972656 0.010742 0.972656 0.017578 0.966797 0.031250 0.971680 0.034180 0.975586 0.043945 0.976562 0.058728 0.984270 0.057617 0.987305 0.059570 0.994141 0.056641 0.997070 0.058594 1.000000 0.000000 1.000000 0.000000 0.984375 0.001953 0.981445 0.000000 0.977539
1 0.295898 0.989258 0.289062 0.978516 0.308594 0.966797 0.295898 0.955078 0.302734 0.949219 0.298828 0.939453 0.300781 0.930664 0.311908 0.929595 0.319336 0.929688 0.320312 0.937500 0.314453 0.943359 0.324219 0.946289 0.330078 0.941406 0.334961 0.929688 0.349609 0.926758 0.357422 0.934570 0.367188 0.938477 0.366211 0.954102 0.377930 0.956055 0.379883 0.966797 0.385742 0.977539 0.372070 0.979492 0.381836 0.997070 0.373047 1.000000 0.339844 1.000000 0.335938 0.994141 0.330078 0.995117 0.329102 1.000000 0.301758 1.000000 0.302734 0.994141
1 0.399414 0.974609 0.404297 0.958984 0.395682 0.958182 0.392665 0.931146 0.396484 0.921875 0.408203 0.921875 0.421875 0.926758 0.429688 0.904297 0.436523 0.901367 0.445312 0.913086 0.460938 0.920898 0.467773 0.927734 0.467773 0.934570 0.462891 0.938477 0.469727 0.946289 0.465820 0.959961 0.448242 0.962891 0.447385 0.971575 0.439453 0.969727 0.434570 0.976562 0.428711 0.976562 0.419922 0.981445 0.413086 0.968750
1 0.337891 0.794922 0.342773 0.790039 0.341797 0.783203 0.335938 0.773438 0.340820 0.765625 0.350586 0.766602 0.357913 0.759202 0.370117 0.761719 0.391602 0.751953 0.383789 0.760742 0.405273 0.765625 0.395508 0.776367 0.394531 0.787109 0.401367 0.794922 0.392578 0.798828 0.395508 0.814453 0.395508 0.814453 0.387695 0.807617 0.384766 0.813477 0.381836 0.822266 0.371094 0.833008 0.358398 0.849609 0.357422 0.824219 0.358398 0.815430 0.355469 0.812500 0.330078 0.843750 0.324219 0.838867 0.331055 0.826172 0.328125 0.819336 0.342773 0.807617 0.329102 0.802734 0.306641 0.798828 0.328125 0.793945
1 0.373047 0.688477 0.367188 0.683594 0.360352 0.677734 0.359375 0.669922 0.369141 0.666016 0.365820 0.657819 0.375977 0.654297 0.378093 0.642305 0.402344 0.639648 0.413086 0.646484 0.411133 0.655273 0.423828 0.647461 0.423828 0.661133 0.430664 0.666016 0.428711 0.670898 0.420898 0.677734 0.420898 0.685547 0.427734 0.695312 0.418945 0.696289 0.414062 0.698242 0.414062 0.708008 0.407227 0.706055 0.400391 0.704102 0.396484 0.714844 0.390625 0.715820 0.388672 0.707031 0.385742 0.700195 0.375000 0.706055 0.374023 0.697266 0.380859 0.690430
1 0.363281 0.595703 0.356445 0.600586 0.350586 0.594727 0.349609 0.583008 0.354492 0.570312 0.353516 0.562500 0.355469 0.552734 0.354492 0.542969 0.363281 0.539062 0.366211 0.531250 0.374023 0.526367 0.382812 0.513672 0.407227 0.530273 0.415039 0.541016 0.423828 0.544922 0.433594 0.553711 0.431641 0.565430 0.431641 0.582031 0.422852 0.587891 0.414062 0.597656 0.402344 0.599609 0.392578 0.606445 0.386719 0.600586 0.375000 0.603516 0.371094 0.600586 0.365234 0.600586
1 0.421875 0.523438 0.419922 0.517578 0.429688 0.510742 0.425781 0.504883 0.429688 0.496094 0.425781 0.485352 0.430664 0.479492 0.440430 0.486328 0.456055 0.476562 0.459961 0.461914 0.465820 0.466797 0.465820 0.477539 0.471680 0.472656 0.480469 0.482422 0.498047 0.486328 0.499023 0.493164 0.493164 0.500000 0.510742 0.502930 0.506836 0.507812 0.491211 0.507812 0.502930 0.523438 0.498047 0.526367 0.484375 0.519531 0.494141 0.540039 0.476562 0.530273 0.476562 0.531250 0.476562 0.548828 0.468750 0.541992 0.463867 0.533203 0.458984 0.544922 0.447266 0.547852 0.450195 0.533203 0.434570 0.541016 0.427734 0.539062 0.432617 0.531250 0.432617 0.525391 0.423828 0.527344
1 0.579102 0.693359 0.578125 0.683594 0.572266 0.663086 0.579102 0.650391 0.593642 0.644737 0.609375 0.634766 0.623047 0.640625 0.633789 0.635742 0.643555 0.644531 0.646484 0.656250 0.647461 0.671875 0.641602 0.677734 0.641602 0.678711 0.644531 0.684570 0.649414 0.692383 0.644531 0.700195 0.637695 0.709961 0.637695 0.709961 0.634766 0.708984 0.624023 0.714844 0.619141 0.714844 0.605469 0.719727 0.593750 0.711914 0.592773 0.715820 0.580078 0.709961 0.574219 0.704102 0.571289 0.697266
1 0.680664 0.771484 0.662109 0.751953 0.666992 0.740234 0.663081 0.734815 0.668678 0.721261 0.679688 0.701172 0.693359 0.707031 0.708008 0.704102 0.716797 0.718750 0.727539 0.723633 0.724609 0.732422 0.722656 0.743164 0.724609 0.750977 0.715820 0.754883 0.709961 0.765625 0.693359 0.763672
1 0.551758 0.776367 0.556641 0.766602 0.543945 0.758789 0.551758 0.744141 0.559177 0.727477 0.577148 0.727539 0.589844 0.723633 0.598633 0.743164 0.601562 0.763672 0.599609 0.773438 0.587891 0.777344 0.576172 0.773438 0.563477 0.775391
0 0.514648 0.799805 0.500000 0.806641 0.488281 0.800781 0.472656 0.805664 0.451172 0.792969 0.422852 0.770508 0.413086 0.751953 0.408203 0.714844 0.415039 0.699219 0.422529 0.686276 0.431641 0.682617 0.439453 0.669922 0.438477 0.660156 0.442383 0.653320 0.462891 0.654297 0.477539 0.653320 0.487305 0.649414 0.502930 0.644531 0.527344 0.654297 0.544922 0.651367 0.558594 0.656250 0.561523 0.667969 0.574219 0.671875 0.580078 0.680664 0.581055 0.696289 0.569336 0.704102 0.558594 0.708984 0.563477 0.723633 0.552352 0.743292 0.552352 0.771511 0.543945 0.784180 0.537109 0.794922 0.529297 0.796875
1 0.630859 0.931641 0.624023 0.926758 0.624023 0.919922 0.619141 0.913086 0.621094 0.903320 0.620117 0.897461 0.625000 0.888672 0.635742 0.892578 0.640625 0.886719 0.654297 0.884766 0.667969 0.890625 0.673828 0.890625 0.676758 0.900391 0.680664 0.901367 0.683594 0.913086 0.681641 0.922852 0.679688 0.930664 0.674805 0.933594 0.674805 0.937500 0.664062 0.944336 0.654297 0.942383 0.646484 0.940430 0.637695 0.935547 0.631836 0.935547
1 0.757812 0.903320 0.752930 0.899414 0.747070 0.891602 0.738281 0.879883 0.735352 0.870117 0.742188 0.859375 0.757812 0.857422 0.763672 0.846680 0.766602 0.840820 0.782227 0.839844 0.793945 0.833984 0.806641 0.834961 0.810547 0.842773 0.810547 0.846680 0.826172 0.863281 0.822266 0.875977 0.825195 0.879883 0.835938 0.880859 0.835938 0.890625 0.844727 0.889648 0.848633 0.896484 0.850586 0.908203 0.844727 0.909180 0.837891 0.913086 0.823242 0.922852 0.813477 0.929688 0.808594 0.927734 0.804688 0.935547 0.793945 0.941406 0.785156 0.945312 0.776367 0.942383 0.769531 0.942383 0.762695 0.935547 0.762695 0.927734 0.768555 0.917969 0.765625 0.914062 0.765625 0.907227
1 0.664062 0.983398 0.676758 0.969727 0.689453 0.969727 0.699251 0.960484 0.714844 0.951172 0.729492 0.955078 0.750977 0.940430 0.777344 0.951172 0.791016 0.965820 0.789062 0.973633 0.799805 0.980469 0.800781 0.987305 0.794922 0.990234 0.798828 0.996094 0.794922 1.000000 0.672852 1.000000 0.673828 0.992188
1 0.928711 0.749023 0.918945 0.750977 0.909636 0.744569 0.915039 0.724609 0.929688 0.722656 0.934570 0.704102 0.949219 0.710938 0.958984 0.718750 0.981445 0.722656 0.975586 0.732422 0.984375 0.748047 0.978516 0.759766 0.970703 0.767578 0.972656 0.775391 0.964844 0.778320 0.954102 0.781250 0.945312 0.789062 0.933594 0.787109 0.929688 0.779297 0.928711 0.769531 0.918945 0.770508 0.922852 0.762695 0.928711 0.754883
1 0.935547 0.607422 0.935547 0.603516 0.946289 0.597656 0.966797 0.598633 0.987305 0.603516 0.989258 0.614258 0.988281 0.620117 0.991211 0.627930 0.996094 0.628906 0.990234 0.633789 0.996094 0.640625 0.993164 0.644531 0.989258 0.651367 0.981445 0.653320 0.970703 0.646484 0.968750 0.655273 0.964844 0.657227 0.961914 0.663086 0.957031 0.666016 0.955078 0.653320 0.947266 0.658203 0.941406 0.650391 0.940430 0.642578 0.935547 0.645508 0.929688 0.640625 0.935547 0.634766 0.926758 0.629883 0.925781 0.624023 0.930664 0.614258 0.934570 0.613281
1 0.866211 0.694336 0.855469 0.686523 0.847656 0.689453 0.833984 0.671875 0.824219 0.656250 0.826172 0.643555 0.833984 0.625000 0.851562 0.603516 0.863281 0.605469 0.875000 0.600586 0.901391 0.616929 0.916992 0.629883 0.918945 0.641602 0.912109 0.653320 0.908203 0.669922 0.896484 0.676758 0.896484 0.683594 0.886719 0.689453 0.878906 0.685547
1 0.900391 0.614258 0.889413 0.610479 0.869141 0.592773 0.880859 0.585938 0.876681 0.575554 0.895508 0.568359 0.900391 0.559570 0.910156 0.559570 0.916016 0.568359 0.916016 0.573242 0.924805 0.582031 0.929688 0.587891 0.922852 0.603516 0.914062 0.599609 0.909180 0.604492 0.910156 0.612305 0.902344 0.611328
0 0.766602 0.566406 0.772461 0.555664 0.765625 0.542969 0.764648 0.516602 0.771484 0.500000 0.786133 0.490234 0.799805 0.484375 0.809570 0.490234 0.826172 0.486328 0.835938 0.498047 0.840820 0.500977 0.852539 0.498047 0.857422 0.510742 0.856445 0.523438 0.852539 0.525391 0.855469 0.531250 0.860352 0.529297 0.867188 0.535156 0.871094 0.543945 0.866211 0.550781 0.863281 0.562500 0.858398 0.562500 0.859375 0.567383 0.857422 0.573242 0.842773 0.578125 0.833008 0.579102 0.822266 0.582031 0.809570 0.582031 0.799805 0.587891 0.779297 0.585938 0.770508 0.579102
1 0.667969 0.595703 0.655273 0.589844 0.642578 0.583008 0.631039 0.569425 0.630859 0.552734 0.635742 0.541016 0.636719 0.533203 0.632812 0.526367 0.638672 0.515625 0.653320 0.513672 0.662109 0.505859 0.678711 0.502930 0.693359 0.508789 0.691406 0.515625 0.699219 0.532227 0.700510 0.546326 0.702148 0.554688 0.696289 0.565430 0.698242 0.573242 0.696289 0.578125 0.696289 0.583008 0.694336 0.589844 0.686523 0.590820 0.683594 0.592773 0.676758 0.592773
1 0.637695 0.797852 0.638672 0.789062 0.641602 0.783203 0.643555 0.780273 0.648438 0.773438 0.656250 0.770508 0.663086 0.764648 0.669922 0.770508 0.670898 0.777344 0.675781 0.782227 0.677734 0.789062 0.676758 0.793945 0.680664 0.797852 0.682617 0.805664 0.683594 0.813477 0.688477 0.822266 0.686523 0.830078 0.682617 0.832031 0.682617 0.836914 0.675781 0.837891 0.669922 0.835938 0.664062 0.837891 0.661133 0.833008 0.655273 0.830078 0.651367 0.813477 0.643555 0.807617 0.635742 0.803711
1 0.682617 0.782227 0.678711 0.780273 0.678711 0.777344 0.680663 0.770185 0.681641 0.764648 0.687500 0.765625 0.690430 0.769531 0.695312 0.764648 0.701172 0.766602 0.702148 0.769531 0.707031 0.769531 0.708984 0.772461 0.707031 0.777344 0.708984 0.780273 0.708008 0.784180 0.705078 0.787109 0.703125 0.787109 0.702148 0.791016 0.697266 0.792969 0.691406 0.792969 0.686523 0.790039 0.682617 0.787109
1 0.686523 0.820312 0.684570 0.815430 0.687500 0.808594 0.686523 0.796875 0.695312 0.792969 0.702148 0.789062 0.710938 0.801758 0.711914 0.820312 0.711914 0.825195 0.712891 0.829102 0.710938 0.833008 0.704102 0.835938 0.700195 0.835938 0.699219 0.832031 0.695312 0.830078 0.691406 0.828125 0.691406 0.824219
1 0.719727 0.812500 0.710938 0.810547 0.708984 0.801758 0.701172 0.791992 0.701172 0.781250 0.706055 0.775391 0.714844 0.766602 0.718750 0.769531 0.723633 0.772461 0.723633 0.767578 0.723633 0.760742 0.732422 0.754883 0.746094 0.763672 0.750000 0.770508 0.750000 0.777344 0.750977 0.782227 0.748047 0.788086 0.749023 0.794922 0.742188 0.796875 0.737305 0.797852 0.734375 0.802734 0.735352 0.812500 0.734375 0.817383 0.723633 0.816406
1 0.753449 0.815511 0.738281 0.799805 0.740234 0.787109 0.746094 0.775391 0.750977 0.773438 0.753906 0.767578 0.760742 0.763672 0.767578 0.775391 0.766602 0.786133 0.771484 0.789062 0.771484 0.799805 0.765625 0.806641 0.764648 0.812500 0.759766 0.815430
1 0.481445 0.979492 0.475586 0.974609 0.469727 0.973633 0.467773 0.968750 0.464844 0.966797 0.468750 0.958984 0.460938 0.947266 0.471680 0.935547 0.479492 0.930664 0.485352 0.932617 0.492188 0.931641 0.501253 0.937087 0.503906 0.942383 0.508789 0.948242 0.509766 0.955078 0.507812 0.963867 0.500000 0.968750 0.499023 0.971680 0.499023 0.975586 0.497070 0.980469 0.494141 0.982422 0.489258 0.981445 0.484375 0.984375
1 0.201812 0.414284 0.203142 0.432797 0.198152 0.457070 0.198152 0.481292 0.182784 0.500848 0.158203 0.516602 0.138672 0.515625 0.123242 0.509189 0.112305 0.490234 0.096680 0.481445 0.105469 0.457031 0.107422 0.444336 0.115234 0.435547 0.128906 0.436523 0.143555 0.445312 0.162109 0.446289 0.174003 0.439173 0.176797 0.421395 0.182983 0.413737 0.192383 0.416992
1 0.339844 0.021484 0.344727 0.010742 0.349609 0.009766 0.360352 0.008789 0.365234 0.011719 0.374023 0.017578 0.376953 0.022461 0.378906 0.027344 0.380859 0.032227 0.386719 0.041016 0.389648 0.045898 0.388672 0.050781 0.386719 0.055664 0.378906 0.062500 0.376953 0.067383 0.369141 0.073242 0.364258 0.070312 0.360352 0.066406 0.358398 0.061523 0.351562 0.053711 0.348633 0.049805 0.345703 0.044922 0.345703 0.039062 0.341797 0.030273
1 1.000000 0.944336 0.988281 0.953125 0.982422 0.954102 0.977539 0.957031 0.974609 0.960938 0.967773 0.969727 0.966797 0.974609 0.968750 0.979492 0.972656 0.984375 0.978516 0.993164 0.978516 0.998047 0.984375 1.000000 0.990234 1.000000 1.000000 1.000000
1 0.966797 0.999023 0.961914 0.987305 0.958008 0.982422 0.952148 0.973633 0.951172 0.968750 0.945312 0.966797 0.939453 0.966797 0.927734 0.968750 0.923828 0.971680 0.917969 0.974609 0.912109 0.973633 0.907227 0.971680 0.903320 0.975586 0.900391 0.979492 0.898438 0.984375 0.891602 0.987305 0.886719 0.989258 0.881836 0.991211 0.880859 0.996094 0.882812 1.000000
1 0.803711 0.999023 0.791992 0.999023 0.791992 0.993164 0.791016 0.987305 0.790039 0.982422 0.788086 0.976562 0.791992 0.969727 0.797852 0.970703 0.803711 0.973633 0.808594 0.974609 0.814453 0.973633 0.818359 0.968750 0.820312 0.963867 0.825195 0.964844 0.829102 0.967773 0.832031 0.971680 0.836914 0.971680 0.841797 0.974609 0.841797 0.980469 0.842773 0.985352 0.846680 0.989258 0.852539 0.992188 0.857422 0.993164 0.861328 0.996094 0.857422 1.000000
1 0.869141 0.995117 0.856445 0.993164 0.850586 0.993164 0.845703 0.992188 0.840820 0.989258 0.836914 0.984375 0.835938 0.979492 0.835938 0.973633 0.834961 0.968750 0.831055 0.964844 0.833008 0.959961 0.837891 0.959961 0.841797 0.955078 0.849609 0.950195 0.852539 0.945312 0.858398 0.945312 0.862305 0.948242 0.868164 0.948242 0.873047 0.949219 0.877930 0.952148 0.880859 0.957031 0.886719 0.965820 0.888672 0.970703 0.888672 0.975586 0.890625 0.980469 0.888672 0.986328 0.885742 0.990234 0.882812 0.995117 0.877930 0.995117
1 0.836914 0.911133 0.830078 0.917969 0.832031 0.922852 0.832031 0.928711 0.832031 0.934570 0.833984 0.939453 0.838867 0.942383 0.844727 0.940430 0.849609 0.937500 0.858398 0.929688 0.858398 0.923828 0.855469 0.913086 0.851562 0.910156 0.846680 0.907227 0.841797 0.906250
1 0.726562 0.895508 0.721680 0.903320 0.724609 0.907227 0.721680 0.912109 0.723633 0.916992 0.727539 0.920898 0.732422 0.922852 0.737305 0.925781 0.741211 0.929688 0.746094 0.929688 0.756836 0.932617 0.761719 0.930664 0.764648 0.925781 0.767578 0.920898 0.769531 0.915039 0.769531 0.909180 0.765625 0.904297 0.761719 0.902344 0.757812 0.898438 0.757812 0.892578 0.754883 0.887695 0.750977 0.884766 0.746094 0.882812 0.742188 0.886719 0.737305 0.889648 0.732422 0.891602
1 0.193359 0.844727 0.186523 0.853516 0.183594 0.857422 0.179688 0.867188 0.183594 0.870117 0.188477 0.873047 0.192383 0.875977 0.192383 0.880859 0.190430 0.891602 0.190430 0.901367 0.194336 0.905273 0.199219 0.908203 0.204102 0.909180 0.208984 0.910156 0.213867 0.909180 0.215820 0.903320 0.215820 0.898438 0.219727 0.893555 0.224609 0.893555 0.229492 0.890625 0.231445 0.885742 0.231445 0.879883 0.227539 0.875977 0.223633 0.873047 0.223633 0.866211 0.220703 0.856445 0.215820 0.854492 0.206055 0.849609 0.202148 0.846680
1 0.159180 0.723633 0.148438 0.728516 0.149414 0.734375 0.152344 0.739258 0.156250 0.743164 0.158203 0.749023 0.155273 0.753906 0.158203 0.757812 0.163086 0.760742 0.168945 0.762695 0.173828 0.764648 0.174805 0.770508 0.174805 0.775391 0.178711 0.779297 0.184570 0.779297 0.190430 0.778320 0.195312 0.774414 0.198242 0.769531 0.206055 0.764648 0.209961 0.761719 0.212891 0.756836 0.213867 0.750977 0.210938 0.745117 0.207031 0.742188 0.202148 0.740234 0.198242 0.737305 0.194336 0.734375 0.191406 0.728516 0.188477 0.724609 0.183594 0.724609 0.177734 0.723633 0.173828 0.719727 0.167969 0.717773 0.163086 0.719727
1 0.157227 0.758789 0.146484 0.759766 0.142578 0.764648 0.139648 0.769531 0.139648 0.774414 0.140625 0.790039 0.141602 0.800781 0.144531 0.804688 0.148438 0.808594 0.153320 0.810547 0.160156 0.810547 0.170898 0.807617 0.182617 0.796875 0.180664 0.792969 0.172852 0.779297 0.167969 0.767578 0.164062 0.763672
1 0.000000 0.592773 0.005859 0.593750 0.014648 0.593750 0.020508 0.596680 0.027344 0.605469 0.022461 0.607422 0.026367 0.611328 0.031250 0.614258 0.033203 0.620117 0.035156 0.629883 0.031250 0.635742 0.028320 0.639648 0.028320 0.645508 0.031250 0.649414 0.036133 0.652344 0.039062 0.657227 0.039062 0.662109 0.035156 0.666016 0.030273 0.665039 0.028320 0.670898 0.022461 0.670898 0.018555 0.667969 0.014648 0.670898 0.012695 0.675781 0.007812 0.675781 0.002930 0.672852 0.000000 0.667969
1 0.000000 0.674805 0.003906 0.692383 0.007812 0.704102 0.013672 0.707031 0.024414 0.711914 0.030273 0.711914 0.033203 0.707031 0.035156 0.701172 0.038086 0.697266 0.043945 0.696289 0.047852 0.693359 0.050781 0.688477 0.050781 0.682617 0.049805 0.671875 0.044922 0.662109 0.040039 0.659180 0.031250 0.653320 0.025391 0.653320 0.020508 0.655273 0.017578 0.660156 0.011719 0.662109 0.006836 0.664062
1 0.062500 0.700195 0.050781 0.711914 0.037109 0.719727 0.035156 0.725586 0.035156 0.731445 0.033203 0.741211 0.036133 0.750000 0.041016 0.752930 0.046875 0.753906 0.053711 0.754883 0.064453 0.757812 0.071289 0.757812 0.076172 0.754883 0.081055 0.755859 0.085938 0.758789 0.090820 0.758789 0.095703 0.758789 0.101562 0.756836 0.104492 0.751953 0.104492 0.745117 0.102539 0.739258 0.100586 0.727539 0.100586 0.721680 0.097656 0.711914 0.094727 0.708008 0.089844 0.704102 0.084961 0.702148 0.079102 0.701172 0.069336 0.699219