0 0.408491 0.223113 0.415212 0.208208 0.424242 0.203170 0.436213 0.204219 0.444612 0.202540 0.455659 0.205168 0.463002 0.209278 0.469022 0.211040 0.476071 0.211627 0.480477 0.216325 0.488260 0.213829 0.493427 0.212700 0.503275 0.211375 0.511799 0.214878 0.515966 0.218948 0.521270 0.220937 0.528277 0.211564 0.529793 0.202287 0.535380 0.201245 0.540778 0.201529 0.549018 0.199825 0.556215 0.198784 0.558152 0.199253 0.562675 0.199375 0.567971 0.199538 0.571475 0.199416 0.573063 0.201249 0.575976 0.204585 0.574944 0.210638 0.575303 0.212610 0.578084 0.216018 0.579250 0.218035 0.582210 0.218170 0.585035 0.218349 0.584407 0.221576 0.584362 0.226016 0.581768 0.226362 0.578477 0.227717 0.578768 0.230717 0.581671 0.233377 0.586462 0.233522 0.588931 0.230523 0.590875 0.229937 0.596789 0.231691 0.600558 0.235523 0.602508 0.236693 0.603677 0.239941 0.607771 0.238447 0.611818 0.238743 0.617072 0.240342 0.621926 0.240113 0.624039 0.242910 0.626318 0.246127 0.629942 0.251366 0.632953 0.256828 0.635195 0.265051 0.638430 0.270683 0.641258 0.276140 0.644056 0.283185 0.647166 0.288876 0.648733 0.293264 0.652048 0.297965 0.654690 0.301770 0.653078 0.306829 0.653123 0.311218 0.648256 0.313752 0.647662 0.318420 0.647067 0.323809 0.647109 0.328011 0.648570 0.335142 0.648425 0.344370 0.648425 0.349181 0.646787 0.350539 0.644081 0.351873 0.640561 0.352503 0.638411 0.354763 0.636483 0.357801 0.633296 0.360987 0.631184 0.362729 0.628520 0.363469 0.628561 0.367559 0.625043 0.369684 0.625083 0.373815 0.624739 0.380208 0.622966 0.382374 0.617962 0.384107 0.612958 0.387771 0.608624 0.390448 0.606447 0.391954 0.602737 0.394766 0.595021 0.396808 0.589689 0.394857 0.583881 0.392336 0.577406 0.386101 0.572143 0.383448 0.567072 0.379675 0.560817 0.381928 0.554563 0.384856 0.546844 0.385138 0.541875 0.386243 0.541875 0.392156 0.537439 0.397358 0.528096 0.401910 0.518870 0.400491 0.515499 0.390974 0.511597 0.386304 0.506112 0.383867 0.498223 0.383261 0.490409 0.383564 0.482823 0.384398 0.475390 0.386446 0.469492 0.382191 0.464483 0.381382 0.459474 0.383738 0.453801 0.380646 0.455054 0.369157 0.451223 0.373649 0.442751 0.377036 0.438454 0.377593 0.436060 0.375473 0.436607 0.364803 0.432512 0.354494 0.436159 0.353098 0.442679 0.347978 0.446403 0.343013 0.444619 0.336186 0.436415 0.335453 0.429120 0.340023 0.429175 0.345576 0.426071 0.350746 0.421227 0.348242 0.421716 0.336760 0.415057 0.331845 0.419622 0.317788 0.414326 0.310304 0.420535 0.300811 0.415693 0.293307 0.420542 0.283978 0.414321 0.274924 0.412907 0.265313 0.414351 0.255344 0.414083 0.246839 0.412733 0.238677
1 0.439718 0.186928 0.446638 0.178231 0.455337 0.172697 0.458096 0.177789 0.463023 0.186520 0.465150 0.190549 0.469405 0.200063 0.462127 0.206331 0.454401 0.203421 0.447347 0.202078 0.440853 0.200175 0.441076 0.190885
1 0.594907 0.860680 0.597912 0.853329 0.594117 0.848351 0.595540 0.842344 0.597279 0.835784 0.597912 0.828987 0.603130 0.822111 0.605581 0.816658 0.609343 0.807032 0.615204 0.811427 0.619060 0.807880 0.624535 0.807649 0.629471 0.805259 0.634330 0.805799 0.637646 0.807957 0.639546 0.809481 0.644068 0.815111 0.641082 0.821423 0.648506 0.827053 0.652089 0.828417 0.656185 0.832254 0.656271 0.840700 0.648079 0.844283 0.648106 0.849873 0.648193 0.858671 0.649674 0.863897 0.653770 0.872606 0.649563 0.878854 0.653860 0.889679 0.657041 0.895180 0.648277 0.905175 0.638217 0.906280 0.623955 0.891360 0.622419 0.896945 0.612341 0.901934 0.603047 0.903987 0.586414 0.898804 0.579271 0.892446 0.580543 0.881884 0.577119 0.878265 0.580016 0.869707 0.592868 0.866118
1 0.528315 0.780147 0.524951 0.767089 0.534452 0.756998 0.544942 0.746511 0.558601 0.745720 0.568893 0.754426 0.575820 0.762143 0.584530 0.761351 0.589677 0.768869 0.594031 0.797561 0.583937 0.809630 0.569289 0.816555 0.561174 0.812796 0.550089 0.821502 0.537421 0.815368 0.530098 0.809432 0.531087 0.786875 0.531250 0.783203
0 0.436523 0.690430 0.443179 0.682125 0.469004 0.674977 0.488074 0.680536 0.511515 0.696025 0.527010 0.717869 0.534180 0.727539 0.514648 0.731445 0.495117 0.742188 0.463867 0.720703 0.458984 0.713867 0.452148 0.708984 0.449219 0.703125 0.441406 0.696289 0.441406 0.696289 0.436523 0.694336
1 0.409408 0.750437 0.389940 0.741699 0.376829 0.723430 0.386364 0.705955 0.394531 0.703125 0.398284 0.694834 0.404297 0.691406 0.415368 0.697605 0.406627 0.719458 0.416162 0.736536
1 0.418546 0.696017 0.409806 0.716678 0.419341 0.735741 0.419922 0.740234 0.428711 0.736328 0.435547 0.735352 0.435232 0.750039 0.445165 0.765926 0.475758 0.762352 0.476155 0.731771 0.445312 0.707031 0.439453 0.708984 0.434570 0.702148 0.429688 0.700195 0.430664 0.698242
1 0.522461 0.750977 0.501582 0.739713 0.487305 0.741211 0.491211 0.755859 0.481445 0.762695 0.482512 0.780224 0.501582 0.806436 0.535750 0.816355 0.528201 0.771883 0.527344 0.757812
1 0.706785 0.813246 0.710877 0.839831 0.725197 0.860281 0.757929 0.875005 0.768555 0.879883 0.785156 0.867188 0.796798 0.817336 0.771840 0.791569 0.718650 0.800977
1 0.689192 0.809975 0.668326 0.806693 0.663086 0.830078 0.654297 0.831055 0.655233 0.863145 0.681418 0.872960 0.708984 0.868164 0.711914 0.860352 0.717773 0.851562 0.706785 0.811201
1 0.000000 0.058594 0.007812 0.064453 0.009766 0.062500 0.013672 0.062500 0.015625 0.065430 0.016602 0.069336 0.017578 0.070312 0.021484 0.074219 0.020508 0.077148 0.018555 0.079102 0.016602 0.082031 0.016602 0.083984 0.018555 0.085938 0.017578 0.086914 0.016602 0.090820 0.016602 0.093750 0.015625 0.099609 0.013672 0.100586 0.012695 0.101562 0.011719 0.102539 0.007812 0.101562 0.003906 0.099609 0.000977 0.099609 0.000000 0.099609
1 0.404297 0.202148 0.413086 0.205078 0.409180 0.214844 0.398438 0.215820 0.391602 0.208008
1 0.466797 0.917969 0.480469 0.919922 0.486328 0.921875 0.487305 0.930664 0.490234 0.936523 0.492188 0.946289 0.497070 0.955078 0.492188 0.968750 0.485352 0.975586 0.468750 0.974609 0.461914 0.968750 0.454102 0.963867 0.445312 0.956055 0.446289 0.947266 0.440430 0.938477 0.443359 0.930664 0.457031 0.923828
1 0.514648 0.088867 0.519531 0.089844 0.522461 0.095703 0.518555 0.099609 0.510742 0.098633 0.505859 0.093750
1 0.970703 0.000977 0.972656 0.014648 0.972656 0.015625 0.976562 0.027344 0.977539 0.027344 0.978516 0.040039 0.978516 0.041016 0.985352 0.046875 0.997070 0.034180 1.000000 0.000000
1 0.248047 0.234375 0.254883 0.237305 0.263672 0.237305 0.273438 0.234375 0.275391 0.245117 0.275391 0.253906 0.263672 0.256836 0.254883 0.256836 0.252930 0.261719 0.245117 0.251953
1 0.272461 0.255859 0.276367 0.260742 0.277344 0.265625 0.274414 0.272461 0.269531 0.273438 0.259766 0.274414 0.256836 0.271484 0.254883 0.264648 0.252930 0.260742 0.254883 0.254883 0.264648 0.255859
1 0.250977 0.743164 0.256836 0.749023 0.261719 0.753906 0.260742 0.759766 0.260742 0.760742 0.267578 0.760742 0.272461 0.754883 0.272461 0.754883 0.277344 0.751953 0.278320 0.756836 0.279297 0.756836 0.279297 0.762695 0.280273 0.762695 0.276367 0.766602 0.271484 0.768555 0.269531 0.770508 0.271484 0.774414 0.268555 0.778320 0.266602 0.783203 0.262695 0.786133 0.258789 0.788086 0.252930 0.788086 0.248047 0.782227 0.244141 0.778320 0.243164 0.774414 0.238281 0.756836 0.238281 0.756836 0.241211 0.749023 0.244141 0.747070
1 0.379883 0.695312 0.385742 0.699219 0.384766 0.702148 0.381836 0.706055 0.378906 0.709961 0.375977 0.712891 0.372070 0.715820 0.371094 0.725586 0.372070 0.732422 0.378906 0.737305 0.385742 0.742188 0.391602 0.744141 0.393555 0.752930 0.393555 0.752930 0.391602 0.757812 0.385742 0.760742 0.385742 0.760742 0.379883 0.763672 0.371094 0.758789 0.356445 0.756836 0.353516 0.758789 0.345703 0.755859 0.333984 0.745117 0.337891 0.730469 0.340820 0.727539 0.343750 0.725586 0.343750 0.718750 0.343750 0.706055 0.346680 0.702148 0.353516 0.701172 0.356445 0.704102 0.357422 0.707031 0.361328 0.705078 0.368164 0.694336 0.368164 0.696289 0.374023 0.695312
1 0.513672 0.674805 0.511719 0.682617 0.510742 0.691406 0.510742 0.691406 0.513672 0.696289 0.516602 0.699219 0.520508 0.702148 0.525391 0.703125 0.528320 0.703125 0.536133 0.704102 0.540039 0.706055 0.541016 0.710938 0.541016 0.725586 0.541992 0.731445 0.542969 0.738281 0.547852 0.740234 0.554688 0.744141 0.561523 0.747070 0.566406 0.750000 0.569336 0.754883 0.575195 0.752930 0.578125 0.757812 0.578125 0.757812 0.583008 0.759766 0.585938 0.756836 0.581055 0.744141 0.582031 0.745117 0.581055 0.731445 0.579102 0.723633 0.577148 0.715820 0.576172 0.710938 0.574219 0.692383 0.578125 0.688477 0.583984 0.687500 0.582031 0.678711 0.582031 0.678711 0.579102 0.674805 0.576172 0.666016 0.574219 0.658203 0.548828 0.663086 0.547852 0.657227 0.513672 0.664062
1 0.693359 0.879883 0.701172 0.884766 0.709961 0.888672 0.713867 0.891602 0.712891 0.899414 0.722656 0.900391 0.722656 0.901367 0.733398 0.897461 0.744141 0.894531 0.752930 0.901367 0.750977 0.907227 0.741211 0.911133 0.741211 0.912109 0.741211 0.918945 0.741211 0.928711 0.736328 0.935547 0.728516 0.941406 0.719727 0.940430 0.711914 0.936523 0.709961 0.942383 0.709961 0.950195 0.709961 0.951172 0.699219 0.957031 0.691406 0.960938 0.682617 0.965820 0.672852 0.966797 0.666016 0.963867 0.654297 0.959961 0.648438 0.954102 0.641602 0.952148 0.640625 0.944336 0.644531 0.925781 0.647461 0.913086 0.642578 0.905273 0.656250 0.898438 0.665039 0.888672 0.681641 0.883789 0.683594 0.875977
1 0.740234 0.868164 0.744141 0.875977 0.746094 0.881836 0.743164 0.887695 0.740234 0.892578 0.740234 0.892578 0.734375 0.892578 0.730469 0.892578 0.720703 0.897461 0.715820 0.895508 0.710938 0.888672 0.705078 0.881836 0.698242 0.880859 0.690430 0.871094 0.692383 0.871094 0.701172 0.870117 0.710938 0.870117 0.712891 0.864258 0.712891 0.860352 0.716797 0.858398 0.722656 0.856445 0.722656 0.857422 0.729492 0.861328
1 0.666992 0.875000 0.670898 0.876953 0.672852 0.881836 0.668945 0.884766 0.664062 0.890625 0.658203 0.890625 0.656250 0.876953
1 0.655273 0.778320 0.661133 0.784180 0.672852 0.789062 0.676758 0.792969 0.682617 0.801758 0.677734 0.802734 0.666992 0.806641 0.650391 0.804688 0.651367 0.804688 0.642578 0.799805 0.639648 0.792969 0.639648 0.787109 0.648438 0.786133 0.644531 0.776367
1 0.791016 0.846680 0.797852 0.855469 0.804688 0.854492 0.806641 0.862305 0.809570 0.876953 0.812500 0.886719 0.806641 0.887695 0.812500 0.897461 0.803711 0.905273 0.804688 0.905273 0.794922 0.900391 0.785156 0.904297 0.779297 0.895508 0.780273 0.889648 0.776367 0.884766 0.773438 0.879883 0.778320 0.875977 0.781250 0.869141 0.785156 0.868164 0.789062 0.862305 0.790039 0.858398
1 0.752930 0.929688 0.755859 0.926758 0.759766 0.927734 0.762695 0.929688 0.760742 0.932617 0.766602 0.935547 0.761719 0.938477 0.762695 0.938477 0.757812 0.938477 0.756836 0.941406 0.750977 0.945312 0.750977 0.936523 0.747070 0.942383 0.744141 0.936523 0.747070 0.931641
1 0.389648 0.873047 0.400391 0.876953 0.401367 0.882812 0.400391 0.889648 0.396484 0.891602 0.393555 0.895508 0.390625 0.901367 0.388672 0.907227 0.382812 0.912109 0.373047 0.912109 0.367188 0.914062 0.360352 0.908203 0.363281 0.905273 0.371094 0.899414 0.374023 0.894531 0.373047 0.882812 0.378906 0.878906
1 0.420898 0.926758 0.432617 0.931641 0.439453 0.932617 0.441406 0.938477 0.446289 0.944336 0.446289 0.952148 0.446289 0.956055 0.451172 0.958984 0.457031 0.967773 0.455078 0.975586 0.450195 0.983398 0.440430 0.984375 0.432617 0.978516 0.424805 0.973633 0.419922 0.970703 0.412109 0.960938 0.412109 0.953125 0.404297 0.951172 0.396484 0.946289 0.403320 0.933594
1 0.395508 0.954102 0.391602 0.958008 0.391602 0.963867 0.390625 0.965820 0.383789 0.968750 0.382812 0.971680 0.384766 0.977539 0.396484 0.985352 0.402344 0.987305 0.409180 0.991211 0.409180 0.992188 0.418945 0.991211 0.424805 0.976562 0.417969 0.970703 0.413086 0.960938 0.413086 0.956055
1 0.458984 0.985352 0.466797 0.989258 0.466797 0.989258 0.471680 0.991211 0.479492 0.999023 0.436523 0.999023 0.434570 0.988281 0.439453 0.987305 0.443359 0.983398 0.451172 0.984375
1 0.500000 0.959961 0.509766 0.960938 0.512695 0.965820 0.516602 0.972656 0.517578 0.981445 0.518555 0.989258 0.515625 0.994141 0.508789 0.996094 0.502930 0.997070 0.502930 0.998047 0.479492 0.999023 0.474609 0.990234 0.465820 0.987305 0.455078 0.981445 0.455078 0.974609 0.463867 0.971680 0.477539 0.975586 0.492188 0.969727 0.491211 0.968750
1 0.383789 0.939453 0.388672 0.949219 0.394531 0.956055 0.390625 0.961914 0.381836 0.968750 0.375977 0.969727 0.373047 0.961914 0.369141 0.959961 0.361328 0.950195 0.367188 0.937500 0.368164 0.937500 0.372070 0.937500
1 0.360352 0.964844 0.366211 0.959961 0.369141 0.967773 0.371094 0.971680 0.374023 0.975586 0.378906 0.977539 0.374023 0.992188 0.380859 0.992188 0.368164 0.995117 0.359375 0.994141 0.359375 0.994141 0.356445 0.990234 0.349609 0.981445 0.349609 0.981445 0.340820 0.978516 0.342773 0.970703 0.344727 0.966797 0.353516 0.969727
1 0.095703 0.964844 0.086914 0.972656 0.087891 0.972656 0.083008 0.979492 0.083008 0.979492 0.082031 0.986328 0.088867 0.998047 0.097656 0.999023 0.097656 0.999023 0.107422 1.000000 0.113281 0.991211 0.114258 0.992188 0.125000 0.992188 0.124023 0.983398 0.123047 0.982422 0.109375 0.980469 0.105469 0.976562 0.105469 0.963867
1 0.222656 0.844727 0.229492 0.841797 0.238281 0.841797 0.243164 0.838867 0.247070 0.842773 0.250977 0.850586 0.252930 0.857422 0.250000 0.869141 0.251953 0.880859 0.247070 0.886719 0.247070 0.886719 0.233398 0.878906 0.229492 0.866211 0.220703 0.867188 0.216797 0.863281 0.213867 0.856445 0.213867 0.849609
1 0.755859 0.909180 0.754883 0.909180 0.760742 0.911133 0.762695 0.916016 0.765625 0.919922 0.765625 0.924805 0.754883 0.928711 0.742188 0.939453 0.736328 0.935547 0.742188 0.924805 0.741211 0.916992 0.750000 0.909180 0.746094 0.911133
1 0.419922 0.887695 0.411133 0.890625 0.403320 0.893555 0.403320 0.896484 0.399414 0.908203 0.399414 0.915039 0.399414 0.916016 0.392578 0.916016 0.391602 0.909180 0.384766 0.909180 0.385742 0.909180 0.376953 0.912109 0.370117 0.912109 0.370117 0.920898 0.370117 0.921875 0.370117 0.927734 0.374023 0.932617 0.383789 0.932617 0.390625 0.937500 0.396484 0.938477 0.404297 0.938477 0.405273 0.935547 0.414062 0.932617 0.414062 0.933594 0.419922 0.927734 0.419922 0.920898 0.422852 0.914062 0.423828 0.914062 0.417969 0.911133 0.415039 0.907227 0.416016 0.905273 0.421875 0.900391
1 0.015625 0.000000 0.023438 0.003906 0.023438 0.003906 0.023438 0.020508 0.013672 0.027344 0.001953 0.035156 0.000000 0.032227 0.000000 0.000000
1 0.235352 0.072266 0.245117 0.071289 0.248047 0.082031 0.240234 0.087891 0.233398 0.084961
1 0.244141 0.086914 0.249023 0.089844 0.248047 0.099609 0.239258 0.102539 0.233398 0.100586 0.233398 0.089844
1 0.244141 0.099609 0.250000 0.105469 0.250000 0.115234 0.240234 0.118164 0.240234 0.118164 0.234375 0.115234 0.234375 0.107422
1 0.247070 0.117188 0.253906 0.119141 0.255859 0.125977 0.251953 0.130859 0.244141 0.129883 0.240234 0.121094
0 0.125977 0.432617 0.116211 0.430664 0.110352 0.420898 0.095703 0.425781 0.076172 0.429688 0.061523 0.442383 0.056641 0.445312 0.040039 0.450195 0.030273 0.462891 0.042969 0.472656 0.062500 0.477539 0.057617 0.490234 0.066406 0.497070 0.066406 0.497070 0.067383 0.502930 0.059570 0.511719 0.059570 0.511719 0.063477 0.522461 0.054688 0.531250 0.063477 0.539062 0.074219 0.533203 0.088867 0.539062 0.103516 0.543945 0.122070 0.543945 0.146484 0.540039 0.138672 0.500000 0.143555 0.494141 0.138672 0.483398 0.134766 0.468750 0.129883 0.441406
0 0.000000 0.585938 0.014648 0.589844 0.036133 0.591797 0.045898 0.595703 0.050781 0.596680 0.055664 0.595703 0.061523 0.595703 0.066406 0.594727 0.076172 0.592773 0.082031 0.594727 0.086914 0.597656 0.089844 0.602539 0.089844 0.608398 0.090820 0.622070 0.091797 0.635742 0.097656 0.637695 0.102539 0.636719 0.113281 0.634766 0.117188 0.637695 0.124023 0.648438 0.126953 0.668945 0.115234 0.675781 0.086914 0.678711 0.077148 0.667969 0.067383 0.657227 0.046875 0.659180 0.040039 0.667969 0.057617 0.666992 0.066406 0.673828 0.076172 0.673828 0.078125 0.684570 0.070312 0.693359 0.055664 0.698242 0.055664 0.698242 0.049805 0.708984 0.064453 0.709961 0.069336 0.725586 0.061523 0.743164 0.040039 0.744141 0.027344 0.739258 0.019531 0.748047 0.003906 0.744141 0.000000 0.737305
1 0.019531 0.750000 0.023438 0.751953 0.026367 0.760742 0.021484 0.768555 0.011719 0.764648 0.006836 0.756836 0.007812 0.747070
0 0.000000 0.783203 0.006836 0.785156 0.012695 0.797852 0.023438 0.794922 0.028320 0.774414 0.041016 0.769531 0.057617 0.775391 0.072266 0.784180 0.079102 0.788086 0.082031 0.802734 0.157227 0.799805 0.165039 0.807617 0.177734 0.812500 0.190430 0.821289 0.206055 0.824219 0.209961 0.840820 0.209961 0.853516 0.215820 0.866211 0.225586 0.871094 0.231445 0.883789 0.240234 0.898438 0.246094 0.917969 0.246094 0.933594 0.238281 0.940430 0.225586 0.946289 0.228516 0.955078 0.234375 0.966797 0.236328 0.976562 0.243164 0.987305 0.250977 0.988281 0.250977 0.988281 0.259766 1.000000 0.162109 1.000000 0.159180 0.996094 0.166992 0.980469 0.156250 0.974609 0.139648 0.976562 0.117188 0.980469 0.104492 0.974609 0.103516 0.959961 0.092773 0.957031 0.078125 0.954102 0.061523 0.955078 0.053711 0.948242 0.034180 0.944336 0.020508 0.939453 0.020508 0.939453 0.000000 0.940430
0 0.268555 0.782227 0.279297 0.775391 0.295898 0.780273 0.313477 0.785156 0.324219 0.794922 0.331055 0.803711 0.344727 0.795898 0.355469 0.795898 0.376953 0.796875 0.388672 0.806641 0.397461 0.822266 0.393555 0.845703 0.388672 0.863281 0.372070 0.878906 0.370117 0.895508 0.358398 0.905273 0.363281 0.913086 0.365234 0.923828 0.367188 0.936523 0.358398 0.951172 0.350586 0.963867 0.342773 0.968750 0.341797 0.981445 0.350586 0.988281 0.350586 0.988281 0.349609 1.000000 0.267578 1.000000 0.269531 0.989258 0.269531 0.969727 0.259766 0.947266 0.249023 0.937500 0.245117 0.924805 0.244141 0.902344 0.237305 0.888672 0.249023 0.884766 0.249023 0.884766 0.251953 0.870117 0.254883 0.856445 0.258789 0.844727 0.253906 0.833008 0.245117 0.826172 0.241211 0.806641 0.244141 0.794922 0.256836 0.791992
0 0.579102 0.859375 0.567383 0.842773 0.544922 0.829102 0.523438 0.828125 0.508789 0.842773 0.500000 0.865234 0.485352 0.891602 0.485352 0.891602 0.481445 0.914062 0.486328 0.930664 0.498047 0.941406 0.499023 0.953125 0.511719 0.963867 0.516602 0.984375 0.506836 1.000000 0.658203 1.000000 0.669922 0.984375 0.668945 0.969727 0.656250 0.958008 0.640625 0.947266 0.644531 0.926758 0.640625 0.907227 0.640625 0.907227 0.628906 0.898438 0.612305 0.900391 0.591797 0.898438 0.579102 0.890625 0.579102 0.868164
0 0.736328 0.628906 0.754883 0.611328 0.781250 0.598633 0.811523 0.592773 0.829102 0.596680 0.846680 0.608398 0.852539 0.620117 0.878906 0.606445 0.909180 0.602539 0.934570 0.605469 0.960938 0.604492 0.988281 0.604492 1.000000 0.607422 1.000000 0.928711 0.991211 0.932617 0.992188 0.950195 0.980469 0.961914 0.955078 0.966797 0.947266 0.955078 0.944336 0.933594 0.938477 0.924805 0.924805 0.936523 0.922852 0.956055 0.910156 0.960938 0.893555 0.960938 0.882812 0.965820 0.882812 0.976562 0.867188 0.987305 0.866211 1.000000 0.818359 1.000000 0.826172 0.984375 0.836914 0.972656 0.824219 0.964844 0.817383 0.953125 0.818359 0.935547 0.801758 0.931641 0.798828 0.916016 0.792969 0.902344 0.792969 0.902344 0.807617 0.906250 0.816406 0.895508 0.807617 0.888672 0.814453 0.882812 0.806641 0.856445 0.796875 0.848633 0.788086 0.837891 0.794922 0.819336 0.782227 0.806641 0.782227 0.806641 0.773438 0.792969 0.753906 0.797852 0.729492 0.799805 0.711914 0.804688 0.692383 0.807617 0.675781 0.800781 0.664062 0.783203 0.657227 0.774414 0.654297 0.754883 0.661133 0.739258 0.670898 0.729492 0.673828 0.704102 0.687500 0.693359 0.700195 0.676758 0.701172 0.655273 0.708984 0.641602 0.722656 0.638672
1 0.295898 0.355469 0.299805 0.366211 0.292969 0.375977 0.280273 0.375000 0.278320 0.360352 0.286133 0.350586
1 0.295898 0.375000 0.299805 0.392578 0.291016 0.404297 0.280273 0.397461 0.277344 0.381836 0.283203 0.375977
1 0.295898 0.401367 0.300781 0.412109 0.300781 0.412109 0.294922 0.420898 0.284180 0.420898 0.282227 0.405273
1 0.289062 0.428711 0.299805 0.428711 0.301758 0.442383 0.290039 0.444336 0.283203 0.436523
1 0.299805 0.464844 0.310547 0.470703 0.310547 0.470703 0.310547 0.485352 0.297852 0.486328 0.291016 0.475586
1 0.396484 0.128906 0.401367 0.130859 0.401367 0.136719 0.396484 0.137695 0.392578 0.132812
1 0.450195 0.141602 0.455078 0.143555 0.456055 0.149414 0.450195 0.153320 0.445312 0.147461
1 0.263672 0.136719 0.268555 0.137695 0.270508 0.143555 0.264648 0.148438 0.258789 0.142578
1 0.406250 0.065430 0.403320 0.062500 0.398438 0.067383 0.400391 0.071289 0.405273 0.072266
1 0.616211 0.023438 0.621094 0.025391 0.623047 0.032227 0.617188 0.036133 0.609375 0.034180 0.607422 0.027344
1 0.640625 0.077148 0.649414 0.075195 0.652344 0.080078 0.649414 0.084961 0.642578 0.083008
1 0.585938 0.114258 0.592773 0.116211 0.592773 0.123047 0.587891 0.126953 0.582031 0.121094
1 0.588867 0.153320 0.594727 0.150391 0.599609 0.154297 0.599609 0.160156 0.591797 0.162109 0.587891 0.158203
1 0.640625 0.166016 0.647461 0.166992 0.647461 0.166992 0.649414 0.172852 0.645508 0.175781 0.638672 0.172852
1 0.512695 0.499023 0.519531 0.497070 0.523438 0.503906 0.518555 0.509766 0.511719 0.506836