1 0.863042 0.748771 0.845107 0.750374 0.838547 0.761456 0.849045 0.776474 0.865375 0.786681 0.876311 0.784493 0.886080 0.770642 0.885788 0.756790 0.877930 0.753906 0.873047 0.753906 0.867188 0.754883
1 0.964146 0.778472 0.957031 0.781250 0.950379 0.778100 0.944178 0.784053 0.944336 0.791992 0.947402 0.797571 0.956055 0.802734 0.973633 0.801758 0.970703 0.793945 0.972455 0.790626 0.967773 0.786133 0.967773 0.781250
1 0.624016 0.404279 0.610352 0.401367 0.606445 0.410156 0.584859 0.416720 0.584859 0.436298 0.600358 0.449146 0.625239 0.454245 0.643594 0.450573 0.645634 0.434870 0.632812 0.426758 0.634766 0.417969 0.630859 0.413086 0.623047 0.410156
1 0.602806 0.448942 0.588326 0.453021 0.574866 0.474639 0.578129 0.493197 0.593221 0.510125 0.604492 0.505859 0.611983 0.514815 0.622181 0.493401 0.615234 0.486328 0.626953 0.482422 0.636252 0.474639 0.628906 0.468750 0.632377 0.458731
1 0.679393 0.304437 0.657776 0.314164 0.639094 0.315862 0.632609 0.334854 0.640329 0.345354 0.658203 0.345703 0.674761 0.347823 0.673063 0.327905 0.682944 0.321112 0.680664 0.311523 0.677734 0.309570
1 0.558258 0.321139 0.535748 0.338136 0.523114 0.354674 0.521277 0.378332 0.539882 0.400842 0.559570 0.407227 0.575484 0.404287 0.569336 0.377930 0.594090 0.376035 0.597994 0.348702 0.594727 0.342773 0.580078 0.343750 0.572269 0.330326
1 0.493799 0.390450 0.478843 0.385136 0.451844 0.389376 0.425514 0.414590 0.457199 0.438689 0.456055 0.458008 0.471926 0.469705 0.478516 0.453125 0.509637 0.456316 0.512273 0.427058 0.503458 0.394054
1 0.490913 0.313079 0.478728 0.319045 0.476062 0.332881 0.476569 0.341513 0.489009 0.349002 0.502083 0.351668 0.502930 0.340820 0.509953 0.327804 0.506526 0.321584 0.495117 0.315430
1 0.534262 0.280969 0.518391 0.285445 0.509709 0.292364 0.514648 0.311523 0.525580 0.317324 0.540230 0.315696 0.549319 0.305522 0.553796 0.290058 0.548369 0.282461 0.541016 0.283203
1 0.521747 0.146841 0.490890 0.157522 0.478516 0.163086 0.477539 0.174805 0.492188 0.198242 0.472656 0.210938 0.482345 0.232292 0.513439 0.231580 0.548332 0.223035 0.559488 0.196213 0.557826 0.152775
1 0.410947 0.184104 0.390625 0.201827 0.396770 0.228766 0.401968 0.254522 0.441194 0.249324 0.458917 0.229711 0.451355 0.204663 0.439776 0.190013 0.425781 0.193359
1 0.415918 0.065059 0.406250 0.058594 0.394476 0.065925 0.372600 0.073938 0.365019 0.088667 0.354492 0.107422 0.358305 0.116174 0.366211 0.128906 0.390360 0.130686 0.405521 0.137833 0.426098 0.120073 0.443642 0.102528 0.437145 0.082169 0.426758 0.074219
1 0.477646 0.094082 0.454102 0.083008 0.431296 0.095381 0.419600 0.114225 0.434570 0.141602 0.451172 0.143555 0.469416 0.152562 0.489776 0.138916 0.478516 0.106445
1 0.329128 0.130688 0.314363 0.136779 0.304028 0.157449 0.307535 0.176644 0.326176 0.183657 0.343524 0.176090 0.351829 0.155974 0.347215 0.144161 0.336914 0.136719
1 0.282468 0.034021 0.265561 0.033216 0.247688 0.043844 0.243501 0.057853 0.255256 0.082649 0.270508 0.091797 0.286654 0.087319 0.302435 0.069929 0.313867 0.064132 0.302273 0.045454 0.290039 0.038086
1 0.232422 0.001953 0.202192 0.000000 0.194105 0.023895 0.207507 0.046770 0.225586 0.045898 0.224609 0.040039 0.236328 0.038086 0.243164 0.030273 0.248635 0.016963 0.235352 0.006836
1 0.184427 0.101359 0.158188 0.101160 0.127973 0.115273 0.122606 0.137537 0.127930 0.140625 0.122070 0.156250 0.128371 0.169342 0.154212 0.187033 0.183632 0.181666 0.203907 0.165565 0.203907 0.135947 0.198738 0.117858
1 0.226369 0.132965 0.208081 0.134158 0.197348 0.164770 0.194365 0.187828 0.209672 0.198762 0.218750 0.191406 0.222656 0.178711 0.228516 0.166016 0.227539 0.145508
1 0.226767 0.191804 0.205299 0.196177 0.190589 0.209495 0.189794 0.229373 0.197266 0.232422 0.208479 0.245674 0.231140 0.238518 0.236109 0.215657 0.231445 0.203125
1 0.076329 0.049446 0.050820 0.052847 0.039979 0.068365 0.045506 0.081970 0.061874 0.084945 0.071289 0.080078 0.076172 0.073242 0.080078 0.066406 0.080078 0.054688
1 0.667672 0.184884 0.640625 0.198242 0.639648 0.204102 0.629883 0.207031 0.631380 0.218939 0.643312 0.241063 0.667921 0.258712 0.693524 0.248769 0.705456 0.231120 0.691536 0.208002 0.685547 0.205078 0.673828 0.197266 0.675781 0.190430
1 0.718750 0.202148 0.711174 0.204273 0.698496 0.231368 0.679106 0.255729 0.677734 0.266602 0.668945 0.280273 0.675781 0.289062 0.682617 0.283203 0.685547 0.269531 0.693359 0.272461 0.701479 0.279593 0.705078 0.285156 0.720371 0.293514 0.720703 0.286133 0.739258 0.283203 0.740234 0.275391 0.752930 0.263672 0.748047 0.246094 0.743164 0.236328 0.749023 0.222656 0.739258 0.219727 0.735352 0.213867 0.728516 0.212891 0.722656 0.207031
1 0.669284 0.000000 0.676636 0.024622 0.691798 0.040703 0.698242 0.034180 0.701172 0.044922 0.715920 0.051960 0.734375 0.048828 0.740234 0.032227 0.746094 0.042969 0.752930 0.033203 0.749023 0.016602 0.752677 0.000000
1 0.808942 0.254665 0.793615 0.255970 0.787256 0.269504 0.786277 0.288745 0.791992 0.299805 0.807476 0.311737 0.823292 0.300322 0.834544 0.282549 0.833729 0.266731 0.826172 0.260742
1 0.377253 0.727707 0.362553 0.736206 0.345786 0.755729 0.338206 0.780765 0.339844 0.821289 0.368524 0.842092 0.408031 0.859088 0.431229 0.847374 0.453968 0.819812 0.458984 0.779297 0.440430 0.761719 0.435547 0.748047
1 0.088867 0.793945 0.085938 0.796875 0.088867 0.802734 0.079102 0.805664 0.069336 0.804688 0.065430 0.811523 0.071289 0.813477 0.068359 0.819336 0.072266 0.820312 0.069336 0.824219 0.061523 0.824219 0.062500 0.843750 0.081055 0.843750 0.092773 0.839844 0.090820 0.833008 0.095703 0.826172 0.101562 0.824219 0.101562 0.819336 0.096680 0.816406 0.100586 0.811523 0.095703 0.808594 0.094727 0.807617 0.097656 0.803711 0.093750 0.798828