1 0.003906 0.142578 0.017578 0.145508 0.016602 0.156250 0.005859 0.158203 0.000000 0.148438
1 0.028320 0.154297 0.030273 0.162109 0.021484 0.167969 0.015625 0.160156 0.021484 0.152344
1 0.041016 0.171875 0.053711 0.175781 0.059570 0.186523 0.046875 0.192383 0.036133 0.181641
1 0.054688 0.189453 0.061523 0.192383 0.058594 0.200195 0.047852 0.196289
1 0.068359 0.192383 0.073242 0.202148 0.072266 0.206055 0.056641 0.207031 0.058594 0.198242
1 0.080078 0.197266 0.085938 0.202148 0.082031 0.207031 0.075195 0.203125
1 0.087891 0.200195 0.096680 0.208008 0.092773 0.212891 0.083008 0.208984
1 0.089844 0.214844 0.097656 0.215820 0.097656 0.227539 0.086914 0.234375 0.086914 0.234375 0.083984 0.221680
1 0.113281 0.227539 0.117188 0.235352 0.108398 0.244141 0.101562 0.244141 0.099609 0.236328
1 0.119141 0.235352 0.125000 0.244141 0.119141 0.250000 0.113281 0.243164
1 0.111328 0.249023 0.118164 0.250000 0.117188 0.256836 0.109375 0.258789 0.105469 0.252930
1 0.045898 0.109375 0.054688 0.122070 0.044922 0.128906 0.037109 0.127930 0.034180 0.118164
1 0.054688 0.122070 0.061523 0.125000 0.062500 0.132812 0.055664 0.139648 0.045898 0.135742
1 0.062500 0.133789 0.070312 0.134766 0.069336 0.149414 0.062500 0.152344 0.055664 0.144531
1 0.072266 0.152344 0.081055 0.152344 0.082031 0.162109 0.074219 0.163086 0.069336 0.157227
1 0.081055 0.158203 0.086914 0.162109 0.086914 0.170898 0.081055 0.171875 0.077148 0.165039
1 0.089844 0.166016 0.095703 0.166016 0.098633 0.171875 0.091797 0.176758 0.085938 0.173828
1 0.098633 0.173828 0.104492 0.175781 0.104492 0.184570 0.097656 0.185547 0.093750 0.177734
1 0.109375 0.181641 0.120117 0.186523 0.120117 0.193359 0.108398 0.196289 0.104492 0.190430
1 0.121094 0.193359 0.125000 0.196289 0.122070 0.208008 0.111328 0.202148 0.111328 0.196289
1 0.133789 0.198242 0.136719 0.208008 0.131836 0.218750 0.125000 0.217773 0.124023 0.207031 0.129883 0.202148
1 0.060547 0.078125 0.063477 0.086914 0.054688 0.089844 0.051758 0.080078
1 0.079102 0.098633 0.087891 0.098633 0.086914 0.107422 0.080078 0.112305 0.071289 0.110352 0.068359 0.103516
1 0.092773 0.109375 0.095703 0.118164 0.089844 0.124023 0.081055 0.121094 0.083008 0.112305
1 0.107422 0.113281 0.111328 0.124023 0.106445 0.131836 0.095703 0.131836 0.094727 0.118164
1 0.113281 0.126953 0.121094 0.129883 0.126953 0.139648 0.122070 0.148438 0.109375 0.143555 0.106445 0.132812
1 0.135742 0.149414 0.141602 0.154297 0.136719 0.163086 0.136719 0.163086 0.127930 0.161133 0.123047 0.151367
1 0.141602 0.156250 0.151367 0.160156 0.145508 0.171875 0.137695 0.166016
1 0.148438 0.166016 0.158203 0.168945 0.159180 0.175781 0.159180 0.184570 0.159180 0.184570 0.144531 0.177734
1 0.161133 0.174805 0.168945 0.175781 0.174805 0.185547 0.171875 0.192383 0.161133 0.187500
1 0.173828 0.187500 0.183594 0.185547 0.184570 0.194336 0.184570 0.194336 0.179688 0.203125 0.179688 0.203125 0.169922 0.199219
1 0.184570 0.200195 0.195312 0.200195 0.198242 0.211914 0.189453 0.214844 0.183594 0.208008
1 0.092773 0.061523 0.099609 0.059570 0.101562 0.067383 0.093750 0.077148 0.087891 0.067383
1 0.103516 0.068359 0.113281 0.070312 0.112305 0.080078 0.104492 0.085938 0.100586 0.075195
1 0.122070 0.077148 0.126953 0.088867 0.119141 0.098633 0.113281 0.090820
1 0.129883 0.091797 0.134766 0.089844 0.137695 0.097656 0.131836 0.100586
1 0.138672 0.104492 0.146484 0.099609 0.147461 0.109375 0.138672 0.112305
1 0.151367 0.109375 0.158203 0.111328 0.156250 0.119141 0.148438 0.118164
1 0.155273 0.125000 0.159180 0.124023 0.165039 0.128906 0.161133 0.134766 0.154297 0.131836
1 0.168945 0.129883 0.177734 0.128906 0.184570 0.131836 0.183594 0.143555 0.173828 0.148438 0.166992 0.141602
1 0.188477 0.143555 0.193359 0.147461 0.192383 0.157227 0.182617 0.162109 0.176758 0.152344
1 0.192383 0.160156 0.199219 0.159180 0.199219 0.166992 0.192383 0.166992
1 0.215820 0.165039 0.215820 0.173828 0.204102 0.176758 0.202148 0.164062
1 0.216797 0.174805 0.221680 0.173828 0.223633 0.181641 0.217773 0.187500 0.210938 0.182617
1 0.225586 0.180664 0.231445 0.177734 0.233398 0.186523 0.231445 0.196289 0.222656 0.190430
1 0.115234 0.035156 0.124023 0.032227 0.126953 0.043945 0.117188 0.044922
1 0.126953 0.040039 0.134766 0.040039 0.138672 0.047852 0.135742 0.055664 0.135742 0.055664 0.125977 0.052734
1 0.138672 0.055664 0.149414 0.052734 0.149414 0.060547 0.141602 0.064453
1 0.151367 0.061523 0.156250 0.066406 0.157227 0.075195 0.147461 0.074219 0.146484 0.065430
1 0.167969 0.075195 0.170898 0.083984 0.163086 0.084961 0.158203 0.077148
1 0.173828 0.082031 0.178711 0.083984 0.174805 0.091797 0.167969 0.086914
1 0.185547 0.087891 0.190430 0.092773 0.187500 0.104492 0.181641 0.103516 0.176758 0.095703
1 0.191406 0.098633 0.200195 0.099609 0.206055 0.108398 0.206055 0.108398 0.200195 0.117188 0.188477 0.109375
1 0.202148 0.113281 0.208984 0.112305 0.217773 0.117188 0.217773 0.117188 0.212891 0.124023 0.203125 0.123047
1 0.215820 0.121094 0.225586 0.125000 0.221680 0.138672 0.221680 0.138672 0.211914 0.130859
1 0.228516 0.134766 0.234375 0.132812 0.239258 0.137695 0.239258 0.137695 0.233398 0.147461 0.224609 0.143555
1 0.246094 0.147461 0.250977 0.155273 0.247070 0.159180 0.239258 0.155273
1 0.250977 0.158203 0.255859 0.158203 0.256836 0.166016 0.249023 0.167969
1 0.266602 0.165039 0.272461 0.171875 0.264648 0.177734 0.259766 0.172852
1 0.270508 0.177734 0.277344 0.174805 0.279297 0.180664 0.279297 0.191406 0.270508 0.186523
1 0.136719 0.000000 0.139648 0.008789 0.147461 0.019531 0.151367 0.006836 0.143555 0.000000
1 0.158203 0.009766 0.164062 0.016602 0.160156 0.026367 0.152344 0.022461 0.152344 0.013672 0.152344 0.013672
1 0.165039 0.022461 0.172852 0.025391 0.174805 0.032227 0.164062 0.036133 0.164062 0.036133 0.160156 0.030273
1 0.181641 0.034180 0.184570 0.039062 0.183594 0.046875 0.174805 0.043945 0.174805 0.035156
1 0.190430 0.043945 0.196289 0.044922 0.197266 0.053711 0.191406 0.056641 0.184570 0.049805
1 0.202148 0.054688 0.207031 0.058594 0.205078 0.065430 0.198242 0.064453 0.193359 0.055664
1 0.208984 0.063477 0.213867 0.066406 0.217773 0.075195 0.206055 0.077148 0.203125 0.069336
1 0.218750 0.073242 0.225586 0.078125 0.226562 0.086914 0.218750 0.086914 0.214844 0.081055 0.214844 0.081055
1 0.227539 0.082031 0.235352 0.083008 0.239258 0.092773 0.234375 0.097656 0.226562 0.091797
1 0.239258 0.092773 0.246094 0.092773 0.251953 0.098633 0.248047 0.105469 0.238281 0.102539
1 0.250977 0.103516 0.258789 0.105469 0.263672 0.116211 0.256836 0.120117 0.256836 0.120117 0.248047 0.115234
1 0.261719 0.115234 0.268555 0.117188 0.273438 0.125977 0.268555 0.129883 0.258789 0.123047
1 0.272461 0.125000 0.279297 0.125977 0.283203 0.135742 0.277344 0.141602 0.270508 0.135742
1 0.287109 0.136719 0.295898 0.138672 0.295898 0.144531 0.291992 0.152344 0.283203 0.143555
1 0.299805 0.145508 0.307617 0.154297 0.303711 0.160156 0.297852 0.155273
1 0.308594 0.154297 0.313477 0.160156 0.305664 0.162109
1 0.196289 0.000977 0.200195 0.006836 0.208008 0.006836 0.206055 0.000000
1 0.221680 0.011719 0.225586 0.019531 0.218750 0.028320 0.211914 0.024414 0.211914 0.015625
1 0.238281 0.035156 0.246094 0.040039 0.241211 0.048828 0.233398 0.042969
1 0.248047 0.044922 0.252930 0.048828 0.254883 0.054688 0.250000 0.060547 0.242188 0.054688
1 0.256836 0.057617 0.261719 0.056641 0.265625 0.060547 0.259766 0.070312 0.253906 0.065430
1 0.265625 0.068359 0.272461 0.069336 0.275391 0.078125 0.270508 0.080078 0.266602 0.075195
1 0.279297 0.080078 0.286133 0.080078 0.287109 0.089844 0.282227 0.091797 0.277344 0.086914
1 0.289062 0.088867 0.296875 0.089844 0.297852 0.097656 0.291992 0.098633
1 0.299805 0.096680 0.306641 0.095703 0.311523 0.106445 0.306641 0.112305 0.298828 0.107422
1 0.311523 0.115234 0.317383 0.109375 0.322266 0.113281 0.322266 0.120117 0.315430 0.124023
1 0.322266 0.123047 0.325195 0.120117 0.331055 0.120117 0.333984 0.125977 0.331055 0.132812 0.323242 0.128906
1 0.334961 0.130859 0.341797 0.133789 0.342773 0.140625 0.335938 0.143555 0.331055 0.138672
1 0.344727 0.136719 0.348633 0.138672 0.348633 0.146484 0.342773 0.146484
1 0.247070 0.000000 0.251953 0.009766 0.258789 0.000977
1 0.265625 0.004883 0.268555 0.008789 0.266602 0.017578 0.257812 0.019531 0.257812 0.008789
1 0.271484 0.014648 0.277344 0.017578 0.279297 0.024414 0.273438 0.027344 0.267578 0.021484
1 0.280273 0.027344 0.288086 0.026367 0.291016 0.033203 0.291016 0.033203 0.287109 0.039062 0.279297 0.037109
1 0.300781 0.031250 0.304688 0.036133 0.304688 0.045898 0.296875 0.046875 0.292969 0.039062
1 0.313477 0.046875 0.317383 0.054688 0.311523 0.059570 0.306641 0.053711
1 0.318359 0.061523 0.324219 0.062500 0.327148 0.068359 0.320312 0.073242 0.315430 0.067383
1 0.334961 0.067383 0.338867 0.078125 0.338867 0.078125 0.333984 0.084961 0.329102 0.078125 0.326172 0.069336 0.331055 0.064453
1 0.341797 0.082031 0.344727 0.080078 0.349609 0.083008 0.344727 0.090820 0.337891 0.092773 0.336914 0.084961
1 0.357422 0.095703 0.364258 0.094727 0.368164 0.102539 0.364258 0.107422 0.356445 0.101562
1 0.375000 0.108398 0.379883 0.112305 0.379883 0.121094 0.373047 0.125000 0.373047 0.125000 0.369141 0.120117
1 0.385742 0.119141 0.390625 0.119141 0.390625 0.127930 0.386719 0.134766 0.382812 0.129883
1 0.390625 0.131836 0.403320 0.133789 0.403320 0.133789 0.401367 0.142578 0.394531 0.145508 0.388672 0.141602
1 0.312500 0.000000 0.320312 0.003906 0.319336 0.010742 0.311523 0.011719
1 0.325195 0.006836 0.332031 0.011719 0.332031 0.018555 0.329102 0.020508 0.325195 0.023438 0.322266 0.014648
1 0.337891 0.022461 0.340820 0.028320 0.334961 0.033203 0.332031 0.026367
1 0.344727 0.033203 0.352539 0.035156 0.351562 0.041992 0.347656 0.048828 0.342773 0.042969
1 0.362305 0.046875 0.368164 0.050781 0.368164 0.059570 0.359375 0.060547 0.358398 0.051758
1 0.378906 0.057617 0.381836 0.068359 0.375977 0.073242 0.369141 0.066406 0.366211 0.061523 0.371094 0.055664
1 0.402344 0.082031 0.405273 0.089844 0.400391 0.095703 0.395508 0.087891 0.396484 0.083008
1 0.409180 0.090820 0.415039 0.096680 0.409180 0.101562 0.404297 0.097656
1 0.417969 0.099609 0.426758 0.106445 0.420898 0.115234 0.420898 0.115234 0.415039 0.109375
1 0.430664 0.113281 0.436523 0.115234 0.434570 0.122070 0.427734 0.125977 0.424805 0.120117
1 0.448242 0.129883 0.453125 0.135742 0.453125 0.144531 0.444336 0.140625
1 0.437500 0.123047 0.444336 0.125000 0.444336 0.132812 0.436523 0.129883
1 0.138672 0.213867 0.152344 0.209961 0.152344 0.218750 0.141602 0.225586
1 0.155273 0.220703 0.161133 0.225586 0.157227 0.233398 0.157227 0.233398 0.146484 0.226562
1 0.160156 0.229492 0.168945 0.230469 0.171875 0.241211 0.164062 0.243164 0.156250 0.236328
1 0.172852 0.240234 0.181641 0.241211 0.184570 0.246094 0.178711 0.253906 0.170898 0.250977
1 0.181641 0.250977 0.192383 0.250000 0.196289 0.262695 0.187500 0.266602 0.180664 0.260742
1 0.190430 0.265625 0.202148 0.262695 0.208984 0.264648 0.211914 0.270508 0.203125 0.272461 0.196289 0.277344 0.190430 0.274414
1 0.213867 0.272461 0.215820 0.278320 0.213867 0.284180 0.208008 0.285156 0.197266 0.284180 0.197266 0.276367 0.205078 0.274414
1 0.223633 0.284180 0.225586 0.290039 0.225586 0.290039 0.221680 0.299805 0.213867 0.297852 0.208008 0.287109 0.214844 0.286133 0.216797 0.280273
1 0.227539 0.291992 0.233398 0.293945 0.235352 0.303711 0.235352 0.303711 0.229492 0.309570 0.221680 0.305664 0.223633 0.295898
1 0.244141 0.302734 0.251953 0.312500 0.244141 0.316406 0.234375 0.317383 0.233398 0.309570
1 0.248047 0.312500 0.255859 0.313477 0.257812 0.325195 0.252930 0.330078 0.247070 0.327148 0.243164 0.319336
1 0.260742 0.325195 0.273438 0.326172 0.275391 0.334961 0.266602 0.339844 0.259766 0.337891 0.254883 0.331055
1 0.126953 0.249023 0.133789 0.252930 0.129883 0.260742 0.125977 0.266602 0.118164 0.262695 0.119141 0.253906
1 0.135742 0.256836 0.144531 0.257812 0.144531 0.263672 0.140625 0.269531 0.135742 0.275391 0.130859 0.271484 0.130859 0.258789
1 0.143555 0.266602 0.150391 0.274414 0.148438 0.278320 0.137695 0.275391
1 0.150391 0.277344 0.160156 0.276367 0.160156 0.287109 0.155273 0.294922 0.147461 0.296875 0.146484 0.290039
1 0.163086 0.289062 0.169922 0.290039 0.173828 0.293945 0.168945 0.304688 0.166992 0.310547 0.155273 0.301758 0.159180 0.294922
1 0.176758 0.302734 0.182617 0.302734 0.182617 0.312500 0.174805 0.318359 0.167969 0.314453 0.168945 0.306641
1 0.199219 0.318359 0.205078 0.325195 0.200195 0.331055 0.191406 0.328125 0.191406 0.321289
1 0.206055 0.328125 0.212891 0.329102 0.214844 0.336914 0.213867 0.345703 0.205078 0.349609 0.200195 0.342773
1 0.217773 0.332031 0.225586 0.340820 0.225586 0.340820 0.219727 0.349609 0.213867 0.352539 0.213867 0.337891
1 0.229492 0.350586 0.239258 0.351562 0.244141 0.362305 0.233398 0.368164 0.225586 0.364258 0.223633 0.357422
1 0.247070 0.356445 0.250977 0.367188 0.250977 0.367188 0.246094 0.375000 0.239258 0.375977 0.237305 0.367188 0.241211 0.362305
1 0.259766 0.375000 0.259766 0.382812 0.250977 0.383789 0.250000 0.374023
1 0.266602 0.384766 0.266602 0.391602 0.260742 0.394531 0.256836 0.387695 0.256836 0.387695
1 0.273438 0.392578 0.275391 0.399414 0.267578 0.402344 0.266602 0.396484
1 0.280273 0.404297 0.286133 0.404297 0.286133 0.396484 0.292969 0.398438 0.299805 0.406250 0.299805 0.406250 0.293945 0.412109 0.290039 0.417969 0.281250 0.417969 0.274414 0.411133
1 0.299805 0.417969 0.302734 0.421875 0.298828 0.429688 0.291016 0.424805 0.291016 0.419922
1 0.309570 0.424805 0.312500 0.431641 0.310547 0.439453 0.310547 0.439453 0.300781 0.437500 0.301758 0.428711
1 0.313477 0.432617 0.323242 0.437500 0.321289 0.442383 0.316406 0.445312 0.313477 0.447266 0.309570 0.439453
1 0.323242 0.444336 0.328125 0.445312 0.329102 0.452148 0.321289 0.457031 0.321289 0.457031 0.315430 0.450195 0.316406 0.444336
1 0.333008 0.450195 0.336914 0.448242 0.340820 0.456055 0.340820 0.456055 0.337891 0.463867 0.327148 0.464844 0.325195 0.457031
1 0.344727 0.459961 0.354492 0.466797 0.352539 0.473633 0.342773 0.474609 0.339844 0.465820
1 0.356445 0.465820 0.364258 0.468750 0.365234 0.476562 0.360352 0.486328 0.352539 0.482422 0.347656 0.475586 0.347656 0.475586
1 0.366211 0.474609 0.372070 0.479492 0.375977 0.488281 0.369141 0.493164 0.362305 0.490234 0.362305 0.481445
1 0.380859 0.489258 0.387695 0.491211 0.389648 0.499023 0.385742 0.507812 0.377930 0.506836 0.373047 0.495117
1 0.391602 0.508789 0.400391 0.507812 0.403320 0.518555 0.397461 0.522461 0.388672 0.516602
1 0.404297 0.517578 0.408203 0.511719 0.416016 0.516602 0.418945 0.528320 0.416016 0.538086 0.405273 0.535156 0.401367 0.526367 0.409180 0.519531
1 0.426758 0.526367 0.437500 0.536133 0.429688 0.540039 0.428711 0.548828 0.419922 0.546875 0.416016 0.538086 0.418945 0.530273
1 0.430664 0.541992 0.439453 0.545898 0.439453 0.545898 0.439453 0.553711 0.430664 0.556641 0.423828 0.551758
1 0.442383 0.544922 0.452148 0.547852 0.450195 0.554688 0.442383 0.552734
1 0.445312 0.557617 0.452148 0.557617 0.455078 0.565430 0.448242 0.570312 0.441406 0.565430
1 0.460938 0.555664 0.466797 0.564453 0.465820 0.572266 0.465820 0.572266 0.460938 0.581055 0.454102 0.579102 0.458008 0.567383 0.456055 0.558594
1 0.471680 0.575195 0.475586 0.582031 0.475586 0.582031 0.471680 0.589844 0.466797 0.594727 0.462891 0.590820 0.463867 0.580078
1 0.475586 0.586914 0.483398 0.586914 0.485352 0.595703 0.479492 0.603516 0.473633 0.599609
1 0.486328 0.596680 0.494141 0.596680 0.494141 0.603516 0.496094 0.607422 0.493164 0.614258 0.486328 0.617188 0.480469 0.609375 0.483398 0.602539
1 0.494141 0.610352 0.506836 0.610352 0.505859 0.619141 0.500977 0.625000 0.492188 0.623047 0.493164 0.616211
1 0.511719 0.621094 0.517578 0.619141 0.520508 0.625977 0.515625 0.629883 0.509766 0.626953
1 0.522461 0.630859 0.528320 0.630859 0.532227 0.639648 0.526367 0.645508 0.519531 0.639648
1 0.532227 0.641602 0.537109 0.641602 0.538086 0.651367 0.533203 0.654297 0.528320 0.647461 0.528320 0.647461
1 0.541016 0.651367 0.550781 0.652344 0.550781 0.659180 0.544922 0.662109 0.541016 0.656250
1 0.558594 0.662109 0.559570 0.666992 0.559570 0.674805 0.552734 0.678711 0.552734 0.678711 0.545898 0.672852 0.548828 0.666016 0.550781 0.660156
1 0.567383 0.682617 0.577148 0.681641 0.581055 0.690430 0.573242 0.697266 0.565430 0.689453
1 0.583008 0.696289 0.591797 0.695312 0.594727 0.701172 0.599609 0.702148 0.601562 0.711914 0.597656 0.715820 0.588867 0.713867 0.581055 0.704102
1 0.613281 0.712891 0.618164 0.719727 0.613281 0.723633 0.610352 0.717773
1 0.624023 0.722656 0.629883 0.727539 0.626953 0.734375 0.619141 0.735352
1 0.633789 0.733398 0.639648 0.741211 0.635742 0.745117 0.628906 0.742188 0.625977 0.734375
1 0.648438 0.745117 0.655273 0.754883 0.649414 0.759766 0.641602 0.758789 0.639648 0.750977 0.640625 0.747070
1 0.658203 0.758789 0.666016 0.761719 0.662109 0.769531 0.654297 0.766602
1 0.662109 0.770508 0.670898 0.768555 0.670898 0.778320 0.664062 0.780273
1 0.681641 0.784180 0.681641 0.789062 0.673828 0.790039 0.673828 0.782227
1 0.277344 0.345703 0.291016 0.346680 0.291992 0.354492 0.291992 0.354492 0.284180 0.357422 0.277344 0.352539 0.277344 0.352539
1 0.298828 0.354492 0.304688 0.358398 0.299805 0.367188 0.291016 0.369141 0.285156 0.360352
1 0.299805 0.368164 0.310547 0.365234 0.315430 0.370117 0.310547 0.378906 0.301758 0.378906
1 0.320312 0.374023 0.327148 0.378906 0.327148 0.378906 0.322266 0.387695 0.315430 0.390625 0.307617 0.383789 0.312500 0.375977
1 0.327148 0.386719 0.339844 0.391602 0.343750 0.399414 0.332031 0.404297 0.324219 0.397461
1 0.349609 0.404297 0.356445 0.412109 0.351562 0.418945 0.343750 0.417969 0.338867 0.408203 0.340820 0.401367
1 0.361328 0.416992 0.365234 0.425781 0.359375 0.432617 0.348633 0.422852
1 0.376953 0.425781 0.375000 0.437500 0.367188 0.442383 0.358398 0.432617 0.368164 0.428711
1 0.387695 0.436523 0.391602 0.444336 0.382812 0.450195 0.372070 0.445312 0.372070 0.445312 0.377930 0.436523
1 0.395508 0.445312 0.402344 0.451172 0.395508 0.461914 0.388672 0.461914 0.385742 0.454102
1 0.404297 0.456055 0.411133 0.458008 0.412109 0.466797 0.403320 0.469727 0.398438 0.464844
1 0.412109 0.470703 0.416016 0.464844 0.421875 0.469727 0.422852 0.477539 0.418945 0.480469 0.416992 0.486328 0.408203 0.481445 0.407227 0.472656
1 0.427734 0.486328 0.423828 0.494141 0.418945 0.495117 0.418945 0.482422 0.425781 0.477539 0.425781 0.469727 0.431641 0.474609
1 0.436523 0.491211 0.437500 0.500000 0.432617 0.502930 0.424805 0.496094 0.428711 0.489258
1 0.441406 0.500000 0.448242 0.500977 0.448242 0.500977 0.445312 0.509766 0.436523 0.507812
1 0.456055 0.503906 0.454102 0.512695 0.449219 0.515625 0.447266 0.506836 0.452148 0.500977
1 0.460938 0.511719 0.463867 0.514648 0.471680 0.521484 0.459961 0.527344 0.453125 0.522461
1 0.473633 0.523438 0.478516 0.524414 0.474609 0.533203 0.465820 0.534180 0.459961 0.531250 0.465820 0.528320
1 0.478516 0.533203 0.489258 0.534180 0.483398 0.541992 0.483398 0.541992 0.474609 0.541016 0.470703 0.535156
1 0.493164 0.540039 0.494141 0.546875 0.496094 0.551758 0.489258 0.556641 0.481445 0.555664 0.478516 0.545898
1 0.518555 0.558594 0.514648 0.575195 0.504883 0.570312 0.500977 0.563477 0.509766 0.557617
1 0.531250 0.569336 0.534180 0.579102 0.534180 0.579102 0.526367 0.586914 0.524414 0.572266 0.525391 0.569336
1 0.539062 0.584961 0.541016 0.592773 0.538086 0.598633 0.529297 0.595703 0.528320 0.587891
1 0.546875 0.593750 0.553711 0.595703 0.553711 0.603516 0.546875 0.606445 0.540039 0.602539 0.540039 0.595703
1 0.556641 0.602539 0.562500 0.603516 0.564453 0.611328 0.558594 0.617188 0.552734 0.617188 0.552734 0.609375
1 0.566406 0.613281 0.573242 0.617188 0.574219 0.624023 0.572266 0.631836 0.562500 0.625977 0.562500 0.625977
1 0.577148 0.625977 0.584961 0.625977 0.587891 0.633789 0.580078 0.640625 0.573242 0.633789
1 0.586914 0.637695 0.594727 0.636719 0.598633 0.643555 0.589844 0.653320 0.582031 0.642578
1 0.615234 0.649414 0.621094 0.653320 0.621094 0.653320 0.619141 0.663086 0.611328 0.661133 0.609375 0.653320
1 0.631836 0.670898 0.630859 0.679688 0.626953 0.684570 0.620117 0.682617 0.613281 0.675781 0.613281 0.675781 0.617188 0.666992
1 0.634766 0.676758 0.642578 0.680664 0.643555 0.692383 0.632812 0.692383 0.622070 0.689453 0.632812 0.682617
1 0.654297 0.698242 0.665039 0.708008 0.660156 0.715820 0.651367 0.713867 0.649414 0.702148
1 0.671875 0.712891 0.674805 0.720703 0.667969 0.725586 0.660156 0.718750 0.663086 0.710938
1 0.682617 0.723633 0.691406 0.730469 0.685547 0.736328 0.679688 0.728516
1 0.692383 0.737305 0.692383 0.748047 0.684570 0.749023 0.679688 0.741211 0.684570 0.739258
1 0.701172 0.743164 0.708008 0.747070 0.699219 0.754883 0.692383 0.750977 0.693359 0.743164
1 0.708008 0.758789 0.704102 0.765625 0.704102 0.765625 0.699219 0.758789 0.703125 0.753906
1 0.701172 0.729492 0.711914 0.745117 0.703125 0.744141 0.694336 0.739258 0.693359 0.730469
1 0.196289 0.211914 0.203125 0.212891 0.202148 0.220703 0.194336 0.218750
1 0.206055 0.218750 0.211914 0.221680 0.210938 0.232422 0.201172 0.227539
1 0.219727 0.226562 0.230469 0.234375 0.239258 0.239258 0.240234 0.249023 0.230469 0.253906 0.220703 0.249023 0.212891 0.237305 0.213867 0.230469
1 0.244141 0.248047 0.250977 0.256836 0.245117 0.263672 0.237305 0.251953
1 0.258789 0.264648 0.267578 0.275391 0.263672 0.284180 0.255859 0.280273 0.252930 0.269531
1 0.279297 0.283203 0.282227 0.292969 0.274414 0.297852 0.265625 0.291016 0.267578 0.281250 0.272461 0.279297 0.272461 0.279297
1 0.289062 0.293945 0.291016 0.301758 0.285156 0.307617 0.285156 0.307617 0.276367 0.304688 0.273438 0.297852 0.281250 0.295898 0.283203 0.291016
1 0.299805 0.299805 0.303711 0.309570 0.300781 0.312500 0.296875 0.316406 0.291016 0.310547 0.291992 0.302734
1 0.304688 0.311523 0.312500 0.313477 0.312500 0.319336 0.310547 0.322266 0.307617 0.327148 0.307617 0.327148 0.300781 0.324219 0.300781 0.324219 0.302734 0.317383
1 0.314453 0.321289 0.320312 0.324219 0.320312 0.333984 0.314453 0.336914 0.314453 0.336914 0.309570 0.331055
1 0.327148 0.332031 0.333008 0.335938 0.332031 0.346680 0.323242 0.346680 0.318359 0.336914
1 0.337891 0.345703 0.345703 0.344727 0.348633 0.350586 0.345703 0.356445 0.339844 0.361328 0.333984 0.355469
1 0.353516 0.355469 0.363281 0.350586 0.367188 0.358398 0.362305 0.367188 0.355469 0.373047 0.347656 0.365234 0.349609 0.357422
1 0.371094 0.373047 0.377930 0.374023 0.380859 0.383789 0.375000 0.385742 0.368164 0.381836
1 0.388672 0.388672 0.388672 0.397461 0.378906 0.398438 0.376953 0.389648 0.382812 0.385742
1 0.390625 0.395508 0.402344 0.399414 0.399414 0.410156 0.391602 0.411133 0.386719 0.404297
1 0.403320 0.402344 0.408203 0.404297 0.413086 0.412109 0.405273 0.416992 0.399414 0.412109
1 0.413086 0.416016 0.422852 0.417969 0.422852 0.425781 0.418945 0.430664 0.411133 0.427734 0.406250 0.418945
1 0.432617 0.429688 0.434570 0.438477 0.428711 0.443359 0.420898 0.438477 0.425781 0.428711
1 0.434570 0.438477 0.446289 0.443359 0.446289 0.443359 0.443359 0.453125 0.432617 0.454102 0.432617 0.454102 0.429688 0.445312
1 0.446289 0.450195 0.454102 0.454102 0.457031 0.457031 0.451172 0.464844 0.442383 0.460938 0.441406 0.454102
1 0.457031 0.459961 0.463867 0.462891 0.464844 0.470703 0.457031 0.474609 0.452148 0.465820 0.452148 0.465820
1 0.486328 0.481445 0.482422 0.494141 0.475586 0.489258 0.480469 0.481445
1 0.492188 0.487305 0.501953 0.493164 0.494141 0.505859 0.485352 0.500977 0.486328 0.493164 0.489258 0.490234
1 0.500977 0.506836 0.504883 0.507812 0.511719 0.505859 0.514648 0.512695 0.508789 0.519531 0.500000 0.516602 0.497070 0.507812
1 0.517578 0.512695 0.526367 0.518555 0.519531 0.525391 0.512695 0.528320 0.510742 0.520508
1 0.525391 0.522461 0.537109 0.528320 0.536133 0.536133 0.527344 0.539062 0.520508 0.531250
1 0.538086 0.536133 0.546875 0.537109 0.542969 0.547852 0.536133 0.546875 0.532227 0.540039
1 0.548828 0.549805 0.558594 0.550781 0.554688 0.556641 0.545898 0.555664 0.543945 0.548828
1 0.562500 0.555664 0.568359 0.561523 0.568359 0.561523 0.567383 0.568359 0.559570 0.569336 0.553711 0.563477
1 0.572266 0.563477 0.580078 0.565430 0.580078 0.573242 0.571289 0.579102 0.567383 0.573242
1 0.580078 0.575195 0.588867 0.578125 0.589844 0.585938 0.584961 0.589844 0.584961 0.589844 0.576172 0.584961 0.575195 0.578125
1 0.596680 0.588867 0.601562 0.594727 0.595703 0.600586 0.590820 0.600586 0.584961 0.592773 0.589844 0.588867
1 0.604492 0.595703 0.612305 0.599609 0.611328 0.607422 0.608398 0.613281 0.597656 0.610352 0.594727 0.603516 0.599609 0.597656
1 0.615234 0.609375 0.623047 0.610352 0.625977 0.618164 0.620117 0.620117 0.612305 0.620117 0.608398 0.616211 0.609375 0.610352
1 0.627930 0.620117 0.633789 0.624023 0.629883 0.630859 0.621094 0.630859 0.621094 0.630859 0.617188 0.623047 0.623047 0.619141
1 0.637695 0.625977 0.646484 0.629883 0.645508 0.636719 0.639648 0.638672 0.635742 0.642578 0.629883 0.638672 0.626953 0.631836
1 0.645508 0.637695 0.656250 0.641602 0.654297 0.649414 0.647461 0.654297 0.637695 0.648438 0.636719 0.639648
1 0.658203 0.649414 0.664062 0.649414 0.666992 0.658203 0.657227 0.662109 0.657227 0.662109 0.652344 0.655273
1 0.670898 0.656250 0.677734 0.663086 0.675781 0.672852 0.675781 0.672852 0.667969 0.671875 0.665039 0.665039
1 0.680664 0.670898 0.688477 0.670898 0.693359 0.674805 0.692383 0.682617 0.682617 0.683594 0.678711 0.677734 0.678711 0.677734
1 0.694336 0.685547 0.705078 0.689453 0.704102 0.695312 0.696289 0.697266 0.691406 0.691406
1 0.711914 0.703125 0.719727 0.704102 0.720703 0.711914 0.711914 0.714844 0.706055 0.708008
1 0.727539 0.711914 0.732422 0.716797 0.731445 0.723633 0.731445 0.723633 0.722656 0.724609 0.719727 0.715820
1 0.248047 0.199219 0.247070 0.206055 0.238281 0.209961 0.236328 0.203125 0.244141 0.200195
1 0.253906 0.209961 0.250977 0.219727 0.246094 0.211914 0.246094 0.211914
1 0.254883 0.216797 0.262695 0.217773 0.263672 0.224609 0.263672 0.224609 0.256836 0.226562 0.256836 0.226562
1 0.262695 0.228516 0.273438 0.229492 0.271484 0.236328 0.261719 0.236328 0.261719 0.236328
1 0.283203 0.229492 0.290039 0.233398 0.287109 0.239258 0.284180 0.245117 0.278320 0.242188
1 0.299805 0.251953 0.308594 0.257812 0.307617 0.268555 0.304688 0.273438 0.295898 0.269531 0.294922 0.258789
1 0.330078 0.274414 0.333008 0.282227 0.327148 0.289062 0.316406 0.286133
1 0.342773 0.284180 0.343750 0.289062 0.345703 0.295898 0.336914 0.303711 0.330078 0.296875 0.330078 0.296875 0.334961 0.283203 0.341797 0.277344
1 0.352539 0.295898 0.355469 0.303711 0.347656 0.310547 0.338867 0.303711 0.345703 0.297852
1 0.360352 0.301758 0.366211 0.307617 0.366211 0.307617 0.364258 0.317383 0.359375 0.326172 0.348633 0.321289 0.348633 0.312500 0.353516 0.307617
1 0.373047 0.318359 0.379883 0.329102 0.374023 0.333984 0.374023 0.333984 0.367188 0.336914 0.367188 0.336914 0.359375 0.330078 0.363281 0.321289 0.370117 0.323242
1 0.386719 0.330078 0.385742 0.339844 0.375977 0.342773 0.374023 0.335938 0.378906 0.333984 0.382812 0.327148
1 0.392578 0.340820 0.403320 0.343750 0.404297 0.350586 0.404297 0.350586 0.399414 0.360352 0.389648 0.357422 0.387695 0.346680
1 0.412109 0.355469 0.413086 0.362305 0.407227 0.368164 0.401367 0.364258 0.403320 0.357422
1 0.415039 0.361328 0.420898 0.362305 0.423828 0.374023 0.421875 0.382812 0.421875 0.382812 0.413086 0.378906 0.412109 0.371094
1 0.425781 0.372070 0.434570 0.375000 0.438477 0.381836 0.433594 0.389648 0.424805 0.387695 0.423828 0.378906
1 0.443359 0.385742 0.446289 0.394531 0.443359 0.401367 0.434570 0.400391 0.432617 0.394531 0.437500 0.387695
1 0.457031 0.394531 0.458984 0.401367 0.455078 0.410156 0.448242 0.413086 0.445312 0.406250 0.448242 0.399414 0.451172 0.394531
1 0.462891 0.407227 0.469727 0.410156 0.471680 0.416992 0.464844 0.420898 0.457031 0.418945 0.457031 0.410156
1 0.469727 0.419922 0.476562 0.423828 0.478516 0.434570 0.471680 0.434570 0.465820 0.426758
1 0.480469 0.430664 0.488281 0.430664 0.489258 0.439453 0.485352 0.444336 0.478516 0.439453
1 0.492188 0.436523 0.498047 0.437500 0.500977 0.444336 0.495117 0.452148 0.487305 0.447266
1 0.500977 0.450195 0.507812 0.450195 0.512695 0.457031 0.512695 0.457031 0.505859 0.462891 0.498047 0.458008
1 0.512695 0.463867 0.522461 0.468750 0.517578 0.475586 0.509766 0.471680
1 0.524414 0.471680 0.533203 0.470703 0.541016 0.476562 0.544922 0.487305 0.543945 0.497070 0.531250 0.496094 0.523438 0.486328
1 0.545898 0.489258 0.554688 0.491211 0.555664 0.500000 0.545898 0.502930
1 0.568359 0.501953 0.567383 0.512695 0.559570 0.518555 0.559570 0.518555 0.553711 0.509766 0.560547 0.503906 0.559570 0.490234 0.567383 0.490234 0.567383 0.490234
1 0.577148 0.512695 0.583008 0.515625 0.583008 0.522461 0.577148 0.527344 0.569336 0.526367 0.566406 0.517578
1 0.588867 0.522461 0.590820 0.532227 0.583984 0.537109 0.583984 0.537109 0.579102 0.533203 0.581055 0.525391 0.585938 0.523438
1 0.596680 0.533203 0.595703 0.542969 0.588867 0.545898 0.586914 0.538086 0.586914 0.538086 0.591797 0.532227
1 0.602539 0.539062 0.608398 0.544922 0.609375 0.555664 0.603516 0.558594 0.598633 0.549805 0.598633 0.549805 0.597656 0.540039 0.597656 0.540039
1 0.614258 0.549805 0.620117 0.557617 0.626953 0.560547 0.632812 0.562500 0.632812 0.562500 0.632812 0.573242 0.628906 0.576172 0.619141 0.571289 0.609375 0.565430
1 0.641602 0.572266 0.646484 0.576172 0.646484 0.586914 0.637695 0.587891 0.633789 0.580078 0.635742 0.574219
1 0.654297 0.584961 0.657227 0.591797 0.657227 0.591797 0.653320 0.594727 0.651367 0.599609 0.645508 0.597656 0.645508 0.597656 0.644531 0.589844 0.644531 0.589844 0.647461 0.585938
1 0.658203 0.589844 0.663086 0.596680 0.660156 0.607422 0.653320 0.605469 0.653320 0.596680
1 0.666992 0.597656 0.672852 0.605469 0.679688 0.609375 0.677734 0.615234 0.673828 0.621094 0.666992 0.616211 0.666992 0.616211 0.662109 0.609375 0.661133 0.601562
1 0.678711 0.613281 0.688477 0.616211 0.688477 0.616211 0.692383 0.623047 0.685547 0.627930 0.675781 0.624023
1 0.697266 0.625000 0.705078 0.632812 0.699219 0.640625 0.692383 0.641602 0.687500 0.633789
1 0.720703 0.656250 0.724609 0.660156 0.714844 0.661133 0.708984 0.663086 0.704102 0.656250 0.708008 0.648438 0.715820 0.648438
1 0.725586 0.658203 0.734375 0.663086 0.732422 0.668945 0.730469 0.673828 0.721680 0.673828 0.717773 0.664062
1 0.741211 0.666016 0.750000 0.675781 0.750000 0.675781 0.747070 0.681641 0.741211 0.681641 0.735352 0.684570 0.729492 0.675781 0.729492 0.675781 0.733398 0.665039
1 0.755859 0.690430 0.764648 0.692383 0.764648 0.692383 0.763672 0.701172 0.763672 0.701172 0.759766 0.705078 0.751953 0.700195 0.751953 0.700195 0.750000 0.694336
1 0.282227 0.189453 0.289062 0.187500 0.291016 0.198242 0.283203 0.199219
1 0.298828 0.200195 0.301758 0.207031 0.295898 0.210938 0.293945 0.203125
1 0.308594 0.208008 0.312500 0.213867 0.305664 0.217773 0.300781 0.209961
1 0.324219 0.220703 0.324219 0.231445 0.318359 0.233398 0.317383 0.218750
1 0.334961 0.228516 0.336914 0.236328 0.331055 0.239258 0.331055 0.239258 0.328125 0.229492
1 0.350586 0.236328 0.348633 0.245117 0.348633 0.245117 0.341797 0.249023 0.338867 0.241211
1 0.358398 0.246094 0.359375 0.252930 0.355469 0.255859 0.353516 0.250000
1 0.371094 0.254883 0.370117 0.269531 0.370117 0.269531 0.363281 0.273438 0.358398 0.269531 0.362305 0.257812
1 0.382812 0.275391 0.373047 0.284180 0.367188 0.277344 0.370117 0.271484
1 0.391602 0.290039 0.400391 0.291016 0.400391 0.298828 0.392578 0.301758 0.386719 0.294922
1 0.402344 0.300781 0.410156 0.301758 0.410156 0.309570 0.405273 0.315430 0.398438 0.308594
1 0.420898 0.310547 0.421875 0.316406 0.419922 0.325195 0.414062 0.322266 0.412109 0.314453 0.412109 0.314453 0.415039 0.308594
1 0.425781 0.322266 0.433594 0.324219 0.432617 0.332031 0.423828 0.335938 0.419922 0.327148
1 0.444336 0.332031 0.446289 0.340820 0.441406 0.346680 0.432617 0.339844 0.437500 0.332031
1 0.453125 0.343750 0.456055 0.350586 0.453125 0.357422 0.444336 0.355469 0.445312 0.346680
1 0.467773 0.349609 0.474609 0.356445 0.474609 0.356445 0.466797 0.362305 0.466797 0.362305 0.463867 0.368164 0.456055 0.365234 0.456055 0.353516
1 0.479492 0.362305 0.480469 0.373047 0.475586 0.377930 0.475586 0.377930 0.470703 0.378906 0.467773 0.372070 0.470703 0.363281 0.470703 0.363281
1 0.482422 0.375000 0.489258 0.375977 0.489258 0.375977 0.489258 0.382812 0.483398 0.389648 0.477539 0.381836
1 0.500977 0.386719 0.503906 0.395508 0.497070 0.401367 0.488281 0.392578 0.495117 0.387695
1 0.504883 0.398438 0.514648 0.401367 0.511719 0.411133 0.504883 0.413086 0.498047 0.404297
1 0.516602 0.407227 0.523438 0.410156 0.524414 0.416016 0.517578 0.421875 0.510742 0.417969 0.510742 0.417969
1 0.526367 0.416016 0.534180 0.416992 0.535156 0.424805 0.531250 0.433594 0.523438 0.430664
1 0.541016 0.427734 0.544922 0.435547 0.539062 0.442383 0.533203 0.435547 0.534180 0.427734
1 0.555664 0.434570 0.557617 0.442383 0.551758 0.452148 0.544922 0.448242 0.544922 0.448242 0.544922 0.439453 0.549805 0.435547
1 0.567383 0.456055 0.562500 0.461914 0.554688 0.459961 0.554688 0.451172 0.554688 0.451172 0.559570 0.449219 0.563477 0.440430 0.568359 0.444336 0.569336 0.454102
1 0.579102 0.470703 0.581055 0.457031 0.576172 0.452148 0.573242 0.460938 0.565430 0.460938 0.563477 0.464844 0.569336 0.473633 0.574219 0.474609
1 0.583008 0.470703 0.590820 0.471680 0.590820 0.471680 0.592773 0.477539 0.586914 0.488281 0.580078 0.482422 0.580078 0.482422
1 0.593750 0.479492 0.601562 0.482422 0.601562 0.491211 0.596680 0.495117 0.591797 0.491211 0.589844 0.482422
1 0.616211 0.498047 0.623047 0.500000 0.623047 0.500000 0.626953 0.509766 0.619141 0.514648 0.619141 0.514648 0.611328 0.513672 0.611328 0.513672 0.610352 0.503906
1 0.626953 0.515625 0.636719 0.518555 0.635742 0.526367 0.626953 0.527344 0.622070 0.520508
1 0.643555 0.526367 0.647461 0.532227 0.643555 0.538086 0.636719 0.537109 0.633789 0.530273 0.636719 0.525391
1 0.658203 0.533203 0.660156 0.540039 0.660156 0.540039 0.657227 0.547852 0.649414 0.544922 0.647461 0.537109 0.652344 0.535156
1 0.670898 0.544922 0.672852 0.552734 0.665039 0.557617 0.658203 0.554688 0.658203 0.554688 0.660156 0.544922
1 0.651367 0.522461 0.661133 0.524414 0.657227 0.532227 0.652344 0.530273 0.649414 0.525391
1 0.666992 0.526367 0.670898 0.535156 0.665039 0.540039 0.665039 0.540039 0.659180 0.531250 0.663086 0.525391
1 0.676758 0.536133 0.682617 0.541992 0.687500 0.548828 0.687500 0.548828 0.685547 0.552734 0.679688 0.545898 0.674805 0.543945 0.671875 0.535156
1 0.681641 0.554688 0.682617 0.561523 0.671875 0.566406 0.668945 0.559570 0.674805 0.549805
1 0.686523 0.562500 0.689453 0.571289 0.680664 0.574219 0.676758 0.567383
1 0.700195 0.577148 0.702148 0.584961 0.696289 0.589844 0.690430 0.585938 0.694336 0.576172 0.694336 0.576172
1 0.713867 0.586914 0.714844 0.591797 0.714844 0.591797 0.708984 0.600586 0.700195 0.598633 0.706055 0.589844 0.708008 0.583008
1 0.730469 0.600586 0.731445 0.607422 0.723633 0.612305 0.723633 0.600586
1 0.744141 0.622070 0.744141 0.629883 0.737305 0.633789 0.737305 0.633789 0.732422 0.625977 0.739258 0.617188
1 0.751953 0.625977 0.756836 0.630859 0.755859 0.637695 0.750000 0.641602 0.750000 0.641602 0.741211 0.638672 0.745117 0.629883
1 0.761719 0.638672 0.763672 0.645508 0.757812 0.652344 0.752930 0.646484 0.756836 0.638672
1 0.778320 0.649414 0.777344 0.657227 0.769531 0.662109 0.769531 0.662109 0.765625 0.656250 0.772461 0.649414
1 0.774414 0.662109 0.774414 0.666992 0.768555 0.667969 0.768555 0.667969 0.767578 0.664062
1 0.310547 0.162109 0.316406 0.162109 0.318359 0.169922 0.312500 0.171875
1 0.327148 0.169922 0.330078 0.177734 0.330078 0.177734 0.322266 0.181641 0.318359 0.175781
1 0.332031 0.180664 0.337891 0.177734 0.338867 0.186523 0.336914 0.193359 0.336914 0.193359 0.330078 0.188477
1 0.347656 0.188477 0.352539 0.197266 0.350586 0.204102 0.343750 0.205078 0.339844 0.197266 0.342773 0.190430
1 0.360352 0.203125 0.361328 0.210938 0.354492 0.212891 0.353516 0.203125
1 0.371094 0.209961 0.370117 0.219727 0.370117 0.219727 0.364258 0.223633 0.361328 0.215820 0.365234 0.209961
1 0.378906 0.218750 0.383789 0.223633 0.380859 0.230469 0.375977 0.233398 0.369141 0.225586 0.374023 0.219727
1 0.392578 0.228516 0.394531 0.236328 0.394531 0.236328 0.387695 0.241211 0.380859 0.237305 0.384766 0.227539
1 0.400391 0.240234 0.402344 0.247070 0.397461 0.251953 0.397461 0.251953 0.389648 0.246094 0.397461 0.240234
1 0.404297 0.239258 0.411133 0.242188 0.411133 0.242188 0.411133 0.250977 0.404297 0.249023 0.404297 0.249023
1 0.382812 0.210938 0.387695 0.213867 0.386719 0.220703 0.380859 0.217773 0.380859 0.212891
1 0.394531 0.221680 0.399414 0.226562 0.396484 0.228516 0.391602 0.223633
1 0.406250 0.252930 0.415039 0.254883 0.413086 0.266602 0.413086 0.266602 0.406250 0.262695
1 0.417969 0.262695 0.426758 0.267578 0.421875 0.275391 0.416016 0.272461
1 0.429688 0.269531 0.438477 0.273438 0.438477 0.273438 0.436523 0.281250 0.436523 0.281250 0.431641 0.283203 0.424805 0.277344 0.425781 0.270508
1 0.441406 0.281250 0.449219 0.283203 0.449219 0.283203 0.449219 0.289062 0.442383 0.294922 0.435547 0.288086 0.435547 0.282227 0.435547 0.282227
1 0.455078 0.291016 0.458008 0.297852 0.455078 0.304688 0.448242 0.302734 0.448242 0.302734 0.445312 0.293945 0.451172 0.290039
1 0.474609 0.312500 0.480469 0.320312 0.478516 0.329102 0.467773 0.323242 0.467773 0.315430 0.467773 0.315430
1 0.483398 0.320312 0.490234 0.324219 0.491211 0.331055 0.480469 0.332031 0.477539 0.323242
1 0.492188 0.334961 0.500977 0.333984 0.503906 0.330078 0.506836 0.336914 0.501953 0.343750 0.492188 0.343750
1 0.504883 0.342773 0.513672 0.346680 0.513672 0.346680 0.512695 0.356445 0.506836 0.358398 0.506836 0.358398 0.500000 0.350586
1 0.515625 0.355469 0.522461 0.356445 0.522461 0.356445 0.524414 0.365234 0.521484 0.369141 0.513672 0.366211
1 0.528320 0.364258 0.535156 0.365234 0.535156 0.365234 0.537109 0.371094 0.531250 0.377930 0.525391 0.374023
1 0.539062 0.375000 0.547852 0.377930 0.545898 0.387695 0.539062 0.389648 0.534180 0.381836
1 0.550781 0.385742 0.557617 0.388672 0.554688 0.398438 0.547852 0.398438 0.547852 0.398438 0.544922 0.391602
1 0.558594 0.396484 0.564453 0.398438 0.564453 0.410156 0.556641 0.410156 0.556641 0.410156 0.553711 0.402344
1 0.569336 0.408203 0.577148 0.410156 0.577148 0.418945 0.568359 0.416992 0.568359 0.416992
1 0.578125 0.416016 0.590820 0.419922 0.587891 0.431641 0.579102 0.429688 0.578125 0.420898
1 0.598633 0.427734 0.601562 0.437500 0.596680 0.440430 0.589844 0.436523 0.591797 0.426758 0.591797 0.426758
1 0.608398 0.436523 0.613281 0.443359 0.609375 0.451172 0.609375 0.451172 0.601562 0.451172 0.601562 0.439453
1 0.617188 0.437500 0.624023 0.443359 0.622070 0.448242 0.622070 0.448242 0.616211 0.449219
1 0.624023 0.450195 0.622070 0.462891 0.614258 0.462891 0.607422 0.454102 0.617188 0.452148
1 0.626953 0.456055 0.634766 0.460938 0.633789 0.468750 0.627930 0.473633 0.623047 0.469727 0.623047 0.459961
1 0.635742 0.457031 0.644531 0.464844 0.640625 0.467773 0.636719 0.463867
1 0.639648 0.469727 0.645508 0.475586 0.641602 0.486328 0.634766 0.482422 0.634766 0.482422 0.633789 0.473633
1 0.657227 0.482422 0.658203 0.490234 0.651367 0.493164 0.645508 0.487305 0.647461 0.480469
1 0.655273 0.470703 0.657227 0.476562 0.650391 0.474609 0.650391 0.474609 0.650391 0.469727
1 0.659180 0.476562 0.670898 0.485352 0.667969 0.489258 0.662109 0.487305 0.655273 0.483398 0.654297 0.477539 0.654297 0.477539
1 0.663086 0.493164 0.666992 0.499023 0.665039 0.504883 0.665039 0.504883 0.657227 0.502930 0.657227 0.495117
1 0.674805 0.486328 0.679688 0.491211 0.688477 0.499023 0.687500 0.508789 0.680664 0.506836 0.678711 0.497070 0.669922 0.498047 0.668945 0.490234 0.668945 0.490234 0.670898 0.486328
1 0.686523 0.514648 0.684570 0.522461 0.679688 0.521484 0.676758 0.515625 0.680664 0.509766
1 0.699219 0.526367 0.697266 0.533203 0.689453 0.534180 0.689453 0.534180 0.686523 0.527344 0.693359 0.523438
1 0.704102 0.534180 0.704102 0.540039 0.698242 0.540039 0.696289 0.533203
1 0.707031 0.538086 0.708984 0.544922 0.703125 0.548828 0.699219 0.543945 0.699219 0.543945
1 0.712891 0.542969 0.723633 0.546875 0.720703 0.555664 0.712891 0.553711 0.711914 0.547852
1 0.727539 0.554688 0.732422 0.551758 0.736328 0.556641 0.732422 0.564453 0.728516 0.566406 0.725586 0.562500
1 0.734375 0.559570 0.741211 0.559570 0.743164 0.566406 0.740234 0.573242 0.734375 0.574219 0.734375 0.574219 0.731445 0.568359
1 0.744141 0.571289 0.751953 0.571289 0.755859 0.581055 0.755859 0.581055 0.753906 0.587891 0.747070 0.588867 0.740234 0.583008
1 0.755859 0.589844 0.766602 0.588867 0.766602 0.598633 0.757812 0.601562 0.751953 0.594727
1 0.768555 0.598633 0.778320 0.598633 0.777344 0.607422 0.776367 0.615234 0.768555 0.613281 0.768555 0.613281 0.767578 0.606445 0.767578 0.606445
1 0.781250 0.606445 0.790039 0.609375 0.792969 0.615234 0.788086 0.625000 0.782227 0.619141 0.779297 0.612305
1 0.796875 0.626953 0.803711 0.625977 0.805664 0.637695 0.801758 0.641602 0.795898 0.634766 0.795898 0.634766
1 0.349609 0.144531 0.356445 0.142578 0.356445 0.151367 0.356445 0.151367 0.351562 0.155273 0.348633 0.149414
1 0.357422 0.151367 0.366211 0.153320 0.367188 0.160156 0.360352 0.164062 0.360352 0.164062 0.355469 0.157227
1 0.366211 0.163086 0.375977 0.164062 0.376953 0.171875 0.376953 0.171875 0.370117 0.174805 0.364258 0.168945 0.364258 0.168945
1 0.391602 0.172852 0.392578 0.181641 0.385742 0.179688 0.385742 0.171875
1 0.401367 0.178711 0.411133 0.185547 0.406250 0.191406 0.399414 0.187500
1 0.406250 0.194336 0.413086 0.192383 0.413086 0.203125 0.408203 0.205078
1 0.414062 0.205078 0.421875 0.208008 0.417969 0.217773 0.413086 0.216797 0.413086 0.210938
1 0.431641 0.218750 0.429688 0.226562 0.425781 0.227539 0.423828 0.220703 0.426758 0.214844
1 0.434570 0.227539 0.440430 0.227539 0.440430 0.227539 0.441406 0.235352 0.435547 0.239258 0.429688 0.235352
1 0.442383 0.233398 0.448242 0.235352 0.448242 0.242188 0.444336 0.244141 0.439453 0.240234
1 0.406250 0.142578 0.413086 0.147461 0.411133 0.154297 0.404297 0.154297 0.403320 0.147461
1 0.415039 0.152344 0.419922 0.153320 0.423828 0.158203 0.423828 0.158203 0.420898 0.164062 0.413086 0.162109 0.411133 0.156250
1 0.423828 0.161133 0.432617 0.165039 0.434570 0.171875 0.429688 0.174805 0.420898 0.170898 0.420898 0.170898 0.420898 0.165039 0.420898 0.165039
1 0.445312 0.172852 0.451172 0.177734 0.449219 0.182617 0.442383 0.179688 0.442383 0.179688
1 0.458984 0.143555 0.467773 0.147461 0.467773 0.156250 0.467773 0.156250 0.461914 0.158203 0.454102 0.150391
1 0.473633 0.155273 0.478516 0.158203 0.478516 0.164062 0.471680 0.166016 0.469727 0.158203
1 0.457031 0.182617 0.461914 0.186523 0.458984 0.193359 0.455078 0.189453
1 0.471680 0.195312 0.475586 0.202148 0.470703 0.203125 0.470703 0.203125 0.468750 0.198242
1 0.480469 0.204102 0.482422 0.208984 0.482422 0.208984 0.479492 0.211914 0.475586 0.207031 0.475586 0.207031
1 0.484375 0.210938 0.489258 0.210938 0.491211 0.218750 0.484375 0.220703 0.480469 0.216797
1 0.479492 0.161133 0.484375 0.163086 0.484375 0.167969 0.479492 0.169922
1 0.489258 0.168945 0.497070 0.167969 0.497070 0.167969 0.500000 0.176758 0.495117 0.179688 0.489258 0.174805
1 0.510742 0.189453 0.507812 0.195312 0.500000 0.193359 0.498047 0.187500 0.500977 0.183594
1 0.520508 0.194336 0.521484 0.202148 0.517578 0.206055 0.517578 0.206055 0.512695 0.201172 0.512695 0.201172 0.512695 0.195312 0.512695 0.195312
1 0.528320 0.206055 0.527344 0.212891 0.527344 0.212891 0.523438 0.214844 0.521484 0.206055 0.521484 0.206055
1 0.540039 0.211914 0.545898 0.218750 0.548828 0.224609 0.542969 0.228516 0.531250 0.225586 0.530273 0.216797
1 0.454102 0.245117 0.460938 0.248047 0.460938 0.248047 0.459961 0.255859 0.459961 0.255859 0.451172 0.253906 0.451172 0.253906 0.448242 0.247070
1 0.464844 0.260742 0.464844 0.251953 0.467773 0.249023 0.471680 0.250977 0.468750 0.254883
1 0.472656 0.258789 0.470703 0.266602 0.465820 0.263672 0.467773 0.258789 0.467773 0.258789
1 0.498047 0.228516 0.506836 0.228516 0.505859 0.235352 0.500000 0.240234 0.493164 0.240234 0.496094 0.232422
1 0.478516 0.264648 0.482422 0.269531 0.480469 0.276367 0.475586 0.277344 0.472656 0.269531
1 0.483398 0.276367 0.491211 0.277344 0.493164 0.285156 0.488281 0.289062 0.488281 0.289062 0.483398 0.281250
1 0.463867 0.310547 0.467773 0.308594 0.468750 0.314453 0.465820 0.319336 0.460938 0.316406
1 0.498047 0.287109 0.506836 0.290039 0.509766 0.298828 0.503906 0.303711 0.496094 0.297852 0.492188 0.290039
1 0.521484 0.252930 0.518555 0.259766 0.511719 0.255859 0.515625 0.248047
1 0.528320 0.258789 0.532227 0.266602 0.523438 0.269531 0.521484 0.261719
1 0.557617 0.226562 0.562500 0.235352 0.558594 0.242188 0.552734 0.240234 0.551758 0.229492
1 0.570312 0.239258 0.573242 0.247070 0.567383 0.250000 0.564453 0.241211
1 0.541016 0.268555 0.539062 0.280273 0.534180 0.280273 0.531250 0.275391 0.534180 0.267578
1 0.577148 0.248047 0.583984 0.255859 0.574219 0.258789 0.573242 0.251953
1 0.511719 0.296875 0.515625 0.301758 0.512695 0.310547 0.504883 0.306641 0.507812 0.299805
1 0.518555 0.306641 0.527344 0.307617 0.527344 0.317383 0.520508 0.319336 0.516602 0.312500
1 0.537109 0.319336 0.540039 0.325195 0.535156 0.331055 0.531250 0.324219
1 0.545898 0.278320 0.551758 0.283203 0.548828 0.287109 0.542969 0.284180
1 0.585938 0.260742 0.584961 0.268555 0.579102 0.269531 0.577148 0.262695
1 0.597656 0.258789 0.598633 0.266602 0.592773 0.269531 0.590820 0.262695
1 0.554688 0.288086 0.560547 0.290039 0.555664 0.298828 0.548828 0.293945 0.548828 0.289062
1 0.566406 0.295898 0.569336 0.302734 0.563477 0.304688 0.558594 0.296875
1 0.601562 0.268555 0.601562 0.274414 0.596680 0.274414 0.595703 0.269531
1 0.611328 0.274414 0.615234 0.279297 0.612305 0.286133 0.606445 0.282227 0.605469 0.275391
1 0.621094 0.281250 0.630859 0.286133 0.637695 0.293945 0.643555 0.301758 0.645508 0.309570 0.637695 0.306641 0.629883 0.298828 0.619141 0.292969 0.619141 0.284180
1 0.549805 0.325195 0.548828 0.338867 0.540039 0.333008 0.545898 0.324219
1 0.552734 0.334961 0.562500 0.333008 0.563477 0.344727 0.557617 0.350586 0.549805 0.341797
1 0.576172 0.347656 0.574219 0.360352 0.570312 0.363281 0.564453 0.359375 0.567383 0.346680 0.567383 0.346680
1 0.588867 0.319336 0.594727 0.323242 0.591797 0.331055 0.591797 0.331055 0.585938 0.327148 0.585938 0.327148
1 0.603516 0.326172 0.609375 0.333008 0.602539 0.341797 0.596680 0.335938 0.595703 0.328125
1 0.585938 0.360352 0.586914 0.370117 0.578125 0.375977 0.574219 0.369141 0.577148 0.360352
1 0.588867 0.371094 0.600586 0.374023 0.601562 0.379883 0.608398 0.383789 0.608398 0.383789 0.603516 0.395508 0.593750 0.393555 0.587891 0.384766
1 0.621094 0.347656 0.613281 0.346680 0.609375 0.338867 0.614258 0.333984 0.618164 0.340820
1 0.646484 0.316406 0.655273 0.320312 0.649414 0.332031 0.644531 0.328125
1 0.624023 0.345703 0.633789 0.356445 0.637695 0.365234 0.637695 0.365234 0.632812 0.372070 0.622070 0.365234 0.622070 0.365234 0.620117 0.355469
1 0.656250 0.330078 0.664062 0.332031 0.664062 0.341797 0.655273 0.343750 0.653320 0.333008
1 0.666016 0.335938 0.675781 0.340820 0.671875 0.349609 0.666016 0.347656 0.666016 0.347656
1 0.673828 0.347656 0.684570 0.351562 0.687500 0.357422 0.678711 0.361328 0.671875 0.355469
1 0.638672 0.364258 0.649414 0.366211 0.648438 0.375977 0.643555 0.380859 0.643555 0.380859 0.635742 0.373047
1 0.609375 0.387695 0.616211 0.392578 0.615234 0.401367 0.615234 0.401367 0.609375 0.402344 0.606445 0.395508
1 0.624023 0.387695 0.626953 0.394531 0.626953 0.394531 0.630859 0.402344 0.626953 0.410156 0.622070 0.414062 0.615234 0.410156 0.615234 0.401367 0.622070 0.398438 0.622070 0.398438 0.620117 0.391602
1 0.632812 0.412109 0.641602 0.416016 0.641602 0.422852 0.634766 0.426758 0.634766 0.426758 0.625000 0.421875 0.625000 0.415039
1 0.644531 0.420898 0.651367 0.425781 0.651367 0.425781 0.648438 0.435547 0.641602 0.436523 0.637695 0.430664 0.637695 0.422852
1 0.651367 0.376953 0.660156 0.378906 0.666992 0.384766 0.666992 0.384766 0.665039 0.395508 0.655273 0.395508 0.645508 0.386719 0.645508 0.386719
1 0.687500 0.358398 0.694336 0.361328 0.697266 0.368164 0.689453 0.371094 0.682617 0.363281 0.682617 0.363281
1 0.710938 0.363281 0.716797 0.371094 0.711914 0.376953 0.705078 0.370117
1 0.706055 0.372070 0.705078 0.383789 0.696289 0.385742 0.693359 0.375977 0.699219 0.371094 0.699219 0.371094
1 0.715820 0.379883 0.717773 0.385742 0.712891 0.392578 0.706055 0.384766 0.706055 0.384766
1 0.716797 0.388672 0.724609 0.391602 0.724609 0.400391 0.724609 0.400391 0.715820 0.397461
1 0.685547 0.403320 0.676758 0.395508 0.666992 0.402344 0.672852 0.410156 0.679688 0.410156
1 0.661133 0.424805 0.662109 0.435547 0.662109 0.443359 0.658203 0.447266 0.658203 0.447266 0.651367 0.441406 0.654297 0.429688 0.654297 0.418945
1 0.669922 0.439453 0.675781 0.448242 0.667969 0.457031 0.663086 0.446289
1 0.682617 0.451172 0.688477 0.459961 0.679688 0.468750 0.679688 0.468750 0.672852 0.463867 0.672852 0.463867 0.672852 0.456055 0.677734 0.454102
1 0.691406 0.409180 0.690430 0.421875 0.681641 0.419922 0.685547 0.410156
1 0.693359 0.419922 0.702148 0.419922 0.704102 0.427734 0.697266 0.430664 0.693359 0.425781
1 0.694336 0.462891 0.696289 0.468750 0.696289 0.468750 0.689453 0.475586 0.683594 0.469727 0.686523 0.464844
1 0.695312 0.474609 0.705078 0.474609 0.708008 0.480469 0.703125 0.487305 0.694336 0.482422
1 0.715820 0.427734 0.718750 0.436523 0.711914 0.443359 0.707031 0.439453 0.707031 0.432617
1 0.738281 0.397461 0.739258 0.410156 0.739258 0.410156 0.732422 0.415039 0.732422 0.415039 0.724609 0.411133 0.725586 0.404297 0.730469 0.403320 0.731445 0.396484
1 0.748047 0.410156 0.754883 0.415039 0.749023 0.423828 0.743164 0.420898 0.741211 0.414062
1 0.759766 0.420898 0.764648 0.423828 0.764648 0.431641 0.756836 0.434570 0.750000 0.425781
1 0.731445 0.433594 0.736328 0.447266 0.730469 0.454102 0.730469 0.454102 0.726562 0.442383 0.724609 0.432617
1 0.742188 0.442383 0.747070 0.444336 0.747070 0.453125 0.747070 0.453125 0.740234 0.449219 0.740234 0.449219
1 0.735352 0.457031 0.746094 0.460938 0.742188 0.471680 0.735352 0.467773
1 0.710938 0.480469 0.718750 0.485352 0.718750 0.485352 0.711914 0.493164 0.708008 0.497070 0.705078 0.489258
1 0.715820 0.491211 0.722656 0.494141 0.722656 0.494141 0.727539 0.498047 0.723633 0.505859 0.718750 0.507812 0.712891 0.500000
1 0.729492 0.505859 0.741211 0.510742 0.740234 0.519531 0.730469 0.518555 0.727539 0.509766
1 0.750000 0.465820 0.758789 0.466797 0.760742 0.471680 0.757812 0.480469 0.750000 0.480469 0.747070 0.472656 0.747070 0.472656
1 0.763672 0.475586 0.769531 0.481445 0.764648 0.488281 0.759766 0.488281 0.758789 0.480469
1 0.780273 0.426758 0.788086 0.434570 0.788086 0.434570 0.783203 0.438477 0.783203 0.438477 0.777344 0.431641
1 0.779297 0.439453 0.785156 0.441406 0.779297 0.449219 0.773438 0.453125 0.769531 0.448242
1 0.785156 0.450195 0.791992 0.453125 0.789062 0.458984 0.783203 0.458008 0.781250 0.454102
1 0.773438 0.486328 0.779297 0.495117 0.775391 0.502930 0.767578 0.500977 0.767578 0.487305
1 0.743164 0.519531 0.749023 0.520508 0.750977 0.523438 0.750000 0.530273 0.743164 0.531250 0.743164 0.531250 0.738281 0.524414
1 0.753906 0.527344 0.760742 0.525391 0.767578 0.533203 0.762695 0.537109 0.762695 0.537109 0.751953 0.537109
1 0.766602 0.536133 0.773438 0.536133 0.773438 0.541016 0.769531 0.548828 0.762695 0.545898
1 0.786133 0.549805 0.778320 0.544922 0.772461 0.548828 0.775391 0.552734 0.779297 0.555664 0.784180 0.551758
1 0.785156 0.553711 0.787109 0.561523 0.780273 0.564453 0.776367 0.556641
1 0.801758 0.461914 0.800781 0.470703 0.800781 0.470703 0.793945 0.467773 0.793945 0.460938
1 0.807617 0.467773 0.807617 0.475586 0.807617 0.475586 0.801758 0.476562 0.800781 0.470703 0.800781 0.470703
1 0.812500 0.471680 0.815430 0.477539 0.813477 0.484375 0.808594 0.484375 0.807617 0.477539
1 0.823242 0.480469 0.825195 0.488281 0.821289 0.492188 0.815430 0.492188 0.814453 0.483398
1 0.832031 0.492188 0.839844 0.496094 0.837891 0.503906 0.829102 0.501953
1 0.841797 0.500977 0.850586 0.505859 0.850586 0.513672 0.850586 0.513672 0.842773 0.515625 0.838867 0.508789
1 0.861328 0.508789 0.865234 0.515625 0.861328 0.525391 0.856445 0.527344 0.855469 0.514648 0.855469 0.514648
1 0.869141 0.535156 0.875977 0.536133 0.879883 0.543945 0.874023 0.545898 0.869141 0.541016
1 0.781250 0.499023 0.791016 0.498047 0.790039 0.507812 0.787109 0.513672 0.787109 0.513672 0.779297 0.507812
1 0.795898 0.505859 0.805664 0.513672 0.801758 0.520508 0.801758 0.520508 0.794922 0.522461 0.790039 0.512695
1 0.799805 0.523438 0.811523 0.519531 0.812500 0.525391 0.805664 0.530273 0.796875 0.528320
1 0.814453 0.528320 0.824219 0.532227 0.824219 0.532227 0.822266 0.541992 0.813477 0.542969 0.809570 0.534180
1 0.823242 0.541992 0.833984 0.543945 0.833008 0.553711 0.824219 0.554688 0.818359 0.547852
1 0.836914 0.550781 0.845703 0.555664 0.845703 0.555664 0.841797 0.563477 0.833984 0.566406 0.833008 0.556641
1 0.850586 0.558594 0.854492 0.568359 0.846680 0.574219 0.841797 0.563477
1 0.861328 0.571289 0.862305 0.582031 0.853516 0.583984 0.849609 0.574219
1 0.787109 0.563477 0.793945 0.561523 0.795898 0.570312 0.789062 0.572266 0.782227 0.567383
1 0.796875 0.570312 0.804688 0.578125 0.801758 0.583008 0.792969 0.582031 0.791992 0.575195
1 0.806641 0.581055 0.814453 0.582031 0.812500 0.590820 0.805664 0.590820 0.801758 0.583984
1 0.819336 0.589844 0.827148 0.591797 0.825195 0.602539 0.817383 0.601562 0.813477 0.593750
1 0.832031 0.599609 0.835938 0.608398 0.833984 0.613281 0.833984 0.613281 0.825195 0.608398 0.826172 0.598633
1 0.471680 0.469727 0.480469 0.472656 0.479492 0.478516 0.479492 0.478516 0.474609 0.474609