1 0.958984 0.025391 0.966797 0.031250 0.983398 0.025391 1.000000 0.041992 1.000000 0.106445 0.994141 0.107422 0.988281 0.127930 0.977539 0.127930 0.963867 0.116211 0.958008 0.131836 0.945312 0.135742 0.940430 0.110352 0.920898 0.109375 0.916016 0.092773 0.932617 0.084961 0.911133 0.069336 0.902344 0.038086 0.921875 0.040039 0.925781 0.026367 0.938477 0.031250
1 0.914062 0.091797 0.893555 0.091797 0.890625 0.101562 0.874023 0.101562 0.866211 0.109375 0.854492 0.100586 0.853516 0.090820 0.823242 0.086914 0.826172 0.070312 0.805664 0.061523 0.795898 0.042969 0.817383 0.040039 0.813477 0.020508 0.827148 0.020508 0.842773 0.029297 0.849609 0.013672 0.867188 0.019531 0.867188 0.032227 0.877930 0.015625 0.877930 0.015625 0.898438 0.025391 0.894531 0.041016 0.907227 0.042969 0.915039 0.064453 0.901367 0.067383 0.930664 0.085938 0.918945 0.093750
1 0.715820 0.042969 0.733398 0.045898 0.730469 0.051758 0.750000 0.049805 0.768555 0.052734 0.777344 0.059570 0.776367 0.042969 0.797852 0.046875 0.802734 0.036133 0.802734 0.021484 0.796875 0.018555 0.804688 0.008789 0.792969 0.000000 0.731445 0.000000 0.731445 0.009766 0.718750 0.014648 0.720703 0.023438
1 0.621094 0.000000 0.618164 0.008789 0.632812 0.013672 0.636719 0.022461 0.640625 0.025391 0.657227 0.024414 0.649414 0.048828 0.667969 0.041992 0.680664 0.029297 0.689453 0.050781 0.698242 0.041992 0.715820 0.045898 0.705078 0.026367 0.715820 0.024414 0.716797 0.009766 0.707031 0.004883 0.712891 0.000000
1 0.947266 0.155273 0.960938 0.147461 0.974609 0.141602 0.982422 0.128906 0.999023 0.130859 1.000000 0.214844 0.993164 0.237305 0.974609 0.230469 0.958008 0.234375 0.945312 0.244141 0.936523 0.233398 0.919922 0.227539 0.917969 0.214844 0.900391 0.208008 0.901367 0.181641 0.914062 0.178711 0.913086 0.164062 0.923828 0.154297
1 0.899414 0.138672 0.921875 0.129883 0.921875 0.129883 0.915039 0.143555 0.902344 0.152344 0.918945 0.157227 0.915039 0.177734 0.899414 0.186523 0.889648 0.227539 0.879883 0.213867 0.870117 0.223633 0.859375 0.211914 0.848633 0.212891 0.847656 0.203125 0.832031 0.210938 0.831055 0.203125 0.818359 0.205078 0.840820 0.181641 0.823242 0.177734 0.834961 0.164062 0.849609 0.163086 0.855469 0.153320 0.869141 0.142578 0.875000 0.122070 0.875000 0.122070 0.877930 0.141602 0.898438 0.116211
1 0.768555 0.092773 0.780273 0.110352 0.791992 0.092773 0.794922 0.104492 0.812500 0.096680 0.803711 0.114258 0.809570 0.112305 0.824219 0.116211 0.816406 0.126953 0.829102 0.126953 0.811523 0.136719 0.825195 0.141602 0.823242 0.149414 0.815430 0.151367 0.829102 0.162109 0.814453 0.164062 0.805664 0.181641 0.790039 0.181641 0.787109 0.200195 0.781250 0.204102 0.774414 0.197266 0.762695 0.209961 0.760742 0.191406 0.743164 0.201172 0.739258 0.184570 0.729492 0.181641 0.726562 0.164062 0.715820 0.162109 0.709961 0.151367 0.705078 0.139648 0.710938 0.123047 0.717773 0.112305 0.733398 0.101562 0.745117 0.097656 0.761719 0.114258
0 0.582031 0.092773 0.598633 0.087891 0.610352 0.088867 0.611328 0.077148 0.625000 0.080078 0.624023 0.087891 0.639648 0.088867 0.655273 0.102539 0.666016 0.105469 0.654297 0.080078 0.654297 0.080078 0.672852 0.087891 0.690430 0.081055 0.690430 0.102539 0.695312 0.098633 0.712891 0.090820 0.699219 0.109375 0.711914 0.119141 0.711914 0.119141 0.706055 0.152344 0.696289 0.156250 0.688477 0.157227 0.680664 0.175781 0.674805 0.170898 0.667969 0.179688 0.659180 0.158203 0.629883 0.169922 0.611328 0.164062 0.598633 0.147461 0.580078 0.140625 0.572266 0.137695 0.572266 0.137695 0.564453 0.144531 0.561523 0.132812 0.561523 0.132812 0.554688 0.127930 0.562500 0.117188 0.549805 0.102539 0.563477 0.105469 0.563477 0.095703 0.554688 0.089844 0.570312 0.091797 0.574219 0.081055
1 0.478516 0.021484 0.497070 0.007812 0.501953 0.022461 0.519531 0.026367 0.510742 0.040039 0.527344 0.037109 0.534180 0.044922 0.517578 0.054688 0.536133 0.067383 0.522461 0.071289 0.522461 0.071289 0.525391 0.080078 0.505859 0.078125 0.505859 0.078125 0.523438 0.098633 0.509766 0.098633 0.510742 0.116211 0.491211 0.106445 0.483398 0.125977 0.477539 0.125000 0.477539 0.106445 0.463867 0.123047 0.460938 0.102539 0.441406 0.112305 0.435547 0.105469 0.425781 0.108398 0.434570 0.083984 0.416016 0.080078 0.425781 0.071289 0.409180 0.068359 0.431641 0.060547 0.427734 0.050781 0.406250 0.046875 0.426758 0.039062 0.427734 0.032227 0.441406 0.037109 0.432617 0.021484 0.439453 0.016602 0.458984 0.034180 0.461914 0.006836 0.475586 0.028320
1 0.380859 0.001953 0.392578 0.022461 0.417969 0.005859 0.410156 0.025391 0.421875 0.017578 0.438477 0.013672 0.423828 0.029297 0.430664 0.040039 0.412109 0.046875 0.431641 0.054688 0.432617 0.068359 0.416016 0.065430 0.416992 0.083008 0.416992 0.106445 0.401367 0.092773 0.397461 0.108398 0.395508 0.094727 0.384766 0.112305 0.381836 0.093750 0.371094 0.106445 0.370117 0.081055 0.347656 0.084961 0.338867 0.074219 0.356445 0.054688 0.332031 0.053711 0.326172 0.034180 0.349609 0.035156 0.339844 0.020508 0.346680 0.014648 0.362305 0.021484 0.360352 0.011719 0.373047 0.014648 0.370117 0.000000
0 0.073242 0.000000 0.079102 0.011719 0.084961 0.011719 0.088867 0.015625 0.089844 0.020508 0.090820 0.026367 0.095703 0.029297 0.102539 0.028320 0.107422 0.025391 0.111328 0.021484 0.116211 0.021484 0.122070 0.021484 0.133789 0.021484 0.138672 0.022461 0.149414 0.023438 0.154297 0.022461 0.160156 0.023438 0.165039 0.026367 0.170898 0.028320 0.174805 0.031250 0.180664 0.037109 0.184570 0.040039 0.189453 0.042969 0.195312 0.042969 0.200195 0.040039 0.205078 0.040039 0.210938 0.041016 0.213867 0.046875 0.213867 0.046875 0.211914 0.055664 0.204102 0.060547 0.213867 0.067383 0.217773 0.060547 0.216797 0.054688 0.218750 0.046875 0.221680 0.051758 0.228516 0.048828 0.233398 0.046875 0.238281 0.046875 0.243164 0.047852 0.250000 0.050781 0.255859 0.050781 0.265625 0.049805 0.266602 0.043945 0.263672 0.040039 0.260742 0.035156 0.266602 0.032227 0.275391 0.027344 0.279297 0.023438 0.278320 0.018555 0.283203 0.014648 0.288086 0.012695 0.288086 0.007812 0.285156 0.001953
1 0.311523 0.000000 0.333984 0.000977 0.333984 0.000977 0.329102 0.012695 0.340820 0.013672 0.340820 0.013672 0.346680 0.027344 0.324219 0.032227 0.336914 0.049805 0.327148 0.053711 0.327148 0.053711 0.312500 0.054688 0.315430 0.068359 0.299805 0.075195 0.296875 0.057617 0.279297 0.073242 0.279297 0.055664 0.261719 0.060547 0.261719 0.060547 0.274414 0.040039 0.263672 0.033203 0.280273 0.021484 0.281250 0.000000
1 0.062500 0.136719 0.069336 0.159180 0.083008 0.153320 0.093750 0.147461 0.093750 0.147461 0.098633 0.152344 0.093750 0.163086 0.103516 0.163086 0.109375 0.166016 0.101562 0.173828 0.116211 0.175781 0.122070 0.183594 0.106445 0.185547 0.106445 0.185547 0.111328 0.200195 0.078125 0.194336 0.078125 0.214844 0.065430 0.200195 0.059570 0.226562 0.054688 0.214844 0.057617 0.187500 0.023438 0.200195 0.033203 0.184570 0.014648 0.181641 0.012695 0.174805 0.012695 0.174805 0.025391 0.173828 0.021484 0.165039 0.030273 0.166992 0.040039 0.163086 0.029297 0.151367 0.030273 0.142578 0.050781 0.157227 0.057617 0.136719
1 0.000000 0.273438 0.018555 0.258789 0.007812 0.286133 0.029297 0.291992 0.024414 0.297852 0.048828 0.303711 0.043945 0.311523 0.019531 0.307617 0.022461 0.318359 0.036133 0.333984 0.019531 0.330078 0.020508 0.359375 0.000000 0.348633
1 0.000000 0.349609 0.007812 0.345703 0.014648 0.360352 0.026367 0.353516 0.027344 0.363281 0.025391 0.376953 0.044922 0.367188 0.027344 0.386719 0.041992 0.393555 0.040039 0.398438 0.047852 0.404297 0.030273 0.407227 0.036133 0.428711 0.021484 0.429688 0.010742 0.456055 0.000000 0.442383
1 0.000000 0.791016 0.007812 0.791016 0.007812 0.791016 0.006836 0.803711 0.015625 0.805664 0.014648 0.818359 0.026367 0.817383 0.022461 0.828125 0.028320 0.836914 0.028320 0.836914 0.024414 0.853516 0.000000 0.874023
1 0.000000 0.973633 0.008789 0.969727 0.009766 0.952148 0.021484 0.958008 0.021484 0.958008 0.023438 0.970703 0.035156 0.965820 0.043945 0.963867 0.043945 0.975586 0.048828 0.965820 0.056641 0.969727 0.060547 0.977539 0.070312 0.978516 0.074219 0.991211 0.073242 1.000000 0.000000 1.000000
1 0.100586 0.258789 0.102539 0.279297 0.121094 0.270508 0.133789 0.277344 0.124023 0.289062 0.132812 0.292969 0.125977 0.305664 0.144531 0.307617 0.149414 0.323242 0.124023 0.324219 0.125977 0.333008 0.134766 0.355469 0.120117 0.349609 0.119141 0.357422 0.114258 0.354492 0.095703 0.338867 0.087891 0.331055 0.087891 0.331055 0.078125 0.358398 0.071289 0.363281 0.066406 0.345703 0.073242 0.328125 0.067383 0.311523 0.060547 0.296875 0.042969 0.289062 0.060547 0.283203 0.067383 0.289062 0.069336 0.279297 0.087891 0.291016
1 0.271484 0.113281 0.286133 0.127930 0.300781 0.121094 0.313477 0.124023 0.316406 0.135742 0.319336 0.143555 0.319336 0.143555 0.316406 0.152344 0.332031 0.153320 0.330078 0.165039 0.323242 0.166016 0.333984 0.173828 0.332031 0.183594 0.319336 0.184570 0.325195 0.195312 0.311523 0.195312 0.314453 0.209961 0.289062 0.205078 0.288086 0.215820 0.277344 0.219727 0.257812 0.227539 0.247070 0.225586 0.246094 0.208984 0.225586 0.221680 0.226562 0.204102 0.212891 0.201172 0.229492 0.181641 0.211914 0.164062 0.227539 0.154297 0.227539 0.137695 0.232422 0.123047 0.244141 0.126953 0.253906 0.116211 0.259766 0.121094 0.261719 0.113281
1 0.378906 0.155273 0.365234 0.147461 0.360352 0.159180 0.364258 0.165039 0.355469 0.168945 0.351562 0.182617 0.340820 0.197266 0.348633 0.198242 0.348633 0.198242 0.353516 0.208984 0.362305 0.212891 0.372070 0.203125 0.375000 0.214844 0.388672 0.206055 0.405273 0.190430 0.405273 0.189453 0.394531 0.175781 0.408203 0.170898 0.410156 0.159180 0.407227 0.154297 0.390625 0.159180 0.398438 0.143555 0.390625 0.131836 0.383789 0.152344
1 0.180664 0.201172 0.192383 0.220703 0.192383 0.220703 0.204102 0.216797 0.222656 0.219727 0.222656 0.219727 0.224609 0.230469 0.233398 0.232422 0.233398 0.232422 0.228516 0.247070 0.228516 0.247070 0.242188 0.261719 0.236328 0.266602 0.236328 0.275391 0.228516 0.293945 0.215820 0.292969 0.213867 0.300781 0.213867 0.300781 0.205078 0.291016 0.194336 0.317383 0.174805 0.294922 0.160156 0.304688 0.158203 0.297852 0.147461 0.304688 0.125977 0.301758 0.153320 0.278320 0.129883 0.275391 0.129883 0.256836 0.129883 0.256836 0.149414 0.256836 0.145508 0.244141 0.142578 0.232422 0.141602 0.217773 0.154297 0.221680 0.159180 0.206055
1 0.298828 0.206055 0.304688 0.214844 0.322266 0.207031 0.324219 0.223633 0.335938 0.221680 0.329102 0.235352 0.335938 0.233398 0.345703 0.234375 0.330078 0.250000 0.340820 0.251953 0.333984 0.260742 0.351562 0.263672 0.342773 0.271484 0.335938 0.286133 0.317383 0.275391 0.311523 0.294922 0.299805 0.287109 0.294922 0.301758 0.294922 0.301758 0.288086 0.294922 0.274414 0.304688 0.272461 0.289062 0.265625 0.289062 0.271484 0.264648 0.257812 0.256836 0.237305 0.245117 0.248047 0.243164 0.244141 0.232422 0.268555 0.232422 0.263672 0.213867 0.284180 0.220703
1 0.378906 0.209961 0.390625 0.221680 0.390625 0.221680 0.386719 0.205078 0.410156 0.188477 0.410156 0.202148 0.415039 0.216797 0.427734 0.203125 0.448242 0.195312 0.444336 0.208984 0.456055 0.209961 0.456055 0.210938 0.449219 0.227539 0.463867 0.228516 0.463867 0.228516 0.456055 0.237305 0.472656 0.250977 0.455078 0.259766 0.465820 0.272461 0.433594 0.268555 0.433594 0.268555 0.440430 0.295898 0.424805 0.288086 0.416992 0.287109 0.407227 0.311523 0.398438 0.296875 0.389648 0.311523 0.377930 0.313477 0.385742 0.288086 0.356445 0.298828 0.360352 0.285156 0.345703 0.284180 0.368164 0.264648 0.364258 0.255859 0.339844 0.253906 0.340820 0.240234 0.362305 0.245117 0.341797 0.223633 0.359375 0.228516 0.351562 0.213867 0.367188 0.218750 0.366211 0.204102
1 0.484375 0.195312 0.498047 0.205078 0.505859 0.224609 0.508789 0.207031 0.516602 0.191406 0.525391 0.203125 0.521484 0.217773 0.529297 0.209961 0.538086 0.210938 0.540039 0.218750 0.556641 0.219727 0.556641 0.225586 0.561523 0.230469 0.548828 0.241211 0.557617 0.250977 0.560547 0.267578 0.549805 0.273438 0.549805 0.273438 0.545898 0.284180 0.535156 0.280273 0.533203 0.290039 0.522461 0.280273 0.517578 0.286133 0.507812 0.279297 0.501953 0.292969 0.473633 0.294922 0.483398 0.271484 0.464844 0.269531 0.478516 0.256836 0.458984 0.257812 0.461914 0.241211 0.480469 0.246094 0.483398 0.240234 0.462891 0.234375 0.455078 0.218750 0.474609 0.220703 0.481445 0.228516 0.481445 0.228516 0.491211 0.229492 0.488281 0.216797 0.482422 0.205078
1 0.622070 0.173828 0.631836 0.188477 0.631836 0.188477 0.635742 0.186523 0.640625 0.196289 0.637695 0.207031 0.634766 0.218750 0.647461 0.207031 0.645508 0.199219 0.651367 0.191406 0.660156 0.193359 0.656250 0.206055 0.656250 0.206055 0.637695 0.223633 0.650391 0.220703 0.662109 0.210938 0.666016 0.205078 0.676758 0.208984 0.653320 0.227539 0.668945 0.227539 0.668945 0.227539 0.649414 0.241211 0.668945 0.257812 0.674805 0.269531 0.662109 0.269531 0.662109 0.269531 0.663086 0.280273 0.639648 0.261719 0.636719 0.279297 0.631836 0.283203 0.618164 0.254883 0.605469 0.263672 0.603516 0.250000 0.580078 0.264648 0.566406 0.265625 0.579102 0.251953 0.605469 0.239258 0.583984 0.236328 0.583984 0.228516 0.568359 0.230469 0.556641 0.223633 0.572266 0.221680 0.585938 0.224609 0.595703 0.222656 0.597656 0.215820 0.584961 0.215820 0.573242 0.205078 0.589844 0.203125 0.605469 0.212891 0.619141 0.220703 0.616211 0.201172 0.614258 0.183594
1 0.866211 0.250000 0.871094 0.263672 0.873047 0.286133 0.880859 0.266602 0.885742 0.250977 0.895508 0.250977 0.896484 0.262695 0.911133 0.254883 0.916992 0.260742 0.914062 0.269531 0.922852 0.272461 0.930664 0.280273 0.929688 0.288086 0.907227 0.296875 0.929688 0.304688 0.928711 0.313477 0.921875 0.314453 0.930664 0.323242 0.929688 0.332031 0.912109 0.333008 0.917969 0.349609 0.911133 0.353516 0.894531 0.360352 0.887695 0.346680 0.855469 0.366211 0.838867 0.360352 0.834961 0.347656 0.832031 0.339844 0.802734 0.337891 0.800781 0.322266 0.830078 0.312500 0.834961 0.298828 0.851562 0.300781 0.843750 0.291992 0.829102 0.272461 0.827148 0.259766 0.835938 0.261719 0.862305 0.280273 0.858398 0.251953
1 0.762695 0.276367 0.769531 0.263672 0.776367 0.267578 0.775391 0.279297 0.785156 0.273438 0.785156 0.273438 0.792969 0.281250 0.788086 0.293945 0.800781 0.291992 0.809570 0.307617 0.796875 0.315430 0.812500 0.334961 0.810547 0.338867 0.781250 0.334961 0.787109 0.359375 0.780273 0.362305 0.763672 0.351562 0.752930 0.367188 0.737305 0.375977 0.739258 0.351562 0.750000 0.330078 0.731445 0.344727 0.705078 0.355469 0.709961 0.340820 0.733398 0.319336 0.715820 0.320312 0.706055 0.317383 0.706055 0.304688 0.739258 0.303711 0.729492 0.290039 0.714844 0.278320 0.737305 0.280273 0.749023 0.268555
1 0.656250 0.292969 0.677734 0.267578 0.691406 0.278320 0.682617 0.294922 0.691406 0.298828 0.705078 0.292969 0.705078 0.303711 0.692383 0.310547 0.692383 0.310547 0.714844 0.310547 0.713867 0.321289 0.687500 0.327148 0.708984 0.334961 0.706055 0.343750 0.690430 0.343750 0.689453 0.375977 0.676758 0.370117 0.671875 0.378906 0.655273 0.358398 0.656250 0.374023 0.656250 0.374023 0.641602 0.370117 0.629883 0.381836 0.613281 0.381836 0.627930 0.371094 0.631836 0.359375 0.616211 0.367188 0.587891 0.374023 0.587891 0.374023 0.612305 0.349609 0.595703 0.346680 0.617188 0.328125 0.597656 0.324219 0.583984 0.312500 0.601562 0.302734 0.587891 0.294922 0.592773 0.287109 0.608398 0.296875 0.630859 0.298828 0.626953 0.286133 0.650391 0.264648
1 0.556641 0.299805 0.572266 0.287109 0.576172 0.291016 0.576172 0.291016 0.577148 0.298828 0.577148 0.298828 0.567383 0.311523 0.582031 0.306641 0.591797 0.316406 0.591797 0.316406 0.593750 0.331055 0.590820 0.338867 0.584961 0.343750 0.591797 0.353516 0.577148 0.356445 0.580078 0.375977 0.571289 0.374023 0.560547 0.352539 0.547852 0.357422 0.559570 0.372070 0.548828 0.384766 0.541016 0.386719 0.541016 0.386719 0.535156 0.387695 0.535156 0.387695 0.527344 0.375977 0.521484 0.387695 0.514648 0.386719 0.515625 0.368164 0.502930 0.379883 0.492188 0.365234 0.500977 0.344727 0.512695 0.334961 0.492188 0.335938 0.479492 0.328125 0.488281 0.320312 0.504883 0.322266 0.501953 0.313477 0.488281 0.302734 0.500000 0.291016 0.515625 0.292969 0.532227 0.304688 0.533203 0.294922 0.532227 0.279297 0.548828 0.281250
1 0.438477 0.296875 0.451172 0.288086 0.458008 0.305664 0.476562 0.301758 0.479492 0.312500 0.463867 0.321289 0.480469 0.343750 0.473633 0.346680 0.476562 0.355469 0.460938 0.353516 0.463867 0.366211 0.449219 0.373047 0.438477 0.359375 0.438477 0.380859 0.418945 0.360352 0.404297 0.371094 0.403320 0.361328 0.377930 0.374023 0.389648 0.350586 0.384766 0.340820 0.409180 0.325195 0.400391 0.299805 0.416016 0.295898 0.416016 0.284180 0.432617 0.289062
1 0.318359 0.293945 0.324219 0.300781 0.339844 0.294922 0.348633 0.291992 0.347656 0.298828 0.341797 0.308594 0.355469 0.306641 0.355469 0.306641 0.354492 0.314453 0.365234 0.314453 0.366211 0.322266 0.370117 0.330078 0.361328 0.337891 0.375000 0.340820 0.375000 0.354492 0.370117 0.358398 0.374023 0.368164 0.362305 0.368164 0.357422 0.381836 0.339844 0.371094 0.323242 0.393555 0.306641 0.399414 0.297852 0.391602 0.288086 0.395508 0.278320 0.384766 0.270508 0.372070 0.263672 0.368164 0.271484 0.358398 0.260742 0.344727 0.270508 0.335938 0.265625 0.316406 0.283203 0.314453 0.288086 0.301758 0.288086 0.301758 0.292969 0.306641 0.297852 0.291016 0.304688 0.299805
1 0.220703 0.299805 0.230469 0.291016 0.231445 0.305664 0.244141 0.299805 0.244141 0.312500 0.253906 0.316406 0.251953 0.327148 0.269531 0.334961 0.251953 0.347656 0.240234 0.347656 0.270508 0.352539 0.269531 0.363281 0.252930 0.364258 0.245117 0.363281 0.259766 0.385742 0.253906 0.392578 0.238281 0.384766 0.244141 0.396484 0.223633 0.389648 0.223633 0.389648 0.220703 0.409180 0.218750 0.423828 0.209961 0.402344 0.199219 0.416016 0.186523 0.403320 0.170898 0.414062 0.179688 0.394531 0.164062 0.400391 0.157227 0.392578 0.163086 0.380859 0.145508 0.382812 0.158203 0.369141 0.136719 0.363281 0.155273 0.353516 0.142578 0.340820 0.148438 0.333008 0.139648 0.321289 0.155273 0.322266 0.152344 0.301758 0.167969 0.307617 0.167969 0.307617 0.170898 0.293945 0.183594 0.303711 0.193359 0.315430 0.209961 0.291992
1 0.208008 0.485352 0.243164 0.469727 0.247070 0.479492 0.235352 0.493164 0.242188 0.502930 0.239258 0.510742 0.233398 0.520508 0.208984 0.514648
1 0.341797 0.372070 0.342773 0.392578 0.365234 0.368164 0.365234 0.379883 0.363281 0.394531 0.384766 0.381836 0.387695 0.395508 0.373047 0.411133 0.382812 0.415039 0.396484 0.418945 0.395508 0.427734 0.382812 0.433594 0.392578 0.439453 0.390625 0.448242 0.368164 0.448242 0.381836 0.473633 0.366211 0.469727 0.365234 0.482422 0.365234 0.482422 0.351562 0.472656 0.342773 0.456055 0.331055 0.465820 0.312500 0.481445 0.298828 0.483398 0.305664 0.465820 0.290039 0.469727 0.289062 0.449219 0.278320 0.444336 0.263672 0.432617 0.253906 0.413086 0.282227 0.415039 0.270508 0.397461 0.265625 0.385742 0.298828 0.395508 0.301758 0.377930 0.319336 0.395508 0.328125 0.380859
1 0.410156 0.375000 0.422852 0.386719 0.418945 0.363281 0.433594 0.374023 0.437500 0.361328 0.444336 0.373047 0.454102 0.364258 0.468750 0.358398 0.468750 0.358398 0.470703 0.370117 0.478516 0.373047 0.475586 0.387695 0.489258 0.387695 0.492188 0.397461 0.500977 0.401367 0.496094 0.418945 0.491211 0.424805 0.469727 0.429688 0.481445 0.439453 0.491211 0.457031 0.485352 0.461914 0.467773 0.452148 0.467773 0.479492 0.459961 0.477539 0.456055 0.457031 0.449219 0.473633 0.439453 0.472656 0.437500 0.459961 0.437500 0.459961 0.426758 0.481445 0.416016 0.474609 0.421875 0.462891 0.402344 0.474609 0.401367 0.464844 0.404297 0.457031 0.385742 0.460938 0.410156 0.433594 0.384766 0.432617 0.396484 0.418945 0.404297 0.414062 0.400391 0.402344 0.388672 0.387695 0.402344 0.379883
1 0.563477 0.389648 0.572266 0.391602 0.576172 0.398438 0.589844 0.401367 0.586914 0.411133 0.594727 0.422852 0.590820 0.427734 0.593750 0.438477 0.578125 0.449219 0.572266 0.452148 0.572266 0.466797 0.557617 0.468750 0.529297 0.474609 0.536133 0.458984 0.517578 0.461914 0.529297 0.448242 0.518555 0.448242 0.511719 0.436523 0.500977 0.435547 0.506836 0.425781 0.506836 0.425781 0.500000 0.415039 0.513672 0.413086 0.516602 0.396484 0.528320 0.384766 0.543945 0.389648 0.548828 0.382812
1 0.709961 0.384766 0.725586 0.398438 0.714844 0.409180 0.726562 0.414062 0.714844 0.422852 0.724609 0.443359 0.701172 0.441406 0.697266 0.469727 0.690430 0.468750 0.677734 0.446289 0.660156 0.476562 0.653320 0.464844 0.660156 0.438477 0.640625 0.450195 0.621094 0.453125 0.612305 0.443359 0.645508 0.419922 0.618164 0.419922 0.596680 0.410156 0.607422 0.402344 0.621094 0.400391 0.618164 0.389648 0.638672 0.384766 0.639648 0.369141 0.662109 0.366211 0.673828 0.376953 0.682617 0.368164 0.694336 0.372070
1 0.768555 0.366211 0.774414 0.390625 0.789062 0.366211 0.794922 0.368164 0.799805 0.385742 0.821289 0.385742 0.821289 0.392578 0.826172 0.397461 0.816406 0.406250 0.833984 0.414062 0.832031 0.420898 0.816406 0.424805 0.820312 0.446289 0.797852 0.440430 0.793945 0.454102 0.780273 0.450195 0.766602 0.462891 0.760742 0.452148 0.746094 0.463867 0.741211 0.463867 0.732422 0.461914 0.732422 0.461914 0.744141 0.443359 0.744141 0.443359 0.721680 0.446289 0.731445 0.433594 0.715820 0.423828 0.731445 0.414062 0.723633 0.392578 0.731445 0.378906 0.752930 0.385742 0.752930 0.368164 0.759766 0.362305
1 0.856445 0.365234 0.875977 0.380859 0.877930 0.355469 0.891602 0.369141 0.895508 0.359375 0.906250 0.367188 0.916016 0.363281 0.916016 0.363281 0.921875 0.379883 0.921875 0.379883 0.941406 0.375000 0.933594 0.388672 0.947266 0.391602 0.932617 0.411133 0.949219 0.422852 0.952148 0.433594 0.930664 0.428711 0.926758 0.457031 0.902344 0.443359 0.874023 0.450195 0.876953 0.431641 0.860352 0.431641 0.837891 0.421875 0.848633 0.415039 0.829102 0.396484 0.837891 0.394531 0.827148 0.383789 0.858398 0.391602 0.844727 0.363281
1 0.957031 0.330078 0.977539 0.339844 0.995117 0.356445 0.992188 0.374023 1.000000 0.383789 1.000000 0.478516 0.977539 0.494141 0.981445 0.481445 0.998047 0.459961 0.991211 0.455078 0.966797 0.458984 0.968750 0.448242 0.988281 0.432617 0.964844 0.431641 0.950195 0.434570 0.947266 0.417969 0.964844 0.416992 0.939453 0.401367 0.947266 0.396484 0.957031 0.399414 0.945312 0.377930 0.969727 0.387695 0.960938 0.373047 0.976562 0.373047 0.976562 0.368164 0.964844 0.370117 0.958984 0.362305 0.966797 0.355469 0.955078 0.350586 0.945312 0.351562 0.943359 0.335938
1 0.891602 0.466797 0.902344 0.476562 0.872070 0.485352 0.891602 0.491211 0.881836 0.507812 0.868164 0.528320 0.888672 0.524414 0.887695 0.541016 0.904297 0.528320 0.914062 0.519531 0.914062 0.519531 0.918945 0.541016 0.929688 0.521484 0.941406 0.533203 0.944336 0.508789 0.967773 0.512695 0.983398 0.501953 0.969727 0.490234 0.981445 0.480469 0.989258 0.460938 0.994141 0.444336 0.970703 0.458008 0.971680 0.444336 0.963867 0.450195 0.966797 0.435547 0.953125 0.437500 0.942383 0.423828 0.933594 0.436523 0.922852 0.453125 0.906250 0.446289 0.906250 0.446289 0.894531 0.438477
1 0.829102 0.500000 0.838867 0.519531 0.853516 0.526367 0.857422 0.518555 0.854492 0.502930 0.865234 0.506836 0.875000 0.506836 0.879883 0.500000 0.871094 0.490234 0.895508 0.482422 0.875977 0.470703 0.889648 0.446289 0.874023 0.449219 0.880859 0.434570 0.865234 0.439453 0.872070 0.424805 0.856445 0.431641 0.850586 0.416016 0.835938 0.424805 0.834961 0.409180 0.828125 0.413086 0.821289 0.434570 0.791992 0.436523 0.791992 0.436523 0.800781 0.452148 0.774414 0.447266 0.758789 0.455078 0.769531 0.466797 0.750000 0.472656 0.755859 0.481445 0.755859 0.481445 0.750000 0.491211 0.765625 0.498047 0.764648 0.508789 0.783203 0.508789 0.778320 0.524414 0.791016 0.524414 0.799805 0.511719 0.798828 0.527344 0.815430 0.521484 0.827148 0.503906
1 0.615234 0.492188 0.618164 0.476562 0.613281 0.463867 0.618164 0.454102 0.623047 0.463867 0.621094 0.485352 0.621094 0.491211 0.626953 0.488281 0.627930 0.479492 0.638672 0.468750 0.646484 0.475586 0.658203 0.477539 0.658203 0.477539 0.651367 0.491211 0.632812 0.498047 0.650391 0.501953 0.659180 0.512695 0.649414 0.513672 0.620117 0.500977
1 0.502930 0.458008 0.511719 0.445312 0.527344 0.442383 0.527344 0.442383 0.520508 0.463867 0.526367 0.462891 0.522461 0.494141 0.544922 0.475586 0.541992 0.485352 0.528320 0.495117 0.542969 0.500977 0.541016 0.521484 0.535156 0.521484 0.511719 0.510742 0.486328 0.537109 0.475586 0.528320 0.483398 0.513672 0.469727 0.509766 0.469727 0.509766 0.456055 0.497070 0.477539 0.491211 0.458008 0.475586 0.475586 0.475586 0.467773 0.462891 0.487305 0.467773 0.485352 0.447266
1 0.428711 0.493164 0.448242 0.478516 0.458008 0.475586 0.449219 0.493164 0.465820 0.493164 0.465820 0.493164 0.472656 0.511719 0.453125 0.517578 0.448242 0.521484 0.456055 0.541016 0.438477 0.535156 0.438477 0.535156 0.439453 0.552734 0.428711 0.542969 0.423828 0.545898 0.403320 0.544922 0.393555 0.535156 0.376953 0.531250 0.388672 0.516602 0.381836 0.509766 0.370117 0.499023 0.376953 0.493164 0.405273 0.498047 0.392578 0.483398 0.375000 0.464844 0.404297 0.488281 0.404297 0.488281 0.389648 0.463867 0.408203 0.471680 0.415039 0.486328 0.416992 0.470703
1 0.329102 0.500977 0.349609 0.491211 0.349609 0.491211 0.333984 0.513672 0.348633 0.537109 0.325195 0.529297 0.324219 0.544922 0.313477 0.557617 0.313477 0.557617 0.307617 0.529297 0.284180 0.536133 0.296875 0.516602 0.299805 0.502930 0.292969 0.478516
1 0.237305 0.524414 0.246094 0.535156 0.250977 0.525391 0.260742 0.532227 0.263672 0.538086 0.272461 0.531250 0.291016 0.524414 0.288086 0.545898 0.278320 0.561523 0.294922 0.560547 0.286133 0.573242 0.323242 0.570312 0.306641 0.582031 0.310547 0.592773 0.305664 0.589844 0.288086 0.594727 0.303711 0.624023 0.291016 0.624023 0.291992 0.630859 0.291992 0.630859 0.280273 0.625977 0.270508 0.646484 0.265625 0.636719 0.256836 0.641602 0.239258 0.641602 0.239258 0.626953 0.224609 0.636719 0.213867 0.618164 0.203125 0.601562 0.212891 0.596680 0.198242 0.580078 0.214844 0.576172 0.206055 0.551758 0.213867 0.532227 0.213867 0.532227 0.229492 0.541016 0.231445 0.524414
1 0.362305 0.527344 0.374023 0.531250 0.375000 0.541992 0.389648 0.530273 0.391602 0.541016 0.400391 0.535156 0.402344 0.545898 0.399414 0.564453 0.396484 0.575195 0.417969 0.567383 0.424805 0.574219 0.407227 0.586914 0.414062 0.596680 0.413086 0.603516 0.417969 0.615234 0.417969 0.615234 0.409180 0.619141 0.392578 0.617188 0.403320 0.636719 0.403320 0.636719 0.390625 0.642578 0.376953 0.632812 0.365234 0.643555 0.352539 0.637695 0.326172 0.632812 0.323242 0.614258 0.336914 0.595703 0.309570 0.595703 0.309570 0.595703 0.312500 0.582031 0.324219 0.583984 0.315430 0.569336 0.321289 0.556641 0.331055 0.538086 0.344727 0.530273
1 0.481445 0.531250 0.484375 0.558594 0.501953 0.552734 0.505859 0.558594 0.516602 0.550781 0.519531 0.559570 0.508789 0.573242 0.523438 0.588867 0.518555 0.602539 0.502930 0.601562 0.502930 0.601562 0.509766 0.622070 0.505859 0.626953 0.485352 0.606445 0.482422 0.633789 0.467773 0.640625 0.469727 0.611328 0.450195 0.622070 0.458008 0.599609 0.442383 0.578125 0.458008 0.571289 0.447266 0.538086 0.469727 0.547852
1 0.586914 0.532227 0.599609 0.521484 0.611328 0.524414 0.613281 0.532227 0.613281 0.532227 0.626953 0.528320 0.632812 0.537109 0.632812 0.537109 0.619141 0.562500 0.642578 0.558594 0.643555 0.565430 0.633789 0.572266 0.651367 0.586914 0.631836 0.591797 0.645508 0.611328 0.627930 0.610352 0.638672 0.628906 0.633789 0.638672 0.618164 0.630859 0.618164 0.630859 0.612305 0.639648 0.596680 0.629883 0.577148 0.652344 0.569336 0.649414 0.577148 0.626953 0.544922 0.638672 0.535156 0.632812 0.556641 0.610352 0.536133 0.617188 0.518555 0.612305 0.510742 0.596680 0.518555 0.585938 0.534180 0.582031 0.530273 0.571289 0.522461 0.557617 0.532227 0.556641 0.531250 0.535156 0.543945 0.541992 0.542969 0.527344 0.552734 0.532227 0.556641 0.522461 0.576172 0.513672 0.586914 0.519531
1 0.679688 0.508789 0.692383 0.519531 0.700195 0.534180 0.708984 0.510742 0.718750 0.522461 0.728516 0.512695 0.741211 0.521484 0.747070 0.541016 0.764648 0.539062 0.759766 0.555664 0.758789 0.566406 0.774414 0.563477 0.767578 0.582031 0.756836 0.586914 0.775391 0.610352 0.766602 0.610352 0.770508 0.623047 0.744141 0.620117 0.755859 0.640625 0.741211 0.636719 0.735352 0.646484 0.728516 0.643555 0.723633 0.628906 0.709961 0.619141 0.708008 0.650391 0.696289 0.653320 0.680664 0.652344 0.679688 0.634766 0.693359 0.614258 0.648438 0.650391 0.641602 0.640625 0.641602 0.620117 0.652344 0.607422 0.630859 0.611328 0.635742 0.596680 0.654297 0.587891 0.635742 0.581055 0.635742 0.569336 0.651367 0.568359 0.635742 0.550781 0.646484 0.533203 0.652344 0.524414 0.673828 0.508789
1 0.779297 0.531250 0.764648 0.522461 0.774414 0.544922 0.758789 0.542969 0.758789 0.560547 0.768555 0.568359 0.756836 0.583984 0.764648 0.598633 0.769531 0.612305 0.758789 0.631836 0.766602 0.645508 0.785156 0.636719 0.796875 0.640625 0.824219 0.635742 0.829102 0.621094 0.829102 0.605469 0.857422 0.626953 0.865234 0.613281 0.860352 0.602539 0.876953 0.596680 0.875977 0.579102 0.863281 0.572266 0.867188 0.561523 0.856445 0.557617 0.864258 0.545898 0.850586 0.528320 0.839844 0.532227 0.828125 0.516602 0.819336 0.522461 0.819336 0.522461 0.807617 0.516602 0.777344 0.519531
1 0.913086 0.524414 0.921875 0.541016 0.921875 0.541016 0.928711 0.520508 0.938477 0.533203 0.950195 0.543945 0.965820 0.541016 0.972656 0.562500 0.947266 0.577148 0.965820 0.587891 0.965820 0.587891 0.957031 0.608398 0.941406 0.635742 0.909180 0.636719 0.906250 0.625000 0.880859 0.630859 0.884766 0.616211 0.864258 0.615234 0.886719 0.592773 0.869141 0.588867 0.857422 0.569336 0.859375 0.545898 0.865234 0.529297 0.874023 0.533203 0.874023 0.533203 0.875977 0.520508 0.899414 0.541992
1 0.965820 0.642578 0.968750 0.659180 0.989258 0.655273 1.000000 0.666992 1.000000 0.708008 0.994141 0.714844 1.000000 0.723633 1.000000 0.736328 0.985352 0.732422 0.974609 0.750977 0.950195 0.741211 0.928711 0.748047 0.922852 0.749023 0.902344 0.745117 0.914062 0.717773 0.875000 0.722656 0.888672 0.707031 0.894531 0.691406 0.874023 0.686523 0.876953 0.671875 0.888672 0.667969 0.875000 0.647461 0.888672 0.633789 0.888672 0.633789 0.919922 0.646484 0.934570 0.632812 0.934570 0.632812 0.949219 0.643555 0.949219 0.629883 0.959961 0.632812
1 0.864258 0.651367 0.873047 0.646484 0.882812 0.658203 0.875000 0.664062 0.886719 0.673828 0.878906 0.686523 0.895508 0.691406 0.890625 0.702148 0.873047 0.706055 0.872070 0.733398 0.854492 0.717773 0.852539 0.726562 0.852539 0.726562 0.834961 0.725586 0.826172 0.735352 0.812500 0.726562 0.791016 0.725586 0.792969 0.715820 0.786133 0.698242 0.764648 0.690430 0.785156 0.681641 0.778320 0.666992 0.769531 0.654297 0.773438 0.642578 0.794922 0.649414 0.818359 0.663086 0.806641 0.646484 0.815430 0.628906 0.835938 0.639648 0.839844 0.624023 0.854492 0.620117
1 0.750000 0.691406 0.773438 0.701172 0.773438 0.709961 0.755859 0.709961 0.752930 0.728516 0.743164 0.724609 0.743164 0.724609 0.741211 0.739258 0.726562 0.721680 0.726562 0.721680 0.721680 0.734375 0.708984 0.734375 0.704102 0.712891 0.682617 0.730469 0.682617 0.730469 0.682617 0.715820 0.666992 0.717773 0.674805 0.706055 0.678711 0.692383 0.665039 0.685547 0.669922 0.675781 0.687500 0.678711 0.686523 0.669922 0.665039 0.657227 0.661133 0.643555 0.677734 0.643555 0.677734 0.643555 0.696289 0.651367 0.711914 0.632812 0.714844 0.618164 0.730469 0.643555 0.747070 0.631836 0.751953 0.645508 0.751953 0.645508 0.749023 0.663086 0.763672 0.658203 0.777344 0.664062 0.771484 0.678711
1 0.614258 0.639648 0.621094 0.652344 0.630859 0.637695 0.646484 0.640625 0.648438 0.652344 0.658203 0.657227 0.668945 0.658203 0.668945 0.658203 0.664062 0.672852 0.672852 0.677734 0.672852 0.677734 0.681641 0.691406 0.667969 0.700195 0.651367 0.708984 0.652344 0.723633 0.640625 0.734375 0.628906 0.735352 0.617188 0.740234 0.611328 0.727539 0.583984 0.731445 0.596680 0.706055 0.568359 0.719727 0.562500 0.697266 0.581055 0.689453 0.555664 0.682617 0.574219 0.658203 0.585938 0.656250 0.582031 0.643555 0.593750 0.632812
1 0.523438 0.667969 0.529297 0.660156 0.533203 0.670898 0.535156 0.682617 0.563477 0.706055 0.529297 0.702148 0.535156 0.735352 0.527344 0.718750 0.516602 0.710938 0.515625 0.731445 0.499023 0.734375 0.499023 0.734375 0.500977 0.705078 0.488281 0.711914 0.479492 0.705078 0.495117 0.684570 0.490234 0.665039 0.508789 0.674805
1 0.318359 0.645508 0.327148 0.629883 0.337891 0.634766 0.349609 0.634766 0.375000 0.636719 0.375000 0.636719 0.375977 0.649414 0.363281 0.653320 0.377930 0.656250 0.385742 0.666992 0.378906 0.675781 0.366211 0.676758 0.374023 0.692383 0.362305 0.691406 0.362305 0.699219 0.362305 0.699219 0.353516 0.699219 0.350586 0.711914 0.336914 0.707031 0.336914 0.707031 0.326172 0.734375 0.319336 0.717773 0.311523 0.698242 0.301758 0.712891 0.288086 0.713867 0.295898 0.688477 0.277344 0.695312 0.267578 0.688477 0.304688 0.662109 0.283203 0.637695 0.298828 0.644531 0.299805 0.616211
1 0.188477 0.687500 0.201172 0.704102 0.202148 0.714844 0.220703 0.690430 0.226562 0.703125 0.223633 0.715820 0.241211 0.711914 0.241211 0.711914 0.220703 0.723633 0.246094 0.743164 0.215820 0.743164 0.215820 0.743164 0.227539 0.768555 0.203125 0.742188 0.203125 0.742188 0.182617 0.761719 0.163086 0.771484 0.190430 0.740234 0.166992 0.747070 0.146484 0.744141 0.166016 0.736328 0.150391 0.729492 0.170898 0.730469 0.183594 0.720703 0.161133 0.719727 0.147461 0.710938 0.153320 0.691406 0.168945 0.698242 0.184570 0.713867
1 0.285156 0.717773 0.270508 0.702148 0.267578 0.720703 0.255859 0.711914 0.240234 0.719727 0.240234 0.738281 0.224609 0.740234 0.228516 0.751953 0.226562 0.760742 0.226562 0.760742 0.224609 0.772461 0.212891 0.771484 0.219727 0.786133 0.235352 0.790039 0.224609 0.801758 0.228516 0.818359 0.240234 0.819336 0.248047 0.827148 0.248047 0.827148 0.264648 0.829102 0.281250 0.833008 0.298828 0.832031 0.307617 0.813477 0.327148 0.803711 0.316406 0.789062 0.331055 0.788086 0.327148 0.776367 0.317383 0.771484 0.330078 0.751953 0.307617 0.754883 0.329102 0.731445 0.331055 0.719727 0.305664 0.735352 0.305664 0.706055 0.291992 0.692383
1 0.356445 0.698242 0.366211 0.712891 0.370117 0.696289 0.377930 0.703125 0.387695 0.690430 0.403320 0.696289 0.410156 0.693359 0.416016 0.708984 0.424805 0.706055 0.430664 0.717773 0.440430 0.710938 0.446289 0.720703 0.444336 0.730469 0.432617 0.744141 0.431641 0.750977 0.458984 0.750000 0.448242 0.763672 0.461914 0.769531 0.454102 0.778320 0.439453 0.779297 0.456055 0.790039 0.458008 0.796875 0.426758 0.794922 0.433594 0.813477 0.429688 0.823242 0.409180 0.806641 0.401367 0.823242 0.394531 0.825195 0.375000 0.833984 0.375977 0.810547 0.361328 0.823242 0.349609 0.825195 0.353516 0.809570 0.331055 0.810547 0.356445 0.794922 0.351562 0.789062 0.334961 0.789062 0.323242 0.784180 0.333984 0.777344 0.314453 0.770508 0.328125 0.762695 0.321289 0.749023 0.326172 0.742188 0.337891 0.742188 0.332031 0.731445 0.338867 0.728516 0.337891 0.717773 0.333008 0.704102
1 0.494141 0.775391 0.512695 0.770508 0.534180 0.761719 0.540039 0.764648 0.540039 0.764648 0.522461 0.780273 0.506836 0.785156 0.508789 0.797852 0.508789 0.803711 0.490234 0.796875 0.486328 0.780273
1 0.691406 0.770508 0.677734 0.754883 0.668945 0.740234 0.657227 0.747070 0.636719 0.744141 0.639648 0.752930 0.619141 0.753906 0.614258 0.760742 0.619141 0.760742 0.643555 0.763672 0.639648 0.777344 0.639648 0.777344 0.628906 0.795898 0.655273 0.773438 0.655273 0.773438 0.663086 0.785156 0.673828 0.798828 0.683594 0.818359 0.691406 0.822266 0.691406 0.804688 0.677734 0.776367
1 0.756836 0.758789 0.774414 0.748047 0.788086 0.735352 0.786133 0.751953 0.778320 0.759766 0.791992 0.777344 0.794922 0.788086 0.781250 0.783203 0.786133 0.800781 0.769531 0.790039 0.769531 0.790039 0.750977 0.777344
1 0.793945 0.722656 0.812500 0.727539 0.833008 0.749023 0.827148 0.725586 0.838867 0.726562 0.845703 0.737305 0.847656 0.729492 0.867188 0.733398 0.867188 0.733398 0.878906 0.727539 0.893555 0.738281 0.895508 0.753906 0.904297 0.754883 0.900391 0.777344 0.919922 0.785156 0.905273 0.795898 0.910156 0.815430 0.888672 0.815430 0.893555 0.832031 0.884766 0.828125 0.884766 0.852539 0.870117 0.838867 0.858398 0.842773 0.853516 0.827148 0.842773 0.839844 0.825195 0.848633 0.828125 0.813477 0.816406 0.821289 0.801758 0.814453 0.777344 0.809570 0.797852 0.796875 0.814453 0.787109 0.796875 0.783203 0.778320 0.753906 0.795898 0.752930 0.821289 0.763672 0.810547 0.751953 0.794922 0.733398
1 1.000000 0.835938 0.985352 0.843750 0.979492 0.844727 0.973633 0.824219 0.960938 0.837891 0.941406 0.832031 0.935547 0.815430 0.953125 0.799805 0.953125 0.799805 0.930664 0.811523 0.916992 0.808594 0.908203 0.791016 0.935547 0.784180 0.949219 0.779297 0.920898 0.769531 0.901367 0.755859 0.911133 0.747070 0.929688 0.751953 0.947266 0.752930 0.946289 0.741211 0.946289 0.741211 0.966797 0.743164 0.981445 0.735352 0.991211 0.744141 1.000000 0.739258
1 1.000000 0.942383 0.991211 0.910156 0.974609 0.932617 0.944336 0.932617 0.953125 0.946289 0.953125 0.946289 0.927734 0.938477 0.915039 0.948242 0.933594 0.958008 0.901367 0.968750 0.904297 0.977539 0.927734 0.984375 0.919922 0.997070 1.000000 1.000000
1 0.864258 0.860352 0.887695 0.827148 0.895508 0.826172 0.896484 0.850586 0.896484 0.850586 0.897461 0.862305 0.902344 0.858398 0.928711 0.866211 0.913086 0.886719 0.927734 0.897461 0.936523 0.916016 0.915039 0.915039 0.931641 0.946289 0.911133 0.944336 0.896484 0.958984 0.887695 0.948242 0.867188 0.964844 0.851562 0.948242 0.833984 0.957031 0.837891 0.935547 0.819336 0.947266 0.808594 0.926758 0.837891 0.904297 0.814453 0.913086 0.801758 0.909180 0.829102 0.887695 0.819336 0.876953 0.799805 0.854492 0.806641 0.841797 0.839844 0.857422 0.839844 0.857422 0.839844 0.833008 0.854492 0.823242
1 0.710938 0.805664 0.737305 0.827148 0.743164 0.813477 0.756836 0.825195 0.755859 0.849609 0.782227 0.836914 0.782227 0.845703 0.798828 0.835938 0.805664 0.845703 0.787109 0.865234 0.816406 0.865234 0.826172 0.889648 0.798828 0.898438 0.807617 0.913086 0.809570 0.929688 0.797852 0.935547 0.791016 0.932617 0.777344 0.927734 0.764648 0.947266 0.759766 0.956055 0.759766 0.956055 0.740234 0.916016 0.726562 0.935547 0.701172 0.935547 0.710938 0.911133 0.726562 0.887695 0.707031 0.899414 0.675781 0.891602 0.675781 0.875000 0.692383 0.873047 0.691406 0.847656 0.683594 0.836914 0.700195 0.823242 0.700195 0.823242
1 0.713867 0.933594 0.738281 0.954102 0.728516 0.934570 0.734375 0.916016 0.755859 0.942383 0.779297 0.929688 0.796875 0.930664 0.789062 0.958984 0.789062 0.958984 0.815430 0.958008 0.831055 0.961914 0.805664 0.975586 0.806641 0.993164 0.818359 1.000000 0.697266 1.000000 0.693359 0.975586 0.714844 0.969727 0.708008 0.958008 0.703125 0.941406 0.697266 0.932617
1 0.598633 0.806641 0.616211 0.827148 0.619141 0.795898 0.638672 0.791016 0.643555 0.805664 0.643555 0.826172 0.661133 0.809570 0.665039 0.825195 0.677734 0.817383 0.682617 0.830078 0.670898 0.848633 0.694336 0.848633 0.706055 0.864258 0.673828 0.876953 0.700195 0.895508 0.673828 0.895508 0.683594 0.922852 0.671875 0.918945 0.660156 0.922852 0.641602 0.936523 0.637695 0.919922 0.622070 0.936523 0.605469 0.929688 0.616211 0.896484 0.589844 0.918945 0.569336 0.919922 0.583984 0.889648 0.600586 0.875000 0.576172 0.871094 0.581055 0.857422 0.589844 0.857422 0.589844 0.857422 0.579102 0.844727 0.562500 0.823242 0.573242 0.825195 0.572266 0.809570 0.588867 0.804688
1 0.678711 0.939453 0.687500 0.933594 0.695312 0.951172 0.692383 0.958008 0.702148 0.959961 0.711914 0.968750 0.699219 0.983398 0.702148 1.000000 0.601562 1.000000 0.587891 0.983398 0.611328 0.980469 0.606445 0.967773 0.593750 0.961914 0.589844 0.949219 0.608398 0.955078 0.614258 0.941406 0.626953 0.937500 0.637695 0.927734 0.646484 0.935547 0.658203 0.923828 0.666016 0.929688 0.676758 0.925781
1 0.515625 0.824219 0.531250 0.843750 0.536133 0.825195 0.548828 0.816406 0.558594 0.827148 0.564453 0.809570 0.572266 0.836914 0.583008 0.854492 0.583008 0.854492 0.583008 0.876953 0.590820 0.886719 0.571289 0.903320 0.575195 0.918945 0.564453 0.926758 0.564453 0.926758 0.565430 0.935547 0.553711 0.937500 0.544922 0.943359 0.533203 0.939453 0.518555 0.937500 0.503906 0.931641 0.501953 0.916992 0.482422 0.915039 0.473633 0.900391 0.473633 0.886719 0.473633 0.867188 0.472656 0.838867 0.482422 0.838867 0.492188 0.825195 0.500000 0.832031
1 0.573242 0.924805 0.583008 0.929688 0.583984 0.946289 0.595703 0.954102 0.591797 0.968750 0.605469 0.975586 0.587891 0.999023 0.482422 1.000000 0.479492 0.973633 0.464844 0.943359 0.489258 0.949219 0.481445 0.912109 0.481445 0.912109 0.499023 0.927734 0.497070 0.911133 0.515625 0.932617 0.529297 0.941406 0.536133 0.919922 0.550781 0.934570 0.565430 0.927734
1 0.435547 0.807617 0.447266 0.801758 0.446289 0.822266 0.457031 0.816406 0.463867 0.818359 0.457031 0.834961 0.472656 0.834961 0.465820 0.845703 0.475586 0.852539 0.464844 0.867188 0.475586 0.869141 0.475586 0.869141 0.461914 0.880859 0.468750 0.894531 0.459961 0.900391 0.459961 0.900391 0.463867 0.911133 0.446289 0.910156 0.446289 0.910156 0.431641 0.904297 0.433594 0.925781 0.421875 0.935547 0.414062 0.922852 0.405273 0.934570 0.390625 0.919922 0.369141 0.922852 0.377930 0.912109 0.364258 0.911133 0.365234 0.900391 0.351562 0.905273 0.370117 0.883789 0.343750 0.880859 0.354492 0.872070 0.360352 0.859375 0.357422 0.851562 0.339844 0.834961 0.358398 0.830078 0.387695 0.835938 0.382812 0.829102 0.409180 0.806641 0.409180 0.806641 0.415039 0.813477
1 0.441406 0.931641 0.445312 0.946289 0.463867 0.937500 0.465820 0.953125 0.479492 0.959961 0.480469 0.977539 0.488281 1.000000 0.388672 1.000000 0.388672 1.000000 0.375977 0.981445 0.381836 0.958984 0.398438 0.938477 0.398438 0.938477 0.411133 0.942383 0.417969 0.930664 0.430664 0.923828
1 0.333008 0.817383 0.333984 0.836914 0.350586 0.842773 0.362305 0.854492 0.355469 0.874023 0.337891 0.875977 0.354492 0.886719 0.360352 0.904297 0.333008 0.898438 0.332031 0.920898 0.325195 0.934570 0.310547 0.912109 0.296875 0.914062 0.284180 0.932617 0.266602 0.913086 0.253906 0.912109 0.254883 0.899414 0.233398 0.897461 0.225586 0.875977 0.249023 0.863281 0.236328 0.851562 0.237305 0.834961 0.246094 0.833008 0.240234 0.824219 0.256836 0.835938 0.277344 0.834961 0.288086 0.818359 0.294922 0.835938 0.307617 0.811523 0.328125 0.803711
1 0.324219 0.932617 0.344727 0.916016 0.361328 0.916016 0.370117 0.944336 0.382812 0.965820 0.372070 0.984375 0.354492 0.987305 0.372070 1.000000 0.278320 1.000000 0.275391 0.987305 0.281250 0.976562 0.279297 0.957031 0.263672 0.940430 0.267578 0.922852 0.285156 0.929688 0.305664 0.906250
1 0.259766 0.923828 0.270508 0.950195 0.283203 0.962891 0.285156 1.000000 0.202148 1.000000 0.198242 0.989258 0.198242 0.989258 0.211914 0.984375 0.198242 0.979492 0.197266 0.962891 0.219727 0.965820 0.207031 0.957031 0.207031 0.957031 0.197266 0.948242 0.202148 0.939453 0.221680 0.951172 0.221680 0.922852 0.241211 0.945312 0.241211 0.945312