0 0.694336 0.001953 0.693359 0.017578 0.698242 0.026367 0.702148 0.030273 0.709961 0.041016 0.717773 0.057617 0.717773 0.062500 0.721680 0.080078 0.723633 0.084961 0.725586 0.090820 0.728516 0.094727 0.734375 0.111328 0.736328 0.117188 0.737305 0.122070 0.740234 0.126953 0.745117 0.131836 0.750000 0.135742 0.752930 0.141602 0.755859 0.145508 0.757812 0.151367 0.761719 0.163086 0.765625 0.167969 0.766602 0.172852 0.757812 0.177734 0.750000 0.177734 0.744141 0.176758 0.739258 0.179688 0.736328 0.185547 0.735352 0.191406 0.731445 0.207031 0.730469 0.213867 0.733398 0.217773 0.738281 0.220703 0.746094 0.228516 0.746094 0.235352 0.745117 0.241211 0.745117 0.247070 0.747070 0.251953 0.748047 0.263672 0.748047 0.270508 0.752930 0.276367 0.753906 0.281250 0.753906 0.286133 0.752930 0.299805 0.752930 0.306641 0.753906 0.318359 0.749023 0.321289 0.739258 0.326172 0.737305 0.332031 0.736328 0.336914 0.739258 0.348633 0.746094 0.351562 0.761719 0.357422 0.767578 0.358398 0.772461 0.362305 0.778320 0.365234 0.784180 0.364258 0.789062 0.364258 0.805664 0.365234 0.810547 0.364258 0.817383 0.366211 0.826172 0.367188 0.832031 0.365234 0.836914 0.362305 0.846680 0.356445 0.852539 0.355469 0.859375 0.351562 0.866211 0.350586 0.871094 0.352539 0.880859 0.354492 0.885742 0.356445 0.888672 0.360352 0.895508 0.363281 0.907227 0.366211 0.914062 0.364258 0.919922 0.366211 0.924805 0.369141 0.931641 0.377930 0.940430 0.381836 0.945312 0.382812 0.951172 0.382812 0.955078 0.380859 0.965820 0.375000 0.980469 0.365234 0.985352 0.362305 1.000000 0.356445 1.000000 0.000000
1 0.001953 0.023438 0.026367 0.018555 0.021484 0.039062 0.030273 0.033203 0.030273 0.046875 0.030273 0.046875 0.049805 0.023438 0.059570 0.032227 0.081055 0.020508 0.114258 0.020508 0.115234 0.000000 0.018555 0.000000 0.000000 0.000000
1 0.120117 0.000000 0.117188 0.027344 0.117188 0.027344 0.137695 0.012695 0.141602 0.026367 0.164062 0.008789 0.170898 0.022461 0.184570 0.000977 0.214844 0.021484 0.224609 0.000000
1 0.000000 0.034180 0.012695 0.016602 0.012695 0.037109 0.018555 0.034180 0.026367 0.028320 0.024414 0.065430 0.036133 0.083984 0.034180 0.099609 0.044922 0.125000 0.038086 0.126953 0.038086 0.143555 0.038086 0.143555 0.026367 0.138672 0.021484 0.155273 0.000000 0.147461
1 0.092773 0.021484 0.091797 0.033203 0.104492 0.025391 0.137695 0.044922 0.114258 0.062500 0.130859 0.074219 0.111328 0.100586 0.120117 0.105469 0.105469 0.136719 0.090820 0.135742 0.079102 0.120117 0.068359 0.137695 0.056641 0.126953 0.043945 0.134766 0.044922 0.105469 0.026367 0.106445 0.028320 0.089844 0.041992 0.083008 0.020508 0.072266 0.030273 0.047852 0.040039 0.054688 0.047852 0.026367 0.064453 0.028320
1 0.171875 0.018555 0.183594 0.006836 0.205078 0.022461 0.202148 0.045898 0.218750 0.037109 0.231445 0.051758 0.223633 0.057617 0.232422 0.061523 0.217773 0.072266 0.224609 0.083008 0.213867 0.086914 0.224609 0.100586 0.223633 0.125977 0.197266 0.117188 0.196289 0.131836 0.183594 0.126953 0.185547 0.152344 0.171875 0.158203 0.157227 0.115234 0.136719 0.141602 0.132812 0.125000 0.110352 0.136719 0.119141 0.103516 0.105469 0.098633 0.128906 0.079102 0.107422 0.066406 0.133789 0.046875 0.120117 0.012695 0.145508 0.028320 0.166016 0.008789
1 0.255859 0.032227 0.264648 0.043945 0.289062 0.022461 0.293945 0.035156 0.306641 0.044922 0.318359 0.048828 0.318359 0.048828 0.307617 0.056641 0.320312 0.058594 0.312500 0.071289 0.332031 0.086914 0.308594 0.088867 0.328125 0.109375 0.300781 0.110352 0.293945 0.140625 0.280273 0.125977 0.237305 0.144531 0.244141 0.124023 0.228516 0.113281 0.209961 0.111328 0.210938 0.087891 0.238281 0.087891 0.217773 0.072266 0.225586 0.064453 0.250000 0.063477 0.250000 0.063477 0.243164 0.035156
1 0.066406 0.154297 0.071289 0.137695 0.075195 0.154297 0.088867 0.140625 0.088867 0.140625 0.111328 0.145508 0.111328 0.155273 0.122070 0.153320 0.146484 0.172852 0.133789 0.187500 0.150391 0.189453 0.146484 0.206055 0.144531 0.234375 0.133789 0.239258 0.118164 0.238281 0.111328 0.250977 0.100586 0.245117 0.097656 0.270508 0.080078 0.250977 0.070312 0.268555 0.067383 0.250977 0.045898 0.261719 0.046875 0.240234 0.023438 0.236328 0.031250 0.220703 0.014648 0.190430 0.031250 0.182617 0.033203 0.162109 0.046875 0.163086 0.044922 0.149414 0.059570 0.141602
1 0.193359 0.153320 0.204102 0.160156 0.202148 0.169922 0.219727 0.162109 0.231445 0.169922 0.226562 0.184570 0.226562 0.184570 0.246094 0.205078 0.234375 0.208984 0.236328 0.216797 0.213867 0.217773 0.205078 0.235352 0.186523 0.224609 0.178711 0.248047 0.172852 0.230469 0.158203 0.244141 0.159180 0.214844 0.145508 0.218750 0.146484 0.194336 0.157227 0.185547 0.148438 0.178711 0.155273 0.166992 0.177734 0.165039 0.181641 0.151367
1 0.299805 0.120117 0.314453 0.132812 0.321289 0.127930 0.339844 0.137695 0.338867 0.158203 0.350586 0.147461 0.358398 0.156250 0.347656 0.167969 0.353516 0.171875 0.333008 0.193359 0.353516 0.189453 0.371094 0.207031 0.368164 0.213867 0.328125 0.210938 0.326172 0.235352 0.312500 0.244141 0.298828 0.228516 0.298828 0.228516 0.290039 0.260742 0.260742 0.255859 0.273438 0.231445 0.245117 0.241211 0.247070 0.222656 0.229492 0.219727 0.256836 0.198242 0.233398 0.190430 0.247070 0.176758 0.261719 0.177734 0.250000 0.154297 0.270508 0.134766 0.287109 0.143555
1 0.000000 0.221680 0.009766 0.214844 0.014648 0.221680 0.018555 0.219727 0.020508 0.243164 0.051758 0.234375 0.047852 0.262695 0.067383 0.291016 0.053711 0.291992 0.059570 0.305664 0.047852 0.304688 0.051758 0.314453 0.033203 0.310547 0.022461 0.329102 0.009766 0.316406 0.000000 0.336914
1 0.141602 0.233398 0.139648 0.255859 0.165039 0.259766 0.135742 0.277344 0.153320 0.282227 0.163086 0.306641 0.125977 0.300781 0.131836 0.320312 0.110352 0.313477 0.088867 0.334961 0.077148 0.332031 0.086914 0.299805 0.055664 0.310547 0.053711 0.296875 0.077148 0.286133 0.055664 0.272461 0.049805 0.252930 0.068359 0.249023 0.087891 0.261719 0.101562 0.240234 0.110352 0.247070 0.122070 0.232422
1 0.227539 0.214844 0.232422 0.224609 0.246094 0.225586 0.263672 0.242188 0.261719 0.255859 0.280273 0.265625 0.262695 0.271484 0.275391 0.281250 0.259766 0.288086 0.267578 0.314453 0.250000 0.306641 0.248047 0.324219 0.227539 0.317383 0.226562 0.331055 0.209961 0.330078 0.208008 0.318359 0.175781 0.334961 0.180664 0.310547 0.164062 0.316406 0.178711 0.292969 0.157227 0.286133 0.147461 0.277344 0.157227 0.274414 0.158203 0.257812 0.171875 0.261719 0.153320 0.241211 0.170898 0.225586 0.179688 0.238281 0.185547 0.220703 0.205078 0.229492
1 0.357422 0.210938 0.359375 0.230469 0.368164 0.226562 0.368164 0.235352 0.390625 0.230469 0.373047 0.250000 0.381836 0.253906 0.363281 0.267578 0.379883 0.275391 0.385742 0.297852 0.368164 0.291992 0.374023 0.310547 0.351562 0.298828 0.346680 0.320312 0.331055 0.309570 0.313477 0.327148 0.306641 0.307617 0.288086 0.329102 0.289062 0.306641 0.266602 0.313477 0.273438 0.292969 0.254883 0.291992 0.263672 0.275391 0.283203 0.268555 0.282227 0.236328 0.310547 0.238281 0.327148 0.207031 0.344727 0.208984
1 0.000000 0.326172 0.011719 0.334961 0.032227 0.311523 0.036133 0.320312 0.050781 0.310547 0.054688 0.319336 0.069336 0.318359 0.056641 0.342773 0.078125 0.336914 0.080078 0.348633 0.091797 0.359375 0.091797 0.359375 0.087891 0.366211 0.055664 0.377930 0.084961 0.384766 0.084961 0.397461 0.049805 0.392578 0.050781 0.408203 0.030273 0.416992 0.016602 0.402344 0.009766 0.418945 0.000000 0.431641
1 0.115234 0.334961 0.125977 0.312500 0.125977 0.312500 0.138672 0.322266 0.144531 0.314453 0.153320 0.323242 0.153320 0.323242 0.161133 0.320312 0.168945 0.329102 0.176758 0.336914 0.170898 0.357422 0.177734 0.358398 0.185547 0.375977 0.166992 0.375000 0.169922 0.384766 0.158203 0.392578 0.150391 0.382812 0.141602 0.396484 0.128906 0.386719 0.107422 0.395508 0.107422 0.375000 0.085938 0.360352 0.105469 0.324219
1 0.253906 0.320312 0.283203 0.313477 0.277344 0.334961 0.291992 0.338867 0.295898 0.353516 0.298828 0.361328 0.285156 0.363281 0.288086 0.378906 0.271484 0.373047 0.288086 0.378906 0.285156 0.393555 0.250977 0.388672 0.250000 0.408203 0.235352 0.393555 0.225586 0.405273 0.219727 0.396484 0.203125 0.403320 0.216797 0.367188 0.183594 0.367188 0.179688 0.353516 0.213867 0.353516 0.192383 0.334961 0.204102 0.317383 0.219727 0.327148 0.227539 0.312500
1 0.371094 0.310547 0.376953 0.297852 0.390625 0.296875 0.390625 0.296875 0.395508 0.320312 0.387695 0.339844 0.409180 0.339844 0.401367 0.362305 0.392578 0.366211 0.402344 0.372070 0.392578 0.396484 0.369141 0.384766 0.375977 0.402344 0.360352 0.412109 0.342773 0.410156 0.328125 0.399414 0.310547 0.406250 0.298828 0.388672 0.313477 0.373047 0.295898 0.361328 0.290039 0.337891 0.308594 0.338867 0.299805 0.324219 0.310547 0.311523 0.333008 0.305664 0.347656 0.317383 0.348633 0.298828
1 0.000000 0.429688 0.011719 0.409180 0.016602 0.401367 0.029297 0.413086 0.050781 0.398438 0.072266 0.396484 0.066406 0.404297 0.080078 0.401367 0.090820 0.410156 0.080078 0.423828 0.087891 0.423828 0.083008 0.432617 0.102539 0.445312 0.102539 0.445312 0.086914 0.447266 0.085938 0.458984 0.086914 0.487305 0.059570 0.473633 0.064453 0.504883 0.045898 0.509766 0.033203 0.498047 0.021484 0.504883 0.000977 0.490234
1 0.144531 0.391602 0.156250 0.379883 0.160156 0.391602 0.173828 0.381836 0.170898 0.399414 0.187500 0.388672 0.186523 0.404297 0.186523 0.412109 0.201172 0.403320 0.201172 0.417969 0.201172 0.417969 0.189453 0.429688 0.210938 0.430664 0.212891 0.444336 0.195312 0.456055 0.214844 0.460938 0.214844 0.471680 0.197266 0.470703 0.205078 0.484375 0.200195 0.500000 0.179688 0.491211 0.171875 0.505859 0.166992 0.495117 0.153320 0.504883 0.144531 0.500000 0.132812 0.486328 0.117188 0.497070 0.102539 0.499023 0.103516 0.480469 0.083008 0.484375 0.094727 0.466797 0.074219 0.463867 0.090820 0.450195 0.075195 0.437500 0.089844 0.436523 0.082031 0.415039 0.098633 0.416992 0.098633 0.416992 0.086914 0.404297 0.110352 0.407227 0.105469 0.391602 0.124023 0.399414 0.125000 0.388672
1 0.268555 0.409180 0.290039 0.382812 0.294922 0.401367 0.305664 0.396484 0.316406 0.406250 0.310547 0.414062 0.326172 0.410156 0.326172 0.418945 0.326172 0.418945 0.317383 0.430664 0.332031 0.429688 0.322266 0.443359 0.324219 0.458984 0.333984 0.462891 0.327148 0.472656 0.308594 0.467773 0.321289 0.479492 0.287109 0.509766 0.271484 0.488281 0.251953 0.512695 0.248047 0.495117 0.234375 0.501953 0.227539 0.495117 0.220703 0.497070 0.208008 0.493164 0.215820 0.482422 0.199219 0.472656 0.219727 0.461914 0.195312 0.453125 0.206055 0.425781 0.217773 0.411133 0.217773 0.411133 0.237305 0.419922 0.245117 0.401367 0.262695 0.386719
1 0.393555 0.392578 0.399414 0.398438 0.409180 0.389648 0.421875 0.396484 0.413086 0.412109 0.427734 0.407227 0.435547 0.435547 0.425781 0.439453 0.425781 0.439453 0.438477 0.449219 0.423828 0.458008 0.430664 0.466797 0.430664 0.466797 0.420898 0.484375 0.412109 0.478516 0.406250 0.482422 0.400391 0.493164 0.380859 0.488281 0.370117 0.496094 0.365234 0.481445 0.348633 0.490234 0.337891 0.488281 0.346680 0.472656 0.333008 0.467773 0.338867 0.455078 0.322266 0.452148 0.319336 0.438477 0.337891 0.431641 0.322266 0.418945 0.342773 0.405273 0.357422 0.413086 0.370117 0.406250 0.381836 0.393555
1 0.113281 0.511719 0.112305 0.495117 0.136719 0.485352 0.146484 0.498047 0.169922 0.493164 0.168945 0.510742 0.185547 0.505859 0.184570 0.513672 0.207031 0.515625 0.184570 0.533203 0.203125 0.537109 0.194336 0.543945 0.207031 0.553711 0.193359 0.559570 0.193359 0.572266 0.177734 0.571289 0.170898 0.585938 0.157227 0.574219 0.147461 0.582031 0.133789 0.574219 0.125977 0.586914 0.116211 0.580078 0.101562 0.592773 0.105469 0.569336 0.089844 0.573242 0.096680 0.556641 0.080078 0.561523 0.079102 0.539062 0.102539 0.529297 0.088867 0.512695 0.088867 0.504883
1 0.373047 0.494141 0.379883 0.501953 0.392578 0.488281 0.418945 0.487305 0.409180 0.500000 0.413086 0.504883 0.426758 0.501953 0.425781 0.515625 0.441406 0.515625 0.438477 0.528320 0.421875 0.532227 0.437500 0.548828 0.416016 0.553711 0.409180 0.566406 0.383789 0.574219 0.380859 0.555664 0.365234 0.573242 0.349609 0.557617 0.356445 0.544922 0.335938 0.543945 0.361328 0.526367 0.339844 0.503906 0.364258 0.504883 0.365234 0.492188
1 0.039062 0.614258 0.034180 0.577148 0.051758 0.590820 0.049805 0.585938 0.051758 0.569336 0.062500 0.577148 0.067383 0.573242 0.069336 0.567383 0.078125 0.573242 0.094727 0.574219 0.083008 0.595703 0.103516 0.589844 0.103516 0.599609 0.117188 0.612305 0.093750 0.613281 0.100586 0.625000 0.096680 0.631836 0.110352 0.649414 0.103516 0.654297 0.113281 0.678711 0.098633 0.681641 0.086914 0.675781 0.086914 0.696289 0.075195 0.689453 0.075195 0.689453 0.073242 0.707031 0.064453 0.693359 0.041992 0.696289 0.046875 0.666992 0.020508 0.678711 0.019531 0.658203 0.000000 0.658203 0.017578 0.642578 0.000000 0.628906 0.000000 0.605469
1 0.193359 0.562500 0.181641 0.599609 0.192383 0.606445 0.219727 0.598633 0.218750 0.608398 0.191406 0.625000 0.207031 0.626953 0.229492 0.643555 0.223633 0.652344 0.212891 0.658203 0.192383 0.650391 0.199219 0.689453 0.183594 0.681641 0.178711 0.692383 0.170898 0.676758 0.162109 0.699219 0.151367 0.692383 0.143555 0.702148 0.140625 0.682617 0.123047 0.694336 0.125000 0.670898 0.106445 0.680664 0.114258 0.666016 0.098633 0.657227 0.109375 0.645508 0.096680 0.629883 0.096680 0.629883 0.090820 0.608398 0.103516 0.609375 0.098633 0.592773 0.108398 0.592773 0.109375 0.579102 0.120117 0.582031 0.130859 0.569336 0.147461 0.578125 0.160156 0.568359 0.169922 0.582031
1 0.275391 0.564453 0.298828 0.563477 0.298828 0.563477 0.297852 0.590820 0.309570 0.580078 0.323242 0.587891 0.318359 0.609375 0.337891 0.616211 0.327148 0.628906 0.334961 0.644531 0.329102 0.649414 0.328125 0.668945 0.313477 0.667969 0.314453 0.690430 0.299805 0.691406 0.284180 0.664062 0.276367 0.681641 0.268555 0.681641 0.267578 0.669922 0.245117 0.678711 0.246094 0.664062 0.230469 0.665039 0.215820 0.653320 0.234375 0.641602 0.217773 0.634766 0.212891 0.615234 0.219727 0.616211 0.214844 0.597656 0.229492 0.597656 0.246094 0.607422 0.239258 0.587891 0.238281 0.568359 0.255859 0.561523 0.262695 0.559570
1 0.364258 0.562500 0.385742 0.581055 0.406250 0.562500 0.409180 0.577148 0.423828 0.579102 0.415039 0.594727 0.434570 0.589844 0.433594 0.607422 0.447266 0.606445 0.444336 0.619141 0.431641 0.630859 0.446289 0.632812 0.431641 0.652344 0.426758 0.666992 0.403320 0.660156 0.406250 0.678711 0.393555 0.669922 0.381836 0.688477 0.373047 0.661133 0.360352 0.681641 0.347656 0.674805 0.352539 0.640625 0.338867 0.646484 0.320312 0.627930 0.341797 0.618164 0.323242 0.599609 0.319336 0.588867 0.338867 0.585938 0.363281 0.592773
1 0.094727 0.696289 0.111328 0.685547 0.110352 0.702148 0.124023 0.699219 0.135742 0.719727 0.126953 0.722656 0.136719 0.741211 0.132812 0.747070 0.123047 0.745117 0.125000 0.758789 0.119141 0.766602 0.108398 0.759766 0.107422 0.774414 0.087891 0.771484 0.082031 0.788086 0.073242 0.776367 0.062500 0.784180 0.046875 0.772461 0.036133 0.768555 0.043945 0.759766 0.022461 0.757812 0.041016 0.742188 0.022461 0.726562 0.053711 0.721680 0.036133 0.707031 0.031250 0.691406 0.059570 0.698242 0.074219 0.705078 0.082031 0.687500
1 0.193359 0.692383 0.201172 0.676758 0.219727 0.665039 0.229492 0.666992 0.223633 0.695312 0.260742 0.686523 0.260742 0.686523 0.260742 0.700195 0.228516 0.718750 0.248047 0.723633 0.241211 0.729492 0.260742 0.746094 0.238281 0.750000 0.227539 0.751953 0.233398 0.759766 0.233398 0.781250 0.212891 0.770508 0.212891 0.770508 0.206055 0.791016 0.196289 0.779297 0.182617 0.801758 0.175781 0.781250 0.158203 0.794922 0.153320 0.771484 0.164062 0.759766 0.142578 0.757812 0.132812 0.747070 0.148438 0.742188 0.132812 0.738281 0.143555 0.723633 0.123047 0.707031 0.155273 0.708008 0.148438 0.695312 0.166016 0.687500 0.173828 0.700195 0.184570 0.679688
1 0.315430 0.696289 0.340820 0.676758 0.345703 0.690430 0.358398 0.685547 0.355469 0.704102 0.340820 0.711914 0.346680 0.719727 0.367188 0.728516 0.347656 0.732422 0.361328 0.750000 0.349609 0.750000 0.346680 0.775391 0.316406 0.758789 0.316406 0.789062 0.306641 0.780273 0.302734 0.790039 0.288086 0.777344 0.273438 0.781250 0.270508 0.769531 0.247070 0.778320 0.250977 0.764648 0.233398 0.757812 0.250977 0.744141 0.228516 0.719727 0.263672 0.709961 0.273438 0.707031 0.261719 0.675781 0.278320 0.671875 0.291016 0.693359 0.306641 0.681641
1 0.413086 0.674805 0.418945 0.661133 0.435547 0.666016 0.430664 0.683594 0.439453 0.673828 0.449219 0.687500 0.456055 0.692383 0.455078 0.704102 0.464844 0.705078 0.466797 0.718750 0.465820 0.730469 0.475586 0.740234 0.469727 0.745117 0.439453 0.750000 0.452148 0.769531 0.434570 0.763672 0.432617 0.784180 0.416992 0.760742 0.393555 0.783203 0.391602 0.764648 0.368164 0.770508 0.369141 0.749023 0.344727 0.755859 0.345703 0.741211 0.365234 0.730469 0.340820 0.720703 0.345703 0.700195 0.372070 0.700195 0.364258 0.660156 0.378906 0.673828 0.386719 0.662109
1 0.000000 0.782227 0.016602 0.779297 0.015625 0.804688 0.040039 0.794922 0.042969 0.809570 0.050781 0.814453 0.044922 0.825195 0.033203 0.842773 0.043945 0.842773 0.042969 0.854492 0.050781 0.861328 0.033203 0.876953 0.000977 0.875977
1 0.103516 0.795898 0.118164 0.774414 0.125977 0.783203 0.130859 0.781250 0.139648 0.794922 0.129883 0.803711 0.148438 0.805664 0.163086 0.802734 0.158203 0.811523 0.149414 0.820312 0.134766 0.830078 0.155273 0.838867 0.169922 0.842773 0.158203 0.856445 0.130859 0.854492 0.135742 0.889648 0.125000 0.898438 0.108398 0.891602 0.101562 0.903320 0.093750 0.891602 0.075195 0.903320 0.071289 0.879883 0.042969 0.883789 0.058594 0.861328 0.036133 0.843750 0.036133 0.827148 0.053711 0.828125 0.045898 0.797852 0.069336 0.806641 0.069336 0.806641 0.065430 0.775391 0.091797 0.790039
1 0.231445 0.782227 0.240234 0.795898 0.246094 0.788086 0.258789 0.795898 0.263672 0.823242 0.272461 0.829102 0.257812 0.831055 0.257812 0.831055 0.268555 0.841797 0.264648 0.847656 0.274414 0.858398 0.266602 0.869141 0.261719 0.887695 0.249023 0.886719 0.248047 0.896484 0.234375 0.890625 0.226562 0.901367 0.217773 0.894531 0.202148 0.903320 0.203125 0.888672 0.189453 0.905273 0.185547 0.879883 0.164062 0.883789 0.165039 0.865234 0.188477 0.855469 0.184570 0.847656 0.161133 0.852539 0.162109 0.833008 0.173828 0.813477 0.172852 0.798828 0.199219 0.805664 0.199219 0.780273 0.208008 0.775391 0.215820 0.787109
1 0.338867 0.806641 0.364258 0.785156 0.371094 0.791016 0.379883 0.781250 0.394531 0.794922 0.394531 0.794922 0.372070 0.820312 0.388672 0.815430 0.384766 0.839844 0.380859 0.846680 0.382812 0.859375 0.370117 0.859375 0.387695 0.872070 0.387695 0.872070 0.380859 0.875977 0.378906 0.892578 0.359375 0.885742 0.361328 0.904297 0.350586 0.897461 0.335938 0.910156 0.335938 0.910156 0.327148 0.901367 0.317383 0.906250 0.313477 0.888672 0.299805 0.895508 0.299805 0.895508 0.274414 0.891602 0.283203 0.875977 0.259766 0.876953 0.268555 0.864258 0.259766 0.851562 0.277344 0.845703 0.253906 0.829102 0.254883 0.805664 0.273438 0.812500 0.273438 0.794922 0.282227 0.796875 0.279297 0.776367 0.292969 0.773438 0.309570 0.785156 0.314453 0.756836 0.320312 0.777344 0.326172 0.764648 0.331055 0.774414 0.343750 0.762695 0.345703 0.772461
1 0.000000 0.891602 0.018555 0.875000 0.025391 0.882812 0.039062 0.871094 0.050781 0.881836 0.050781 0.899414 0.060547 0.896484 0.060547 0.908203 0.070312 0.912109 0.060547 0.922852 0.074219 0.926758 0.064453 0.928711 0.054688 0.930664 0.064453 0.939453 0.070312 0.957031 0.039062 0.953125 0.036133 0.983398 0.033203 0.977539 0.026367 0.971680 0.020508 0.985352 0.014648 0.972656 0.000000 0.981445
1 0.131836 0.907227 0.157227 0.880859 0.165039 0.895508 0.160156 0.912109 0.168945 0.912109 0.179688 0.919922 0.172852 0.939453 0.163086 0.945312 0.173828 0.954102 0.166992 0.957031 0.166016 0.966797 0.151367 0.964844 0.148438 0.982422 0.130859 0.976562 0.125977 0.997070 0.112305 0.992188 0.113281 0.965820 0.095703 0.979492 0.078125 0.971680 0.093750 0.961914 0.093750 0.952148 0.075195 0.951172 0.062500 0.937500 0.083008 0.935547 0.099609 0.934570 0.077148 0.917969 0.074219 0.897461 0.074219 0.897461 0.091797 0.891602 0.096680 0.904297 0.108398 0.883789 0.120117 0.895508
1 0.250977 0.896484 0.266602 0.880859 0.283203 0.886719 0.266602 0.909180 0.292969 0.909180 0.303711 0.916992 0.303711 0.916992 0.303711 0.925781 0.270508 0.931641 0.286133 0.942383 0.294922 0.953125 0.282227 0.961914 0.272461 0.978516 0.249023 0.976562 0.235352 0.984375 0.236328 0.966797 0.217773 0.968750 0.208008 0.957031 0.191406 0.951172 0.204102 0.940430 0.183594 0.924805 0.183594 0.924805 0.198242 0.918945 0.191406 0.902344 0.200195 0.890625 0.216797 0.900391 0.223633 0.890625 0.242188 0.885742
1 0.378906 0.880859 0.389648 0.861328 0.392578 0.875000 0.406250 0.862305 0.401367 0.884766 0.422852 0.884766 0.410156 0.897461 0.421875 0.899414 0.430664 0.923828 0.419922 0.949219 0.419922 0.949219 0.396484 0.953125 0.403320 0.974609 0.379883 0.966797 0.375000 0.978516 0.356445 0.992188 0.353516 0.970703 0.336914 0.979492 0.336914 0.964844 0.319336 0.962891 0.339844 0.947266 0.316406 0.928711 0.342773 0.921875 0.323242 0.899414 0.342773 0.899414 0.361328 0.899414 0.356445 0.877930 0.376953 0.887695
1 0.644531 0.480469 0.666992 0.482422 0.667969 0.463867 0.680664 0.475586 0.696289 0.476562 0.710938 0.486328 0.700195 0.496094 0.736328 0.508789 0.701172 0.507812 0.700195 0.516602 0.667969 0.511719 0.659180 0.500000
1 0.776367 0.443359 0.792969 0.452148 0.811523 0.434570 0.820312 0.449219 0.830078 0.436523 0.836914 0.443359 0.842773 0.439453 0.849609 0.450195 0.862305 0.451172 0.871094 0.466797 0.871094 0.479492 0.860352 0.485352 0.887695 0.489258 0.887695 0.489258 0.875000 0.507812 0.862305 0.505859 0.862305 0.505859 0.870117 0.524414 0.852539 0.537109 0.828125 0.522461 0.823242 0.554688 0.808594 0.566406 0.797852 0.548828 0.801758 0.516602 0.748047 0.493164 0.783203 0.484375
1 0.887695 0.486328 0.903320 0.479492 0.904297 0.490234 0.918945 0.486328 0.921875 0.516602 0.900391 0.508789 0.899414 0.516602 0.885742 0.518555 0.886719 0.498047
1 0.703125 0.586914 0.705078 0.561523 0.720703 0.574219 0.726562 0.565430 0.736328 0.569336 0.735352 0.583984 0.761719 0.591797 0.764648 0.602539 0.748047 0.613281 0.777344 0.620117 0.763672 0.625977 0.775391 0.635742 0.775391 0.635742 0.757812 0.640625 0.762695 0.653320 0.753906 0.654297 0.752930 0.668945 0.736328 0.664062 0.727539 0.676758 0.714844 0.678711 0.704102 0.662109 0.688477 0.677734 0.691406 0.661133 0.677734 0.652344 0.666992 0.656250 0.682617 0.636719 0.660156 0.626953 0.673828 0.622070 0.644531 0.608398 0.685547 0.607422 0.672852 0.581055 0.688477 0.591797 0.687500 0.572266
1 0.791992 0.563477 0.798828 0.553711 0.817383 0.553711 0.821289 0.566406 0.834961 0.556641 0.847656 0.559570 0.842773 0.580078 0.870117 0.565430 0.862305 0.585938 0.871094 0.583008 0.871094 0.591797 0.884766 0.596680 0.873047 0.609375 0.877930 0.612305 0.886719 0.627930 0.867188 0.626953 0.876953 0.641602 0.876953 0.655273 0.867188 0.653320 0.845703 0.672852 0.837891 0.657227 0.807617 0.673828 0.799805 0.651367 0.775391 0.660156 0.770508 0.653320 0.784180 0.636719 0.757812 0.639648 0.774414 0.625977 0.753906 0.614258 0.771484 0.610352 0.748047 0.586914 0.767578 0.586914 0.756836 0.578125 0.776367 0.569336 0.789062 0.578125
1 0.914062 0.558594 0.930664 0.583984 0.932617 0.573242 0.924805 0.558594 0.937500 0.551758 0.945312 0.554688 0.947266 0.568359 0.960938 0.561523 0.972656 0.583984 0.980469 0.575195 0.989258 0.585938 0.980469 0.598633 0.993164 0.603516 0.993164 0.603516 0.988281 0.619141 1.000000 0.637695 0.964844 0.637695 0.963867 0.658203 0.958008 0.666992 0.947266 0.639648 0.937500 0.674805 0.926758 0.658203 0.924805 0.641602 0.914062 0.653320 0.891602 0.656250 0.891602 0.634766 0.871094 0.634766 0.874023 0.610352 0.881836 0.605469 0.867188 0.585938 0.889648 0.584961 0.886719 0.573242 0.897461 0.574219 0.893555 0.556641
1 0.624023 0.658203 0.627930 0.670898 0.627930 0.690430 0.644531 0.667969 0.657227 0.671875 0.659180 0.684570 0.659180 0.684570 0.647461 0.698242 0.663086 0.695312 0.663086 0.695312 0.678711 0.702148 0.682617 0.713867 0.669922 0.731445 0.676758 0.749023 0.660156 0.753906 0.653320 0.778320 0.632812 0.768555 0.614258 0.780273 0.616211 0.753906 0.593750 0.761719 0.572266 0.751953 0.601562 0.724609 0.557617 0.722656 0.557617 0.715820 0.598633 0.715820 0.558594 0.698242 0.573242 0.681641 0.589844 0.690430 0.600586 0.688477 0.596680 0.661133 0.610352 0.652344 0.615234 0.663086
1 0.737305 0.671875 0.752930 0.670898 0.751953 0.702148 0.758789 0.684570 0.772461 0.679688 0.776367 0.690430 0.768555 0.695312 0.761719 0.708984 0.783203 0.710938 0.773438 0.721680 0.773438 0.721680 0.787109 0.730469 0.775391 0.747070 0.764648 0.746094 0.764648 0.760742 0.750977 0.754883 0.739258 0.766602 0.722656 0.750000 0.712891 0.761719 0.703125 0.759766 0.711914 0.737305 0.690430 0.745117 0.675781 0.739258 0.687500 0.726562 0.678711 0.718750 0.692383 0.714844 0.687500 0.698242 0.687500 0.698242 0.719727 0.703125 0.709961 0.675781
1 0.855469 0.665039 0.861328 0.655273 0.870117 0.666992 0.874023 0.685547 0.885742 0.677734 0.893555 0.687500 0.883789 0.708008 0.902344 0.711914 0.888672 0.725586 0.892578 0.744141 0.874023 0.749023 0.857422 0.765625 0.846680 0.755859 0.839844 0.766602 0.825195 0.755859 0.799805 0.753906 0.814453 0.735352 0.785156 0.735352 0.805664 0.714844 0.782227 0.715820 0.791016 0.693359 0.782227 0.680664 0.806641 0.685547 0.803711 0.675781 0.812500 0.673828 0.827148 0.657227 0.841797 0.670898 0.841797 0.670898
1 0.987305 0.672852 1.000000 0.666016 1.000000 0.763672 0.989258 0.754883 0.978516 0.765625 0.972656 0.780273 0.961914 0.773438 0.953125 0.760742 0.929688 0.774414 0.929688 0.774414 0.930664 0.743164 0.907227 0.758789 0.892578 0.750000 0.913086 0.729492 0.888672 0.732422 0.890625 0.697266 0.911133 0.692383 0.894531 0.672852 0.915039 0.650391 0.917969 0.666992 0.927734 0.655273 0.940430 0.655273 0.944336 0.664062 0.945312 0.653320 0.963867 0.651367 0.985352 0.662109 0.985352 0.662109
1 0.657227 0.760742 0.662109 0.764648 0.676758 0.767578 0.676758 0.777344 0.681641 0.776367 0.687500 0.789062 0.678711 0.796875 0.692383 0.798828 0.689453 0.817383 0.699219 0.822266 0.692383 0.831055 0.679688 0.835938 0.682617 0.850586 0.675781 0.854492 0.671875 0.862305 0.656250 0.858398 0.647461 0.868164 0.639648 0.860352 0.630859 0.847656 0.611328 0.856445 0.608398 0.844727 0.623047 0.832031 0.598633 0.833984 0.581055 0.821289 0.588867 0.815430 0.612305 0.814453 0.596680 0.803711 0.583984 0.793945 0.588867 0.788086 0.618164 0.796875 0.612305 0.772461 0.632812 0.766602 0.641602 0.782227
1 0.769531 0.759766 0.787109 0.741211 0.791992 0.750000 0.791992 0.750000 0.785156 0.766602 0.799805 0.765625 0.783203 0.786133 0.822266 0.786133 0.825195 0.792969 0.825195 0.792969 0.801758 0.812500 0.818359 0.824219 0.831055 0.841797 0.814453 0.848633 0.821289 0.860352 0.799805 0.856445 0.803711 0.883789 0.791992 0.875000 0.780273 0.880859 0.780273 0.880859 0.770508 0.868164 0.768555 0.883789 0.751953 0.892578 0.736328 0.875977 0.720703 0.877930 0.723633 0.860352 0.697266 0.866211 0.690430 0.858398 0.707031 0.848633 0.679688 0.848633 0.680664 0.837891 0.680664 0.837891 0.703125 0.829102 0.685547 0.818359 0.692383 0.803711 0.704102 0.803711 0.686523 0.787109 0.678711 0.774414 0.686523 0.768555 0.730469 0.792969 0.723633 0.753906 0.739258 0.762695 0.754883 0.747070
1 0.866211 0.777344 0.878906 0.741211 0.898438 0.751953 0.907227 0.769531 0.921875 0.776367 0.923828 0.791992 0.915039 0.800781 0.928711 0.802734 0.924805 0.817383 0.930664 0.822266 0.933594 0.844727 0.925781 0.849609 0.905273 0.849609 0.897461 0.864258 0.875000 0.854492 0.874023 0.873047 0.874023 0.873047 0.855469 0.867188 0.853516 0.855469 0.834961 0.868164 0.833984 0.855469 0.815430 0.860352 0.815430 0.846680 0.837891 0.825195 0.809570 0.830078 0.793945 0.815430 0.824219 0.804688 0.799805 0.774414 0.817383 0.780273 0.811523 0.756836 0.811523 0.756836 0.834961 0.765625 0.847656 0.748047 0.863281 0.752930
1 1.000000 0.873047 0.984375 0.860352 0.957031 0.875000 0.952148 0.858398 0.935547 0.859375 0.917969 0.848633 0.928711 0.827148 0.928711 0.827148 0.920898 0.820312 0.912109 0.787109 0.908203 0.752930 0.931641 0.744141 0.947266 0.758789 0.961914 0.752930 0.977539 0.787109 0.978516 0.755859 0.997070 0.749023 1.000000 0.753906
1 0.982422 0.878906 0.937500 0.858398 0.962891 0.895508 0.950195 0.896484 0.939453 0.907227 0.950195 0.916992 0.961914 0.925781 0.943359 0.943359 0.959961 0.960938 0.951172 0.971680 0.980469 0.965820 0.979492 0.983398 1.000000 1.000000 1.000000 0.858398
1 0.902344 0.875000 0.929688 0.863281 0.933594 0.876953 0.929688 0.889648 0.944336 0.883789 0.947266 0.896484 0.948242 0.920898 0.963867 0.929688 0.949219 0.937500 0.959961 0.960938 0.945312 0.965820 0.938477 0.991211 0.926758 0.997070 0.899414 0.996094 0.885742 0.983398 0.879883 0.959961 0.865234 0.960938 0.843750 0.970703 0.843750 0.957031 0.855469 0.930664 0.830078 0.933594 0.827148 0.918945 0.849609 0.912109 0.832031 0.898438 0.810547 0.884766 0.819336 0.867188 0.838867 0.876953 0.839844 0.861328 0.860352 0.873047 0.873047 0.849609 0.884766 0.850586 0.882812 0.867188 0.906250 0.853516
1 0.793945 0.875977 0.816406 0.860352 0.815430 0.879883 0.810547 0.895508 0.843750 0.902344 0.848633 0.913086 0.848633 0.913086 0.828125 0.917969 0.832031 0.934570 0.853516 0.943359 0.835938 0.947266 0.826172 0.960938 0.828125 0.974609 0.808594 0.965820 0.791016 0.985352 0.777344 0.986328 0.777344 0.961914 0.758789 0.962891 0.749023 0.975586 0.730469 0.974609 0.720703 0.957031 0.727539 0.942383 0.728516 0.929688 0.713867 0.927734 0.719727 0.905273 0.712891 0.884766 0.712891 0.870117 0.735352 0.878906 0.749023 0.887695 0.761719 0.865234 0.780273 0.876953
1 0.690430 0.875977 0.702148 0.862305 0.708008 0.864258 0.705078 0.876953 0.714844 0.873047 0.711914 0.895508 0.722656 0.915039 0.711914 0.924805 0.732422 0.931641 0.732422 0.931641 0.713867 0.953125 0.698242 0.947266 0.705078 0.958984 0.702148 0.965820 0.702148 0.965820 0.677734 0.957031 0.672852 0.966797 0.650391 0.971680 0.661133 0.946289 0.653320 0.933594 0.648438 0.946289 0.648438 0.946289 0.631836 0.952148 0.617188 0.947266 0.652344 0.923828 0.649414 0.916016 0.625000 0.921875 0.608398 0.922852 0.595703 0.906250 0.628906 0.908203 0.625000 0.900391 0.592773 0.890625 0.620117 0.886719 0.602539 0.874023 0.625977 0.879883 0.623047 0.867188 0.642578 0.875000 0.643555 0.861328 0.658203 0.859375 0.673828 0.855469 0.681641 0.865234