1 0.999023 0.073242 0.990234 0.069336 0.962891 0.076172 0.945312 0.080078 0.927734 0.091797 0.920898 0.107422 0.943359 0.118164 0.962891 0.125977 0.982422 0.141602 1.000000 0.151367
1 0.981445 0.053711 0.972656 0.060547 0.952148 0.059570 0.952148 0.083984 0.939453 0.076172 0.921875 0.091797 0.918945 0.069336 0.905273 0.066406 0.877930 0.066406 0.893555 0.050781 0.874023 0.042969 0.885742 0.034180 0.869141 0.017578 0.886719 0.016602 0.873047 0.000000 0.895508 0.000000 0.965820 0.000000 0.963867 0.007812 0.971680 0.008789 0.981445 0.017578 0.975586 0.024414 0.988281 0.038086
1 0.856445 0.023438 0.839844 0.013672 0.828125 0.017578 0.824219 0.029297 0.802734 0.030273 0.810547 0.046875 0.795898 0.067383 0.798828 0.074219 0.811523 0.075195 0.806641 0.093750 0.826172 0.102539 0.833984 0.100586 0.834961 0.107422 0.848633 0.094727 0.859375 0.101562 0.868164 0.088867 0.892578 0.091797 0.886719 0.080078 0.878906 0.061523 0.893555 0.050781 0.875977 0.043945 0.883789 0.030273 0.876953 0.016602
1 0.876953 0.118164 0.897461 0.117188 0.899414 0.125977 0.899414 0.125977 0.902344 0.130859 0.895508 0.142578 0.895508 0.142578 0.901367 0.160156 0.890625 0.163086 0.875977 0.159180 0.875977 0.186523 0.860352 0.168945 0.850586 0.166016 0.832031 0.175781 0.830078 0.166992 0.811523 0.167969 0.828125 0.150391 0.810547 0.148438 0.830078 0.120117 0.841797 0.114258 0.841797 0.095703 0.854492 0.092773 0.859375 0.105469 0.877930 0.092773
1 0.947266 0.120117 0.958984 0.121094 0.960938 0.128906 0.971680 0.125977 0.970703 0.137695 0.982422 0.139648 0.982422 0.150391 0.998047 0.161133 0.989258 0.170898 0.998047 0.181641 0.977539 0.184570 0.978516 0.199219 0.959961 0.195312 0.954102 0.211914 0.941406 0.202148 0.935547 0.203125 0.928711 0.188477 0.918945 0.194336 0.900391 0.189453 0.907227 0.175781 0.896484 0.178711 0.894531 0.166016 0.889648 0.153320 0.907227 0.151367 0.902344 0.136719 0.914062 0.135742 0.919922 0.123047 0.931641 0.118164
1 0.698242 0.000000 0.693359 0.018555 0.698242 0.023438 0.695312 0.038086 0.706055 0.036133 0.708008 0.051758 0.712891 0.049805 0.721680 0.050781 0.729492 0.055664 0.732422 0.066406 0.742188 0.063477 0.750000 0.050781 0.762695 0.059570 0.769531 0.049805 0.777344 0.052734 0.781250 0.041992 0.789062 0.030273 0.798828 0.033203 0.790039 0.017578 0.792969 0.000000
1 0.673828 0.043945 0.690430 0.036133 0.696289 0.045898 0.694336 0.055664 0.707031 0.052734 0.712891 0.072266 0.699219 0.080078 0.721680 0.108398 0.708984 0.110352 0.707031 0.117188 0.707031 0.117188 0.687500 0.115234 0.684570 0.138672 0.679688 0.134766 0.663086 0.124023 0.643555 0.137695 0.643555 0.113281 0.627930 0.125000 0.625000 0.107422 0.607422 0.106445 0.610352 0.085938 0.612305 0.071289 0.622070 0.050781 0.636719 0.048828 0.643555 0.035156 0.653320 0.044922 0.665039 0.034180 0.665039 0.034180 0.670898 0.047852
1 0.620117 0.000000 0.623047 0.005859 0.607422 0.017578 0.634766 0.020508 0.652344 0.027344 0.671875 0.043945 0.679688 0.037109 0.674805 0.021484 0.694336 0.024414 0.692383 0.011719 0.702148 0.000000
1 0.570312 0.027344 0.593750 0.028320 0.591797 0.040039 0.604492 0.030273 0.615234 0.032227 0.612305 0.041016 0.603516 0.052734 0.607422 0.059570 0.615234 0.059570 0.614258 0.079102 0.604492 0.079102 0.611328 0.099609 0.592773 0.094727 0.587891 0.110352 0.568359 0.099609 0.544922 0.104492 0.541016 0.083984 0.547852 0.076172 0.531250 0.068359 0.547852 0.055664 0.547852 0.039062 0.570312 0.040039
1 0.480469 0.033203 0.500000 0.022461 0.522461 0.033203 0.538086 0.038086 0.537109 0.058594 0.525391 0.067383 0.508789 0.054688 0.489258 0.060547 0.481445 0.047852
1 0.446289 0.023438 0.464844 0.013672 0.465820 0.028320 0.478516 0.039062 0.469727 0.045898 0.482422 0.064453 0.462891 0.067383 0.461914 0.082031 0.444336 0.077148 0.436523 0.083008 0.433594 0.072266 0.412109 0.069336 0.412109 0.069336 0.427734 0.058594 0.408203 0.051758 0.423828 0.043945 0.437500 0.045898 0.444336 0.034180
1 0.375977 0.000000 0.375977 0.013672 0.377930 0.031250 0.378906 0.044922 0.389648 0.055664 0.397461 0.065430 0.410156 0.065430 0.414062 0.048828 0.424805 0.044922 0.435547 0.047852 0.443359 0.033203 0.453125 0.024414 0.446289 0.013672 0.446289 0.000000
1 0.331055 0.000977 0.333984 0.016602 0.329102 0.039062 0.347656 0.041016 0.351562 0.051758 0.372070 0.039062 0.380859 0.032227 0.379883 0.009766 0.377930 0.000000
1 0.256836 0.023438 0.260742 0.000000 0.335938 0.000000 0.337891 0.018555 0.318359 0.013672 0.314453 0.034180 0.302734 0.020508 0.293945 0.032227 0.281250 0.013672
1 0.000000 0.037109 0.016602 0.041992 0.020508 0.055664 0.042969 0.050781 0.057617 0.060547 0.069336 0.049805 0.065430 0.034180 0.080078 0.031250 0.073242 0.017578 0.087891 0.010742 0.083008 0.000000 0.000000 0.000000
1 0.071289 0.032227 0.064453 0.047852 0.075195 0.049805 0.077148 0.056641 0.090820 0.063477 0.090820 0.081055 0.109375 0.074219 0.123047 0.090820 0.143555 0.083008 0.143555 0.083008 0.156250 0.094727 0.157227 0.083984 0.170898 0.091797 0.164062 0.071289 0.181641 0.073242 0.180664 0.059570 0.168945 0.051758 0.180664 0.044922 0.156250 0.031250 0.159180 0.023438 0.136719 0.013672 0.137695 0.000000 0.079102 0.000000 0.086914 0.010742 0.071289 0.015625 0.078125 0.027344
1 0.034180 0.063477 0.048828 0.078125 0.055664 0.076172 0.073242 0.070312 0.079102 0.078125 0.067383 0.086914 0.079102 0.098633 0.068359 0.106445 0.073242 0.118164 0.073242 0.132812 0.082031 0.154297 0.068359 0.147461 0.069336 0.157227 0.053711 0.150391 0.051758 0.165039 0.041016 0.170898 0.040039 0.151367 0.021484 0.161133 0.013672 0.147461 0.013672 0.147461 0.000000 0.146484 0.000000 0.056641 0.017578 0.076172
1 0.119141 0.081055 0.148438 0.086914 0.144531 0.092773 0.149414 0.092773 0.161133 0.090820 0.160156 0.095703 0.170898 0.097656 0.170898 0.097656 0.163086 0.110352 0.182617 0.133789 0.168945 0.136719 0.178711 0.147461 0.158203 0.148438 0.165039 0.166016 0.154297 0.171875 0.154297 0.171875 0.150391 0.178711 0.131836 0.159180 0.126953 0.176758 0.117188 0.185547 0.109375 0.167969 0.114258 0.154297 0.114258 0.154297 0.091797 0.167969 0.085938 0.151367 0.079102 0.142578 0.086914 0.137695 0.073242 0.131836 0.075195 0.121094 0.082031 0.120117 0.071289 0.111328 0.069336 0.099609 0.079102 0.088867 0.088867 0.086914 0.101562 0.075195 0.112305 0.072266
1 0.028320 0.175781 0.054688 0.163086 0.066406 0.171875 0.061523 0.173828 0.051758 0.196289 0.073242 0.197266 0.096680 0.201172 0.101562 0.214844 0.101562 0.214844 0.094727 0.219727 0.073242 0.220703 0.106445 0.244141 0.094727 0.244141 0.094727 0.255859 0.075195 0.255859 0.072266 0.265625 0.056641 0.265625 0.053711 0.275391 0.047852 0.272461 0.035156 0.260742 0.011719 0.254883 0.000000 0.256836 0.000000 0.166992 0.019531 0.169922
1 0.138672 0.183594 0.146484 0.190430 0.155273 0.182617 0.168945 0.183594 0.175781 0.192383 0.189453 0.194336 0.184570 0.197266 0.179688 0.205078 0.186523 0.214844 0.197266 0.232422 0.178711 0.239258 0.174805 0.253906 0.164062 0.273438 0.151367 0.267578 0.151367 0.267578 0.138672 0.264648 0.129883 0.250977 0.127930 0.239258 0.127930 0.239258 0.111328 0.247070 0.109375 0.232422 0.098633 0.221680 0.108398 0.212891 0.107422 0.198242 0.118164 0.197266 0.118164 0.183594 0.129883 0.190430
1 0.000000 0.269531 0.012695 0.264648 0.022461 0.266602 0.026367 0.288086 0.033203 0.290039 0.021484 0.309570 0.044922 0.318359 0.041016 0.336914 0.031250 0.335938 0.025391 0.353516 0.000000 0.361328
1 0.075195 0.268555 0.076172 0.250977 0.090820 0.254883 0.101562 0.250977 0.109375 0.266602 0.122070 0.257812 0.137695 0.250000 0.144531 0.263672 0.136719 0.282227 0.129883 0.293945 0.152344 0.293945 0.155273 0.306641 0.155273 0.306641 0.146484 0.312500 0.166016 0.323242 0.154297 0.327148 0.157227 0.337891 0.135742 0.336914 0.142578 0.350586 0.118164 0.344727 0.112305 0.355469 0.096680 0.341797 0.079102 0.339844 0.060547 0.342773 0.061523 0.325195 0.042969 0.324219 0.048828 0.309570 0.037109 0.297852 0.039062 0.285156 0.057617 0.290039 0.053711 0.272461 0.057617 0.262695
1 0.208984 0.266602 0.228516 0.266602 0.228516 0.266602 0.240234 0.272461 0.257812 0.287109 0.263672 0.300781 0.248047 0.306641 0.264648 0.316406 0.245117 0.329102 0.239258 0.339844 0.248047 0.361328 0.234375 0.354492 0.231445 0.360352 0.208984 0.338867 0.208984 0.338867 0.207031 0.363281 0.192383 0.360352 0.188477 0.351562 0.192383 0.335938 0.168945 0.343750 0.156250 0.347656 0.164062 0.333008 0.169922 0.319336 0.144531 0.315430 0.157227 0.305664 0.139648 0.289062 0.151367 0.285156 0.152344 0.272461 0.164062 0.277344 0.173828 0.267578 0.181641 0.251953 0.186523 0.264648
1 0.058594 0.340820 0.066406 0.349609 0.085938 0.333984 0.085938 0.333984 0.089844 0.349609 0.107422 0.357422 0.109375 0.369141 0.122070 0.375000 0.134766 0.388672 0.121094 0.397461 0.128906 0.406250 0.101562 0.409180 0.125000 0.431641 0.119141 0.433594 0.097656 0.421875 0.102539 0.449219 0.084961 0.427734 0.082031 0.458984 0.074219 0.442383 0.056641 0.465820 0.059570 0.447266 0.062500 0.422852 0.045898 0.441406 0.036133 0.443359 0.027344 0.452148 0.027344 0.452148 0.029297 0.419922 0.029297 0.419922 0.000000 0.419922 0.000000 0.362305 0.006836 0.354492 0.022461 0.354492 0.032227 0.330078 0.048828 0.336914 0.050781 0.330078
1 0.000977 0.437500 0.009766 0.445312 0.018555 0.445312 0.019531 0.468750 0.036133 0.454102 0.054688 0.457031 0.044922 0.474609 0.058594 0.479492 0.060547 0.492188 0.060547 0.492188 0.073242 0.496094 0.065430 0.499023 0.066406 0.509766 0.071289 0.518555 0.071289 0.518555 0.064453 0.522461 0.053711 0.523438 0.049805 0.541016 0.022461 0.524414 0.022461 0.546875 0.012695 0.539062 0.000000 0.544922
1 0.000000 0.558594 0.018555 0.550781 0.032227 0.552734 0.028320 0.570312 0.043945 0.582031 0.024414 0.597656 0.036133 0.605469 0.037109 0.623047 0.047852 0.625977 0.034180 0.629883 0.018555 0.643555 0.020508 0.652344 0.000000 0.642578
1 0.005859 0.655273 0.022461 0.648438 0.036133 0.639648 0.041016 0.653320 0.060547 0.644531 0.060547 0.644531 0.071289 0.648438 0.065430 0.663086 0.081055 0.650391 0.096680 0.647461 0.092773 0.657227 0.083984 0.664062 0.097656 0.667969 0.097656 0.677734 0.097656 0.677734 0.110352 0.682617 0.105469 0.692383 0.085938 0.697266 0.094727 0.708008 0.081055 0.719727 0.065430 0.715820 0.065430 0.721680 0.057617 0.725586 0.057617 0.734375 0.041992 0.732422 0.031250 0.732422 0.030273 0.724609 0.021484 0.721680 0.007812 0.701172 0.000000 0.688477 0.000000 0.665039
1 0.000000 0.747070 0.026367 0.749023 0.024414 0.758789 0.040039 0.755859 0.036133 0.767578 0.051758 0.767578 0.048828 0.774414 0.036133 0.778320 0.037109 0.793945 0.042969 0.809570 0.026367 0.808594 0.018555 0.823242 0.011719 0.813477 0.004883 0.825195 0.000000 0.822266
1 0.009766 0.828125 0.000000 0.830078 0.000000 0.830078 0.000000 0.887695 0.008789 0.898438 0.027344 0.897461 0.047852 0.894531 0.061523 0.890625 0.075195 0.886719 0.072266 0.875000 0.069336 0.861328 0.069336 0.861328 0.076172 0.857422 0.065430 0.852539 0.073242 0.840820 0.067383 0.839844 0.063477 0.830078 0.051758 0.827148 0.039062 0.818359 0.028320 0.819336 0.013672 0.826172
1 0.049805 0.911133 0.062500 0.917969 0.075195 0.914062 0.083984 0.915039 0.086914 0.931641 0.086914 0.931641 0.103516 0.926758 0.107422 0.941406 0.113281 0.951172 0.111328 0.958984 0.120117 0.962891 0.103516 0.969727 0.113281 0.975586 0.107422 0.985352 0.113281 0.989258 0.106445 1.000000 0.016602 1.000000 0.021484 0.979492 0.005859 0.978516 0.016602 0.962891 0.010742 0.950195 0.033203 0.936523 0.041992 0.925781
1 0.150391 1.000000 0.209961 1.000000 0.232422 0.999023 0.231445 0.987305 0.247070 0.991211 0.255859 0.980469 0.245117 0.976562 0.237305 0.973633 0.245117 0.964844 0.249023 0.947266 0.240234 0.948242 0.222656 0.958984 0.228516 0.943359 0.229492 0.929688 0.217773 0.919922 0.209961 0.936523 0.203125 0.947266 0.197266 0.926758 0.187500 0.927734 0.183594 0.951172 0.168945 0.947266 0.155273 0.957031 0.165039 0.965820 0.165039 0.975586 0.150391 0.979492
1 0.239258 0.098633 0.249023 0.110352 0.253906 0.107422 0.267578 0.113281 0.264648 0.125000 0.274414 0.136719 0.266602 0.151367 0.284180 0.166016 0.266602 0.165039 0.251953 0.166016 0.247070 0.173828 0.229492 0.169922 0.221680 0.166016 0.209961 0.172852 0.206055 0.168945 0.200195 0.183594 0.200195 0.183594 0.185547 0.176758 0.181641 0.160156 0.188477 0.152344 0.184570 0.144531 0.176758 0.136719 0.187500 0.129883 0.186523 0.117188 0.201172 0.111328 0.212891 0.097656 0.219727 0.105469 0.222656 0.100586 0.228516 0.089844
1 0.297852 0.049805 0.298828 0.041016 0.307617 0.037109 0.308594 0.058594 0.316406 0.063477 0.332031 0.056641 0.337891 0.059570 0.331055 0.070312 0.335938 0.077148 0.328125 0.086914 0.344727 0.090820 0.344727 0.090820 0.355469 0.104492 0.339844 0.103516 0.338867 0.117188 0.323242 0.117188 0.323242 0.132812 0.314453 0.125977 0.306641 0.114258 0.294922 0.123047 0.281250 0.136719 0.278320 0.121094 0.285156 0.102539 0.266602 0.108398 0.249023 0.105469 0.263672 0.080078 0.255859 0.071289 0.261719 0.061523 0.273438 0.062500 0.275391 0.046875 0.284180 0.039062
1 0.358398 0.097656 0.376953 0.098633 0.359375 0.078125 0.382812 0.089844 0.378906 0.067383 0.389648 0.078125 0.397461 0.059570 0.404297 0.073242 0.412109 0.068359 0.417969 0.073242 0.412109 0.092773 0.420898 0.085938 0.430664 0.079102 0.430664 0.079102 0.436523 0.083984 0.429688 0.096680 0.444336 0.096680 0.442383 0.105469 0.424805 0.112305 0.436523 0.116211 0.452148 0.131836 0.442383 0.132812 0.458008 0.146484 0.441406 0.147461 0.447266 0.158203 0.437500 0.166992 0.423828 0.160156 0.427734 0.176758 0.417969 0.174805 0.406250 0.173828 0.396484 0.163086 0.388672 0.178711 0.374023 0.168945 0.381836 0.141602 0.354492 0.148438 0.357422 0.138672 0.374023 0.122070 0.346680 0.116211 0.357422 0.109375 0.347656 0.098633
1 0.512695 0.125000 0.508789 0.131836 0.519531 0.133789 0.518555 0.150391 0.515625 0.166016 0.504883 0.159180 0.498047 0.168945 0.493164 0.166992 0.486328 0.160156 0.471680 0.153320 0.471680 0.153320 0.476562 0.141602 0.464844 0.136719 0.476562 0.123047 0.490234 0.126953
1 0.474609 0.169922 0.465820 0.153320 0.457031 0.147461 0.449219 0.160156 0.439453 0.164062 0.438477 0.178711 0.458008 0.181641 0.470703 0.176758
1 0.583008 0.125000 0.586914 0.127930 0.593750 0.125000 0.599609 0.135742 0.614258 0.134766 0.614258 0.134766 0.608398 0.143555 0.620117 0.146484 0.609375 0.160156 0.615234 0.169922 0.631836 0.194336 0.631836 0.194336 0.609375 0.187500 0.603516 0.197266 0.587891 0.197266 0.577148 0.212891 0.553711 0.221680 0.560547 0.200195 0.540039 0.195312 0.531250 0.195312 0.544922 0.176758 0.552734 0.170898 0.534180 0.158203 0.554688 0.156250 0.550781 0.130859 0.567383 0.139648 0.567383 0.139648 0.572266 0.125977
1 0.625977 0.201172 0.610352 0.195312 0.593750 0.196289 0.583008 0.207031 0.583008 0.218750 0.582031 0.226562 0.599609 0.232422 0.609375 0.225586 0.610352 0.212891 0.622070 0.212891
1 0.678711 0.160156 0.685547 0.151367 0.700195 0.149414 0.700195 0.166016 0.714844 0.164062 0.720703 0.175781 0.730469 0.180664 0.714844 0.187500 0.735352 0.202148 0.727539 0.207031 0.739258 0.211914 0.726562 0.217773 0.724609 0.228516 0.712891 0.226562 0.720703 0.240234 0.713867 0.254883 0.707031 0.248047 0.701172 0.253906 0.693359 0.249023 0.673828 0.253906 0.667969 0.241211 0.667969 0.241211 0.658203 0.248047 0.659180 0.233398 0.648438 0.239258 0.649414 0.230469 0.641602 0.230469 0.644531 0.215820 0.634766 0.217773 0.640625 0.206055 0.629883 0.203125 0.640625 0.187500 0.647461 0.171875 0.662109 0.154297 0.672852 0.152344
1 0.769531 0.180664 0.779297 0.194336 0.790039 0.181641 0.798828 0.180664 0.797852 0.195312 0.816406 0.190430 0.809570 0.203125 0.810547 0.203125 0.814453 0.208984 0.806641 0.220703 0.830078 0.230469 0.834961 0.242188 0.814453 0.243164 0.822266 0.259766 0.820312 0.277344 0.820312 0.277344 0.809570 0.270508 0.798828 0.274414 0.798828 0.275391 0.793945 0.280273 0.787109 0.272461 0.771484 0.288086 0.765625 0.272461 0.757812 0.264648 0.735352 0.261719 0.751953 0.246094 0.726562 0.247070 0.740234 0.230469 0.726562 0.226562 0.749023 0.212891 0.740234 0.199219 0.750000 0.188477 0.763672 0.196289
1 0.863281 0.210938 0.872070 0.218750 0.887695 0.213867 0.883789 0.228516 0.894531 0.231445 0.886719 0.243164 0.886719 0.243164 0.884766 0.260742 0.880859 0.286133 0.881836 0.295898 0.873047 0.293945 0.869141 0.298828 0.858398 0.293945 0.858398 0.293945 0.843750 0.285156 0.839844 0.271484 0.839844 0.271484 0.826172 0.265625 0.831055 0.255859 0.840820 0.250977 0.830078 0.235352 0.839844 0.224609 0.855469 0.212891
1 0.929688 0.217773 0.948242 0.223633 0.962891 0.246094 0.959961 0.278320 0.943359 0.314453 0.924805 0.305664 0.898438 0.306641 0.884766 0.292969 0.880859 0.281250 0.879883 0.258789 0.893555 0.237305 0.900391 0.219727 0.913086 0.214844 0.917969 0.225586
1 0.972656 0.240234 0.981445 0.229492 0.986328 0.229492 0.988281 0.243164 1.000000 0.247070 1.000000 0.311523 0.991211 0.312500 0.991211 0.312500 0.989258 0.324219 0.973633 0.327148 0.967773 0.318359 0.967773 0.318359 0.952148 0.329102 0.951172 0.306641 0.941406 0.304688 0.955078 0.286133 0.953125 0.277344 0.959961 0.250000
1 0.961914 0.382812 0.982422 0.377930 0.992188 0.399414 0.990234 0.408203 0.990234 0.408203 1.000000 0.414062 1.000000 0.449219 0.987305 0.449219 0.991211 0.465820 0.963867 0.449219 0.963867 0.468750 0.953125 0.475586 0.945312 0.467773 0.935547 0.481445 0.916992 0.482422 0.921875 0.463867 0.903320 0.468750 0.882812 0.450195 0.911133 0.438477 0.911133 0.438477 0.881836 0.420898 0.900391 0.407227 0.899414 0.383789 0.934570 0.378906 0.944336 0.364258
1 0.854492 0.460938 0.866211 0.473633 0.876953 0.469727 0.893555 0.472656 0.893555 0.484375 0.909180 0.486328 0.906250 0.504883 0.921875 0.512695 0.910156 0.519531 0.916992 0.526367 0.907227 0.533203 0.905273 0.547852 0.891602 0.553711 0.874023 0.545898 0.870117 0.567383 0.850586 0.547852 0.836914 0.559570 0.834961 0.550781 0.818359 0.556641 0.805664 0.547852 0.822266 0.533203 0.800781 0.529297 0.797852 0.513672 0.825195 0.508789 0.809570 0.496094 0.813477 0.471680 0.819336 0.472656 0.832031 0.478516 0.834961 0.460938
1 0.980469 0.468750 1.000000 0.458008 1.000000 0.539062 0.990234 0.540039 0.990234 0.556641 0.971680 0.545898 0.965820 0.559570 0.961914 0.551758 0.948242 0.558594 0.947266 0.542969 0.933594 0.543945 0.944336 0.526367 0.923828 0.508789 0.918945 0.480469 0.938477 0.488281 0.934570 0.469727 0.952148 0.477539 0.958008 0.461914 0.968750 0.470703 0.969727 0.453125 0.969727 0.453125
1 0.999023 0.557617 1.000000 0.650391 0.982422 0.661133 0.973633 0.639648 0.962891 0.645508 0.953125 0.634766 0.941406 0.626953 0.941406 0.605469 0.931641 0.594727 0.945312 0.592773 0.938477 0.571289 0.938477 0.571289 0.957031 0.571289 0.958008 0.558594 0.966797 0.558594 0.971680 0.541992 0.997070 0.547852
1 0.919922 0.602539 0.943359 0.607422 0.943359 0.607422 0.942383 0.617188 0.921875 0.619141 0.933594 0.643555 0.923828 0.651367 0.911133 0.649414 0.895508 0.644531 0.895508 0.644531 0.891602 0.677734 0.878906 0.662109 0.872070 0.671875 0.857422 0.664062 0.845703 0.668945 0.846680 0.648438 0.838867 0.650391 0.830078 0.645508 0.837891 0.635742 0.819336 0.636719 0.830078 0.624023 0.809570 0.619141 0.829102 0.605469 0.813477 0.597656 0.820312 0.587891 0.813477 0.577148 0.830078 0.572266 0.830078 0.563477 0.846680 0.563477 0.843750 0.545898 0.866211 0.563477 0.876953 0.537109 0.890625 0.559570 0.907227 0.544922 0.906250 0.560547 0.917969 0.556641 0.917969 0.568359 0.927734 0.571289 0.927734 0.571289 0.923828 0.583008 0.939453 0.590820
1 1.000000 0.730469 0.978516 0.739258 0.972656 0.720703 0.960938 0.721680 0.963867 0.699219 0.940430 0.695312 0.940430 0.683594 0.958008 0.678711 0.926758 0.666992 0.954102 0.667969 0.959961 0.661133 0.947266 0.656250 0.939453 0.639648 0.974609 0.657227 0.974609 0.633789 1.000000 0.661133
1 0.883789 0.733398 0.926758 0.724609 0.923828 0.733398 0.920898 0.745117 0.912109 0.765625 0.904297 0.756836 0.908203 0.777344 0.908203 0.777344 0.887695 0.770508 0.879883 0.760742 0.878906 0.740234
1 0.985352 0.745117 0.994141 0.758789 1.000000 0.761719 1.000000 0.806641 0.985352 0.816406 0.982422 0.806641 0.982422 0.806641 0.964844 0.809570 0.972656 0.786133 0.956055 0.787109 0.976562 0.764648 0.964844 0.735352
1 0.928711 0.777344 0.936523 0.794922 0.953125 0.785156 0.962891 0.784180 0.952148 0.820312 0.963867 0.816406 0.958984 0.829102 0.988281 0.827148 0.985352 0.850586 0.960938 0.848633 0.960938 0.848633 0.973633 0.871094 0.973633 0.884766 0.973633 0.884766 0.958984 0.878906 0.948242 0.901367 0.938477 0.890625 0.916992 0.899414 0.916992 0.899414 0.915039 0.885742 0.902344 0.891602 0.897461 0.879883 0.885742 0.872070 0.875000 0.864258 0.875000 0.864258 0.882812 0.850586 0.875000 0.829102 0.887695 0.824219 0.880859 0.810547 0.884766 0.784180 0.900391 0.795898 0.900391 0.773438 0.915039 0.785156
1 0.989258 0.958008 1.000000 0.975586 1.000000 0.885742 0.993164 0.894531 0.970703 0.873047 0.970703 0.896484 0.954102 0.888672 0.966797 0.914062 0.963867 0.924805 0.963867 0.925781 0.943359 0.944336 0.949219 0.946289 0.963867 0.950195 0.962891 0.970703
1 0.912109 0.973633 0.916016 1.000000 1.000000 1.000000 1.000000 0.973633 0.982422 0.986328 0.978516 0.951172 0.958008 0.974609 0.944336 0.952148 0.937500 0.979492 0.917969 0.958008
1 0.876953 0.966797 0.884766 0.921875 0.882812 0.956055 0.888672 0.952148 0.898438 0.939453 0.897461 0.953125 0.899414 0.958984 0.898438 0.972656 0.910156 0.965820 0.929688 0.957031 0.920898 0.967773 0.908203 0.974609 0.932617 0.972656 0.929688 0.979492 0.908203 0.985352 0.926758 1.000000 0.821289 1.000000 0.843750 0.990234 0.826172 0.985352 0.835938 0.984375 0.851562 0.980469 0.836914 0.974609 0.821289 0.962891 0.822266 0.952148 0.828125 0.948242 0.836914 0.952148 0.860352 0.966797 0.858398 0.957031 0.839844 0.924805 0.861328 0.940430
1 0.766602 0.546875 0.767578 0.518555 0.772461 0.512695 0.780273 0.525391 0.777344 0.535156 0.786133 0.529297 0.800781 0.521484 0.800781 0.521484 0.808594 0.529297 0.797852 0.544922 0.808594 0.545898 0.808594 0.545898 0.832031 0.552734 0.819336 0.560547 0.805664 0.562500 0.826172 0.570312 0.825195 0.576172 0.798828 0.579102 0.810547 0.609375 0.792969 0.604492 0.796875 0.612305 0.778320 0.604492 0.761719 0.583984 0.753906 0.608398 0.743164 0.612305 0.741211 0.599609 0.748047 0.583984 0.737305 0.578125 0.745117 0.558594 0.729492 0.553711 0.717773 0.539062 0.735352 0.538086 0.744141 0.544922 0.742188 0.531250 0.750977 0.531250
1 0.735352 0.390625 0.745117 0.413086 0.755859 0.410156 0.764648 0.402344 0.773438 0.406250 0.770508 0.418945 0.782227 0.419922 0.782227 0.419922 0.780273 0.426758 0.796875 0.434570 0.785156 0.442383 0.786133 0.451172 0.768555 0.452148 0.776367 0.464844 0.774414 0.472656 0.753906 0.456055 0.758789 0.474609 0.754883 0.477539 0.745117 0.460938 0.733398 0.483398 0.724609 0.470703 0.729492 0.443359 0.716797 0.448242 0.692383 0.454102 0.704102 0.436523 0.687500 0.438477 0.684570 0.429688 0.694336 0.416992 0.714844 0.419922 0.706055 0.412109 0.702148 0.397461 0.702148 0.397461 0.724609 0.416016 0.725586 0.398438
1 0.227539 0.176758 0.234375 0.157227 0.243164 0.168945 0.243164 0.168945 0.254883 0.162109 0.254883 0.162109 0.256836 0.167969 0.270508 0.159180 0.270508 0.168945 0.288086 0.169922 0.282227 0.183594 0.308594 0.189453 0.292969 0.205078 0.302734 0.211914 0.298828 0.229492 0.308594 0.247070 0.308594 0.247070 0.314453 0.265625 0.314453 0.265625 0.292969 0.259766 0.280273 0.272461 0.272461 0.281250 0.252930 0.283203 0.242188 0.283203 0.230469 0.272461 0.221680 0.263672 0.201172 0.267578 0.187500 0.262695 0.190430 0.251953 0.173828 0.249023 0.189453 0.233398 0.168945 0.214844 0.180664 0.210938 0.172852 0.201172 0.189453 0.199219 0.183594 0.193359 0.201172 0.189453 0.206055 0.161133 0.206055 0.161133
1 0.311523 0.172852 0.323242 0.180664 0.335938 0.175781 0.337891 0.165039 0.345703 0.163086 0.354492 0.180664 0.361328 0.171875 0.371094 0.163086 0.382812 0.170898 0.371094 0.190430 0.375000 0.201172 0.400391 0.192383 0.393555 0.207031 0.400391 0.218750 0.402344 0.227539 0.408203 0.242188 0.400391 0.247070 0.407227 0.262695 0.407227 0.262695 0.394531 0.258789 0.391602 0.268555 0.382812 0.262695 0.380859 0.279297 0.368164 0.274414 0.364258 0.284180 0.353516 0.279297 0.353516 0.283203 0.353516 0.283203 0.342773 0.279297 0.338867 0.262695 0.328125 0.267578 0.319336 0.261719 0.321289 0.250000 0.306641 0.258789 0.307617 0.243164 0.305664 0.235352 0.285156 0.234375 0.287109 0.224609 0.308594 0.218750 0.308594 0.213867 0.288086 0.217773 0.285156 0.203125 0.317383 0.200195 0.315430 0.190430 0.305664 0.180664
1 0.432617 0.176758 0.437500 0.187500 0.444336 0.182617 0.451172 0.177734 0.459961 0.186523 0.470703 0.182617 0.470703 0.182617 0.491211 0.179688 0.490234 0.195312 0.490234 0.195312 0.480469 0.208984 0.475586 0.217773 0.494141 0.215820 0.514648 0.212891 0.514648 0.217773 0.499023 0.225586 0.476562 0.234375 0.489258 0.238281 0.507812 0.250000 0.507812 0.250000 0.486328 0.246094 0.486328 0.246094 0.509766 0.269531 0.485352 0.262695 0.489258 0.287109 0.479492 0.288086 0.468750 0.273438 0.463867 0.292969 0.455078 0.267578 0.447266 0.285156 0.437500 0.260742 0.427734 0.265625 0.412109 0.263672 0.421875 0.253906 0.415039 0.244141 0.399414 0.256836 0.400391 0.237305 0.409180 0.228516 0.385742 0.220703 0.407227 0.214844 0.388672 0.209961 0.389648 0.191406 0.403320 0.196289 0.416016 0.197266 0.412109 0.183594 0.419922 0.173828
1 0.298828 0.261719 0.304688 0.282227 0.313477 0.266602 0.324219 0.262695 0.334961 0.269531 0.329102 0.291992 0.345703 0.283203 0.351562 0.285156 0.351562 0.285156 0.345703 0.298828 0.363281 0.294922 0.371094 0.298828 0.366211 0.308594 0.333008 0.319336 0.346680 0.324219 0.347656 0.324219 0.369141 0.333984 0.373047 0.340820 0.363281 0.351562 0.337891 0.338867 0.322266 0.338867 0.333008 0.365234 0.327148 0.375000 0.311523 0.360352 0.304688 0.341797 0.296875 0.357422 0.280273 0.371094 0.274414 0.363281 0.283203 0.347656 0.265625 0.357422 0.265625 0.357422 0.261719 0.348633 0.260742 0.337891 0.247070 0.334961 0.240234 0.319336 0.253906 0.324219 0.258789 0.323242 0.263672 0.320312 0.248047 0.316406 0.243164 0.305664 0.261719 0.300781 0.256836 0.289062 0.263672 0.269531 0.277344 0.274414 0.277344 0.263672 0.290039 0.259766
1 0.396484 0.259766 0.404297 0.267578 0.411133 0.256836 0.415039 0.269531 0.424805 0.272461 0.439453 0.259766 0.446289 0.265625 0.447266 0.277344 0.458008 0.275391 0.459961 0.290039 0.455078 0.299805 0.475586 0.304688 0.476562 0.311523 0.462891 0.316406 0.478516 0.330078 0.467773 0.333008 0.467773 0.333008 0.453125 0.332031 0.467773 0.350586 0.463867 0.366211 0.448242 0.366211 0.447266 0.375977 0.447266 0.375977 0.436523 0.368164 0.426758 0.382812 0.415039 0.374023 0.403320 0.361328 0.376953 0.366211 0.374023 0.353516 0.382812 0.338867 0.366211 0.342773 0.361328 0.327148 0.354492 0.318359 0.370117 0.312500 0.369141 0.298828 0.362305 0.287109 0.364258 0.271484 0.382812 0.280273 0.389648 0.277344 0.389648 0.277344 0.388672 0.269531
1 0.534180 0.262695 0.534180 0.279297 0.547852 0.271484 0.552734 0.277344 0.550781 0.283203 0.569336 0.287109 0.563477 0.294922 0.574219 0.302734 0.568359 0.307617 0.584961 0.311523 0.571289 0.319336 0.581055 0.337891 0.571289 0.341797 0.579102 0.351562 0.573242 0.360352 0.571289 0.363281 0.559570 0.365234 0.554688 0.384766 0.541992 0.374023 0.541016 0.385742 0.523438 0.366211 0.507812 0.381836 0.487305 0.379883 0.499023 0.355469 0.469727 0.365234 0.478516 0.351562 0.465820 0.346680 0.473633 0.331055 0.458008 0.311523 0.475586 0.305664 0.474609 0.292969 0.487305 0.271484 0.493164 0.274414 0.506836 0.270508 0.516602 0.259766
1 0.622070 0.400391 0.632812 0.414062 0.643555 0.403320 0.668945 0.409180 0.667969 0.419922 0.656250 0.430664 0.662109 0.438477 0.677734 0.439453 0.675781 0.447266 0.682617 0.454102 0.682617 0.454102 0.673828 0.458008 0.680664 0.468750 0.671875 0.475586 0.672852 0.481445 0.652344 0.480469 0.652344 0.498047 0.636719 0.483398 0.625000 0.500977 0.621094 0.476562 0.604492 0.491211 0.601562 0.474609 0.578125 0.480469 0.595703 0.460938 0.581055 0.452148 0.581055 0.452148 0.592773 0.445312 0.579102 0.436523 0.584961 0.434570 0.588867 0.430664 0.582031 0.420898 0.597656 0.409180 0.611328 0.419922
1 0.512695 0.388672 0.529297 0.375977 0.529297 0.375977 0.527344 0.386719 0.527344 0.386719 0.541016 0.386719 0.541016 0.386719 0.527344 0.397461 0.545898 0.398438 0.537109 0.410156 0.518555 0.416016 0.552734 0.428711 0.544922 0.433594 0.547852 0.439453 0.540039 0.441406 0.543945 0.452148 0.513672 0.447266 0.520508 0.464844 0.515625 0.467773 0.510742 0.468750 0.502930 0.459961 0.504883 0.474609 0.494141 0.476562 0.476562 0.459961 0.458008 0.472656 0.458984 0.456055 0.439453 0.455078 0.444336 0.442383 0.429688 0.442383 0.437500 0.431641 0.424805 0.429688 0.432617 0.421875 0.426758 0.412109 0.427734 0.402344 0.437500 0.400391 0.431641 0.385742 0.445312 0.382812 0.458008 0.388672 0.457031 0.368164 0.457031 0.368164 0.466797 0.357422 0.483398 0.376953 0.488281 0.386719 0.502930 0.374023 0.515625 0.373047
1 0.353516 0.359375 0.366211 0.368164 0.382812 0.359375 0.389648 0.373047 0.400391 0.364258 0.404297 0.373047 0.417969 0.379883 0.408203 0.388672 0.419922 0.395508 0.416016 0.407227 0.420898 0.417969 0.424805 0.428711 0.419922 0.430664 0.423828 0.439453 0.408203 0.440430 0.413086 0.456055 0.401367 0.472656 0.384766 0.458984 0.375977 0.462891 0.361328 0.447266 0.339844 0.459961 0.337891 0.453125 0.326172 0.457031 0.327148 0.437500 0.312500 0.435547 0.304688 0.427734 0.312500 0.416016 0.305664 0.410156 0.325195 0.404297 0.310547 0.395508 0.313477 0.381836 0.332031 0.380859 0.335938 0.362305
1 0.308594 0.383789 0.327148 0.380859 0.321289 0.403320 0.300781 0.413086 0.309570 0.416016 0.309570 0.416016 0.326172 0.441406 0.320312 0.447266 0.312500 0.460938 0.279297 0.432617 0.285156 0.474609 0.271484 0.465820 0.258789 0.441406 0.246094 0.461914 0.234375 0.460938 0.232422 0.432617 0.211914 0.422852 0.222656 0.412109 0.208984 0.393555 0.220703 0.392578 0.224609 0.375000 0.237305 0.375977 0.238281 0.362305 0.252930 0.371094 0.253906 0.352539 0.266602 0.362305 0.269531 0.348633 0.274414 0.362305 0.276367 0.371094 0.285156 0.359375 0.294922 0.363281 0.304688 0.345703 0.312500 0.364258 0.331055 0.373047
1 0.170898 0.375000 0.171875 0.359375 0.176758 0.358398 0.187500 0.352539 0.189453 0.375977 0.207031 0.366211 0.205078 0.378906 0.215820 0.378906 0.215820 0.390625 0.225586 0.395508 0.221680 0.412109 0.210938 0.412109 0.224609 0.423828 0.214844 0.430664 0.221680 0.442383 0.202148 0.440430 0.208984 0.460938 0.208984 0.460938 0.206055 0.466797 0.187500 0.445312 0.182617 0.461914 0.165039 0.440430 0.147461 0.457031 0.136719 0.453125 0.142578 0.431641 0.125000 0.432617 0.125000 0.432617 0.130859 0.419922 0.110352 0.416016 0.115234 0.408203 0.125000 0.405273 0.118164 0.393555 0.125000 0.391602 0.113281 0.371094 0.147461 0.378906 0.140625 0.362305 0.142578 0.351562
1 0.134766 0.434570 0.133789 0.456055 0.133789 0.456055 0.141602 0.449219 0.141602 0.449219 0.149414 0.458984 0.159180 0.447266 0.170898 0.445312 0.163086 0.466797 0.181641 0.464844 0.187500 0.478516 0.172852 0.486328 0.172852 0.499023 0.182617 0.501953 0.172852 0.519531 0.172852 0.534180 0.170898 0.541992 0.153320 0.535156 0.144531 0.546875 0.141602 0.541992 0.125977 0.537109 0.119141 0.556641 0.110352 0.542969 0.103516 0.552734 0.088867 0.554688 0.089844 0.541016 0.079102 0.542969 0.076172 0.528320 0.062500 0.526367 0.069336 0.513672 0.058594 0.505859 0.074219 0.499023 0.057617 0.488281 0.068359 0.485352 0.072266 0.474609 0.081055 0.474609 0.075195 0.463867 0.086914 0.447266 0.097656 0.458008 0.104492 0.441406 0.115234 0.446289
1 0.192383 0.452148 0.208984 0.466797 0.212891 0.449219 0.217773 0.454102 0.219727 0.436523 0.230469 0.434570 0.234375 0.462891 0.238281 0.468750 0.250000 0.457031 0.263672 0.447266 0.265625 0.457031 0.257812 0.468750 0.261719 0.473633 0.277344 0.476562 0.279297 0.488281 0.288086 0.497070 0.282227 0.500977 0.269531 0.508789 0.277344 0.518555 0.277344 0.529297 0.291016 0.539062 0.281250 0.541992 0.266602 0.536133 0.255859 0.542969 0.255859 0.542969 0.240234 0.533203 0.236328 0.547852 0.216797 0.533203 0.211914 0.542969 0.201172 0.537109 0.189453 0.544922 0.189453 0.536133 0.172852 0.537109 0.180664 0.526367 0.180664 0.526367 0.165039 0.526367 0.182617 0.502930 0.170898 0.501953 0.162109 0.494141 0.169922 0.486328 0.169922 0.486328 0.193359 0.487305 0.183594 0.471680 0.183594 0.455078 0.188477 0.447266
1 0.318359 0.449219 0.330078 0.466797 0.333984 0.472656 0.337891 0.459961 0.351562 0.447266 0.362305 0.447266 0.368164 0.462891 0.374023 0.468750 0.396484 0.468750 0.392578 0.475586 0.401367 0.479492 0.391602 0.484375 0.390625 0.492188 0.381836 0.498047 0.383789 0.509766 0.394531 0.513672 0.391602 0.527344 0.395508 0.530273 0.394531 0.535156 0.382812 0.537109 0.386719 0.547852 0.379883 0.555664 0.370117 0.560547 0.365234 0.563477 0.352539 0.554688 0.352539 0.564453 0.333984 0.570312 0.331055 0.550781 0.322266 0.540039 0.307617 0.552734 0.298828 0.549805 0.295898 0.535156 0.279297 0.533203 0.267578 0.519531 0.272461 0.518555 0.281250 0.516602 0.279297 0.509766 0.292969 0.500977 0.277344 0.496094 0.275391 0.488281 0.273438 0.476562 0.289062 0.474609 0.301758 0.476562 0.310547 0.451172
1 0.413086 0.458984 0.422852 0.467773 0.426758 0.458984 0.432617 0.457031 0.447266 0.451172 0.447266 0.464844 0.456055 0.458984 0.457031 0.470703 0.479492 0.461914 0.479492 0.461914 0.480469 0.467773 0.489258 0.468750 0.480469 0.485352 0.495117 0.482422 0.492188 0.492188 0.499023 0.498047 0.490234 0.507812 0.492188 0.517578 0.478516 0.522461 0.496094 0.541992 0.496094 0.541992 0.486328 0.543945 0.485352 0.554688 0.473633 0.553711 0.464844 0.566406 0.453125 0.560547 0.450195 0.570312 0.439453 0.551758 0.430664 0.562500 0.424805 0.560547 0.418945 0.544922 0.418945 0.544922 0.400391 0.551758 0.400391 0.551758 0.411133 0.524414 0.390625 0.525391 0.390625 0.525391 0.395508 0.512695 0.380859 0.500000 0.398438 0.497070 0.386719 0.480469 0.401367 0.482422 0.403320 0.464844
1 0.556641 0.451172 0.561523 0.450195 0.570312 0.449219 0.570312 0.449219 0.572266 0.457031 0.569336 0.480469 0.580078 0.472656 0.603516 0.476562 0.599609 0.490234 0.588867 0.495117 0.592773 0.502930 0.586914 0.505859 0.604492 0.509766 0.618164 0.517578 0.609375 0.529297 0.595703 0.529297 0.612305 0.545898 0.603516 0.545898 0.604492 0.555664 0.591797 0.554688 0.578125 0.565430 0.566406 0.548828 0.560547 0.545898 0.556641 0.562500 0.547852 0.570312 0.541016 0.551758 0.527344 0.566406 0.519531 0.562500 0.519531 0.542969 0.504883 0.547852 0.511719 0.535156 0.495117 0.538086 0.495117 0.531250 0.489258 0.528320 0.496094 0.521484 0.491211 0.516602 0.496094 0.500000 0.488281 0.488281 0.488281 0.478516 0.497070 0.483398 0.495117 0.470703 0.507812 0.473633 0.515625 0.458008 0.525391 0.452148 0.533203 0.452148 0.544922 0.462891 0.547852 0.451172
1 0.658203 0.508789 0.664062 0.523438 0.672852 0.529297 0.682617 0.514648 0.693359 0.512695 0.681641 0.541992 0.699219 0.546875 0.696289 0.554688 0.719727 0.556641 0.718750 0.564453 0.688477 0.564453 0.688477 0.564453 0.699219 0.569336 0.696289 0.573242 0.708984 0.585938 0.708984 0.593750 0.690430 0.586914 0.691406 0.611328 0.678711 0.598633 0.662109 0.583984 0.662109 0.583984 0.645508 0.611328 0.634766 0.617188 0.636719 0.602539 0.644531 0.579102 0.629883 0.582031 0.609375 0.586914 0.601562 0.581055 0.607422 0.568359 0.626953 0.562500 0.622070 0.551758 0.605469 0.544922 0.600586 0.537109 0.614258 0.530273 0.630859 0.535156 0.631836 0.516602 0.648438 0.530273 0.650391 0.506836
1 0.684570 0.605469 0.687500 0.617188 0.699219 0.612305 0.697266 0.624023 0.712891 0.625977 0.701172 0.638672 0.717773 0.646484 0.717773 0.646484 0.714844 0.650391 0.721680 0.660156 0.709961 0.666016 0.709961 0.666016 0.713867 0.684570 0.697266 0.682617 0.684570 0.700195 0.673828 0.690430 0.671875 0.675781 0.654297 0.683594 0.648438 0.677734 0.651367 0.666016 0.635742 0.663086 0.627930 0.650391 0.628906 0.632812 0.639648 0.619141 0.646484 0.605469 0.646484 0.605469 0.664062 0.620117
1 0.579102 0.597656 0.585938 0.609375 0.585938 0.609375 0.578125 0.615234 0.583008 0.625000 0.573242 0.630859 0.572266 0.649414 0.553711 0.656250 0.545898 0.660156 0.528320 0.653320 0.527344 0.664062 0.507812 0.655273 0.500977 0.661133 0.486328 0.650391 0.482422 0.642578 0.475586 0.639648 0.468750 0.630859 0.459961 0.621094 0.473633 0.606445 0.466797 0.597656 0.465820 0.577148 0.477539 0.575195 0.475586 0.558594 0.490234 0.562500 0.493164 0.548828 0.505859 0.558594 0.505859 0.558594 0.515625 0.573242 0.522461 0.569336 0.537109 0.554688 0.547852 0.557617 0.560547 0.570312 0.571289 0.570312 0.571289 0.570312 0.578125 0.583008 0.570312 0.590820
1 0.438477 0.578125 0.468750 0.567383 0.458984 0.578125 0.465820 0.582031 0.465820 0.582031 0.459961 0.591797 0.472656 0.601562 0.470703 0.615234 0.459961 0.619141 0.465820 0.630859 0.451172 0.633789 0.454102 0.656250 0.437500 0.649414 0.435547 0.657227 0.425781 0.654297 0.410156 0.652344 0.399414 0.669922 0.394531 0.651367 0.383789 0.659180 0.381836 0.647461 0.375977 0.649414 0.370117 0.642578 0.362305 0.645508 0.367188 0.632812 0.355469 0.631836 0.367188 0.622070 0.351562 0.620117 0.350586 0.610352 0.366211 0.598633 0.362305 0.588867 0.356445 0.581055 0.358398 0.567383 0.371094 0.571289 0.368164 0.559570 0.380859 0.552734 0.392578 0.547852 0.392578 0.547852 0.396484 0.550781 0.419922 0.544922 0.424805 0.554688 0.439453 0.558594
1 0.286133 0.556641 0.296875 0.569336 0.319336 0.554688 0.324219 0.574219 0.344727 0.567383 0.359375 0.576172 0.346680 0.587891 0.360352 0.590820 0.358398 0.601562 0.345703 0.615234 0.366211 0.620117 0.361328 0.624023 0.343750 0.623047 0.349609 0.639648 0.336914 0.634766 0.331055 0.645508 0.320312 0.637695 0.302734 0.651367 0.291992 0.633789 0.278320 0.633789 0.270508 0.626953 0.265625 0.625000 0.269531 0.618164 0.260742 0.613281 0.267578 0.602539 0.274414 0.597656 0.265625 0.587891 0.265625 0.573242 0.279297 0.576172
1 0.221680 0.567383 0.254883 0.557617 0.255859 0.569336 0.239258 0.580078 0.246094 0.589844 0.265625 0.597656 0.265625 0.597656 0.250977 0.602539 0.268555 0.612305 0.261719 0.617188 0.234375 0.611328 0.241211 0.628906 0.231445 0.629883 0.228516 0.635742 0.214844 0.633789 0.214844 0.633789 0.216797 0.652344 0.198242 0.640625 0.197266 0.655273 0.188477 0.651367 0.175781 0.627930 0.162109 0.636719 0.155273 0.626953 0.136719 0.625977 0.144531 0.618164 0.133789 0.613281 0.141602 0.601562 0.126953 0.588867 0.132812 0.583984 0.118164 0.569336 0.143555 0.572266 0.147461 0.556641 0.142578 0.546875 0.148438 0.543945 0.152344 0.534180 0.165039 0.540039 0.172852 0.523438 0.184570 0.528320 0.189453 0.545898 0.204102 0.540039 0.220703 0.537109 0.226562 0.551758
1 0.083008 0.560547 0.094727 0.543945 0.108398 0.532227 0.110352 0.553711 0.110352 0.553711 0.105469 0.566406 0.117188 0.560547 0.143555 0.556641 0.132812 0.568359 0.113281 0.581055 0.124023 0.582031 0.137695 0.594727 0.139648 0.601562 0.116211 0.601562 0.135742 0.619141 0.135742 0.619141 0.138672 0.629883 0.120117 0.626953 0.126953 0.641602 0.124023 0.653320 0.103516 0.639648 0.098633 0.627930 0.095703 0.649414 0.083008 0.653320 0.083984 0.643555 0.073242 0.647461 0.069336 0.641602 0.063477 0.647461 0.054688 0.645508 0.058594 0.619141 0.043945 0.626953 0.035156 0.616211 0.037109 0.605469 0.022461 0.602539 0.023438 0.596680 0.023438 0.589844 0.039062 0.585938 0.052734 0.583984 0.038086 0.580078 0.025391 0.572266 0.026367 0.554688 0.062500 0.563477 0.059570 0.544922 0.074219 0.544922
1 0.151367 0.703125 0.172852 0.719727 0.178711 0.716797 0.174805 0.703125 0.200195 0.709961 0.212891 0.703125 0.208008 0.688477 0.186523 0.677734 0.216797 0.673828 0.216797 0.666992 0.194336 0.664062 0.221680 0.648438 0.201172 0.649414 0.207031 0.634766 0.177734 0.645508 0.195312 0.624023 0.171875 0.633789 0.171875 0.633789 0.163086 0.640625 0.169922 0.617188 0.153320 0.637695 0.142578 0.617188 0.137695 0.637695 0.135742 0.647461 0.124023 0.639648 0.110352 0.644531 0.110352 0.644531 0.123047 0.650391 0.107422 0.654297 0.118164 0.666992 0.103516 0.668945 0.106445 0.676758 0.124023 0.678711 0.104492 0.693359 0.127930 0.692383 0.131836 0.709961 0.143555 0.703125
1 0.235352 0.650391 0.243164 0.660156 0.253906 0.668945 0.253906 0.648438 0.264648 0.638672 0.278320 0.643555 0.275391 0.656250 0.271484 0.671875 0.285156 0.660156 0.294922 0.658203 0.298828 0.668945 0.291992 0.671875 0.285156 0.683594 0.296875 0.690430 0.295898 0.701172 0.307617 0.708008 0.292969 0.709961 0.292969 0.732422 0.273438 0.720703 0.270508 0.740234 0.259766 0.733398 0.246094 0.732422 0.244141 0.714844 0.227539 0.725586 0.220703 0.712891 0.231445 0.700195 0.216797 0.697266 0.226562 0.695312 0.213867 0.685547 0.212891 0.677734 0.227539 0.672852 0.227539 0.662109
1 0.321289 0.646484 0.333008 0.663086 0.339844 0.647461 0.363281 0.645508 0.355469 0.661133 0.372070 0.650391 0.381836 0.653320 0.380859 0.662109 0.374023 0.674805 0.362305 0.681641 0.378906 0.678711 0.390625 0.685547 0.390625 0.699219 0.375000 0.696289 0.381836 0.707031 0.381836 0.718750 0.374023 0.717773 0.358398 0.726562 0.339844 0.733398 0.332031 0.716797 0.316406 0.729492 0.310547 0.722656 0.318359 0.704102 0.298828 0.708008 0.284180 0.693359 0.300781 0.693359 0.300781 0.693359 0.290039 0.681641 0.299805 0.680664 0.288086 0.670898 0.301758 0.670898 0.301758 0.660156 0.308594 0.661133 0.309570 0.644531
1 0.410156 0.660156 0.419922 0.668945 0.417969 0.653320 0.417969 0.653320 0.439453 0.651367 0.450195 0.660156 0.458984 0.652344 0.473633 0.658203 0.471680 0.674805 0.456055 0.693359 0.467773 0.699219 0.469727 0.708008 0.459961 0.713867 0.472656 0.724609 0.471680 0.734375 0.450195 0.735352 0.433594 0.742188 0.426758 0.736328 0.416992 0.736328 0.403320 0.725586 0.393555 0.711914 0.404297 0.702148 0.389648 0.699219 0.387695 0.680664 0.405273 0.682617 0.402344 0.674805 0.393555 0.665039 0.399414 0.665039
1 0.532227 0.655273 0.534180 0.666016 0.554688 0.659180 0.555664 0.665039 0.572266 0.663086 0.571289 0.672852 0.571289 0.672852 0.564453 0.682617 0.569336 0.685547 0.564453 0.694336 0.576172 0.701172 0.580078 0.710938 0.568359 0.713867 0.551758 0.716797 0.559570 0.721680 0.572266 0.728516 0.569336 0.735352 0.555664 0.735352 0.555664 0.735352 0.555664 0.746094 0.555664 0.746094 0.550781 0.750000 0.539062 0.741211 0.538086 0.760742 0.523438 0.737305 0.523438 0.737305 0.512695 0.758789 0.505859 0.736328 0.495117 0.739258 0.491211 0.728516 0.477539 0.739258 0.467773 0.724609 0.482422 0.714844 0.469727 0.712891 0.475586 0.704102 0.464844 0.702148 0.458008 0.692383 0.468750 0.686523 0.470703 0.666992 0.482422 0.671875 0.484375 0.646484 0.502930 0.658203 0.510742 0.645508 0.521484 0.653320
1 0.616211 0.653320 0.611328 0.668945 0.605469 0.680664 0.596680 0.682617 0.578125 0.681641 0.590820 0.695312 0.586914 0.701172 0.594727 0.708984 0.589844 0.719727 0.575195 0.727539 0.577148 0.733398 0.594727 0.730469 0.588867 0.745117 0.601562 0.741211 0.601562 0.741211 0.597656 0.756836 0.614258 0.750977 0.612305 0.754883 0.624023 0.748047 0.634766 0.739258 0.641602 0.758789 0.648438 0.743164 0.647461 0.726562 0.672852 0.732422 0.679688 0.727539 0.663086 0.718750 0.652344 0.708984 0.663086 0.703125 0.677734 0.695312 0.677734 0.695312 0.660156 0.690430 0.667969 0.676758 0.667969 0.676758 0.649414 0.680664 0.651367 0.660156 0.638672 0.666992 0.625000 0.650391
1 0.619141 0.760742 0.629883 0.759766 0.629883 0.766602 0.637695 0.765625 0.628906 0.782227 0.640625 0.781250 0.648438 0.783203 0.648438 0.783203 0.646484 0.790039 0.651367 0.791016 0.650391 0.798828 0.656250 0.801758 0.645508 0.808594 0.643555 0.817383 0.639648 0.824219 0.624023 0.820312 0.637695 0.836914 0.630859 0.836914 0.623047 0.826172 0.624023 0.844727 0.612305 0.835938 0.591797 0.846680 0.581055 0.838867 0.577148 0.829102 0.566406 0.831055 0.563477 0.819336 0.557617 0.816406 0.561523 0.806641 0.557617 0.793945 0.570312 0.794922 0.553711 0.784180 0.563477 0.783203 0.560547 0.773438 0.579102 0.771484 0.576172 0.756836 0.576172 0.756836 0.585938 0.765625 0.584961 0.751953 0.595703 0.751953 0.600586 0.758789 0.610352 0.751953 0.610352 0.766602
1 0.524414 0.766602 0.537109 0.764648 0.541016 0.769531 0.537109 0.774414 0.542969 0.776367 0.542969 0.776367 0.544922 0.780273 0.528320 0.791016 0.543945 0.791992 0.556641 0.795898 0.549805 0.806641 0.556641 0.814453 0.556641 0.814453 0.549805 0.818359 0.537109 0.818359 0.553711 0.831055 0.545898 0.833984 0.532227 0.827148 0.532227 0.838867 0.521484 0.840820 0.507812 0.847656 0.495117 0.844727 0.487305 0.833008 0.478516 0.838867 0.474609 0.827148 0.462891 0.822266 0.457031 0.817383 0.462891 0.808594 0.455078 0.794922 0.455078 0.781250 0.467773 0.773438 0.469727 0.757812 0.476562 0.758789 0.482422 0.767578 0.487305 0.753906 0.487305 0.753906 0.494141 0.759766 0.503906 0.746094 0.508789 0.758789 0.520508 0.747070 0.525391 0.754883
1 0.425781 0.757812 0.434570 0.750000 0.443359 0.758789 0.451172 0.761719 0.447266 0.769531 0.451172 0.771484 0.449219 0.778320 0.457031 0.781250 0.462891 0.802734 0.446289 0.804688 0.451172 0.820312 0.451172 0.820312 0.442383 0.822266 0.429688 0.824219 0.429688 0.829102 0.429688 0.829102 0.417969 0.825195 0.416992 0.838867 0.400391 0.832031 0.401367 0.815430 0.388672 0.826172 0.374023 0.828125 0.374023 0.828125 0.379883 0.820312 0.376953 0.804688 0.364258 0.801758 0.371094 0.789062 0.375000 0.776367 0.371094 0.770508 0.381836 0.763672 0.395508 0.752930 0.407227 0.744141 0.409180 0.751953 0.416992 0.748047
1 0.333984 0.751953 0.325195 0.776367 0.343750 0.761719 0.349609 0.750977 0.348633 0.764648 0.347656 0.776367 0.358398 0.785156 0.345703 0.791992 0.333984 0.795898 0.336914 0.806641 0.345703 0.822266 0.330078 0.826172 0.306641 0.821289 0.295898 0.836914 0.281250 0.826172 0.259766 0.832031 0.259766 0.832031 0.270508 0.817383 0.258789 0.816406 0.262695 0.809570 0.252930 0.805664 0.253906 0.791992 0.244141 0.783203 0.266602 0.783203 0.259766 0.772461 0.260742 0.754883 0.280273 0.770508 0.287109 0.760742 0.283203 0.750000 0.293945 0.738281 0.300781 0.756836 0.298828 0.769531 0.304688 0.769531 0.314453 0.761719 0.324219 0.751953
1 0.210938 0.748047 0.215820 0.760742 0.223633 0.759766 0.237305 0.748047 0.237305 0.765625 0.245117 0.769531 0.243164 0.784180 0.254883 0.791016 0.254883 0.791016 0.250000 0.799805 0.253906 0.801758 0.225586 0.809570 0.219727 0.816406 0.219727 0.816406 0.204102 0.816406 0.194336 0.827148 0.175781 0.824219 0.170898 0.815430 0.170898 0.815430 0.164062 0.806641 0.160156 0.803711 0.156250 0.791992 0.165039 0.791016 0.157227 0.771484 0.174805 0.769531 0.174805 0.759766 0.185547 0.748047 0.185547 0.748047 0.191406 0.753906 0.199219 0.750000
1 0.132812 0.754883 0.145508 0.751953 0.146484 0.758789 0.158203 0.762695 0.153320 0.772461 0.153320 0.772461 0.161133 0.778320 0.165039 0.788086 0.154297 0.791992 0.159180 0.805664 0.144531 0.808594 0.153320 0.819336 0.133789 0.830078 0.116211 0.822266 0.113281 0.833984 0.112305 0.829102 0.106445 0.824219 0.102539 0.834961 0.085938 0.833984 0.080078 0.831055 0.072266 0.820312 0.069336 0.812500 0.054688 0.801758 0.065430 0.791016 0.061523 0.771484 0.075195 0.768555 0.081055 0.755859 0.081055 0.755859 0.088867 0.748047 0.088867 0.748047 0.101562 0.760742 0.112305 0.743164 0.125000 0.741211
1 0.129883 0.834961 0.137695 0.825195 0.156250 0.819336 0.166016 0.822266 0.166016 0.822266 0.157227 0.843750 0.168945 0.833008 0.181641 0.829102 0.182617 0.845703 0.167969 0.859375 0.163086 0.870117 0.167969 0.876953 0.169922 0.889648 0.157227 0.893555 0.157227 0.904297 0.133789 0.911133 0.130859 0.900391 0.123047 0.914062 0.106445 0.905273 0.099609 0.894531 0.088867 0.896484 0.082031 0.895508 0.082031 0.881836 0.078125 0.873047 0.066406 0.864258 0.085938 0.860352 0.077148 0.849609 0.084961 0.847656 0.086914 0.832031 0.100586 0.830078 0.100586 0.831055 0.105469 0.834961 0.104492 0.826172 0.104492 0.826172 0.118164 0.819336 0.118164 0.819336
1 0.223633 0.815430 0.232422 0.827148 0.232422 0.847656 0.245117 0.839844 0.253906 0.831055 0.263672 0.831055 0.257812 0.843750 0.250000 0.856445 0.268555 0.854492 0.266602 0.865234 0.257812 0.868164 0.263672 0.877930 0.268555 0.883789 0.259766 0.883789 0.271484 0.892578 0.268555 0.905273 0.268555 0.905273 0.252930 0.901367 0.251953 0.908203 0.239258 0.904297 0.239258 0.914062 0.222656 0.910156 0.205078 0.910156 0.195312 0.910156 0.188477 0.902344 0.179688 0.896484 0.170898 0.884766 0.170898 0.884766 0.165039 0.875977 0.174805 0.870117 0.161133 0.865234 0.166016 0.859375 0.178711 0.858398 0.177734 0.845703 0.187500 0.853516 0.197266 0.854492 0.194336 0.842773 0.184570 0.827148 0.200195 0.825195 0.205078 0.831055 0.205078 0.819336 0.205078 0.819336 0.216797 0.812500
1 0.283203 0.839844 0.297852 0.849609 0.290039 0.835938 0.296875 0.822266 0.296875 0.822266 0.308594 0.836914 0.308594 0.822266 0.308594 0.822266 0.319336 0.814453 0.326172 0.828125 0.327148 0.839844 0.340820 0.829102 0.358398 0.822266 0.353516 0.833008 0.367188 0.833984 0.367188 0.839844 0.375977 0.842773 0.365234 0.850586 0.365234 0.868164 0.375977 0.878906 0.366211 0.886719 0.366211 0.886719 0.356445 0.898438 0.358398 0.910156 0.351562 0.919922 0.347656 0.915039 0.330078 0.910156 0.324219 0.926758 0.313477 0.916016 0.311523 0.902344 0.296875 0.920898 0.289062 0.898438 0.271484 0.897461 0.281250 0.886719 0.268555 0.882812 0.259766 0.868164 0.267578 0.865234 0.267578 0.848633
1 0.436523 0.832031 0.442383 0.842773 0.452148 0.839844 0.460938 0.834961 0.460938 0.848633 0.473633 0.844727 0.468750 0.859375 0.464844 0.862305 0.476562 0.865234 0.473633 0.870117 0.485352 0.870117 0.473633 0.882812 0.480469 0.895508 0.470703 0.898438 0.472656 0.908203 0.472656 0.908203 0.466797 0.909180 0.461914 0.917969 0.461914 0.917969 0.452148 0.923828 0.440430 0.923828 0.425781 0.932617 0.412109 0.928711 0.399414 0.916992 0.384766 0.915039 0.384766 0.894531 0.376953 0.879883 0.384766 0.868164 0.386719 0.857422 0.396484 0.847656 0.406250 0.833008 0.422852 0.837891
1 0.554688 0.836914 0.559570 0.851562 0.572266 0.852539 0.570312 0.861328 0.584961 0.867188 0.583008 0.887695 0.577148 0.907227 0.565430 0.916016 0.548828 0.910156 0.548828 0.910156 0.541016 0.932617 0.533203 0.925781 0.527344 0.934570 0.522461 0.924805 0.510742 0.931641 0.503906 0.926758 0.504883 0.916992 0.497070 0.911133 0.479492 0.906250 0.488281 0.901367 0.476562 0.895508 0.487305 0.889648 0.486328 0.876953 0.479492 0.870117 0.486328 0.867188 0.487305 0.856445 0.499023 0.855469 0.503906 0.846680 0.509766 0.849609 0.517578 0.837891 0.521484 0.841797 0.531250 0.836914 0.533203 0.842773 0.539062 0.838867 0.543945 0.833008 0.544922 0.841797
1 0.643555 0.858398 0.656250 0.849609 0.657227 0.860352 0.663086 0.861328 0.663086 0.870117 0.670898 0.871094 0.670898 0.871094 0.661133 0.884766 0.675781 0.885742 0.675781 0.885742 0.666016 0.892578 0.674805 0.900391 0.662109 0.902344 0.666016 0.910156 0.654297 0.911133 0.664062 0.920898 0.656250 0.921875 0.646484 0.927734 0.644531 0.935547 0.630859 0.924805 0.621094 0.938477 0.611328 0.927734 0.592773 0.921875 0.585938 0.906250 0.581055 0.897461 0.583984 0.885742 0.580078 0.874023 0.590820 0.871094 0.586914 0.862305 0.596680 0.851562 0.605469 0.846680 0.617188 0.853516 0.628906 0.846680 0.641602 0.846680
1 0.648438 0.953125 0.660156 0.948242 0.668945 0.952148 0.665039 0.963867 0.673828 0.968750 0.676758 0.972656 0.668945 0.982422 0.663086 0.986328 0.663086 0.986328 0.681641 1.000000 0.600586 1.000000 0.591797 0.979492 0.605469 0.979492 0.597656 0.967773 0.605469 0.959961 0.621094 0.961914 0.620117 0.948242 0.630859 0.943359
1 0.499023 1.000000 0.499023 0.986328 0.506836 0.978516 0.501953 0.962891 0.510742 0.963867 0.512695 0.949219 0.516602 0.950195 0.521484 0.939453 0.521484 0.939453 0.544922 0.941406 0.563477 0.947266 0.585938 0.954102 0.588867 0.971680 0.592773 0.979492 0.592773 0.979492 0.585938 0.983398 0.595703 0.992188 0.593750 1.000000
1 0.404297 1.000000 0.399414 0.987305 0.406250 0.974609 0.410156 0.960938 0.412109 0.946289 0.420898 0.952148 0.430664 0.938477 0.444336 0.938477 0.466797 0.944336 0.470703 0.951172 0.470703 0.958008 0.483398 0.958984 0.491211 0.968750 0.485352 0.976562 0.467773 0.985352 0.482422 0.988281 0.490234 0.993164 0.491211 1.000000
1 0.324219 0.947266 0.338867 0.936523 0.350586 0.937500 0.353516 0.949219 0.348633 0.958984 0.362305 0.958008 0.375000 0.964844 0.373047 0.975586 0.365234 0.978516 0.362305 0.982422 0.372070 1.000000 0.282227 1.000000 0.288086 0.988281 0.299805 0.980469 0.284180 0.974609 0.286133 0.964844 0.285156 0.958984 0.294922 0.956055 0.304688 0.953125 0.302734 0.941406 0.317383 0.937500