1 0.012695 0.064453 0.009766 0.078125 0.031250 0.069336 0.042969 0.075195 0.072266 0.085938 0.062500 0.068359 0.087891 0.066406 0.074219 0.053711 0.068359 0.034180 0.052734 0.042969 0.053711 0.016602 0.045898 0.025391 0.026367 0.007812 0.024414 0.023438 0.024414 0.023438 0.007812 0.017578 0.007812 0.017578 0.014648 0.041992 0.000000 0.051758 0.000000 0.065430
1 0.070312 0.006836 0.039062 0.014648 0.066406 0.023438 0.063477 0.038086 0.073242 0.051758 0.094727 0.042969 0.113281 0.077148 0.113281 0.077148 0.117188 0.063477 0.144531 0.081055 0.138672 0.061523 0.164062 0.069336 0.164062 0.070312 0.154297 0.049805 0.176758 0.051758 0.161133 0.038086 0.172852 0.033203 0.170898 0.023438 0.164062 0.015625 0.153320 0.008789 0.169922 0.000000 0.065430 0.000000
1 0.167969 0.027344 0.185547 0.013672 0.179688 0.038086 0.187500 0.047852 0.193359 0.041016 0.193359 0.041016 0.206055 0.056641 0.203125 0.022461 0.229492 0.041016 0.229492 0.020508 0.253906 0.038086 0.249023 0.020508 0.264648 0.016602 0.260742 0.010742 0.268555 0.000000 0.151367 0.000000
1 0.142578 0.073242 0.144531 0.090820 0.162109 0.079102 0.166016 0.095703 0.160156 0.107422 0.171875 0.112305 0.171875 0.112305 0.174805 0.121094 0.187500 0.135742 0.174805 0.133789 0.178711 0.144531 0.166992 0.141602 0.174805 0.159180 0.172852 0.177734 0.160156 0.170898 0.150391 0.172852 0.136719 0.173828 0.140625 0.187500 0.120117 0.179688 0.118164 0.168945 0.098633 0.167969 0.104492 0.149414 0.081055 0.148438 0.063477 0.138672 0.072266 0.121094 0.058594 0.111328 0.071289 0.102539 0.072266 0.083008 0.081055 0.088867 0.077148 0.069336 0.089844 0.077148 0.104492 0.066406 0.107422 0.078125 0.116211 0.078125 0.128906 0.064453 0.135742 0.074219
1 0.049805 0.109375 0.060547 0.133789 0.076172 0.132812 0.087891 0.149414 0.106445 0.153320 0.088867 0.160156 0.102539 0.181641 0.104492 0.208008 0.091797 0.201172 0.078125 0.175781 0.067383 0.190430 0.070312 0.209961 0.059570 0.203125 0.051758 0.177734 0.041992 0.175781 0.041992 0.175781 0.028320 0.191406 0.020508 0.179688 0.027344 0.163086 0.007812 0.166992 0.007812 0.151367 0.024414 0.145508 0.024414 0.135742 0.012695 0.133789 0.006836 0.121094 0.011719 0.120117 0.023438 0.123047 0.022461 0.112305 0.040039 0.118164 0.036133 0.105469 0.046875 0.101562
1 0.184570 0.061523 0.165039 0.061523 0.170898 0.071289 0.166992 0.075195 0.177734 0.081055 0.167969 0.087891 0.165039 0.104492 0.179688 0.100586 0.176758 0.112305 0.181641 0.119141 0.190430 0.120117 0.190430 0.120117 0.186523 0.131836 0.196289 0.142578 0.206055 0.127930 0.219727 0.140625 0.228516 0.132812 0.245117 0.135742 0.241211 0.124023 0.259766 0.133789 0.266602 0.125977 0.252930 0.112305 0.257812 0.107422 0.248047 0.098633 0.248047 0.085938 0.253906 0.078125 0.242188 0.067383 0.248047 0.056641 0.228516 0.058594 0.229492 0.046875 0.222656 0.043945 0.210938 0.043945 0.210938 0.043945 0.208008 0.060547 0.194336 0.040039 0.183594 0.041992 0.183594 0.041992 0.188477 0.055664 0.181641 0.056641
1 0.278320 0.008789 0.288086 0.022461 0.288086 0.022461 0.289062 0.006836 0.307617 0.005859 0.315430 0.015625 0.312500 0.022461 0.322266 0.021484 0.337891 0.024414 0.326172 0.036133 0.326172 0.051758 0.356445 0.052734 0.356445 0.063477 0.330078 0.067383 0.344727 0.082031 0.352539 0.093750 0.346680 0.111328 0.344727 0.119141 0.331055 0.114258 0.321289 0.112305 0.321289 0.112305 0.308594 0.099609 0.311523 0.117188 0.307617 0.123047 0.304688 0.117188 0.291992 0.103516 0.291992 0.087891 0.275391 0.113281 0.265625 0.113281 0.270508 0.089844 0.255859 0.099609 0.244141 0.095703 0.248047 0.084961 0.258789 0.076172 0.248047 0.075195 0.235352 0.068359 0.261719 0.058594 0.242188 0.053711 0.246094 0.044922 0.249023 0.031250 0.260742 0.030273 0.257812 0.017578 0.257812 0.017578 0.270508 0.021484 0.272461 0.005859
1 0.316406 0.125000 0.327148 0.126953 0.335938 0.126953 0.345703 0.136719 0.352539 0.138672 0.364258 0.146484 0.361328 0.153320 0.367188 0.164062 0.365234 0.173828 0.370117 0.193359 0.361328 0.195312 0.352539 0.208008 0.348633 0.215820 0.328125 0.209961 0.318359 0.217773 0.309570 0.206055 0.298828 0.208984 0.290039 0.191406 0.290039 0.191406 0.276367 0.187500 0.271484 0.174805 0.291992 0.159180 0.272461 0.155273 0.281250 0.141602 0.287109 0.132812 0.296875 0.140625 0.292969 0.123047
1 0.377930 0.201172 0.385742 0.206055 0.382812 0.211914 0.386719 0.223633 0.382812 0.225586 0.375000 0.232422 0.362305 0.238281 0.358398 0.226562 0.349609 0.218750 0.345703 0.212891 0.353516 0.206055 0.364258 0.192383 0.368164 0.200195
1 0.258789 0.170898 0.270508 0.172852 0.259766 0.183594 0.288086 0.196289 0.285156 0.201172 0.303711 0.223633 0.284180 0.228516 0.286133 0.240234 0.279297 0.241211 0.279297 0.254883 0.269531 0.251953 0.258789 0.257812 0.244141 0.257812 0.233398 0.248047 0.219727 0.250977 0.207031 0.239258 0.200195 0.225586 0.189453 0.198242 0.190430 0.177734 0.200195 0.176758 0.207031 0.158203 0.218750 0.164062 0.236328 0.154297 0.244141 0.160156 0.256836 0.153320 0.267578 0.156250 0.269531 0.161133
1 0.169922 0.199219 0.187500 0.192383 0.194336 0.204102 0.194336 0.222656 0.204102 0.228516 0.201172 0.232422 0.203125 0.239258 0.182617 0.250977 0.205078 0.260742 0.204102 0.272461 0.199219 0.271484 0.177734 0.268555 0.162109 0.282227 0.145508 0.269531 0.133789 0.262695 0.115234 0.269531 0.118164 0.254883 0.109375 0.239258 0.107422 0.217773 0.116211 0.219727 0.116211 0.219727 0.117188 0.206055 0.126953 0.198242 0.139648 0.208008 0.145508 0.184570 0.152344 0.192383 0.163086 0.186523
1 0.076172 0.228516 0.080078 0.213867 0.092773 0.212891 0.092773 0.227539 0.102539 0.214844 0.110352 0.237305 0.105469 0.248047 0.127930 0.267578 0.122070 0.270508 0.115234 0.278320 0.133789 0.296875 0.126953 0.305664 0.120117 0.315430 0.098633 0.302734 0.083984 0.298828 0.082031 0.315430 0.068359 0.309570 0.066406 0.323242 0.060547 0.310547 0.060547 0.295898 0.049805 0.307617 0.041992 0.294922 0.032227 0.293945 0.034180 0.281250 0.046875 0.271484 0.043945 0.266602 0.020508 0.270508 0.025391 0.256836 0.041016 0.252930 0.036133 0.252930 0.026367 0.246094 0.034180 0.240234 0.034180 0.240234 0.053711 0.248047 0.040039 0.232422 0.036133 0.220703 0.045898 0.219727 0.055664 0.229492 0.059570 0.215820 0.068359 0.215820 0.073242 0.215820
1 0.163086 0.295898 0.173828 0.289062 0.191406 0.291016 0.189453 0.307617 0.205078 0.304688 0.217773 0.305664 0.209961 0.313477 0.224609 0.325195 0.215820 0.335938 0.219727 0.344727 0.219727 0.344727 0.208008 0.346680 0.208008 0.346680 0.208984 0.358398 0.190430 0.352539 0.186523 0.364258 0.175781 0.373047 0.162109 0.362305 0.153320 0.358398 0.141602 0.370117 0.136719 0.358398 0.148438 0.343750 0.128906 0.348633 0.118164 0.343750 0.136719 0.331055 0.132812 0.321289 0.139648 0.312500 0.140625 0.296875 0.152344 0.300781 0.152344 0.294922
1 0.201172 0.357422 0.212891 0.353516 0.217773 0.370117 0.237305 0.373047 0.237305 0.373047 0.225586 0.389648 0.241211 0.403320 0.225586 0.412109 0.231445 0.432617 0.222656 0.433594 0.216797 0.439453 0.205078 0.428711 0.204102 0.448242 0.193359 0.445312 0.191406 0.431641 0.178711 0.436523 0.164062 0.436523 0.171875 0.419922 0.153320 0.419922 0.162109 0.405273 0.150391 0.398438 0.160156 0.390625 0.158203 0.380859 0.163086 0.374023 0.174805 0.381836 0.174805 0.362305 0.190430 0.370117 0.188477 0.359375 0.194336 0.352539
1 0.279297 0.404297 0.291016 0.398438 0.301758 0.403320 0.313477 0.412109 0.329102 0.410156 0.326172 0.420898 0.333008 0.427734 0.346680 0.444336 0.333008 0.450195 0.340820 0.462891 0.341797 0.476562 0.341797 0.476562 0.329102 0.477539 0.311523 0.475586 0.308594 0.488281 0.300781 0.478516 0.292969 0.483398 0.292969 0.483398 0.292969 0.496094 0.287109 0.484375 0.288086 0.473633 0.275391 0.473633 0.263672 0.485352 0.262695 0.473633 0.269531 0.463867 0.253906 0.467773 0.244141 0.453125 0.250977 0.448242 0.243164 0.436523 0.251953 0.435547 0.244141 0.426758 0.255859 0.414062 0.265625 0.400391 0.265625 0.400391 0.272461 0.410156
1 0.287109 0.324219 0.294922 0.321289 0.298828 0.337891 0.322266 0.333984 0.325195 0.343750 0.311523 0.351562 0.330078 0.356445 0.314453 0.366211 0.329102 0.377930 0.322266 0.381836 0.326172 0.387695 0.315430 0.386719 0.319336 0.396484 0.306641 0.395508 0.300781 0.405273 0.280273 0.406250 0.279297 0.393555 0.274414 0.410156 0.261719 0.412109 0.258789 0.393555 0.257812 0.387695 0.246094 0.396484 0.230469 0.397461 0.230469 0.397461 0.245117 0.375000 0.229492 0.372070 0.215820 0.365234 0.223633 0.356445 0.240234 0.354492 0.229492 0.345703 0.230469 0.328125 0.241211 0.333008 0.243164 0.326172 0.252930 0.332031 0.257812 0.327148 0.265625 0.339844
1 0.275391 0.262695 0.275391 0.280273 0.283203 0.281250 0.287109 0.277344 0.298828 0.274414 0.299805 0.289062 0.309570 0.301758 0.316406 0.313477 0.289062 0.314453 0.289062 0.314453 0.287109 0.328125 0.267578 0.345703 0.257812 0.329102 0.242188 0.333984 0.228516 0.331055 0.223633 0.304688 0.232422 0.297852 0.222656 0.284180 0.243164 0.286133 0.245117 0.262695 0.256836 0.268555
1 0.330078 0.231445 0.336914 0.239258 0.348633 0.235352 0.359375 0.239258 0.358398 0.249023 0.372070 0.250977 0.392578 0.255859 0.385742 0.262695 0.399414 0.272461 0.392578 0.284180 0.380859 0.282227 0.393555 0.304688 0.377930 0.302734 0.381836 0.315430 0.368164 0.308594 0.368164 0.326172 0.357422 0.328125 0.345703 0.325195 0.329102 0.323242 0.323242 0.310547 0.316406 0.295898 0.302734 0.300781 0.300781 0.290039 0.306641 0.287109 0.293945 0.275391 0.303711 0.268555 0.299805 0.247070 0.312500 0.248047 0.311523 0.234375
1 0.406250 0.327148 0.408203 0.338867 0.397461 0.345703 0.392578 0.339844 0.386719 0.343750 0.378906 0.347656 0.373047 0.335938 0.373047 0.335938 0.360352 0.331055 0.363281 0.325195 0.368164 0.308594 0.382812 0.306641 0.388672 0.318359 0.394531 0.313477 0.402344 0.314453
1 0.409180 0.369141 0.423828 0.375977 0.411133 0.382812 0.401367 0.389648 0.401367 0.389648 0.413086 0.410156 0.404297 0.412109 0.388672 0.401367 0.384766 0.418945 0.375977 0.420898 0.368164 0.397461 0.356445 0.415039 0.341797 0.421875 0.342773 0.409180 0.346680 0.396484 0.329102 0.402344 0.324219 0.392578 0.322266 0.383789 0.333008 0.376953 0.322266 0.368164 0.333984 0.363281 0.331055 0.344727 0.342773 0.339844 0.356445 0.351562 0.355469 0.335938 0.362305 0.327148 0.371094 0.334961 0.376953 0.348633 0.388672 0.340820 0.402344 0.344727 0.402344 0.344727 0.396484 0.358398 0.410156 0.357422 0.404297 0.366211
0 0.379883 0.433594 0.392578 0.432617 0.395508 0.442383 0.404297 0.434570 0.425781 0.440430 0.425781 0.452148 0.442383 0.454102 0.456055 0.457031 0.465820 0.462891 0.475586 0.474609 0.486328 0.487305 0.486328 0.509766 0.480469 0.520508 0.464844 0.522461 0.463867 0.538086 0.463867 0.538086 0.450195 0.531250 0.432617 0.538086 0.433594 0.526367 0.414062 0.532227 0.416016 0.519531 0.410156 0.528320 0.398438 0.530273 0.389648 0.522461 0.383789 0.528320 0.375977 0.508789 0.374023 0.500977 0.359375 0.516602 0.362305 0.499023 0.333008 0.497070 0.341797 0.478516 0.333984 0.459961 0.331055 0.448242 0.348633 0.447266 0.344727 0.421875 0.367188 0.433594 0.378906 0.423828
1 0.481445 0.387695 0.488281 0.376953 0.488281 0.376953 0.496094 0.379883 0.489258 0.396484 0.504883 0.396484 0.500977 0.406250 0.510742 0.412109 0.503906 0.419922 0.511719 0.426758 0.506836 0.448242 0.501953 0.445312 0.492188 0.445312 0.493164 0.458984 0.481445 0.468750 0.469727 0.457031 0.458008 0.459961 0.441406 0.459961 0.444336 0.441406 0.427734 0.443359 0.431641 0.433594 0.419922 0.429688 0.430664 0.424805 0.423828 0.420898 0.429688 0.413086 0.416016 0.405273 0.434570 0.404297 0.431641 0.383789 0.445312 0.390625 0.451172 0.377930 0.458008 0.385742 0.465820 0.375977 0.465820 0.375977
1 0.461914 0.314453 0.485352 0.310547 0.490234 0.320312 0.481445 0.334961 0.504883 0.340820 0.494141 0.350586 0.493164 0.367188 0.480469 0.362305 0.484375 0.378906 0.472656 0.373047 0.461914 0.366211 0.461914 0.365234 0.463867 0.383789 0.451172 0.378906 0.445312 0.367188 0.433594 0.380859 0.428711 0.367188 0.409180 0.375000 0.415039 0.361328 0.415039 0.361328 0.405273 0.360352 0.411133 0.355469 0.399414 0.349609 0.413086 0.338867 0.409180 0.317383 0.420898 0.320312 0.429688 0.307617 0.440430 0.316406 0.453125 0.310547
1 0.429688 0.183594 0.434570 0.195312 0.447266 0.190430 0.448242 0.203125 0.463867 0.196289 0.463867 0.196289 0.466797 0.208008 0.479492 0.221680 0.472656 0.228516 0.480469 0.239258 0.469727 0.240234 0.473633 0.253906 0.464844 0.250977 0.468750 0.263672 0.458984 0.262695 0.458984 0.262695 0.458008 0.268555 0.448242 0.266602 0.445312 0.279297 0.434570 0.268555 0.430664 0.279297 0.416992 0.275391 0.414062 0.264648 0.406250 0.263672 0.387695 0.257812 0.392578 0.250000 0.398438 0.250000 0.408203 0.241211 0.389648 0.237305 0.399414 0.229492 0.380859 0.224609 0.397461 0.217773 0.394531 0.200195 0.403320 0.202148 0.401367 0.194336 0.410156 0.195312 0.422852 0.194336
1 0.420898 0.126953 0.439453 0.133789 0.433594 0.137695 0.432617 0.149414 0.425781 0.150391 0.423828 0.157227 0.411133 0.162109 0.411133 0.162109 0.402344 0.153320 0.397461 0.161133 0.392578 0.154297 0.374023 0.156250 0.380859 0.135742 0.375977 0.119141 0.384766 0.107422 0.395508 0.102539 0.407227 0.100586 0.407227 0.100586 0.413086 0.106445 0.420898 0.107422
1 0.338867 0.000000 0.352539 0.014648 0.346680 0.021484 0.366211 0.023438 0.334961 0.037109 0.350586 0.036133 0.349609 0.045898 0.367188 0.041992 0.362305 0.060547 0.375000 0.081055 0.381836 0.063477 0.387695 0.074219 0.389648 0.092773 0.395508 0.076172 0.404297 0.093750 0.407227 0.071289 0.416016 0.081055 0.416992 0.063477 0.437500 0.078125 0.434570 0.067383 0.446289 0.067383 0.449219 0.055664 0.441406 0.042969 0.459961 0.044922 0.455078 0.032227 0.445312 0.025391 0.442383 0.012695 0.428711 0.005859 0.431641 0.000000
1 0.440430 0.000000 0.446289 0.006836 0.443359 0.013672 0.453125 0.021484 0.454102 0.027344 0.463867 0.048828 0.468750 0.042969 0.482422 0.046875 0.483398 0.040039 0.495117 0.045898 0.493164 0.037109 0.500977 0.040039 0.505859 0.027344 0.497070 0.016602 0.497070 0.000000
1 0.561523 0.081055 0.570312 0.092773 0.579102 0.090820 0.576172 0.101562 0.593750 0.108398 0.594727 0.121094 0.580078 0.124023 0.579102 0.140625 0.569336 0.137695 0.567383 0.146484 0.556641 0.134766 0.543945 0.142578 0.540039 0.132812 0.528320 0.137695 0.525391 0.127930 0.535156 0.115234 0.522461 0.101562 0.533203 0.099609 0.534180 0.082031 0.541992 0.082031 0.549805 0.088867 0.549805 0.088867
1 0.502930 0.160156 0.511719 0.167969 0.529297 0.153320 0.535156 0.165039 0.549805 0.160156 0.549805 0.160156 0.548828 0.173828 0.563477 0.183594 0.565430 0.197266 0.560547 0.198242 0.560547 0.202148 0.569336 0.220703 0.566406 0.232422 0.551758 0.228516 0.548828 0.243164 0.527344 0.234375 0.519531 0.226562 0.519531 0.226562 0.500000 0.263672 0.492188 0.249023 0.499023 0.225586 0.477539 0.237305 0.482422 0.216797 0.494141 0.207031 0.476562 0.207031 0.466797 0.191406 0.479492 0.191406 0.471680 0.174805 0.487305 0.176758 0.480469 0.161133 0.498047 0.167969
1 0.559570 0.237305 0.561523 0.242188 0.579102 0.235352 0.583984 0.246094 0.590820 0.251953 0.586914 0.257812 0.579102 0.268555 0.579102 0.268555 0.579102 0.285156 0.568359 0.274414 0.568359 0.274414 0.545898 0.286133 0.539062 0.262695 0.528320 0.271484 0.517578 0.254883 0.531250 0.252930 0.528320 0.228516 0.542969 0.242188
1 0.560547 0.299805 0.584961 0.298828 0.591797 0.307617 0.583008 0.315430 0.599609 0.323242 0.583984 0.326172 0.572266 0.325195 0.582031 0.339844 0.572266 0.341797 0.554688 0.343750 0.554688 0.343750 0.542969 0.338867 0.525391 0.346680 0.514648 0.334961 0.502930 0.344727 0.497070 0.323242 0.487305 0.304688 0.495117 0.291016 0.510742 0.290039 0.500977 0.270508 0.531250 0.280273 0.529297 0.269531 0.538086 0.263672 0.542969 0.286133 0.542969 0.286133 0.550781 0.276367 0.571289 0.274414
1 0.572266 0.380859 0.569336 0.393555 0.593750 0.386719 0.582031 0.407227 0.607422 0.418945 0.607422 0.418945 0.599609 0.424805 0.613281 0.432617 0.613281 0.457031 0.596680 0.445312 0.597656 0.460938 0.580078 0.456055 0.567383 0.464844 0.557617 0.457031 0.552734 0.474609 0.543945 0.469727 0.530273 0.470703 0.530273 0.457031 0.516602 0.457031 0.515625 0.440430 0.504883 0.437500 0.506836 0.424805 0.506836 0.414062 0.517578 0.415039 0.500977 0.404297 0.513672 0.400391 0.509766 0.389648 0.524414 0.393555 0.526367 0.379883 0.532227 0.371094 0.547852 0.386719
1 0.577148 0.496094 0.584961 0.511719 0.597656 0.495117 0.609375 0.498047 0.608398 0.513672 0.627930 0.506836 0.625977 0.517578 0.620117 0.533203 0.630859 0.544922 0.608398 0.546875 0.616211 0.561523 0.616211 0.561523 0.610352 0.565430 0.593750 0.556641 0.587891 0.572266 0.582031 0.566406 0.573242 0.575195 0.571289 0.566406 0.549805 0.575195 0.552734 0.557617 0.539062 0.556641 0.550781 0.544922 0.541016 0.542969 0.547852 0.524414 0.541016 0.500000 0.562500 0.507812 0.568359 0.488281
1 0.666992 0.504883 0.687500 0.494141 0.686523 0.506836 0.701172 0.508789 0.696289 0.518555 0.713867 0.512695 0.713867 0.523438 0.705078 0.530273 0.715820 0.532227 0.707031 0.551758 0.702148 0.555664 0.726562 0.569336 0.707031 0.576172 0.708984 0.585938 0.708984 0.585938 0.686523 0.583008 0.684570 0.604492 0.676758 0.594727 0.669922 0.604492 0.663086 0.580078 0.648438 0.602539 0.647461 0.576172 0.627930 0.593750 0.629883 0.572266 0.610352 0.564453 0.619141 0.550781 0.608398 0.545898 0.619141 0.533203 0.625977 0.516602 0.641602 0.522461 0.631836 0.508789 0.644531 0.507812 0.656250 0.513672
1 0.651367 0.445312 0.656250 0.432617 0.662109 0.439453 0.673828 0.435547 0.672852 0.441406 0.687500 0.444336 0.692383 0.452148 0.705078 0.460938 0.705078 0.460938 0.690430 0.472656 0.701172 0.485352 0.682617 0.490234 0.701172 0.500977 0.695312 0.505859 0.666992 0.500000 0.655273 0.512695 0.640625 0.506836 0.632812 0.496094 0.619141 0.485352 0.629883 0.479492 0.614258 0.470703 0.626953 0.466797 0.617188 0.453125 0.639648 0.454102 0.633789 0.440430
1 0.644531 0.430664 0.651367 0.406250 0.669922 0.418945 0.681641 0.412109 0.670898 0.405273 0.679688 0.401367 0.693359 0.389648 0.676758 0.383789 0.694336 0.378906 0.684570 0.365234 0.674805 0.364258 0.687500 0.348633 0.681641 0.343750 0.662109 0.356445 0.663086 0.335938 0.651367 0.340820 0.645508 0.333008 0.640625 0.341797 0.624023 0.340820 0.624023 0.350586 0.611328 0.340820 0.600586 0.354492 0.605469 0.362305 0.599609 0.368164 0.592773 0.393555 0.604492 0.394531 0.604492 0.394531 0.597656 0.413086 0.601562 0.420898 0.626953 0.409180
1 0.642578 0.250977 0.654297 0.255859 0.654297 0.266602 0.663086 0.279297 0.658203 0.283203 0.658203 0.283203 0.660156 0.294922 0.656250 0.306641 0.645508 0.303711 0.643555 0.313477 0.627930 0.297852 0.623047 0.314453 0.612305 0.300781 0.588867 0.303711 0.586914 0.291016 0.581055 0.283203 0.584961 0.268555 0.584961 0.258789 0.594727 0.248047 0.607422 0.240234 0.622070 0.238281
1 0.596680 0.133789 0.607422 0.139648 0.625977 0.138672 0.634766 0.146484 0.630859 0.155273 0.655273 0.154297 0.656250 0.167969 0.651367 0.183594 0.651367 0.195312 0.643555 0.200195 0.642578 0.211914 0.629883 0.210938 0.625000 0.221680 0.617188 0.227539 0.610352 0.216797 0.598633 0.223633 0.596680 0.210938 0.596680 0.210938 0.575195 0.214844 0.575195 0.214844 0.580078 0.200195 0.562500 0.196289 0.574219 0.180664 0.560547 0.171875 0.569336 0.167969 0.560547 0.159180 0.575195 0.149414 0.583984 0.135742 0.587891 0.144531
1 0.699219 0.101562 0.705078 0.113281 0.705078 0.113281 0.717773 0.108398 0.729492 0.119141 0.723633 0.125000 0.734375 0.129883 0.737305 0.148438 0.730469 0.151367 0.730469 0.167969 0.718750 0.166992 0.715820 0.179688 0.701172 0.192383 0.694336 0.179688 0.683594 0.185547 0.683594 0.185547 0.687500 0.164062 0.664062 0.165039 0.674805 0.144531 0.664062 0.137695 0.674805 0.126953 0.675781 0.107422 0.684570 0.117188
1 0.719727 0.211914 0.737305 0.202148 0.744141 0.215820 0.744141 0.215820 0.743164 0.227539 0.755859 0.244141 0.746094 0.252930 0.749023 0.271484 0.739258 0.269531 0.743164 0.285156 0.737305 0.292969 0.728516 0.282227 0.721680 0.289062 0.709961 0.299805 0.695312 0.295898 0.681641 0.294922 0.678711 0.279297 0.661133 0.283203 0.666992 0.272461 0.658203 0.267578 0.654297 0.250977 0.642578 0.239258 0.660156 0.237305 0.659180 0.220703 0.671875 0.221680 0.672852 0.189453 0.698242 0.207031 0.716797 0.194336 0.716797 0.194336
1 0.725586 0.314453 0.735352 0.325195 0.751953 0.308594 0.756836 0.328125 0.750977 0.336914 0.767578 0.336914 0.775391 0.347656 0.754883 0.354492 0.775391 0.365234 0.780273 0.378906 0.752930 0.378906 0.752930 0.378906 0.756836 0.397461 0.741211 0.390625 0.726562 0.402344 0.714844 0.394531 0.700195 0.392578 0.700195 0.375977 0.685547 0.365234 0.687500 0.343750 0.698242 0.339844 0.696289 0.328125 0.716797 0.326172
1 0.786133 0.425781 0.780273 0.436523 0.791992 0.442383 0.800781 0.460938 0.787109 0.465820 0.798828 0.480469 0.790039 0.484375 0.791016 0.493164 0.791016 0.493164 0.779297 0.491211 0.779297 0.506836 0.772461 0.503906 0.766602 0.510742 0.766602 0.510742 0.755859 0.509766 0.749023 0.521484 0.740234 0.509766 0.727539 0.509766 0.713867 0.501953 0.697266 0.492188 0.693359 0.471680 0.713867 0.463867 0.699219 0.448242 0.698242 0.433594 0.710938 0.432617 0.715820 0.421875 0.726562 0.403320 0.732422 0.415039 0.742188 0.409180 0.750000 0.415039 0.763672 0.408203 0.774414 0.416992 0.768555 0.430664 0.774414 0.428711
1 0.723633 0.000000 0.713867 0.014648 0.731445 0.018555 0.726562 0.046875 0.748047 0.040039 0.760742 0.046875 0.772461 0.029297 0.772461 0.029297 0.805664 0.045898 0.805664 0.045898 0.787109 0.017578 0.815430 0.010742 0.813477 0.000977
1 0.912109 0.010742 0.899414 0.000000 1.000000 0.000000 1.000000 0.068359 0.994141 0.064453 0.988281 0.057617 0.993164 0.075195 0.976562 0.073242 0.976562 0.073242 0.978516 0.085938 0.964844 0.070312 0.958984 0.092773 0.950195 0.072266 0.935547 0.094727 0.934570 0.083984 0.927734 0.090820 0.927734 0.073242 0.919922 0.065430 0.919922 0.065430 0.902344 0.061523 0.925781 0.035156 0.899414 0.014648
1 0.870117 0.013672 0.875000 0.021484 0.889648 0.015625 0.890625 0.028320 0.915039 0.030273 0.909180 0.039062 0.926758 0.037109 0.916016 0.051758 0.910156 0.061523 0.926758 0.065430 0.926758 0.065430 0.923828 0.073242 0.916016 0.074219 0.923828 0.088867 0.897461 0.090820 0.897461 0.090820 0.907227 0.107422 0.906250 0.116211 0.883789 0.109375 0.889648 0.130859 0.879883 0.124023 0.872070 0.136719 0.864258 0.130859 0.850586 0.135742 0.845703 0.123047 0.845703 0.123047 0.831055 0.111328 0.816406 0.107422 0.827148 0.091797 0.827148 0.091797 0.842773 0.079102 0.811523 0.064453 0.823242 0.058594 0.818359 0.042969 0.833008 0.039062 0.833008 0.027344 0.840820 0.029297 0.837891 0.018555 0.848633 0.026367 0.856445 0.021484 0.857422 0.021484
1 0.772461 0.041016 0.784180 0.048828 0.802734 0.042969 0.802734 0.042969 0.810547 0.055664 0.808594 0.066406 0.828125 0.071289 0.823242 0.079102 0.835938 0.085938 0.821289 0.096680 0.818359 0.107422 0.837891 0.117188 0.834961 0.123047 0.826172 0.122070 0.832031 0.137695 0.821289 0.134766 0.815430 0.146484 0.806641 0.140625 0.804688 0.150391 0.794922 0.145508 0.791016 0.155273 0.785156 0.148438 0.776367 0.155273 0.766602 0.146484 0.754883 0.149414 0.754883 0.127930 0.737305 0.132812 0.739258 0.116211 0.725586 0.112305 0.747070 0.096680 0.741211 0.085938 0.732422 0.073242 0.755859 0.067383 0.746094 0.051758 0.765625 0.051758
1 0.983398 0.100586 0.999023 0.092773 1.000000 0.190430 0.981445 0.183594 0.976562 0.204102 0.965820 0.204102 0.964844 0.176758 0.954102 0.185547 0.948242 0.177734 0.929688 0.188477 0.925781 0.175781 0.920898 0.164062 0.932617 0.152344 0.918945 0.151367 0.925781 0.137695 0.945312 0.136719 0.925781 0.113281 0.932617 0.100586 0.932617 0.100586 0.951172 0.115234 0.946289 0.096680 0.954102 0.100586 0.957031 0.090820 0.967773 0.094727 0.975586 0.090820
1 0.915039 0.180664 0.903320 0.188477 0.915039 0.194336 0.916016 0.202148 0.909180 0.208008 0.897461 0.219727 0.886719 0.212891 0.876953 0.225586 0.866211 0.226562 0.868164 0.205078 0.856445 0.210938 0.860352 0.200195 0.842773 0.201172 0.852539 0.193359 0.845703 0.188477 0.844727 0.174805 0.850586 0.166992 0.860352 0.171875 0.861328 0.158203 0.870117 0.166016 0.879883 0.153320 0.885742 0.166016 0.898438 0.161133 0.903320 0.172852
1 0.791992 0.168945 0.803711 0.148438 0.809570 0.166016 0.819336 0.166016 0.825195 0.171875 0.825195 0.171875 0.820312 0.181641 0.840820 0.173828 0.845703 0.182617 0.836914 0.188477 0.852539 0.188477 0.842773 0.202148 0.834961 0.201172 0.851562 0.212891 0.847656 0.216797 0.830078 0.215820 0.819336 0.225586 0.824219 0.245117 0.818359 0.250000 0.802734 0.231445 0.802734 0.231445 0.781250 0.254883 0.782227 0.232422 0.783203 0.218750 0.766602 0.223633 0.750000 0.219727 0.773438 0.203125 0.759766 0.194336 0.750000 0.180664 0.776367 0.180664 0.772461 0.162109 0.778320 0.148438
1 0.824219 0.261719 0.836914 0.256836 0.843750 0.254883 0.843750 0.276367 0.865234 0.285156 0.846680 0.302734 0.863281 0.310547 0.844727 0.319336 0.863281 0.331055 0.865234 0.344727 0.849609 0.342773 0.850586 0.360352 0.828125 0.344727 0.826172 0.365234 0.817383 0.372070 0.813477 0.349609 0.794922 0.362305 0.791016 0.355469 0.778320 0.357422 0.786133 0.336914 0.770508 0.341797 0.765625 0.329102 0.757812 0.323242 0.764648 0.304688 0.760742 0.295898 0.757812 0.280273 0.757812 0.280273 0.784180 0.283203 0.782227 0.265625 0.794922 0.268555 0.794922 0.268555 0.806641 0.255859 0.813477 0.261719
1 0.886719 0.236328 0.893555 0.243164 0.903320 0.229492 0.907227 0.237305 0.918945 0.236328 0.933594 0.240234 0.943359 0.255859 0.951172 0.272461 0.936523 0.278320 0.947266 0.306641 0.936523 0.312500 0.926758 0.309570 0.926758 0.309570 0.924805 0.331055 0.914062 0.318359 0.900391 0.338867 0.895508 0.329102 0.887695 0.330078 0.877930 0.324219 0.873047 0.315430 0.867188 0.301758 0.867188 0.301758 0.854492 0.300781 0.867188 0.281250 0.845703 0.278320 0.869141 0.256836 0.869141 0.239258
1 1.000000 0.210938 0.979492 0.215820 0.960938 0.211914 0.958984 0.222656 0.948242 0.238281 0.942383 0.252930 0.949219 0.257812 0.945312 0.270508 0.945312 0.283203 0.954102 0.282227 0.956055 0.304688 0.972656 0.293945 0.972656 0.301758 0.984375 0.298828 0.990234 0.306641 0.999023 0.310547
1 1.000000 0.307617 0.990234 0.311523 0.971680 0.313477 0.968750 0.327148 0.976562 0.333008 0.951172 0.337891 0.959961 0.356445 0.951172 0.368164 0.960938 0.373047 0.955078 0.385742 0.969727 0.381836 0.964844 0.393555 0.980469 0.390625 0.977539 0.407227 0.986328 0.403320 1.000000 0.426758
1 0.915039 0.341797 0.922852 0.331055 0.922852 0.331055 0.933594 0.340820 0.947266 0.336914 0.948242 0.354492 0.962891 0.365234 0.952148 0.378906 0.964844 0.404297 0.958984 0.408203 0.964844 0.414062 0.960938 0.416992 0.960938 0.416992 0.937500 0.415039 0.933594 0.435547 0.921875 0.432617 0.908203 0.426758 0.901367 0.416016 0.883789 0.433594 0.880859 0.418945 0.881836 0.399414 0.868164 0.397461 0.884766 0.385742 0.873047 0.374023 0.866211 0.358398 0.886719 0.360352 0.892578 0.335938 0.902344 0.348633 0.906250 0.330078
1 0.833984 0.370117 0.841797 0.380859 0.850586 0.369141 0.850586 0.369141 0.861328 0.379883 0.859375 0.388672 0.868164 0.384766 0.875000 0.391602 0.866211 0.399414 0.885742 0.415039 0.875977 0.423828 0.875977 0.423828 0.861328 0.424805 0.868164 0.456055 0.868164 0.456055 0.861328 0.460938 0.844727 0.437500 0.842773 0.461914 0.832031 0.457031 0.826172 0.468750 0.805664 0.469727 0.806641 0.454102 0.794922 0.453125 0.792969 0.440430 0.781250 0.437500 0.788086 0.423828 0.782227 0.411133 0.779297 0.395508 0.794922 0.401367 0.794922 0.386719 0.794922 0.386719 0.799805 0.371094 0.808594 0.375977 0.820312 0.369141 0.827148 0.378906
1 0.851562 0.476562 0.860352 0.487305 0.869141 0.479492 0.875000 0.485352 0.884766 0.494141 0.884766 0.503906 0.898438 0.508789 0.879883 0.521484 0.891602 0.553711 0.877930 0.550781 0.875977 0.560547 0.863281 0.555664 0.853516 0.568359 0.854492 0.568359 0.837891 0.561523 0.817383 0.555664 0.821289 0.540039 0.801758 0.532227 0.806641 0.516602 0.813477 0.505859 0.811523 0.494141 0.820312 0.486328 0.829102 0.494141 0.836914 0.473633
1 0.935547 0.451172 0.938477 0.458984 0.948242 0.449219 0.953125 0.461914 0.965820 0.458008 0.965820 0.458008 0.969727 0.467773 0.969727 0.467773 0.959961 0.482422 0.987305 0.491211 0.982422 0.498047 0.987305 0.505859 0.969727 0.507812 0.981445 0.525391 0.981445 0.525391 0.973633 0.530273 0.955078 0.522461 0.958008 0.549805 0.936523 0.541016 0.936523 0.527344 0.916992 0.537109 0.916992 0.523438 0.894531 0.526367 0.904297 0.514648 0.899414 0.504883 0.889648 0.494141 0.908203 0.484375 0.904297 0.459961 0.921875 0.467773 0.924805 0.450195
1 0.895508 0.576172 0.905273 0.579102 0.900391 0.590820 0.906250 0.599609 0.891602 0.610352 0.902344 0.622070 0.897461 0.628906 0.889648 0.627930 0.891602 0.639648 0.874023 0.632812 0.874023 0.632812 0.875977 0.654297 0.863281 0.643555 0.857422 0.629883 0.842773 0.641602 0.846680 0.621094 0.825195 0.631836 0.832031 0.615234 0.808594 0.618164 0.825195 0.606445 0.821289 0.583008 0.833008 0.587891 0.828125 0.574219 0.838867 0.578125 0.845703 0.570312 0.856445 0.569336 0.869141 0.571289 0.878906 0.566406 0.887695 0.579102
1 0.969727 0.602539 0.968750 0.610352 0.980469 0.608398 0.986328 0.617188 0.996094 0.623047 0.996094 0.627930 0.975586 0.631836 0.984375 0.642578 0.989258 0.655273 0.973633 0.652344 0.972656 0.668945 0.955078 0.662109 0.944336 0.675781 0.936523 0.676758 0.935547 0.661133 0.920898 0.665039 0.907227 0.657227 0.914062 0.649414 0.912109 0.636719 0.912109 0.636719 0.898438 0.626953 0.915039 0.625000 0.907227 0.606445 0.930664 0.613281 0.926758 0.604492 0.934570 0.596680 0.947266 0.598633 0.958984 0.595703
0 0.952148 0.709961 0.965820 0.718750 0.975586 0.713867 0.989258 0.702148 0.988281 0.720703 1.000000 0.721680 0.999023 0.778320 0.986328 0.783203 0.982422 0.787109 0.976562 0.791016 0.970703 0.790039 0.965820 0.787109 0.960938 0.786133 0.957031 0.782227 0.949219 0.783203 0.944336 0.786133 0.941406 0.791016 0.933594 0.791992 0.932617 0.787109 0.932617 0.781250 0.929688 0.777344 0.924805 0.775391 0.918945 0.775391 0.915039 0.779297 0.913086 0.784180 0.910156 0.788086 0.905273 0.786133 0.900391 0.786133 0.895508 0.782227 0.890625 0.779297 0.882812 0.771484 0.881836 0.765625 0.886719 0.762695 0.889648 0.756836 0.888672 0.745117 0.882812 0.730469 0.885742 0.725586 0.891602 0.726562 0.897461 0.724609 0.900391 0.719727 0.906250 0.708984 0.911133 0.709961 0.916992 0.711914 0.921875 0.709961 0.923828 0.705078 0.924805 0.700195 0.929688 0.698242 0.933594 0.701172 0.940430 0.708984
1 0.910156 0.708008 0.920898 0.700195 0.897461 0.698242 0.891602 0.681641 0.875000 0.688477 0.865234 0.677734 0.860352 0.687500 0.860352 0.687500 0.846680 0.684570 0.846680 0.690430 0.846680 0.690430 0.835938 0.693359 0.838867 0.707031 0.830078 0.712891 0.833008 0.720703 0.832031 0.728516 0.842773 0.734375 0.850586 0.738281 0.846680 0.746094 0.855469 0.757812 0.867188 0.756836 0.874023 0.759766 0.886719 0.749023 0.882812 0.730469 0.896484 0.724609
1 0.785156 0.670898 0.797852 0.656250 0.800781 0.666992 0.818359 0.661133 0.807617 0.678711 0.820312 0.686523 0.817383 0.691406 0.836914 0.698242 0.828125 0.706055 0.822266 0.716797 0.823242 0.724609 0.806641 0.716797 0.809570 0.736328 0.795898 0.727539 0.794922 0.740234 0.786133 0.735352 0.785156 0.743164 0.777344 0.740234 0.765625 0.741211 0.767578 0.726562 0.753906 0.726562 0.747070 0.717773 0.750000 0.707031 0.735352 0.710938 0.730469 0.701172 0.741211 0.691406 0.758789 0.685547 0.746094 0.678711 0.737305 0.674805 0.737305 0.666992 0.751953 0.667969 0.766602 0.668945 0.770508 0.651367 0.781250 0.659180 0.781250 0.659180
1 0.682617 0.630859 0.697266 0.615234 0.706055 0.623047 0.706055 0.623047 0.707031 0.636719 0.718750 0.640625 0.720703 0.645508 0.733398 0.648438 0.726562 0.655273 0.738281 0.663086 0.737305 0.675781 0.737305 0.675781 0.718750 0.675781 0.730469 0.698242 0.709961 0.690430 0.706055 0.706055 0.687500 0.690430 0.665039 0.707031 0.662109 0.694336 0.656250 0.689453 0.638672 0.677734 0.649414 0.666016 0.637695 0.659180 0.644531 0.644531 0.649414 0.628906 0.663086 0.631836 0.675781 0.619141
1 0.598633 0.601562 0.615234 0.599609 0.608398 0.616211 0.621094 0.618164 0.614258 0.630859 0.601562 0.639648 0.613281 0.649414 0.601562 0.660156 0.590820 0.652344 0.579102 0.675781 0.571289 0.666992 0.554688 0.673828 0.554688 0.673828 0.553711 0.663086 0.543945 0.665039 0.543945 0.658203 0.531250 0.652344 0.536133 0.643555 0.532227 0.629883 0.541992 0.624023 0.540039 0.612305 0.551758 0.615234 0.553711 0.594727 0.563477 0.604492 0.570312 0.596680 0.570312 0.596680 0.576172 0.601562 0.582031 0.589844 0.584961 0.594727 0.594727 0.590820
1 0.491211 0.583008 0.502930 0.583008 0.513672 0.586914 0.524414 0.597656 0.513672 0.604492 0.523438 0.617188 0.519531 0.623047 0.519531 0.623047 0.503906 0.618164 0.503906 0.633789 0.488281 0.629883 0.479492 0.622070 0.469727 0.615234 0.465820 0.599609 0.471680 0.581055
1 0.404297 0.546875 0.416992 0.539062 0.415039 0.552734 0.428711 0.541016 0.439453 0.541016 0.425781 0.564453 0.440430 0.568359 0.431641 0.577148 0.457031 0.583984 0.463867 0.595703 0.463867 0.601562 0.463867 0.601562 0.443359 0.599609 0.451172 0.613281 0.433594 0.613281 0.433594 0.625000 0.421875 0.630859 0.413086 0.613281 0.410156 0.622070 0.400391 0.617188 0.401367 0.624023 0.384766 0.623047 0.391602 0.601562 0.375000 0.612305 0.375000 0.602539 0.375000 0.602539 0.361328 0.612305 0.361328 0.603516 0.350586 0.598633 0.364258 0.590820 0.347656 0.586914 0.364258 0.575195 0.345703 0.566406 0.361328 0.558594 0.358398 0.547852 0.381836 0.556641 0.376953 0.544922 0.383789 0.540039 0.389648 0.549805 0.391602 0.546875 0.391602 0.531250 0.397461 0.527344 0.397461 0.527344 0.403320 0.539062
1 0.304688 0.509766 0.315430 0.529297 0.326172 0.522461 0.337891 0.523438 0.336914 0.527344 0.323242 0.537109 0.334961 0.544922 0.334961 0.544922 0.328125 0.550781 0.347656 0.553711 0.353516 0.560547 0.344727 0.565430 0.356445 0.575195 0.352539 0.580078 0.336914 0.572266 0.338867 0.582031 0.323242 0.580078 0.322266 0.594727 0.312500 0.585938 0.298828 0.575195 0.285156 0.590820 0.276367 0.586914 0.280273 0.577148 0.284180 0.566406 0.271484 0.574219 0.272461 0.560547 0.257812 0.561523 0.252930 0.549805 0.258789 0.539062 0.255859 0.524414 0.270508 0.524414 0.276367 0.514648 0.274414 0.502930 0.284180 0.504883 0.290039 0.514648
1 0.232422 0.525391 0.238281 0.537109 0.238281 0.549805 0.222656 0.554688 0.208008 0.556641 0.208008 0.556641 0.196289 0.551758 0.184570 0.547852 0.175781 0.536133 0.178711 0.520508 0.190430 0.521484 0.200195 0.528320 0.210938 0.525391 0.212891 0.518555 0.220703 0.513672
1 0.139648 0.466797 0.154297 0.460938 0.155273 0.469727 0.148438 0.479492 0.157227 0.491211 0.169922 0.501953 0.165039 0.507812 0.179688 0.518555 0.177734 0.525391 0.159180 0.518555 0.166992 0.536133 0.157227 0.532227 0.152344 0.539062 0.136719 0.524414 0.136719 0.543945 0.122070 0.543945 0.118164 0.529297 0.116211 0.514648 0.105469 0.526367 0.092773 0.535156 0.087891 0.512695 0.071289 0.516602 0.077148 0.508789 0.063477 0.506836 0.076172 0.493164 0.068359 0.484375 0.074219 0.480469 0.056641 0.475586 0.053711 0.463867 0.073242 0.466797 0.073242 0.466797 0.079102 0.448242 0.087891 0.458008 0.097656 0.461914 0.092773 0.448242 0.097656 0.437500 0.106445 0.443359 0.114258 0.439453 0.123047 0.436523 0.125000 0.455078 0.132812 0.460938
1 0.057617 0.448242 0.063477 0.436523 0.048828 0.438477 0.036133 0.418945 0.032227 0.423828 0.019531 0.418945 0.019531 0.430664 0.007812 0.433594 0.000000 0.432617 0.000000 0.432617 0.000000 0.494141 0.008789 0.495117 0.013672 0.500977 0.019531 0.502930 0.018555 0.520508 0.025391 0.526367 0.043945 0.500977 0.058594 0.513672 0.066406 0.519531 0.066406 0.519531 0.063477 0.496094 0.053711 0.476562 0.053711 0.476562 0.054688 0.462891
1 0.039062 0.527344 0.036133 0.542969 0.044922 0.553711 0.051758 0.541016 0.070312 0.530273 0.081055 0.525391 0.079102 0.535156 0.065430 0.547852 0.059570 0.562500 0.059570 0.562500 0.069336 0.565430 0.076172 0.578125 0.064453 0.583008 0.072266 0.598633 0.061523 0.597656 0.068359 0.614258 0.050781 0.604492 0.047852 0.627930 0.039062 0.617188 0.029297 0.596680 0.029297 0.596680 0.023438 0.611328 0.023438 0.622070 0.011719 0.613281 0.002930 0.602539 0.001953 0.590820 0.000000 0.590820 0.000000 0.515625 0.018555 0.536133 0.018555 0.536133 0.026367 0.524414
1 0.099609 0.536133 0.105469 0.541992 0.110352 0.534180 0.120117 0.547852 0.128906 0.540039 0.142578 0.540039 0.137695 0.554688 0.151367 0.545898 0.158203 0.546875 0.166992 0.550781 0.165039 0.559570 0.157227 0.566406 0.164062 0.573242 0.178711 0.584961 0.178711 0.584961 0.178711 0.599609 0.157227 0.599609 0.164062 0.621094 0.158203 0.621094 0.143555 0.618164 0.132812 0.613281 0.129883 0.624023 0.116211 0.630859 0.112305 0.607422 0.095703 0.618164 0.084961 0.614258 0.085938 0.603516 0.076172 0.596680 0.068359 0.592773 0.075195 0.590820 0.069336 0.583008 0.075195 0.579102 0.069336 0.566406 0.082031 0.563477 0.082031 0.549805 0.088867 0.541016 0.091797 0.546875
1 0.231445 0.556641 0.238281 0.562500 0.250000 0.558594 0.253906 0.566406 0.266602 0.567383 0.264648 0.584961 0.285156 0.593750 0.288086 0.601562 0.272461 0.609375 0.283203 0.622070 0.272461 0.626953 0.265625 0.619141 0.257812 0.625977 0.243164 0.623047 0.243164 0.641602 0.228516 0.634766 0.204102 0.641602 0.203125 0.626953 0.203125 0.626953 0.182617 0.635742 0.178711 0.623047 0.190430 0.613281 0.175781 0.602539 0.187500 0.592773 0.185547 0.575195 0.198242 0.573242 0.208008 0.564453 0.214844 0.565430 0.231445 0.550781
1 0.031250 0.623047 0.037109 0.639648 0.055664 0.621094 0.064453 0.627930 0.059570 0.652344 0.086914 0.647461 0.103516 0.638672 0.095703 0.663086 0.082031 0.673828 0.104492 0.686523 0.090820 0.692383 0.090820 0.692383 0.085938 0.702148 0.077148 0.715820 0.066406 0.723633 0.044922 0.721680 0.031250 0.722656 0.031250 0.722656 0.012695 0.710938 0.000000 0.700195 0.000000 0.641602 0.020508 0.612305
1 0.158203 0.625977 0.162109 0.635742 0.170898 0.637695 0.171875 0.644531 0.181641 0.645508 0.180664 0.655273 0.173828 0.660156 0.176758 0.672852 0.176758 0.672852 0.172852 0.685547 0.169922 0.691406 0.160156 0.692383 0.165039 0.720703 0.146484 0.705078 0.135742 0.715820 0.127930 0.701172 0.110352 0.703125 0.113281 0.684570 0.096680 0.676758 0.118164 0.669922 0.118164 0.669922 0.104492 0.662109 0.105469 0.650391 0.116211 0.653320 0.120117 0.639648 0.128906 0.646484 0.133789 0.629883 0.148438 0.640625
1 0.305664 0.645508 0.291992 0.658203 0.309570 0.657227 0.310547 0.665039 0.291992 0.672852 0.299805 0.684570 0.293945 0.696289 0.308594 0.711914 0.295898 0.711914 0.283203 0.706055 0.291016 0.726562 0.282227 0.727539 0.272461 0.715820 0.271484 0.736328 0.257812 0.722656 0.249023 0.717773 0.243164 0.733398 0.223633 0.740234 0.220703 0.715820 0.209961 0.719727 0.196289 0.721680 0.196289 0.712891 0.175781 0.714844 0.178711 0.701172 0.186523 0.692383 0.170898 0.690430 0.173828 0.683594 0.191406 0.678711 0.177734 0.668945 0.170898 0.661133 0.187500 0.662109 0.182617 0.647461 0.190430 0.647461 0.188477 0.631836 0.195312 0.627930 0.199219 0.643555 0.218750 0.633789 0.225586 0.641602 0.229492 0.625000 0.240234 0.623047 0.245117 0.633789 0.253906 0.631836 0.264648 0.620117 0.270508 0.629883 0.285156 0.628906 0.278320 0.649414 0.296875 0.639648 0.309570 0.639648
1 0.340820 0.623047 0.347656 0.622070 0.354492 0.633789 0.361328 0.620117 0.377930 0.625000 0.388672 0.627930 0.394531 0.641602 0.409180 0.648438 0.402344 0.661133 0.391602 0.674805 0.400391 0.685547 0.405273 0.702148 0.406250 0.710938 0.398438 0.725586 0.379883 0.718750 0.379883 0.718750 0.380859 0.734375 0.371094 0.735352 0.358398 0.731445 0.352539 0.735352 0.343750 0.720703 0.334961 0.730469 0.334961 0.730469 0.328125 0.720703 0.317383 0.719727 0.309570 0.723633 0.305664 0.702148 0.293945 0.697266 0.299805 0.682617 0.288086 0.673828 0.306641 0.667969 0.302734 0.653320 0.307617 0.646484 0.310547 0.637695 0.323242 0.634766 0.324219 0.624023 0.334961 0.620117
1 0.456055 0.625977 0.463867 0.646484 0.483398 0.622070 0.489258 0.630859 0.499023 0.634766 0.495117 0.648438 0.492188 0.665039 0.522461 0.660156 0.516602 0.668945 0.522461 0.672852 0.522461 0.672852 0.501953 0.683594 0.507812 0.687500 0.489258 0.694336 0.489258 0.694336 0.508789 0.706055 0.497070 0.709961 0.504883 0.721680 0.488281 0.726562 0.479492 0.733398 0.468750 0.729492 0.463867 0.750977 0.453125 0.733398 0.444336 0.740234 0.444336 0.725586 0.423828 0.730469 0.416992 0.723633 0.422852 0.712891 0.405273 0.715820 0.413086 0.703125 0.397461 0.697266 0.406250 0.686523 0.393555 0.673828 0.411133 0.664062 0.407227 0.657227 0.417969 0.642578 0.442383 0.650391 0.443359 0.630859
1 0.533203 0.724609 0.536133 0.742188 0.548828 0.730469 0.555664 0.735352 0.551758 0.751953 0.567383 0.750977 0.580078 0.755859 0.580078 0.755859 0.583984 0.768555 0.569336 0.778320 0.578125 0.787109 0.569336 0.789062 0.582031 0.799805 0.577148 0.811523 0.571289 0.814453 0.553711 0.806641 0.565430 0.825195 0.558594 0.826172 0.558594 0.834961 0.544922 0.836914 0.537109 0.840820 0.527344 0.826172 0.519531 0.843750 0.506836 0.823242 0.491211 0.828125 0.473633 0.822266 0.480469 0.811523 0.470703 0.807617 0.474609 0.802734 0.464844 0.793945 0.470703 0.788086 0.462891 0.778320 0.478516 0.771484 0.477539 0.749023 0.486328 0.750977 0.487305 0.736328 0.498047 0.729492 0.508789 0.742188 0.521484 0.733398
1 0.448242 0.764648 0.477539 0.768555 0.469727 0.780273 0.445312 0.781250 0.465820 0.806641 0.464844 0.818359 0.454102 0.819336 0.448242 0.828125 0.431641 0.822266 0.431641 0.822266 0.429688 0.840820 0.416016 0.834961 0.411133 0.810547 0.380859 0.825195 0.383789 0.804688 0.367188 0.802734 0.373047 0.793945 0.354492 0.789062 0.373047 0.779297 0.361328 0.770508 0.368164 0.758789 0.369141 0.742188 0.385742 0.747070 0.393555 0.730469 0.405273 0.738281 0.415039 0.720703 0.420898 0.739258 0.439453 0.730469 0.447266 0.742188 0.455078 0.735352 0.462891 0.750000
1 0.343750 0.750000 0.365234 0.746094 0.363281 0.765625 0.363281 0.765625 0.350586 0.772461 0.372070 0.778320 0.370117 0.795898 0.367188 0.803711 0.344727 0.799805 0.342773 0.806641 0.327148 0.807617 0.333008 0.826172 0.319336 0.832031 0.305664 0.807617 0.291992 0.824219 0.280273 0.811523 0.262695 0.820312 0.260742 0.798828 0.249023 0.795898 0.248047 0.764648 0.252930 0.762695 0.259766 0.761719 0.258789 0.747070 0.251953 0.718750 0.269531 0.717773 0.286133 0.745117 0.278320 0.716797 0.291992 0.712891 0.303711 0.725586 0.306641 0.732422 0.325195 0.718750 0.340820 0.723633 0.335938 0.743164
1 0.233398 0.739258 0.254883 0.738281 0.259766 0.749023 0.243164 0.760742 0.251953 0.771484 0.251953 0.788086 0.232422 0.783203 0.245117 0.803711 0.239258 0.814453 0.218750 0.796875 0.208008 0.794922 0.205078 0.814453 0.193359 0.819336 0.184570 0.792969 0.164062 0.814453 0.155273 0.803711 0.173828 0.788086 0.145508 0.787109 0.156250 0.781250 0.143555 0.764648 0.144531 0.747070 0.156250 0.748047 0.156250 0.730469 0.164062 0.738281 0.168945 0.724609 0.175781 0.729492 0.178711 0.715820 0.186523 0.725586 0.199219 0.712891 0.211914 0.715820 0.212891 0.724609 0.220703 0.721680 0.223633 0.738281
1 0.104492 0.711914 0.107422 0.731445 0.119141 0.721680 0.136719 0.718750 0.128906 0.737305 0.146484 0.735352 0.146484 0.735352 0.155273 0.744141 0.142578 0.754883 0.143555 0.765625 0.152344 0.776367 0.140625 0.778320 0.153320 0.790039 0.146484 0.793945 0.133789 0.793945 0.132812 0.805664 0.118164 0.801758 0.112305 0.817383 0.099609 0.808594 0.094727 0.817383 0.083984 0.805664 0.060547 0.806641 0.065430 0.788086 0.043945 0.790039 0.055664 0.770508 0.041992 0.758789 0.041992 0.758789 0.056641 0.750977 0.049805 0.738281 0.057617 0.725586 0.071289 0.732422 0.081055 0.713867 0.091797 0.707031
1 0.040039 0.800781 0.053711 0.782227 0.059570 0.808594 0.059570 0.808594 0.083984 0.804688 0.105469 0.810547 0.112305 0.823242 0.105469 0.830078 0.123047 0.840820 0.134766 0.855469 0.104492 0.857422 0.116211 0.878906 0.112305 0.885742 0.112305 0.885742 0.098633 0.882812 0.099609 0.904297 0.087891 0.887695 0.078125 0.918945 0.070312 0.901367 0.053711 0.916992 0.055664 0.893555 0.042969 0.896484 0.022461 0.916992 0.019531 0.896484 0.000000 0.888672 0.000000 0.875000 0.013672 0.870117 0.000000 0.864258 0.001953 0.809570 0.022461 0.800781 0.036133 0.790039
1 0.147461 0.813477 0.166992 0.834961 0.168945 0.816406 0.182617 0.807617 0.185547 0.831055 0.212891 0.814453 0.212891 0.814453 0.208984 0.831055 0.215820 0.828125 0.221680 0.829102 0.218750 0.833984 0.213867 0.845703 0.213867 0.845703 0.225586 0.848633 0.221680 0.852539 0.227539 0.860352 0.212891 0.866211 0.215820 0.888672 0.215820 0.888672 0.201172 0.886719 0.208008 0.907227 0.196289 0.901367 0.196289 0.910156 0.186523 0.904297 0.182617 0.916992 0.165039 0.904297 0.148438 0.916016 0.139648 0.905273 0.141602 0.896484 0.125977 0.896484 0.127930 0.882812 0.111328 0.883789 0.107422 0.873047 0.125977 0.865234 0.118164 0.852539 0.117188 0.833008 0.130859 0.835938
1 0.307617 0.838867 0.314453 0.836914 0.323242 0.833984 0.333008 0.840820 0.326172 0.847656 0.307617 0.854492 0.320312 0.861328 0.320312 0.875000 0.299805 0.877930 0.305664 0.889648 0.321289 0.901367 0.307617 0.914062 0.282227 0.902344 0.286133 0.933594 0.272461 0.928711 0.260742 0.907227 0.256836 0.910156 0.242188 0.924805 0.231445 0.921875 0.231445 0.921875 0.241211 0.900391 0.228516 0.900391 0.221680 0.893555 0.204102 0.888672 0.215820 0.886719 0.217773 0.876953 0.205078 0.872070 0.210938 0.864258 0.228516 0.868164 0.217773 0.842773 0.229492 0.841797 0.231445 0.833008 0.231445 0.833008 0.241211 0.830078 0.247070 0.818359 0.258789 0.814453 0.266602 0.823242 0.278320 0.807617 0.279297 0.826172 0.293945 0.819336 0.304688 0.809570 0.309570 0.826172
1 0.352539 0.821289 0.365234 0.828125 0.370117 0.835938 0.380859 0.826172 0.383789 0.835938 0.404297 0.827148 0.403320 0.833008 0.416992 0.833984 0.411133 0.840820 0.419922 0.841797 0.415039 0.850586 0.424805 0.856445 0.416992 0.867188 0.424805 0.882812 0.424805 0.882812 0.415039 0.888672 0.418945 0.895508 0.407227 0.897461 0.410156 0.913086 0.399414 0.912109 0.401367 0.923828 0.383789 0.915039 0.378906 0.930664 0.363281 0.911133 0.342773 0.929688 0.335938 0.913086 0.335938 0.913086 0.323242 0.921875 0.329102 0.908203 0.317383 0.906250 0.305664 0.889648 0.305664 0.889648 0.311523 0.879883 0.325195 0.872070 0.313477 0.867188 0.311523 0.852539 0.317383 0.834961 0.329102 0.838867 0.332031 0.828125
1 0.000000 0.908203 0.016602 0.899414 0.018555 0.928711 0.033203 0.905273 0.044922 0.897461 0.052734 0.911133 0.052734 0.911133 0.049805 0.929688 0.074219 0.926758 0.077148 0.944336 0.077148 0.944336 0.059570 0.949219 0.058594 0.965820 0.066406 0.986328 0.047852 0.986328 0.041016 1.000000 0.023438 0.988281 0.019531 1.000000 0.000000 1.000000
1 0.106445 0.924805 0.098633 0.893555 0.114258 0.907227 0.129883 0.897461 0.134766 0.921875 0.143555 0.906250 0.166992 0.904297 0.169922 0.918945 0.180664 0.919922 0.182617 0.934570 0.182617 0.934570 0.173828 0.946289 0.160156 0.955078 0.191406 0.966797 0.169922 0.974609 0.178711 0.983398 0.174805 0.986328 0.166992 1.000000 0.067383 1.000000 0.054688 0.981445 0.072266 0.973633 0.072266 0.973633 0.056641 0.961914 0.067383 0.942383 0.079102 0.949219 0.072266 0.928711 0.084961 0.932617 0.086914 0.910156
1 0.194336 0.909180 0.206055 0.926758 0.221680 0.916992 0.216797 0.901367 0.224609 0.895508 0.230469 0.905273 0.230469 0.905273 0.235352 0.936523 0.248047 0.922852 0.260742 0.908203 0.267578 0.923828 0.256836 0.937500 0.303711 0.920898 0.303711 0.920898 0.286133 0.938477 0.271484 0.948242 0.286133 0.959961 0.278320 0.968750 0.260742 0.974609 0.277344 1.000000 0.172852 1.000000 0.177734 0.982422 0.189453 0.972656 0.180664 0.972656 0.166016 0.969727 0.166016 0.969727 0.162109 0.952148 0.187500 0.948242 0.181641 0.926758 0.182617 0.916016
1 0.317383 0.913086 0.334961 0.938477 0.334961 0.938477 0.335938 0.921875 0.363281 0.912109 0.364258 0.933594 0.391602 0.926758 0.386719 0.937500 0.399414 0.939453 0.382812 0.956055 0.395508 0.963867 0.386719 0.971680 0.397461 0.988281 0.384766 1.000000 0.295898 1.000000 0.273438 0.986328 0.297852 0.968750 0.279297 0.958984 0.275391 0.939453 0.275391 0.939453 0.306641 0.942383 0.301758 0.921875
1 0.448242 0.926758 0.459961 0.932617 0.482422 0.933594 0.500977 0.939453 0.489258 0.949219 0.499023 0.966797 0.478516 0.975586 0.496094 0.985352 0.486328 0.994141 0.471680 0.996094 0.472656 1.000000 0.383789 1.000000 0.405273 0.980469 0.382812 0.972656 0.394531 0.954102 0.404297 0.934570 0.416992 0.922852 0.416992 0.922852 0.425781 0.930664 0.426758 0.915039 0.445312 0.913086
1 0.456055 0.825195 0.462891 0.843750 0.437500 0.843750 0.437500 0.843750 0.431641 0.858398 0.438477 0.865234 0.431641 0.871094 0.426758 0.889648 0.423828 0.896484 0.439453 0.900391 0.438477 0.915039 0.447266 0.930664 0.460938 0.924805 0.460938 0.934570 0.460938 0.934570 0.466797 0.928711 0.492188 0.943359 0.513672 0.925781 0.524414 0.918945 0.541016 0.908203 0.546875 0.899414 0.550781 0.883789 0.527344 0.882812 0.545898 0.862305 0.549805 0.853516 0.532227 0.857422 0.542969 0.842773 0.529297 0.848633 0.529297 0.831055 0.516602 0.843750 0.507812 0.822266 0.498047 0.833008 0.495117 0.819336 0.491211 0.830078 0.474609 0.823242
1 0.570312 0.906250 0.573242 0.922852 0.573242 0.936523 0.579102 0.937500 0.573242 0.953125 0.604492 0.949219 0.598633 0.964844 0.619141 0.971680 0.619141 0.971680 0.615234 0.976562 0.616211 0.987305 0.609375 0.992188 0.593750 0.994141 0.593750 0.994141 0.597656 1.000000 0.489258 1.000000 0.496094 0.986328 0.497070 0.972656 0.490234 0.964844 0.491211 0.947266 0.502930 0.941406 0.511719 0.926758 0.526367 0.914062 0.530273 0.921875 0.542969 0.934570 0.542969 0.934570 0.546875 0.912109 0.553711 0.902344 0.558594 0.912109 0.564453 0.909180
1 0.625000 0.872070 0.636719 0.884766 0.660156 0.863281 0.659180 0.874023 0.668945 0.875977 0.661133 0.896484 0.681641 0.903320 0.663086 0.907227 0.682617 0.918945 0.676758 0.925781 0.674805 0.933594 0.659180 0.934570 0.659180 0.928711 0.653320 0.961914 0.641602 0.944336 0.634766 0.962891 0.623047 0.964844 0.623047 0.947266 0.607422 0.957031 0.607422 0.957031 0.589844 0.951172 0.573242 0.949219 0.586914 0.928711 0.579102 0.918945 0.591797 0.911133 0.583008 0.893555 0.588867 0.881836 0.607422 0.871094 0.613281 0.882812
1 0.748047 0.875000 0.763672 0.855469 0.775391 0.851562 0.768555 0.880859 0.782227 0.878906 0.797852 0.891602 0.796875 0.901367 0.789062 0.909180 0.778320 0.915039 0.768555 0.914062 0.780273 0.928711 0.774414 0.931641 0.774414 0.931641 0.754883 0.917969 0.754883 0.917969 0.747070 0.931641 0.737305 0.926758 0.740234 0.945312 0.729492 0.941406 0.729492 0.941406 0.726562 0.914062 0.714844 0.916992 0.699219 0.913086 0.715820 0.904297 0.692383 0.899414 0.697266 0.879883 0.706055 0.865234 0.722656 0.877930 0.733398 0.858398 0.744141 0.853516
1 0.862305 0.924805 0.867188 0.915039 0.874023 0.931641 0.874023 0.931641 0.882812 0.938477 0.900391 0.933594 0.894531 0.945312 0.907227 0.946289 0.903320 0.959961 0.903320 0.959961 0.911133 0.963867 0.908203 0.968750 0.913086 0.979492 0.913086 0.989258 0.912109 1.000000 0.805664 1.000000 0.796875 0.976562 0.809570 0.972656 0.799805 0.961914 0.820312 0.961914 0.813477 0.942383 0.815430 0.924805 0.834961 0.938477 0.841797 0.934570 0.851562 0.917969
1 0.951172 0.833008 0.964844 0.843750 0.984375 0.837891 0.983398 0.845703 0.991211 0.850586 0.992188 0.868164 1.000000 0.870117 1.000000 0.936523 0.986328 0.937500 0.986328 0.937500 0.964844 0.922852 0.963867 0.952148 0.954102 0.948242 0.943359 0.936523 0.925781 0.942383 0.911133 0.939453 0.898438 0.929688 0.891602 0.921875 0.894531 0.906250 0.903320 0.900391 0.897461 0.892578 0.885742 0.885742 0.896484 0.879883 0.891602 0.865234 0.899414 0.861328 0.906250 0.872070 0.911133 0.868164 0.902344 0.853516 0.912109 0.837891 0.921875 0.840820 0.923828 0.831055
1 1.000000 0.950195 1.000000 0.956055 1.000000 1.000000 0.946289 1.000000 0.954102 0.986328 0.932617 0.983398 0.941406 0.972656 0.913086 0.961914 0.933594 0.960938 0.926758 0.943359 0.941406 0.933594 0.959961 0.953125 0.963867 0.934570 0.973633 0.929688 0.977539 0.943359 0.989258 0.934570 1.000000 0.937500