1 0.147982 0.460066 0.135830 0.454698 0.128936 0.442960 0.123747 0.428357 0.127577 0.415903 0.136909 0.409246 0.147182 0.409748 0.162956 0.414615 0.166682 0.429995 0.166682 0.442674 0.161772 0.449975
1 0.146278 0.512617 0.132794 0.508138 0.128656 0.498985 0.131720 0.486457 0.139931 0.480225 0.146910 0.479835 0.156353 0.481840 0.158058 0.494304 0.158058 0.505801
1 0.287106 0.489076 0.271968 0.484316 0.264745 0.474015 0.264572 0.461227 0.269445 0.448084 0.280885 0.441192 0.291703 0.443040 0.303419 0.448644 0.300516 0.461716 0.300516 0.474299
1 0.348941 0.437205 0.338706 0.437034 0.325861 0.434564 0.315752 0.419830 0.315462 0.403307 0.320393 0.390956 0.332367 0.382184 0.348443 0.383632 0.364271 0.392734 0.364438 0.407299 0.364438 0.422385
1 0.414120 0.442424 0.399903 0.444387 0.391197 0.439630 0.384437 0.432909 0.381499 0.412370 0.390977 0.399230 0.401777 0.393266 0.419594 0.393114 0.433958 0.405036 0.428190 0.421195 0.432305 0.431248 0.428190 0.434570
1 0.491663 0.461292 0.475692 0.458851 0.463462 0.451650 0.457436 0.434138 0.463521 0.405215 0.479581 0.400699 0.495374 0.402835 0.506772 0.410828 0.512770 0.420462 0.511018 0.431201 0.511018 0.442010 0.506327 0.452321
1 0.567549 0.463121 0.553654 0.460667 0.542347 0.445059 0.540821 0.427268 0.548614 0.418134 0.559026 0.415816 0.571229 0.420179 0.579751 0.431494 0.580116 0.442937 0.580116 0.455010
1 0.520190 0.502256 0.510682 0.500453 0.504030 0.494748 0.498786 0.485144 0.500479 0.477971 0.507765 0.474448 0.517967 0.475916 0.526985 0.479900 0.529802 0.490806 0.526802 0.496678
1 0.442156 0.491838 0.432670 0.491699 0.427027 0.486247 0.425297 0.476866 0.426870 0.471137 0.434063 0.467255 0.441460 0.469381 0.448069 0.476121 0.448069 0.484306
1 0.589604 0.515955 0.580533 0.512943 0.574114 0.500824 0.577149 0.492291 0.584929 0.486625 0.597872 0.487199 0.603594 0.495150 0.603594 0.507853 0.599756 0.514593
1 0.646870 0.467677 0.628711 0.462476 0.621900 0.448937 0.621231 0.430501 0.630832 0.420634 0.643596 0.416503 0.658704 0.422394 0.664584 0.436688 0.664584 0.450236 0.660527 0.459875
1 0.674912 0.531689 0.661793 0.527401 0.653769 0.518577 0.651683 0.502248 0.659346 0.489795 0.671021 0.485836 0.683378 0.491196 0.689315 0.508093 0.689315 0.522700
1 0.726690 0.469220 0.713587 0.468631 0.705317 0.460683 0.700627 0.447952 0.702775 0.438312 0.711654 0.430658 0.725795 0.436030 0.736105 0.441761 0.734244 0.450150 0.734244 0.463185
1 0.755435 0.524713 0.743224 0.520332 0.733722 0.513852 0.734432 0.500525 0.741048 0.490303 0.752237 0.488477 0.760985 0.491032 0.765825 0.501883 0.765825 0.518050
1 0.796866 0.462313 0.790449 0.465417 0.785185 0.466274 0.778568 0.464110 0.776085 0.457208 0.777635 0.446712 0.784171 0.440178 0.792356 0.442057 0.799568 0.448259 0.799568 0.455493
1 0.863083 0.459095 0.853965 0.459221 0.848241 0.454935 0.846708 0.446824 0.850571 0.440143 0.857236 0.436066 0.864534 0.436276 0.867683 0.442911 0.867683 0.450354
1 0.937520 0.449271 0.927208 0.449472 0.921468 0.441540 0.922766 0.430675 0.930029 0.423942 0.941509 0.423076 0.946502 0.429600 0.946502 0.441406
1 0.799696 0.666833 0.788087 0.666168 0.783630 0.657081 0.785212 0.645260 0.793622 0.639792 0.802823 0.640604 0.807064 0.643634 0.809617 0.652204
1 0.483941 0.710470 0.471255 0.712061 0.462775 0.701616 0.465602 0.687021 0.479601 0.677545 0.490738 0.681765 0.496324 0.698365
1 0.648192 0.896128 0.631024 0.887871 0.621220 0.868111 0.633032 0.854055 0.642837 0.849631 0.655510 0.852285 0.667943 0.857581 0.665074 0.868984 0.665074 0.886396
1 0.982738 0.912976 0.958347 0.898993 0.939863 0.875689 0.932580 0.857894 0.964324 0.828658 0.988510 0.829646 1.000000 0.833178 1.000000 0.852810 1.000000 0.885011 1.000000 0.898993
1 0.950857 0.939528 0.929558 0.943341 0.911350 0.929076 0.888950 0.906620 0.892317 0.883175 0.908120 0.868910 0.937665 0.866227 0.967278 0.880333 0.967416 0.897987 0.967416 0.923003
1 0.911280 0.967210 0.895615 0.980062 0.877063 0.977379 0.861879 0.967068 0.853016 0.948284 0.856244 0.926958 0.871430 0.912270 0.889156 0.908032 0.904272 0.914670 0.913617 0.931054 0.918563 0.946730
1 0.807880 1.000000 0.805893 0.976769 0.814635 0.956756 0.834504 0.944230 0.861924 0.956619 0.883647 0.976088 0.898682 0.991472 0.906166 1.000000
1 0.612646 0.769211 0.601450 0.767260 0.596050 0.759186 0.596606 0.748083 0.603055 0.742431 0.612351 0.745189 0.620501 0.748344 0.620501 0.760262
1 0.743799 0.771435 0.732408 0.769341 0.725694 0.761201 0.726751 0.749882 0.734332 0.744610 0.745231 0.746858 0.751304 0.754533 0.752096 0.762984
1 0.868428 0.800845 0.857634 0.799895 0.853574 0.791752 0.855818 0.782321 0.861133 0.778521 0.870805 0.778726 0.875194 0.782381 0.875194 0.794398
1 0.934016 0.712720 0.927495 0.709712 0.923233 0.702782 0.926732 0.696375 0.933379 0.694807 0.938214 0.698794 0.940153 0.705267
1 0.909007 0.519036 0.900510 0.516735 0.895343 0.509478 0.896434 0.500096 0.900539 0.493487 0.910815 0.493900 0.915235 0.503511 0.915235 0.513962
1 0.829968 0.512376 0.822027 0.511743 0.816407 0.505938 0.818756 0.497375 0.823956 0.491627 0.829269 0.491282 0.834078 0.496800 0.835085 0.504847
1 0.218750 0.458008 0.214844 0.471680 0.203125 0.476562 0.199219 0.464844 0.204102 0.453125 0.204102 0.453125 0.214844 0.449219
1 0.369141 0.465820 0.366211 0.477539 0.366211 0.477539 0.356445 0.479492 0.356445 0.479492 0.354492 0.472656 0.359375 0.461914