1 0.018555 0.023438 0.031250 0.015625 0.048828 0.022461 0.049805 0.002930 0.064453 0.015625 0.084961 0.008789 0.096680 0.017578 0.093750 0.036133 0.121094 0.041016 0.121094 0.041016 0.122070 0.067383 0.104492 0.074219 0.130859 0.092773 0.120117 0.101562 0.123047 0.119141 0.122070 0.112305 0.093750 0.103516 0.087891 0.123047 0.066406 0.109375 0.055664 0.128906 0.039062 0.125000 0.044922 0.098633 0.003906 0.104492 0.031250 0.081055 0.000000 0.073242 0.000000 0.050781 0.032227 0.056641 0.016602 0.034180
1 0.171875 0.017578 0.183594 0.028320 0.202148 0.015625 0.205078 0.028320 0.223633 0.020508 0.222656 0.040039 0.221680 0.067383 0.237305 0.075195 0.217773 0.080078 0.219727 0.108398 0.205078 0.119141 0.189453 0.104492 0.187500 0.126953 0.173828 0.119141 0.154297 0.127930 0.139648 0.119141 0.133789 0.105469 0.129883 0.094727 0.129883 0.094727 0.119141 0.090820 0.121094 0.070312 0.135742 0.065430 0.123047 0.054688 0.140625 0.041016 0.139648 0.029297 0.163086 0.031250 0.153320 0.018555
1 0.298828 0.000000 0.328125 0.000000 0.329102 0.008789 0.348633 0.015625 0.337891 0.025391 0.352539 0.035156 0.337891 0.055664 0.366211 0.069336 0.361328 0.070312 0.332031 0.073242 0.342773 0.095703 0.342773 0.095703 0.309570 0.094727 0.293945 0.121094 0.285156 0.128906 0.284180 0.082031 0.284180 0.082031 0.246094 0.110352 0.255859 0.090820 0.264648 0.072266 0.243164 0.060547 0.222656 0.045898 0.260742 0.041016 0.246094 0.026367 0.237305 0.000977 0.268555 0.008789 0.264648 0.000000
1 0.000000 0.107422 0.009766 0.109375 0.009766 0.120117 0.009766 0.120117 0.023438 0.124023 0.008789 0.144531 0.037109 0.153320 0.020508 0.164062 0.029297 0.187500 0.023438 0.202148 0.000977 0.188477
1 0.093750 0.123047 0.112305 0.109375 0.119141 0.120117 0.119141 0.120117 0.112305 0.142578 0.141602 0.144531 0.141602 0.144531 0.146484 0.162109 0.146484 0.162109 0.115234 0.175781 0.136719 0.199219 0.103516 0.191406 0.096680 0.223633 0.077148 0.202148 0.069336 0.216797 0.055664 0.204102 0.046875 0.195312 0.023438 0.177734 0.040039 0.152344 0.031250 0.122070 0.062500 0.117188 0.072266 0.107422
1 0.235352 0.117188 0.245117 0.116211 0.245117 0.129883 0.264648 0.139648 0.256836 0.147461 0.268555 0.156250 0.258789 0.174805 0.258789 0.175781 0.252930 0.207031 0.238281 0.201172 0.238281 0.201172 0.241211 0.215820 0.220703 0.212891 0.211914 0.227539 0.192383 0.226562 0.193359 0.200195 0.176758 0.213867 0.175781 0.183594 0.162109 0.178711 0.147461 0.166016 0.179688 0.155273 0.160156 0.137695 0.184570 0.130859 0.181641 0.110352 0.204102 0.113281 0.232422 0.108398
1 0.343750 0.100586 0.364258 0.090820 0.351562 0.123047 0.383789 0.122070 0.360352 0.146484 0.386719 0.156250 0.383789 0.166992 0.354492 0.176758 0.343750 0.204102 0.331055 0.207031 0.312500 0.231445 0.302734 0.202148 0.304688 0.177734 0.278320 0.176758 0.262695 0.175781 0.280273 0.149414 0.259766 0.123047 0.276367 0.123047 0.285156 0.100586 0.309570 0.112305 0.309570 0.089844
1 0.001953 0.277344 0.032227 0.269531 0.034180 0.287109 0.034180 0.287109 0.051758 0.284180 0.062500 0.300781 0.074219 0.315430 0.051758 0.339844 0.076172 0.347656 0.062500 0.355469 0.067383 0.376953 0.058594 0.378906 0.063477 0.391602 0.033203 0.401367 0.017578 0.417969 0.000000 0.400391
1 0.116211 0.281250 0.135742 0.267578 0.147461 0.287109 0.181641 0.291992 0.181641 0.291992 0.175781 0.303711 0.185547 0.314453 0.177734 0.327148 0.177734 0.327148 0.190430 0.351562 0.175781 0.352539 0.172852 0.392578 0.154297 0.384766 0.152344 0.400391 0.130859 0.397461 0.115234 0.411133 0.112305 0.377930 0.098633 0.400391 0.081055 0.382812 0.068359 0.372070 0.078125 0.354492 0.055664 0.359375 0.074219 0.340820 0.066406 0.329102 0.067383 0.305664 0.089844 0.282227 0.103516 0.291016 0.104492 0.285156 0.103516 0.273438
1 0.241211 0.272461 0.248047 0.285156 0.258789 0.278320 0.283203 0.292969 0.278320 0.316406 0.299805 0.325195 0.300781 0.344727 0.289062 0.352539 0.297852 0.375977 0.265625 0.373047 0.243164 0.402344 0.231445 0.392578 0.216797 0.410156 0.213867 0.389648 0.201172 0.397461 0.200195 0.378906 0.180664 0.379883 0.172852 0.363281 0.195312 0.345703 0.176758 0.321289 0.191406 0.310547 0.190430 0.287109 0.205078 0.283203 0.202148 0.294922
1 0.343750 0.271484 0.350586 0.283203 0.367188 0.272461 0.387695 0.285156 0.387695 0.285156 0.392578 0.303711 0.397461 0.302734 0.410156 0.304688 0.406250 0.316406 0.413086 0.325195 0.408203 0.341797 0.414062 0.358398 0.390625 0.374023 0.376953 0.370117 0.370117 0.387695 0.370117 0.387695 0.347656 0.393555 0.344727 0.368164 0.330078 0.384766 0.308594 0.367188 0.324219 0.348633 0.296875 0.341797 0.298828 0.319336 0.317383 0.320312 0.296875 0.301758 0.332031 0.286133
1 0.000000 0.410156 0.008789 0.418945 0.007812 0.399414 0.034180 0.394531 0.061523 0.396484 0.087891 0.412109 0.096680 0.422852 0.093750 0.435547 0.098633 0.442383 0.083008 0.451172 0.099609 0.472656 0.096680 0.490234 0.073242 0.481445 0.072266 0.498047 0.051758 0.485352 0.027344 0.502930 0.016602 0.497070 0.020508 0.478516 0.000000 0.489258 0.000000 0.456055 0.015625 0.450195 0.000000 0.444336 0.000000 0.420898
1 0.146484 0.395508 0.165039 0.393555 0.165039 0.406250 0.179688 0.400391 0.180664 0.407227 0.195312 0.408203 0.195312 0.420898 0.208008 0.427734 0.196289 0.442383 0.208008 0.445312 0.209961 0.469727 0.191406 0.479492 0.175781 0.493164 0.175781 0.493164 0.156250 0.486328 0.156250 0.486328 0.137695 0.504883 0.125000 0.494141 0.112305 0.501953 0.101562 0.486328 0.099609 0.475586 0.083008 0.472656 0.095703 0.446289 0.086914 0.429688 0.086914 0.429688 0.104492 0.427734 0.096680 0.416016 0.112305 0.411133 0.112305 0.404297
1 0.268555 0.391602 0.304688 0.382812 0.304688 0.400391 0.328125 0.421875 0.313477 0.436523 0.306641 0.449219 0.312500 0.452148 0.321289 0.479492 0.321289 0.479492 0.299805 0.475586 0.279297 0.492188 0.265625 0.480469 0.245117 0.494141 0.234375 0.476562 0.210938 0.472656 0.202148 0.458984 0.215820 0.445312 0.203125 0.427734 0.223633 0.401367 0.231445 0.388672 0.239258 0.396484 0.260742 0.377930
1 0.385742 0.394531 0.402344 0.379883 0.409180 0.391602 0.418945 0.391602 0.418945 0.404297 0.424805 0.404297 0.444336 0.412109 0.444336 0.412109 0.434570 0.423828 0.439453 0.435547 0.427734 0.451172 0.448242 0.464844 0.441406 0.464844 0.414062 0.460938 0.403320 0.476562 0.383789 0.492188 0.383789 0.492188 0.362305 0.471680 0.364258 0.494141 0.336914 0.497070 0.350586 0.474609 0.329102 0.475586 0.332031 0.470703 0.310547 0.466797 0.299805 0.442383 0.329102 0.439453 0.310547 0.424805 0.317383 0.396484 0.340820 0.409180 0.332031 0.376953 0.356445 0.390625 0.365234 0.390625 0.376953 0.383789
1 0.071289 0.495117 0.091797 0.506836 0.090820 0.521484 0.099609 0.522461 0.107422 0.527344 0.097656 0.539062 0.109375 0.555664 0.102539 0.566406 0.095703 0.581055 0.079102 0.576172 0.076172 0.595703 0.067383 0.600586 0.055664 0.593750 0.045898 0.597656 0.040039 0.592773 0.026367 0.582031 0.024414 0.574219 0.008789 0.577148 0.000000 0.542969 0.007812 0.516602 0.026367 0.519531 0.029297 0.499023 0.040039 0.505859 0.047852 0.487305
1 0.185547 0.481445 0.203125 0.485352 0.203125 0.497070 0.215820 0.497070 0.209961 0.516602 0.223633 0.527344 0.211914 0.541992 0.226562 0.569336 0.209961 0.576172 0.209961 0.576172 0.214844 0.595703 0.198242 0.583008 0.191406 0.601562 0.182617 0.591797 0.177734 0.609375 0.168945 0.595703 0.157227 0.608398 0.150391 0.589844 0.138672 0.592773 0.138672 0.592773 0.140625 0.572266 0.112305 0.583008 0.111328 0.568359 0.122070 0.555664 0.102539 0.551758 0.095703 0.538086 0.114258 0.530273 0.110352 0.512695 0.138672 0.513672 0.129883 0.496094 0.150391 0.491211 0.159180 0.496094
1 0.291016 0.483398 0.305664 0.473633 0.305664 0.489258 0.316406 0.480469 0.319336 0.497070 0.339844 0.496094 0.350586 0.510742 0.339844 0.521484 0.351562 0.528320 0.345703 0.539062 0.326172 0.542969 0.349609 0.561523 0.335938 0.565430 0.334961 0.583008 0.321289 0.581055 0.325195 0.596680 0.325195 0.596680 0.314453 0.590820 0.314453 0.590820 0.306641 0.602539 0.295898 0.594727 0.282227 0.603516 0.282227 0.603516 0.276367 0.595703 0.260742 0.606445 0.254883 0.597656 0.242188 0.600586 0.242188 0.600586 0.223633 0.590820 0.237305 0.569336 0.210938 0.565430 0.228516 0.555664 0.209961 0.548828 0.209961 0.520508 0.229492 0.521484 0.208008 0.507812 0.223633 0.502930 0.218750 0.488281 0.240234 0.493164 0.263672 0.476562 0.280273 0.484375
1 0.413086 0.463867 0.421875 0.490234 0.443359 0.491211 0.451172 0.513672 0.437500 0.520508 0.455078 0.526367 0.458984 0.551758 0.446289 0.556641 0.432617 0.575195 0.432617 0.575195 0.416992 0.565430 0.416992 0.593750 0.405273 0.586914 0.397461 0.601562 0.388672 0.588867 0.373047 0.600586 0.373047 0.600586 0.347656 0.602539 0.353516 0.590820 0.335938 0.587891 0.344727 0.567383 0.327148 0.564453 0.338867 0.536133 0.347656 0.495117 0.359375 0.498047 0.362305 0.469727 0.362305 0.469727 0.384766 0.487305
1 0.000000 0.694336 0.017578 0.688477 0.019531 0.708008 0.031250 0.707031 0.042969 0.717773 0.035156 0.725586 0.035156 0.725586 0.045898 0.741211 0.033203 0.750977 0.042969 0.775391 0.024414 0.776367 0.023438 0.791992 0.012695 0.796875 0.013672 0.804688 0.000000 0.800781
1 0.064453 0.699219 0.081055 0.702148 0.106445 0.682617 0.114258 0.699219 0.126953 0.698242 0.148438 0.709961 0.142578 0.731445 0.152344 0.751953 0.145508 0.761719 0.145508 0.761719 0.133789 0.772461 0.136719 0.791016 0.112305 0.791016 0.097656 0.800781 0.078125 0.787109 0.055664 0.785156 0.054688 0.758789 0.035156 0.741211 0.054688 0.728516 0.063477 0.715820
1 0.228516 0.683594 0.250000 0.701172 0.241211 0.715820 0.253906 0.711914 0.252930 0.721680 0.271484 0.734375 0.248047 0.739258 0.259766 0.765625 0.252930 0.783203 0.237305 0.774414 0.237305 0.774414 0.231445 0.791016 0.210938 0.784180 0.199219 0.804688 0.187500 0.783203 0.162109 0.790039 0.154297 0.769531 0.163086 0.759766 0.138672 0.759766 0.136719 0.735352 0.139648 0.720703 0.166016 0.719727 0.161133 0.717773 0.157227 0.705078 0.172852 0.700195 0.186523 0.702148 0.179688 0.689453 0.202148 0.673828
1 0.310547 0.599609 0.331055 0.604492 0.330078 0.617188 0.344727 0.620117 0.349609 0.643555 0.338867 0.654297 0.331055 0.663086 0.329102 0.681641 0.315430 0.674805 0.304688 0.686523 0.297852 0.679688 0.274414 0.700195 0.264648 0.685547 0.250977 0.680664 0.258789 0.665039 0.242188 0.662109 0.236328 0.643555 0.257812 0.642578 0.250000 0.622070 0.257812 0.603516 0.274414 0.609375 0.281250 0.598633
1 0.421875 0.587891 0.434570 0.600586 0.446289 0.600586 0.450195 0.610352 0.457031 0.616211 0.457031 0.616211 0.453125 0.633789 0.462891 0.635742 0.462891 0.635742 0.453125 0.646484 0.449219 0.668945 0.430664 0.672852 0.415039 0.668945 0.415039 0.668945 0.413086 0.681641 0.398438 0.682617 0.394531 0.666016 0.385742 0.672852 0.365234 0.664062 0.370117 0.645508 0.357422 0.641602 0.366211 0.628906 0.365234 0.614258 0.381836 0.615234 0.383789 0.589844 0.392578 0.596680 0.408203 0.586914
1 0.326172 0.676758 0.336914 0.681641 0.342773 0.688477 0.342773 0.699219 0.352539 0.700195 0.362305 0.719727 0.350586 0.725586 0.361328 0.738281 0.351562 0.741211 0.368164 0.754883 0.361328 0.761719 0.344727 0.756836 0.347656 0.783203 0.336914 0.794922 0.327148 0.786133 0.307617 0.797852 0.294922 0.783203 0.277344 0.791016 0.286133 0.769531 0.252930 0.766602 0.279297 0.754883 0.253906 0.741211 0.256836 0.719727 0.250977 0.706055 0.276367 0.701172 0.285156 0.706055 0.288086 0.686523 0.298828 0.676758 0.308594 0.684570 0.314453 0.671875
1 0.435547 0.686523 0.455078 0.679688 0.465820 0.697266 0.474609 0.692383 0.488281 0.725586 0.473633 0.735352 0.493164 0.746094 0.481445 0.761719 0.473633 0.774414 0.468750 0.787109 0.447266 0.777344 0.436523 0.788086 0.431641 0.802734 0.416992 0.785156 0.406250 0.791992 0.401367 0.778320 0.379883 0.778320 0.389648 0.755859 0.381836 0.750977 0.366211 0.750977 0.372070 0.733398 0.371094 0.715820 0.396484 0.716797 0.381836 0.699219 0.392578 0.680664 0.407227 0.690430 0.420898 0.675781
1 0.000000 0.797852 0.008789 0.811523 0.017578 0.804688 0.029297 0.809570 0.034180 0.822266 0.048828 0.817383 0.053711 0.830078 0.053711 0.830078 0.049805 0.840820 0.058594 0.844727 0.058594 0.863281 0.070312 0.885742 0.051758 0.887695 0.063477 0.912109 0.042969 0.908203 0.042969 0.908203 0.052734 0.929688 0.019531 0.920898 0.010742 0.941406 0.000000 0.929688
1 0.000000 0.931641 0.005859 0.942383 0.023438 0.925781 0.053711 0.921875 0.041016 0.947266 0.075195 0.948242 0.075195 0.948242 0.061523 0.963867 0.047852 0.967773 0.075195 0.990234 0.075195 0.990234 0.077148 1.000000 0.000000 1.000000
1 0.140625 0.823242 0.149414 0.818359 0.152344 0.831055 0.163086 0.826172 0.167969 0.835938 0.174805 0.843750 0.172852 0.862305 0.172852 0.862305 0.162109 0.871094 0.177734 0.884766 0.174805 0.897461 0.155273 0.894531 0.162109 0.924805 0.135742 0.910156 0.135742 0.910156 0.122070 0.930664 0.112305 0.945312 0.095703 0.917969 0.078125 0.917969 0.061523 0.902344 0.078125 0.893555 0.062500 0.884766 0.056641 0.853516 0.076172 0.851562 0.076172 0.828125 0.097656 0.819336 0.101562 0.830078 0.102539 0.825195 0.116211 0.812500 0.117188 0.826172 0.129883 0.812500 0.138672 0.814453
1 0.164062 0.933594 0.184570 0.931641 0.185547 0.948242 0.172852 0.956055 0.198242 0.984375 0.183594 0.991211 0.159180 0.987305 0.168945 1.000000 0.063477 1.000000 0.085938 0.980469 0.065430 0.977539 0.054688 0.954102 0.089844 0.959961 0.071289 0.936523 0.078125 0.924805 0.100586 0.921875 0.115234 0.942383 0.131836 0.911133 0.145508 0.915039 0.144531 0.926758 0.171875 0.915039 0.171875 0.915039
1 0.262695 0.831055 0.278320 0.823242 0.278320 0.832031 0.285156 0.844727 0.272461 0.853516 0.291992 0.866211 0.277344 0.875977 0.297852 0.899414 0.265625 0.900391 0.274414 0.922852 0.266602 0.927734 0.254883 0.910156 0.246094 0.929688 0.235352 0.908203 0.232422 0.927734 0.219727 0.914062 0.194336 0.916016 0.201172 0.907227 0.179688 0.906250 0.175781 0.894531 0.170898 0.876953 0.196289 0.874023 0.169922 0.862305 0.171875 0.845703 0.181641 0.849609 0.181641 0.832031 0.194336 0.812500 0.204102 0.829102 0.206055 0.806641 0.218750 0.806641 0.224609 0.831055 0.224609 0.831055 0.241211 0.802734 0.250000 0.814453 0.265625 0.816406
1 0.303711 0.917969 0.303711 0.917969 0.301758 0.932617 0.310547 0.933594 0.310547 0.933594 0.303711 0.944336 0.316406 0.946289 0.311523 0.956055 0.325195 0.968750 0.325195 0.968750 0.313477 0.978516 0.298828 0.983398 0.312500 1.000000 0.189453 0.999023 0.201172 0.990234 0.175781 0.986328 0.173828 0.952148 0.199219 0.956055 0.176758 0.934570 0.200195 0.939453 0.187500 0.915039 0.217773 0.933594 0.215820 0.905273 0.229492 0.923828 0.245117 0.909180 0.249023 0.921875 0.279297 0.906250 0.283203 0.929688
1 0.367188 0.838867 0.394531 0.829102 0.399414 0.841797 0.412109 0.852539 0.400391 0.860352 0.392578 0.873047 0.407227 0.878906 0.404297 0.884766 0.407227 0.893555 0.398438 0.897461 0.402344 0.911133 0.392578 0.910156 0.390625 0.921875 0.380859 0.937500 0.380859 0.937500 0.367188 0.943359 0.356445 0.917969 0.327148 0.941406 0.306641 0.942383 0.318359 0.921875 0.299805 0.920898 0.317383 0.899414 0.273438 0.903320 0.288086 0.887695 0.272461 0.871094 0.284180 0.867188 0.269531 0.851562 0.288086 0.834961 0.305664 0.839844 0.296875 0.816406 0.313477 0.821289 0.315430 0.803711 0.315430 0.804688 0.327148 0.812500 0.338867 0.802734 0.346680 0.820312 0.361328 0.798828 0.363281 0.810547 0.371094 0.808594
1 0.384766 0.927734 0.397461 0.921875 0.399414 0.935547 0.410156 0.937500 0.407227 0.956055 0.423828 0.964844 0.406250 0.986328 0.423828 1.000000 0.297852 1.000000 0.292969 0.989258 0.318359 0.979492 0.318359 0.966797 0.310547 0.947266 0.317383 0.926758 0.317383 0.926758 0.335938 0.936523 0.355469 0.917969 0.364258 0.939453
1 0.461914 0.802734 0.469727 0.821289 0.488281 0.810547 0.488281 0.827148 0.510742 0.821289 0.510742 0.821289 0.503906 0.836914 0.527344 0.849609 0.512695 0.873047 0.500977 0.874023 0.523438 0.898438 0.505859 0.901367 0.488281 0.904297 0.493164 0.921875 0.479492 0.932617 0.469727 0.913086 0.457031 0.922852 0.438477 0.932617 0.406250 0.929688 0.422852 0.899414 0.395508 0.908203 0.399414 0.877930 0.387695 0.870117 0.409180 0.854492 0.393555 0.829102 0.422852 0.833008 0.415039 0.799805 0.442383 0.815430
1 0.498047 0.916992 0.514648 0.916016 0.508789 0.929688 0.520508 0.922852 0.528320 0.932617 0.531250 0.953125 0.539062 0.955078 0.525391 0.974609 0.545898 0.994141 0.545898 0.999023 0.429688 1.000000 0.402344 0.985352 0.420898 0.961914 0.404297 0.951172 0.404297 0.951172 0.404297 0.923828 0.435547 0.925781 0.448242 0.932617 0.467773 0.909180 0.480469 0.924805
1 0.617188 0.006836 0.622070 0.014648 0.628906 0.012695 0.650391 0.027344 0.641602 0.037109 0.641602 0.037109 0.659180 0.043945 0.653320 0.054688 0.642578 0.056641 0.656250 0.077148 0.655273 0.088867 0.641602 0.089844 0.640625 0.100586 0.628906 0.114258 0.610352 0.103516 0.601562 0.116211 0.571289 0.111328 0.583984 0.089844 0.548828 0.102539 0.565430 0.087891 0.546875 0.083008 0.569336 0.058594 0.549805 0.050781 0.561523 0.034180 0.576172 0.034180 0.583984 0.015625 0.597656 0.011719
1 0.761719 0.018555 0.789062 0.011719 0.775391 0.029297 0.789062 0.040039 0.779297 0.044922 0.792969 0.076172 0.766602 0.079102 0.762695 0.095703 0.750977 0.090820 0.752930 0.107422 0.752930 0.107422 0.745117 0.100586 0.737305 0.121094 0.730469 0.094727 0.720703 0.120117 0.699219 0.124023 0.672852 0.110352 0.696289 0.085938 0.663086 0.093750 0.653320 0.086914 0.646484 0.067383 0.646484 0.067383 0.671875 0.064453 0.651367 0.053711 0.650391 0.032227 0.695312 0.041016 0.687500 0.006836 0.763672 0.005859
1 0.860352 0.053711 0.893555 0.062500 0.893555 0.062500 0.861328 0.070312 0.862305 0.087891 0.856445 0.092773 0.852539 0.100586 0.839844 0.089844 0.830078 0.110352 0.821289 0.099609 0.801758 0.102539 0.782227 0.111328 0.791016 0.087891 0.786133 0.087891 0.796875 0.072266 0.778320 0.065430 0.772461 0.044922 0.798828 0.047852 0.783203 0.015625 0.809570 0.017578 0.815430 0.000000 0.861328 0.000977 0.884766 0.016602 0.888672 0.036133 0.865234 0.050781
1 0.962891 0.019531 0.984375 0.010742 0.982422 0.022461 1.000000 0.024414 1.000000 0.081055 0.970703 0.082031 0.961914 0.092773 0.945312 0.088867 0.924805 0.125977 0.924805 0.125977 0.911133 0.123047 0.911133 0.123047 0.916016 0.103516 0.895508 0.100586 0.876953 0.110352 0.873047 0.090820 0.894531 0.078125 0.858398 0.083984 0.860352 0.071289 0.883789 0.067383 0.859375 0.051758 0.884766 0.039062 0.899414 0.035156 0.894531 0.018555 0.894531 0.018555 0.901367 0.000000 0.962891 0.000000 0.954102 0.021484
1 0.645508 0.105469 0.661133 0.102539 0.662109 0.114258 0.679688 0.108398 0.681641 0.126953 0.669922 0.133789 0.680664 0.152344 0.688477 0.173828 0.688477 0.173828 0.667969 0.172852 0.678711 0.192383 0.671875 0.201172 0.639648 0.178711 0.639648 0.178711 0.617188 0.205078 0.584961 0.214844 0.603516 0.192383 0.586914 0.195312 0.590820 0.178711 0.572266 0.189453 0.570312 0.165039 0.558594 0.155273 0.575195 0.151367 0.574219 0.132812 0.592773 0.133789 0.586914 0.116211 0.597656 0.120117 0.612305 0.102539 0.624023 0.117188 0.637695 0.098633
1 0.749023 0.097656 0.766602 0.090820 0.783203 0.091797 0.774414 0.109375 0.802734 0.109375 0.793945 0.119141 0.820312 0.142578 0.804688 0.143555 0.791016 0.148438 0.807617 0.152344 0.806641 0.172852 0.791016 0.172852 0.797852 0.190430 0.789062 0.192383 0.769531 0.186523 0.768555 0.205078 0.746094 0.195312 0.744141 0.215820 0.732422 0.198242 0.726562 0.213867 0.717773 0.201172 0.701172 0.214844 0.697266 0.195312 0.675781 0.203125 0.675781 0.203125 0.695312 0.184570 0.666992 0.174805 0.678711 0.154297 0.698242 0.154297 0.687500 0.138672 0.670898 0.129883 0.670898 0.129883 0.685547 0.116211 0.714844 0.121094 0.732422 0.095703 0.737305 0.114258
1 0.881836 0.106445 0.907227 0.098633 0.904297 0.104492 0.910156 0.107422 0.902344 0.126953 0.923828 0.128906 0.909180 0.143555 0.922852 0.166016 0.892578 0.167969 0.895508 0.191406 0.868164 0.191406 0.868164 0.191406 0.855469 0.210938 0.855469 0.210938 0.850586 0.216797 0.836914 0.188477 0.816406 0.208008 0.796875 0.206055 0.814453 0.185547 0.787109 0.182617 0.786133 0.166992 0.800781 0.166992 0.801758 0.150391 0.789062 0.144531 0.817383 0.137695 0.802734 0.098633 0.833984 0.109375 0.840820 0.083984 0.850586 0.097656 0.867188 0.084961
1 0.980469 0.102539 1.000000 0.084961 1.000000 0.199219 0.996094 0.193359 0.990234 0.186523 0.968750 0.213867 0.961914 0.201172 0.946289 0.216797 0.941406 0.199219 0.925781 0.208984 0.918945 0.192383 0.907227 0.195312 0.914062 0.180664 0.901367 0.183594 0.916016 0.162109 0.899414 0.141602 0.920898 0.126953 0.916016 0.106445 0.944336 0.117188 0.945312 0.085938 0.961914 0.083984
1 0.669922 0.211914 0.679688 0.208984 0.679688 0.216797 0.690430 0.222656 0.687500 0.230469 0.699219 0.246094 0.689453 0.258789 0.689453 0.258789 0.684570 0.286133 0.684570 0.286133 0.665039 0.283203 0.663086 0.300781 0.644531 0.297852 0.642578 0.280273 0.610352 0.306641 0.615234 0.285156 0.594727 0.293945 0.590820 0.277344 0.605469 0.265625 0.581055 0.258789 0.591797 0.243164 0.591797 0.243164 0.614258 0.234375 0.604492 0.211914 0.621094 0.219727 0.627930 0.205078 0.644531 0.199219 0.654297 0.204102
1 0.800781 0.190430 0.799805 0.201172 0.819336 0.202148 0.814453 0.212891 0.825195 0.226562 0.820312 0.237305 0.802734 0.248047 0.816406 0.258789 0.806641 0.273438 0.809570 0.290039 0.782227 0.280273 0.775391 0.297852 0.761719 0.277344 0.735352 0.280273 0.717773 0.275391 0.697266 0.274414 0.682617 0.269531 0.702148 0.261719 0.702148 0.261719 0.684570 0.255859 0.700195 0.247070 0.687500 0.233398 0.709961 0.224609 0.707031 0.215820 0.727539 0.209961 0.743164 0.216797 0.742188 0.195312 0.763672 0.204102 0.763672 0.204102 0.771484 0.185547 0.781250 0.197266 0.787109 0.194336
1 0.901367 0.197266 0.916992 0.190430 0.925781 0.202148 0.924805 0.211914 0.936523 0.208984 0.935547 0.222656 0.927734 0.229492 0.949219 0.248047 0.916016 0.255859 0.929688 0.270508 0.927734 0.291016 0.900391 0.279297 0.895508 0.300781 0.895508 0.300781 0.882812 0.306641 0.869141 0.287109 0.847656 0.298828 0.844727 0.283203 0.823242 0.284180 0.802734 0.280273 0.809570 0.260742 0.833008 0.252930 0.808594 0.245117 0.822266 0.219727 0.845703 0.223633 0.849609 0.212891 0.873047 0.187500
1 0.978516 0.203125 0.989258 0.186523 1.000000 0.212891 1.000000 0.274414 0.984375 0.298828 0.973633 0.287109 0.956055 0.290039 0.956055 0.290039 0.952148 0.283203 0.932617 0.287109 0.920898 0.274414 0.936523 0.259766 0.913086 0.258789 0.926758 0.229492 0.926758 0.229492 0.952148 0.230469 0.948242 0.207031 0.964844 0.205078
1 0.656250 0.303711 0.673828 0.290039 0.675781 0.304688 0.683594 0.298828 0.685547 0.315430 0.708008 0.333008 0.694336 0.348633 0.710938 0.375977 0.692383 0.381836 0.687500 0.403320 0.687500 0.403320 0.673828 0.385742 0.652344 0.408203 0.646484 0.393555 0.622070 0.398438 0.630859 0.386719 0.602539 0.398438 0.608398 0.389648 0.597656 0.381836 0.611328 0.369141 0.588867 0.367188 0.609375 0.356445 0.596680 0.333008 0.614258 0.333008 0.607422 0.316406 0.619141 0.307617 0.637695 0.299805
1 0.745117 0.285156 0.768555 0.276367 0.762695 0.291016 0.775391 0.292969 0.764648 0.307617 0.774414 0.315430 0.774414 0.315430 0.766602 0.329102 0.786133 0.347656 0.767578 0.358398 0.761719 0.359375 0.764648 0.375977 0.750977 0.392578 0.738281 0.384766 0.738281 0.385742 0.738281 0.409180 0.726562 0.396484 0.719727 0.416992 0.709961 0.398438 0.700195 0.404297 0.696289 0.384766 0.708008 0.371094 0.687500 0.344727 0.699219 0.333008 0.683594 0.319336 0.672852 0.283203 0.691406 0.292969 0.685547 0.272461 0.697266 0.282227 0.717773 0.269531 0.728516 0.285156 0.745117 0.274414 0.745117 0.274414
1 0.804688 0.295898 0.817383 0.287109 0.820312 0.302734 0.834961 0.296875 0.833984 0.313477 0.846680 0.317383 0.845703 0.335938 0.830078 0.345703 0.822266 0.353516 0.837891 0.365234 0.836914 0.383789 0.821289 0.376953 0.820312 0.395508 0.813477 0.395508 0.813477 0.415039 0.813477 0.415039 0.804688 0.414062 0.804688 0.414062 0.797852 0.398438 0.791016 0.411133 0.782227 0.406250 0.780273 0.380859 0.770508 0.384766 0.760742 0.400391 0.750000 0.387695 0.757812 0.357422 0.780273 0.347656 0.765625 0.329102 0.757812 0.298828 0.779297 0.302734 0.787109 0.278320 0.799805 0.294922
1 0.864258 0.287109 0.870117 0.291016 0.879883 0.299805 0.878906 0.318359 0.888672 0.336914 0.880859 0.356445 0.865234 0.375000 0.861328 0.392578 0.849609 0.385742 0.833984 0.393555 0.833008 0.381836 0.834961 0.366211 0.815430 0.353516 0.843750 0.335938 0.838867 0.317383 0.825195 0.309570 0.826172 0.280273 0.850586 0.292969
1 0.902344 0.290039 0.922852 0.282227 0.941406 0.285156 0.941406 0.285156 0.944336 0.298828 0.934570 0.307617 0.954102 0.296875 0.953125 0.317383 0.943359 0.333008 0.959961 0.337891 0.959961 0.353516 0.944336 0.353516 0.954102 0.383789 0.954102 0.383789 0.944336 0.382812 0.934570 0.396484 0.934570 0.396484 0.920898 0.378906 0.911133 0.396484 0.893555 0.375977 0.897461 0.406250 0.879883 0.384766 0.867188 0.377930 0.884766 0.353516 0.873047 0.321289 0.886719 0.299805
1 0.965820 0.291992 0.974609 0.287109 0.974609 0.288086 0.975586 0.297852 0.993164 0.291992 0.984375 0.305664 1.000000 0.321289 0.991211 0.340820 1.000000 0.364258 1.000000 0.364258 0.984375 0.369141 0.980469 0.388672 0.971680 0.396484 0.958008 0.371094 0.943359 0.365234 0.939453 0.350586 0.955078 0.353516 0.955078 0.341797 0.938477 0.332031 0.952148 0.317383 0.947266 0.291016
1 0.683594 0.407227 0.690430 0.399414 0.708008 0.411133 0.718750 0.411133 0.718750 0.423828 0.727539 0.421875 0.726562 0.434570 0.717773 0.444336 0.727539 0.458008 0.716797 0.466797 0.711914 0.485352 0.702148 0.489258 0.692383 0.479492 0.686523 0.496094 0.686523 0.496094 0.671875 0.493164 0.659180 0.500000 0.657227 0.492188 0.641602 0.500000 0.649414 0.473633 0.630859 0.474609 0.613281 0.470703 0.641602 0.454102 0.618164 0.445312 0.622070 0.435547 0.646484 0.438477 0.644531 0.410156 0.661133 0.416016 0.669922 0.399414
1 0.814453 0.395508 0.839844 0.386719 0.838867 0.400391 0.851562 0.387695 0.853516 0.397461 0.864258 0.404297 0.863281 0.418945 0.878906 0.428711 0.862305 0.436523 0.869141 0.446289 0.869141 0.447266 0.864258 0.455078 0.847656 0.461914 0.847656 0.461914 0.857422 0.480469 0.844727 0.490234 0.822266 0.478516 0.825195 0.494141 0.817383 0.517578 0.808594 0.508789 0.809570 0.489258 0.799805 0.493164 0.802734 0.474609 0.791992 0.477539 0.789062 0.460938 0.771484 0.468750 0.762695 0.445312 0.751953 0.443359 0.741211 0.437500 0.713867 0.421875 0.724609 0.409180 0.737305 0.415039 0.735352 0.400391 0.775391 0.408203 0.789062 0.403320 0.796875 0.394531 0.808594 0.411133
1 0.915039 0.391602 0.929688 0.382812 0.928711 0.401367 0.954102 0.390625 0.956055 0.411133 0.964844 0.418945 0.958008 0.426758 0.966797 0.432617 0.959961 0.442383 0.968750 0.456055 0.951172 0.461914 0.950195 0.477539 0.950195 0.477539 0.933594 0.492188 0.925781 0.507812 0.917969 0.501953 0.913086 0.509766 0.901367 0.489258 0.894531 0.497070 0.888672 0.482422 0.869141 0.486328 0.878906 0.466797 0.858398 0.471680 0.844727 0.463867 0.870117 0.454102 0.855469 0.432617 0.869141 0.422852 0.884766 0.432617 0.876953 0.406250 0.895508 0.411133 0.905273 0.389648
1 1.000000 0.412109 0.988281 0.398438 0.987305 0.419922 0.960938 0.427734 0.957031 0.443359 0.974609 0.446289 0.959961 0.459961 0.952148 0.479492 0.952148 0.479492 0.979492 0.476562 0.965820 0.503906 0.986328 0.500977 1.000000 0.492188
1 0.726562 0.435547 0.744141 0.445312 0.758789 0.442383 0.770508 0.461914 0.787109 0.458984 0.800781 0.484375 0.791016 0.489258 0.791016 0.489258 0.791992 0.505859 0.779297 0.505859 0.786133 0.522461 0.786133 0.522461 0.768555 0.522461 0.760742 0.531250 0.751953 0.538086 0.741211 0.521484 0.730469 0.518555 0.723633 0.510742 0.723633 0.500977 0.704102 0.502930 0.698242 0.484375 0.711914 0.482422 0.715820 0.463867 0.724609 0.456055 0.710938 0.437500
1 0.688477 0.489258 0.698242 0.495117 0.698242 0.495117 0.700195 0.518555 0.724609 0.507812 0.743164 0.526367 0.746094 0.530273 0.728516 0.540039 0.750977 0.545898 0.734375 0.552734 0.712891 0.559570 0.716797 0.584961 0.698242 0.578125 0.681641 0.583008 0.671875 0.595703 0.655273 0.598633 0.666016 0.569336 0.646484 0.571289 0.611328 0.579102 0.648438 0.556641 0.665039 0.557617 0.651367 0.545898 0.633789 0.517578 0.655273 0.522461 0.666992 0.545898 0.671875 0.545898
1 0.780273 0.516602 0.791016 0.524414 0.791016 0.524414 0.801758 0.532227 0.809570 0.544922 0.802734 0.551758 0.809570 0.556641 0.804688 0.573242 0.793945 0.570312 0.787109 0.592773 0.771484 0.576172 0.763672 0.589844 0.756836 0.603516 0.750977 0.579102 0.718750 0.585938 0.718750 0.585938 0.747070 0.562500 0.732422 0.548828 0.734375 0.539062 0.750000 0.542969 0.748047 0.525391 0.760742 0.538086 0.760742 0.538086 0.767578 0.522461
1 0.856445 0.494141 0.872070 0.485352 0.873047 0.494141 0.885742 0.482422 0.903320 0.491211 0.895508 0.503906 0.903320 0.508789 0.910156 0.526367 0.901367 0.529297 0.901367 0.529297 0.916016 0.543945 0.892578 0.548828 0.891602 0.567383 0.885742 0.573242 0.867188 0.561523 0.861328 0.583984 0.849609 0.587891 0.847656 0.571289 0.852539 0.554688 0.831055 0.569336 0.816406 0.566406 0.835938 0.544922 0.813477 0.545898 0.796875 0.533203 0.829102 0.529297 0.812500 0.512695 0.826172 0.494141 0.826172 0.494141 0.834961 0.501953 0.836914 0.486328
1 0.992188 0.500977 1.000000 0.499023 1.000000 0.562500 0.990234 0.567383 0.993164 0.578125 0.986328 0.583008 0.967773 0.560547 0.964844 0.579102 0.943359 0.583984 0.958008 0.547852 0.963867 0.549805 0.940430 0.549805 0.921875 0.535156 0.940430 0.535156 0.926758 0.509766 0.953125 0.514648 0.947266 0.497070 0.968750 0.492188
1 0.746094 0.605469 0.761719 0.600586 0.761719 0.614258 0.766602 0.619141 0.766602 0.619141 0.750000 0.635742 0.771484 0.641602 0.754883 0.643555 0.775391 0.652344 0.775391 0.652344 0.772461 0.661133 0.752930 0.661133 0.753906 0.675781 0.743164 0.671875 0.734375 0.682617 0.715820 0.656250 0.707031 0.674805 0.700195 0.675781 0.685547 0.682617 0.665039 0.675781 0.695312 0.654297 0.665039 0.648438 0.657227 0.633789 0.692383 0.639648 0.670898 0.627930 0.662109 0.608398 0.688477 0.614258 0.700195 0.622070 0.690430 0.595703 0.698242 0.582031 0.717773 0.602539 0.722656 0.586914 0.734375 0.583008 0.741211 0.594727
1 0.829102 0.602539 0.830078 0.610352 0.837891 0.607422 0.837891 0.607422 0.845703 0.627930 0.853516 0.635742 0.847656 0.649414 0.846680 0.663086 0.844727 0.676758 0.835938 0.670898 0.833008 0.677734 0.815430 0.673828 0.811523 0.688477 0.801758 0.671875 0.783203 0.673828 0.787109 0.663086 0.776367 0.667969 0.768555 0.658203 0.777344 0.650391 0.760742 0.623047 0.785156 0.635742 0.782227 0.623047 0.783203 0.605469 0.794922 0.617188 0.802734 0.601562 0.813477 0.594727
1 0.878906 0.606445 0.905273 0.615234 0.905273 0.615234 0.916992 0.608398 0.931641 0.626953 0.940430 0.634766 0.935547 0.643555 0.935547 0.643555 0.943359 0.658203 0.924805 0.666992 0.915039 0.686523 0.896484 0.678711 0.867188 0.683594 0.873047 0.669922 0.859375 0.665039 0.868164 0.654297 0.881836 0.644531 0.858398 0.644531 0.849609 0.629883 0.876953 0.624023
1 0.997070 0.635742 0.976562 0.618164 0.961914 0.619141 0.961914 0.619141 0.955078 0.646484 0.979492 0.648438 0.979492 0.648438 0.955078 0.657227 0.977539 0.658203 0.954102 0.669922 0.952148 0.681641 0.977539 0.677734 0.972656 0.690430 1.000000 0.682617
1 0.709961 0.670898 0.724609 0.676758 0.738281 0.666016 0.758789 0.663086 0.763672 0.680664 0.763672 0.692383 0.765625 0.710938 0.781250 0.708008 0.775391 0.721680 0.788086 0.755859 0.763672 0.752930 0.765625 0.782227 0.738281 0.763672 0.731445 0.779297 0.712891 0.782227 0.724609 0.749023 0.696289 0.754883 0.671875 0.742188 0.704102 0.730469 0.684570 0.726562 0.666992 0.711914 0.705078 0.708984 0.692383 0.681641
1 0.787109 0.669922 0.794922 0.688477 0.803711 0.676758 0.820312 0.683594 0.827148 0.696289 0.822266 0.706055 0.835938 0.698242 0.835938 0.698242 0.841797 0.708008 0.833984 0.722656 0.845703 0.735352 0.851562 0.747070 0.832031 0.750000 0.836914 0.755859 0.827148 0.757812 0.833984 0.777344 0.810547 0.771484 0.794922 0.785156 0.785156 0.761719 0.767578 0.772461 0.764648 0.750000 0.783203 0.749023 0.771484 0.721680 0.781250 0.708984 0.760742 0.712891 0.763672 0.678711 0.770508 0.665039
1 0.871094 0.691406 0.882812 0.702148 0.882812 0.702148 0.898438 0.693359 0.904297 0.709961 0.916992 0.724609 0.914062 0.734375 0.906250 0.757812 0.896484 0.766602 0.884766 0.762695 0.876953 0.778320 0.867188 0.757812 0.855469 0.770508 0.846680 0.764648 0.831055 0.752930 0.844727 0.742188 0.828125 0.720703 0.831055 0.697266 0.844727 0.701172 0.845703 0.690430 0.860352 0.699219 0.860352 0.699219
1 0.974609 0.690430 0.973633 0.702148 0.987305 0.710938 0.987305 0.721680 1.000000 0.744141 0.981445 0.753906 0.973633 0.771484 0.958984 0.768555 0.951172 0.753906 0.934570 0.756836 0.928711 0.744141 0.909180 0.738281 0.920898 0.720703 0.920898 0.720703 0.930664 0.700195 0.949219 0.703125 0.958008 0.691406
1 0.775391 0.760742 0.782227 0.776367 0.791992 0.760742 0.804688 0.764648 0.801758 0.790039 0.823242 0.788086 0.813477 0.810547 0.823242 0.819336 0.821289 0.830078 0.821289 0.830078 0.805664 0.836914 0.828125 0.847656 0.813477 0.864258 0.790039 0.856445 0.793945 0.885742 0.777344 0.871094 0.777344 0.876953 0.773438 0.895508 0.759766 0.876953 0.742188 0.891602 0.744141 0.886719 0.743164 0.857422 0.711914 0.861328 0.745117 0.838867 0.717773 0.837891 0.683594 0.837891 0.701172 0.830078 0.688477 0.820312 0.688477 0.820312 0.726562 0.815430 0.722656 0.803711 0.712891 0.776367 0.727539 0.779297 0.727539 0.779297 0.732422 0.765625 0.745117 0.770508 0.745117 0.770508 0.753906 0.786133 0.755859 0.770508
1 0.869141 0.757812 0.862305 0.797852 0.877930 0.766602 0.895508 0.757812 0.886719 0.802734 0.886719 0.802734 0.909180 0.787109 0.907227 0.794922 0.928711 0.789062 0.928711 0.789062 0.928711 0.800781 0.916016 0.809570 0.930664 0.809570 0.923828 0.821289 0.940430 0.831055 0.929688 0.837891 0.930664 0.848633 0.923828 0.856445 0.911133 0.863281 0.911133 0.863281 0.908203 0.886719 0.888672 0.893555 0.875977 0.876953 0.866211 0.894531 0.846680 0.900391 0.854492 0.872070 0.843750 0.870117 0.843750 0.870117 0.828125 0.886719 0.819336 0.878906 0.834961 0.858398 0.816406 0.865234 0.809570 0.856445 0.819336 0.839844 0.802734 0.831055 0.820312 0.829102 0.821289 0.815430 0.811523 0.808594 0.816406 0.781250 0.829102 0.792969 0.823242 0.768555 0.839844 0.779297 0.839844 0.779297 0.839844 0.756836 0.839844 0.756836 0.856445 0.773438 0.858398 0.752930
1 0.953125 0.794922 0.958984 0.781250 0.969727 0.786133 0.969727 0.798828 0.984375 0.798828 0.989258 0.814453 0.996094 0.824219 0.990234 0.844727 0.981445 0.863281 0.964844 0.865234 0.947266 0.865234 0.922852 0.870117 0.929688 0.853516 0.922852 0.836914 0.916992 0.820312 0.930664 0.814453 0.926758 0.781250
1 0.791016 0.866211 0.804688 0.872070 0.800781 0.856445 0.817383 0.856445 0.822266 0.883789 0.842773 0.866211 0.855469 0.876953 0.845703 0.898438 0.862305 0.894531 0.876953 0.876953 0.877930 0.894531 0.891602 0.897461 0.888672 0.907227 0.878906 0.915039 0.900391 0.930664 0.900391 0.930664 0.900391 0.939453 0.885742 0.941406 0.889648 0.956055 0.889648 0.956055 0.875000 0.956055 0.881836 0.978516 0.873047 0.974609 0.873047 0.985352 0.858398 0.979492 0.844727 0.996094 0.831055 0.979492 0.815430 0.989258 0.811523 0.968750 0.777344 0.979492 0.788086 0.958984 0.769531 0.959961 0.789062 0.936523 0.781250 0.924805 0.763672 0.925781 0.750977 0.916992 0.768555 0.914062 0.746094 0.895508 0.781250 0.898438 0.772461 0.877930 0.773438 0.869141 0.789062 0.876953
1 0.959961 0.864258 0.958984 0.876953 0.969727 0.878906 0.969727 0.886719 0.987305 0.900391 0.993164 0.917969 0.990234 0.922852 0.975586 0.923828 0.982422 0.932617 0.978516 0.946289 0.963867 0.939453 0.958008 0.953125 0.943359 0.937500 0.930664 0.944336 0.927734 0.948242 0.919922 0.956055 0.902344 0.950195 0.914062 0.939453 0.897461 0.941406 0.886719 0.926758 0.914062 0.913086 0.901367 0.907227 0.882812 0.891602 0.893555 0.882812 0.914062 0.887695 0.905273 0.861328 0.925781 0.870117 0.937500 0.862305