1 0.000000 0.041992 0.025391 0.050781 0.033203 0.050781 0.024414 0.034180 0.000977 0.019531 0.025391 0.013672 0.049805 0.000977 0.000977 0.000000
1 0.004883 0.041992 0.006836 0.063477 0.032227 0.059570 0.016602 0.080078 0.022461 0.082031 0.019531 0.089844 0.038086 0.100586 0.024414 0.107422 0.036133 0.119141 0.013672 0.120117 0.020508 0.156250 0.000977 0.145508 0.000000 0.049805
1 0.017578 0.152344 0.023438 0.154297 0.034180 0.138672 0.039062 0.147461 0.048828 0.140625 0.050781 0.159180 0.069336 0.147461 0.068359 0.157227 0.078125 0.161133 0.073242 0.166992 0.085938 0.171875 0.071289 0.184570 0.084961 0.192383 0.059570 0.197266 0.073242 0.226562 0.051758 0.215820 0.047852 0.246094 0.040039 0.236328 0.020508 0.241211 0.020508 0.229492 0.006836 0.229492 0.000000 0.214844 0.000000 0.181641 0.002930 0.166992 0.002930 0.149414
1 0.008789 0.019531 0.041016 0.013672 0.028320 0.006836 0.029297 0.000000 0.135742 0.000000 0.112305 0.016602 0.152344 0.016602 0.144531 0.025391 0.115234 0.028320 0.134766 0.041992 0.142578 0.053711 0.118164 0.047852 0.110352 0.045898 0.097656 0.057617 0.073242 0.039062 0.041016 0.060547 0.021484 0.064453 0.041992 0.045898 0.034180 0.037109 0.040039 0.030273 0.020508 0.029297
1 0.092773 0.040039 0.094727 0.052734 0.111328 0.048828 0.111328 0.057617 0.134766 0.047852 0.134766 0.056641 0.151367 0.055664 0.139648 0.072266 0.164062 0.074219 0.145508 0.086914 0.161133 0.092773 0.163086 0.098633 0.145508 0.101562 0.164062 0.115234 0.138672 0.116211 0.152344 0.129883 0.152344 0.129883 0.151367 0.134766 0.130859 0.127930 0.135742 0.142578 0.134766 0.150391 0.120117 0.139648 0.107422 0.124023 0.107422 0.129883 0.095703 0.126953 0.095703 0.127930 0.092773 0.144531 0.085938 0.153320 0.079102 0.134766 0.067383 0.149414 0.057617 0.158203 0.057617 0.144531 0.065430 0.129883 0.052734 0.129883 0.035156 0.132812 0.038086 0.124023 0.022461 0.122070 0.038086 0.112305 0.020508 0.109375 0.041992 0.097656 0.033203 0.091797 0.014648 0.084961 0.038086 0.079102 0.026367 0.071289 0.037109 0.066406 0.042969 0.067383 0.052734 0.061523 0.046875 0.047852 0.064453 0.049805 0.074219 0.036133
1 0.134766 0.000977 0.122070 0.018555 0.134766 0.021484 0.132812 0.027344 0.151367 0.028320 0.141602 0.040039 0.140625 0.045898 0.140625 0.046875 0.151367 0.045898 0.162109 0.043945 0.172852 0.038086 0.182617 0.042969 0.193359 0.035156 0.206055 0.053711 0.210938 0.043945 0.216797 0.047852 0.228516 0.041016 0.241211 0.028320 0.250977 0.019531 0.242188 0.010742 0.228516 0.011719 0.228516 0.012695 0.226562 0.000000
1 0.164062 0.050781 0.156250 0.054688 0.158203 0.060547 0.149414 0.059570 0.161133 0.071289 0.145508 0.078125 0.164062 0.088867 0.145508 0.093750 0.145508 0.093750 0.160156 0.102539 0.144531 0.122070 0.156250 0.122070 0.152344 0.131836 0.169922 0.128906 0.169922 0.128906 0.166992 0.147461 0.173828 0.146484 0.190430 0.133789 0.188477 0.151367 0.197266 0.148438 0.209961 0.130859 0.234375 0.149414 0.238281 0.130859 0.250000 0.138672 0.244141 0.123047 0.249023 0.115234 0.258789 0.112305 0.250000 0.098633 0.240234 0.095703 0.250000 0.085938 0.266602 0.071289 0.265625 0.064453 0.245117 0.069336 0.246094 0.060547 0.233398 0.064453 0.242188 0.046875 0.235352 0.028320 0.224609 0.042969 0.208984 0.059570 0.187500 0.035156 0.184570 0.043945 0.172852 0.034180 0.170898 0.044922
1 0.120117 0.135742 0.123047 0.150391 0.136719 0.132812 0.137695 0.142578 0.150391 0.137695 0.145508 0.156250 0.161133 0.154297 0.150391 0.175781 0.164062 0.181641 0.151367 0.190430 0.160156 0.199219 0.148438 0.214844 0.128906 0.208008 0.132812 0.222656 0.140625 0.246094 0.135742 0.256836 0.130859 0.248047 0.127930 0.238281 0.125000 0.255859 0.125000 0.260742 0.118164 0.254883 0.114258 0.239258 0.103516 0.247070 0.093750 0.256836 0.092773 0.243164 0.092773 0.243164 0.098633 0.228516 0.093750 0.218750 0.068359 0.232422 0.068359 0.233398 0.066406 0.218750 0.073242 0.211914 0.074219 0.204102 0.064453 0.196289 0.064453 0.183594 0.078125 0.179688 0.081055 0.168945 0.065430 0.145508 0.085938 0.152344 0.097656 0.144531 0.102539 0.127930 0.116211 0.124023
1 0.186523 0.142578 0.200195 0.147461 0.208984 0.154297 0.208984 0.138672 0.215820 0.128906 0.223633 0.141602 0.228516 0.147461 0.231445 0.135742 0.238281 0.129883 0.242188 0.148438 0.242188 0.160156 0.249023 0.156250 0.258789 0.154297 0.258789 0.162109 0.251953 0.167969 0.249023 0.172852 0.259766 0.181641 0.276367 0.179688 0.276367 0.179688 0.266602 0.188477 0.262695 0.193359 0.271484 0.204102 0.262695 0.208008 0.252930 0.207031 0.252930 0.218750 0.243164 0.223633 0.234375 0.226562 0.242188 0.250000 0.231445 0.244141 0.223633 0.240234 0.229492 0.233398 0.223633 0.220703 0.215820 0.217773 0.212891 0.237305 0.215820 0.238281 0.208008 0.262695 0.197266 0.242188 0.186523 0.255859 0.186523 0.242188 0.192383 0.228516 0.192383 0.228516 0.172852 0.236328 0.174805 0.226562 0.159180 0.230469 0.161133 0.218750 0.183594 0.208008 0.156250 0.211914 0.148438 0.206055 0.166992 0.199219 0.184570 0.194336 0.167969 0.187500 0.160156 0.168945 0.174805 0.171875 0.187500 0.178711 0.177734 0.165039 0.174805 0.152344 0.184570 0.151367
1 0.291992 0.158203 0.304688 0.165039 0.316406 0.175781 0.322266 0.157227 0.333008 0.147461 0.332031 0.161133 0.333984 0.171875 0.353516 0.157227 0.355469 0.159180 0.371094 0.154297 0.376953 0.159180 0.373047 0.173828 0.373047 0.173828 0.366211 0.182617 0.381836 0.187500 0.381836 0.187500 0.378906 0.194336 0.383789 0.202148 0.378906 0.208008 0.363281 0.206055 0.367188 0.214844 0.367188 0.214844 0.369141 0.226562 0.358398 0.234375 0.347656 0.244141 0.338867 0.225586 0.337891 0.248047 0.329102 0.252930 0.321289 0.244141 0.322266 0.227539 0.304688 0.244141 0.299805 0.231445 0.284180 0.226562 0.293945 0.214844 0.292969 0.197266 0.275391 0.193359 0.266602 0.177734 0.276367 0.177734 0.288086 0.181641 0.302734 0.185547 0.291016 0.176758 0.291016 0.167969 0.285156 0.160156
1 0.274414 0.151367 0.273438 0.164062 0.289062 0.153320 0.292969 0.166016 0.306641 0.159180 0.313477 0.149414 0.320312 0.165039 0.328125 0.155273 0.333984 0.146484 0.348633 0.157227 0.353516 0.149414 0.359375 0.160156 0.359375 0.140625 0.370117 0.142578 0.375977 0.139648 0.362305 0.121094 0.347656 0.110352 0.380859 0.105469 0.359375 0.093750 0.383789 0.078125 0.383789 0.079102 0.367188 0.074219 0.373047 0.059570 0.359375 0.065430 0.368164 0.050781 0.340820 0.059570 0.345703 0.037109 0.329102 0.043945 0.316406 0.028320 0.313477 0.045898 0.299805 0.036133 0.291016 0.050781 0.271484 0.042969 0.275391 0.052734 0.256836 0.053711 0.265625 0.063477 0.251953 0.074219 0.262695 0.088867 0.249023 0.093750 0.249023 0.100586 0.255859 0.103516 0.255859 0.103516 0.245117 0.110352 0.245117 0.118164 0.257812 0.122070 0.247070 0.140625 0.256836 0.144531 0.271484 0.137695 0.262695 0.153320
1 0.242188 0.010742 0.256836 0.003906 0.281250 0.004883 0.282227 0.000000 0.346680 0.000000 0.339844 0.008789 0.355469 0.010742 0.357422 0.019531 0.353516 0.023438 0.351562 0.033203 0.344727 0.031250 0.343750 0.040039 0.322266 0.033203 0.311523 0.034180 0.302734 0.049805 0.284180 0.054688 0.284180 0.043945 0.293945 0.033203 0.283203 0.037109 0.267578 0.047852 0.248047 0.055664 0.242188 0.050781 0.250000 0.042969 0.278320 0.025391 0.254883 0.020508
1 0.365234 0.000000 0.349609 0.008789 0.348633 0.018555 0.356445 0.021484 0.369141 0.019531 0.363281 0.029297 0.348633 0.039062 0.348633 0.046875 0.359375 0.044922 0.359375 0.053711 0.378906 0.046875 0.367188 0.065430 0.384766 0.059570 0.382812 0.072266 0.395508 0.073242 0.408203 0.065430 0.411133 0.053711 0.421875 0.054688 0.426758 0.036133 0.434570 0.037109 0.442383 0.027344 0.453125 0.025391 0.462891 0.016602 0.458984 0.001953
1 0.422852 0.068359 0.426758 0.048828 0.426758 0.049805 0.442383 0.028320 0.446289 0.047852 0.445312 0.062500 0.458008 0.048828 0.458984 0.049805 0.461914 0.059570 0.466797 0.058594 0.459961 0.077148 0.478516 0.070312 0.495117 0.070312 0.487305 0.082031 0.470703 0.089844 0.495117 0.096680 0.480469 0.105469 0.464844 0.108398 0.474609 0.117188 0.493164 0.127930 0.499023 0.139648 0.476562 0.133789 0.458984 0.127930 0.469727 0.140625 0.469727 0.140625 0.468750 0.156250 0.467773 0.166016 0.450195 0.148438 0.442383 0.144531 0.436523 0.151367 0.426758 0.140625 0.413086 0.160156 0.403320 0.176758 0.395508 0.169922 0.395508 0.169922 0.380859 0.185547 0.385742 0.170898 0.394531 0.147461 0.410156 0.130859 0.399414 0.129883 0.380859 0.137695 0.361328 0.138672 0.359375 0.125000 0.378906 0.118164 0.391602 0.116211 0.399414 0.104492 0.381836 0.103516 0.363281 0.095703 0.354492 0.084961 0.375977 0.080078 0.402344 0.098633 0.410156 0.091797 0.396484 0.081055 0.390625 0.059570 0.391602 0.059570 0.400391 0.048828 0.415039 0.061523
1 0.444336 0.147461 0.453125 0.161133 0.469727 0.146484 0.469727 0.146484 0.472656 0.161133 0.472656 0.161133 0.490234 0.149414 0.490234 0.150391 0.488281 0.164062 0.500977 0.165039 0.496094 0.173828 0.503906 0.178711 0.504883 0.178711 0.493164 0.187500 0.504883 0.190430 0.493164 0.199219 0.493164 0.200195 0.496094 0.222656 0.472656 0.215820 0.472656 0.215820 0.479492 0.233398 0.479492 0.233398 0.475586 0.244141 0.475586 0.244141 0.465820 0.236328 0.458984 0.242188 0.449219 0.256836 0.442383 0.243164 0.433594 0.252930 0.426758 0.242188 0.432617 0.227539 0.413086 0.239258 0.402344 0.240234 0.408203 0.228516 0.395508 0.227539 0.398438 0.215820 0.409180 0.206055 0.384766 0.203125 0.396484 0.192383 0.385742 0.183594 0.397461 0.176758 0.416992 0.174805 0.405273 0.162109 0.411133 0.151367 0.420898 0.156250 0.434570 0.159180
1 0.563477 0.140625 0.569336 0.150391 0.568359 0.164062 0.584961 0.151367 0.586914 0.163086 0.582031 0.173828 0.589844 0.179688 0.607422 0.177734 0.602539 0.189453 0.594727 0.195312 0.594727 0.196289 0.610352 0.201172 0.611328 0.201172 0.611328 0.212891 0.601562 0.218750 0.585938 0.220703 0.597656 0.234375 0.597656 0.234375 0.590820 0.245117 0.574219 0.239258 0.560547 0.229492 0.557617 0.248047 0.547852 0.252930 0.541016 0.233398 0.535156 0.253906 0.524414 0.268555 0.512695 0.264648 0.524414 0.247070 0.509766 0.250000 0.519531 0.231445 0.525391 0.218750 0.500000 0.224609 0.500000 0.224609 0.483398 0.223633 0.476562 0.209961 0.487305 0.202148 0.514648 0.198242 0.513672 0.189453 0.507812 0.181641 0.512695 0.163086 0.513672 0.153320 0.527344 0.156250 0.526367 0.143555 0.537109 0.148438 0.550781 0.158203
1 0.508789 0.035156 0.518555 0.050781 0.519531 0.050781 0.525391 0.067383 0.536133 0.045898 0.542969 0.039062 0.549805 0.055664 0.559570 0.044922 0.566406 0.042969 0.567383 0.052734 0.561523 0.070312 0.574219 0.063477 0.582031 0.069336 0.582031 0.069336 0.575195 0.079102 0.590820 0.075195 0.594727 0.078125 0.587891 0.088867 0.580078 0.092773 0.591797 0.094727 0.581055 0.102539 0.571289 0.111328 0.583008 0.124023 0.581055 0.130859 0.565430 0.125000 0.568359 0.132812 0.555664 0.129883 0.569336 0.150391 0.563477 0.156250 0.549805 0.146484 0.544922 0.157227 0.531250 0.139648 0.524414 0.126953 0.522461 0.146484 0.505859 0.172852 0.497070 0.175781 0.500977 0.147461 0.487305 0.164062 0.478516 0.165039 0.486328 0.145508 0.472656 0.158203 0.470703 0.148438 0.463867 0.142578 0.473633 0.126953 0.467773 0.119141 0.491211 0.107422 0.476562 0.108398 0.463867 0.105469 0.474609 0.094727 0.465820 0.082031 0.478516 0.074219 0.461914 0.066406 0.460938 0.059570 0.475586 0.065430 0.481445 0.052734 0.475586 0.041016 0.486328 0.043945
1 0.458984 0.000000 0.464844 0.004883 0.482422 0.011719 0.458008 0.016602 0.458008 0.016602 0.448242 0.032227 0.449219 0.033203 0.458984 0.033203 0.458984 0.034180 0.445312 0.051758 0.445312 0.051758 0.459961 0.051758 0.456055 0.060547 0.472656 0.055664 0.486328 0.043945 0.502930 0.038086 0.523438 0.055664 0.540039 0.064453 0.532227 0.045898 0.524414 0.032227 0.545898 0.035156 0.570312 0.034180 0.557617 0.022461 0.537109 0.014648 0.560547 0.000000
1 0.557617 0.000000 0.564453 0.007812 0.551758 0.023438 0.550781 0.037109 0.577148 0.035156 0.577148 0.048828 0.590820 0.044922 0.591797 0.054688 0.603516 0.051758 0.613281 0.040039 0.621094 0.050781 0.632812 0.046875 0.632812 0.029297 0.627930 0.017578 0.641602 0.031250 0.649414 0.032227 0.650391 0.019531 0.647461 0.010742 0.661133 0.014648 0.666992 0.006836 0.666992 0.000000
1 0.642578 0.064453 0.630859 0.056641 0.626953 0.063477 0.620117 0.057617 0.620117 0.057617 0.617188 0.061523 0.610352 0.058594 0.610352 0.058594 0.608398 0.065430 0.589844 0.065430 0.590820 0.066406 0.607422 0.095703 0.595703 0.094727 0.579102 0.095703 0.585938 0.104492 0.570312 0.111328 0.583984 0.116211 0.583984 0.117188 0.593750 0.117188 0.593750 0.117188 0.590820 0.123047 0.573242 0.123047 0.558594 0.128906 0.558594 0.128906 0.573242 0.131836 0.592773 0.131836 0.582031 0.149414 0.587891 0.152344 0.589844 0.159180 0.605469 0.150391 0.618164 0.137695 0.612305 0.158203 0.610352 0.166016 0.621094 0.164062 0.633789 0.149414 0.646484 0.145508 0.663086 0.135742 0.663086 0.135742 0.676758 0.141602 0.688477 0.132812 0.684570 0.121094 0.688477 0.113281 0.685547 0.103516 0.685547 0.104492 0.696289 0.095703 0.680664 0.092773 0.681641 0.079102 0.673828 0.077148 0.663086 0.081055 0.667969 0.068359 0.664062 0.057617 0.650391 0.057617
1 0.666016 0.138672 0.674805 0.152344 0.675781 0.139648 0.687500 0.143555 0.686523 0.150391 0.692383 0.157227 0.702148 0.143555 0.706055 0.157227 0.719727 0.152344 0.714844 0.169922 0.735352 0.165039 0.735352 0.165039 0.735352 0.173828 0.723633 0.186523 0.742188 0.186523 0.730469 0.199219 0.746094 0.203125 0.752930 0.207031 0.742188 0.212891 0.725586 0.214844 0.733398 0.228516 0.714844 0.225586 0.724609 0.244141 0.725586 0.256836 0.714844 0.255859 0.697266 0.238281 0.686523 0.228516 0.685547 0.247070 0.683594 0.272461 0.676758 0.278320 0.670898 0.265625 0.669922 0.242188 0.662109 0.237305 0.650391 0.254883 0.625000 0.268555 0.649414 0.234375 0.634766 0.235352 0.633789 0.224609 0.643555 0.218750 0.643555 0.219727 0.629883 0.216797 0.613281 0.217773 0.601562 0.216797 0.601562 0.207031 0.625000 0.208008 0.607422 0.199219 0.629883 0.191406 0.616211 0.183594 0.604492 0.169922 0.633789 0.175781 0.621094 0.155273 0.650391 0.167969 0.644531 0.146484 0.643555 0.137695 0.656250 0.138672 0.658203 0.135742
1 0.673828 0.000000 0.689453 0.003906 0.714844 0.009766 0.701172 0.017578 0.670898 0.026367 0.662109 0.037109 0.687500 0.034180 0.713867 0.022461 0.700195 0.041992 0.682617 0.061523 0.701172 0.057617 0.715820 0.043945 0.731445 0.046875 0.744141 0.038086 0.750000 0.041016 0.762695 0.044922 0.771484 0.033203 0.782227 0.030273 0.791016 0.028320 0.806641 0.020508 0.816406 0.013672 0.805664 0.004883 0.803711 0.000000
1 0.776367 0.049805 0.762695 0.036133 0.755859 0.042969 0.751953 0.073242 0.745117 0.074219 0.737305 0.060547 0.728516 0.056641 0.721680 0.061523 0.725586 0.082031 0.737305 0.091797 0.745117 0.098633 0.737305 0.101562 0.719727 0.086914 0.719727 0.087891 0.703125 0.078125 0.704102 0.078125 0.677734 0.084961 0.701172 0.095703 0.712891 0.100586 0.696289 0.106445 0.725586 0.108398 0.713867 0.121094 0.713867 0.121094 0.681641 0.136719 0.701172 0.135742 0.730469 0.131836 0.711914 0.162109 0.706055 0.170898 0.726562 0.155273 0.724609 0.167969 0.740234 0.161133 0.742188 0.168945 0.757812 0.156250 0.761719 0.132812 0.782227 0.154297 0.785156 0.142578 0.783203 0.123047 0.809570 0.137695 0.817383 0.137695 0.808594 0.118164 0.822266 0.124023 0.817383 0.110352 0.807617 0.103516 0.820312 0.098633 0.806641 0.089844 0.823242 0.079102 0.793945 0.081055 0.805664 0.058594 0.790039 0.062500 0.791016 0.062500 0.783203 0.068359
1 0.804688 0.001953 0.813477 0.016602 0.819336 0.054688 0.819336 0.055664 0.827148 0.040039 0.843750 0.048828 0.843750 0.041016 0.852539 0.046875 0.850586 0.037109 0.840820 0.029297 0.865234 0.030273 0.851562 0.018555 0.863281 0.012695 0.850586 0.010742 0.860352 0.000000
1 0.879883 0.000000 0.884766 0.004883 0.882812 0.010742 0.915039 0.014648 0.901367 0.018555 0.877930 0.037109 0.901367 0.033203 0.892578 0.046875 0.917969 0.039062 0.918945 0.039062 0.917969 0.049805 0.929688 0.046875 0.924805 0.065430 0.934570 0.067383 0.944336 0.048828 0.954102 0.059570 0.961914 0.043945 0.977539 0.061523 0.990234 0.052734 1.000000 0.053711 1.000000 0.000000
1 0.861328 0.053711 0.873047 0.062500 0.875000 0.082031 0.894531 0.069336 0.903320 0.071289 0.903320 0.082031 0.899414 0.093750 0.918945 0.104492 0.910156 0.110352 0.912109 0.132812 0.913086 0.133789 0.902344 0.136719 0.892578 0.133789 0.894531 0.151367 0.881836 0.144531 0.874023 0.155273 0.863281 0.133789 0.848633 0.149414 0.833984 0.157227 0.844727 0.135742 0.824219 0.141602 0.805664 0.141602 0.794922 0.135742 0.812500 0.126953 0.813477 0.126953 0.830078 0.121094 0.812500 0.113281 0.802734 0.101562 0.816406 0.102539 0.816406 0.102539 0.834961 0.108398 0.836914 0.098633 0.824219 0.088867 0.807617 0.072266 0.815430 0.069336 0.830078 0.071289 0.845703 0.077148 0.851562 0.084961 0.856445 0.063477
1 0.935547 0.063477 0.953125 0.077148 0.948242 0.058594 0.949219 0.047852 0.961914 0.045898 0.973633 0.056641 0.973633 0.056641 0.974609 0.066406 0.983398 0.050781 1.000000 0.047852 1.000000 0.130859 0.994141 0.134766 0.978516 0.153320 0.969727 0.152344 0.951172 0.162109 0.941406 0.162109 0.951172 0.150391 0.934570 0.155273 0.919922 0.153320 0.936523 0.140625 0.947266 0.125977 0.926758 0.125977 0.907227 0.124023 0.912109 0.113281 0.922852 0.111328 0.903320 0.106445 0.925781 0.094727 0.908203 0.085938 0.923828 0.079102 0.914062 0.071289 0.923828 0.058594
1 0.814453 0.142578 0.821289 0.152344 0.820312 0.166016 0.820312 0.166016 0.829102 0.158203 0.833008 0.166016 0.841797 0.163086 0.851562 0.180664 0.843750 0.187500 0.854492 0.201172 0.840820 0.203125 0.841797 0.224609 0.820312 0.220703 0.825195 0.246094 0.813477 0.250000 0.800781 0.237305 0.796875 0.225586 0.776367 0.256836 0.769531 0.248047 0.770508 0.248047 0.778320 0.221680 0.742188 0.245117 0.742188 0.235352 0.769531 0.206055 0.742188 0.204102 0.727539 0.194336 0.727539 0.186523 0.750000 0.184570 0.741211 0.165039 0.759766 0.166016 0.759766 0.146484 0.759766 0.147461 0.771484 0.149414 0.771484 0.150391 0.785156 0.136719 0.789062 0.151367 0.794922 0.149414 0.795898 0.143555
1 0.883789 0.144531 0.894531 0.160156 0.916016 0.141602 0.927734 0.157227 0.919922 0.171875 0.947266 0.166992 0.947266 0.166992 0.937500 0.180664 0.949219 0.180664 0.942383 0.196289 0.957031 0.202148 0.957031 0.202148 0.950195 0.209961 0.958008 0.214844 0.939453 0.226562 0.940430 0.226562 0.937500 0.232422 0.936523 0.242188 0.928711 0.241211 0.923828 0.250000 0.915039 0.264648 0.898438 0.249023 0.898438 0.250000 0.898438 0.264648 0.884766 0.269531 0.873047 0.274414 0.864258 0.273438 0.865234 0.273438 0.857422 0.256836 0.845703 0.247070 0.839844 0.234375 0.830078 0.235352 0.844727 0.223633 0.831055 0.208008 0.855469 0.197266 0.842773 0.184570 0.846680 0.166992 0.859375 0.168945 0.863281 0.158203
1 0.986328 0.145508 0.992188 0.157227 1.000000 0.145508 1.000000 0.231445 0.992188 0.221680 0.974609 0.237305 0.974609 0.237305 0.956055 0.242188 0.950195 0.239258 0.969727 0.211914 0.953125 0.216797 0.936523 0.208984 0.960938 0.196289 0.960938 0.197266 0.941406 0.194336 0.931641 0.177734 0.944336 0.179688 0.942383 0.169922 0.955078 0.168945 0.972656 0.148438