1 0.014648 0.000000 0.017578 0.011719 0.026367 0.019531 0.026367 0.019531 0.011719 0.034180 0.031250 0.043945 0.041992 0.068359 0.060547 0.055664 0.078125 0.060547 0.078125 0.060547 0.085938 0.049805 0.099609 0.049805 0.115234 0.038086 0.106445 0.035156 0.118164 0.017578 0.107422 0.010742 0.116211 0.000000
1 0.133789 0.000000 0.125977 0.014648 0.133789 0.020508 0.126953 0.040039 0.147461 0.037109 0.166016 0.051758 0.178711 0.046875 0.191406 0.054688 0.194336 0.026367 0.218750 0.025391 0.210938 0.000000
1 0.323242 0.000000 0.314453 0.011719 0.330078 0.044922 0.330078 0.044922 0.310547 0.039062 0.308594 0.068359 0.292969 0.061523 0.291016 0.077148 0.275391 0.072266 0.270508 0.056641 0.257812 0.063477 0.253906 0.053711 0.241211 0.055664 0.248047 0.031250 0.231445 0.027344 0.220703 0.010742 0.238281 0.000000
1 0.208008 0.057617 0.220703 0.053711 0.220703 0.062500 0.230469 0.061523 0.230469 0.071289 0.241211 0.073242 0.231445 0.088867 0.256836 0.091797 0.247070 0.097656 0.246094 0.113281 0.223633 0.117188 0.234375 0.134766 0.224609 0.143555 0.224609 0.143555 0.216797 0.158203 0.201172 0.144531 0.197266 0.161133 0.186523 0.163086 0.181641 0.144531 0.166992 0.161133 0.160156 0.150391 0.161133 0.133789 0.141602 0.134766 0.146484 0.118164 0.131836 0.105469 0.146484 0.086914 0.137695 0.077148 0.154297 0.072266 0.159180 0.052734 0.174805 0.054688 0.181641 0.055664 0.189453 0.046875
1 0.105469 0.067383 0.134766 0.073242 0.127930 0.082031 0.141602 0.085938 0.127930 0.099609 0.137695 0.108398 0.137695 0.146484 0.125000 0.140625 0.126953 0.155273 0.113281 0.160156 0.084961 0.174805 0.072266 0.151367 0.058594 0.166016 0.033203 0.151367 0.041016 0.127930 0.025391 0.113281 0.032227 0.096680 0.036133 0.083984 0.045898 0.073242 0.059570 0.058594 0.082031 0.057617
1 0.001953 0.067383 0.022461 0.084961 0.030273 0.099609 0.030273 0.099609 0.022461 0.104492 0.035156 0.134766 0.018555 0.139648 0.018555 0.139648 0.000000 0.158203
1 0.082031 0.189453 0.092773 0.200195 0.096680 0.171875 0.117188 0.158203 0.117188 0.184570 0.133789 0.183594 0.134766 0.202148 0.130859 0.218750 0.164062 0.231445 0.154297 0.239258 0.120117 0.229492 0.123047 0.242188 0.133789 0.251953 0.142578 0.280273 0.123047 0.269531 0.105469 0.295898 0.097656 0.283203 0.085938 0.288086 0.084961 0.269531 0.067383 0.281250 0.058594 0.261719 0.064453 0.244141 0.041016 0.248047 0.035156 0.230469 0.062500 0.211914 0.063477 0.192383
1 0.231445 0.199219 0.239258 0.209961 0.253906 0.214844 0.253906 0.223633 0.239258 0.225586 0.259766 0.232422 0.269531 0.242188 0.257812 0.246094 0.242188 0.240234 0.244141 0.256836 0.224609 0.250000 0.210938 0.234375 0.207031 0.206055
0 0.000000 0.333984 0.017578 0.333984 0.029297 0.337891 0.031250 0.343750 0.033203 0.348633 0.041016 0.358398 0.044922 0.362305 0.053711 0.368164 0.057617 0.364258 0.060547 0.359375 0.065430 0.355469 0.076172 0.351562 0.086914 0.354492 0.110352 0.355469 0.114258 0.359375 0.120117 0.364258 0.125000 0.369141 0.129883 0.375977 0.131836 0.380859 0.135742 0.384766 0.139648 0.389648 0.141602 0.394531 0.142578 0.400391 0.141602 0.407227 0.145508 0.412109 0.145508 0.416992 0.145508 0.434570 0.145508 0.439453 0.148438 0.443359 0.153320 0.449219 0.155273 0.454102 0.155273 0.459961 0.151367 0.472656 0.150391 0.478516 0.147461 0.488281 0.146484 0.493164 0.147461 0.499023 0.155273 0.499023 0.161133 0.501953 0.167969 0.510742 0.167969 0.520508 0.164062 0.541016 0.158203 0.541016 0.151367 0.542969 0.149414 0.547852 0.144531 0.549805 0.144531 0.556641 0.143555 0.561523 0.144531 0.568359 0.148438 0.572266 0.154297 0.574219 0.158203 0.577148 0.161133 0.583984 0.162109 0.589844 0.164062 0.594727 0.163086 0.599609 0.166016 0.605469 0.166016 0.611328 0.170898 0.616211 0.170898 0.621094 0.170898 0.626953 0.174805 0.641602 0.177734 0.646484 0.180664 0.656250 0.175781 0.658203 0.174805 0.663086 0.177734 0.667969 0.182617 0.672852 0.186523 0.682617 0.187500 0.688477 0.189453 0.693359 0.191406 0.699219 0.191406 0.704102 0.197266 0.723633 0.200195 0.728516 0.205078 0.732422 0.208984 0.737305 0.209961 0.742188 0.213867 0.746094 0.214844 0.751953 0.214844 0.756836 0.216797 0.776367 0.220703 0.780273 0.221680 0.785156 0.221680 0.791016 0.220703 0.802734 0.220703 0.808594 0.219727 0.814453 0.217773 0.819336 0.210938 0.831055 0.210938 0.835938 0.205078 0.840820 0.195312 0.846680 0.196289 0.852539 0.199219 0.856445 0.202148 0.861328 0.205078 0.866211 0.209961 0.876953 0.214844 0.886719 0.217773 0.891602 0.221680 0.896484 0.227539 0.898438 0.236328 0.905273 0.249023 0.915039 0.250000 0.920898 0.250000 0.926758 0.249023 0.938477 0.246094 0.943359 0.240234 0.953125 0.232422 0.961914 0.229492 0.965820 0.227539 0.975586 0.227539 0.981445 0.227539 0.987305 0.226562 0.999023 0.000000 1.000000
1 0.428711 0.015625 0.420898 0.022461 0.435547 0.029297 0.432617 0.043945 0.442383 0.043945 0.432617 0.062500 0.461914 0.048828 0.479492 0.070312 0.496094 0.047852 0.512695 0.066406 0.529297 0.051758 0.529297 0.031250 0.554688 0.029297 0.550781 0.017578 0.564453 0.018555 0.559570 0.000000 0.418945 0.000000
1 0.555664 0.028320 0.535156 0.053711 0.566406 0.044922 0.563477 0.056641 0.589844 0.051758 0.585938 0.071289 0.605469 0.060547 0.618164 0.075195 0.636719 0.071289 0.647461 0.049805 0.648438 0.025391 0.672852 0.025391 0.672852 0.000977 0.558594 0.000000 0.541016 0.015625
1 0.689453 0.018555 0.658203 0.027344 0.645508 0.041016 0.670898 0.044922 0.669922 0.070312 0.683594 0.074219 0.699219 0.061523 0.707031 0.065430 0.716797 0.066406 0.724609 0.041992 0.736328 0.059570 0.746094 0.043945 0.770508 0.057617 0.768555 0.033203 0.797852 0.031250 0.806641 0.022461 0.781250 0.010742 0.799805 0.000000 0.657227 0.000000 0.671875 0.014648
1 0.787109 0.000977 0.780273 0.018555 0.808594 0.022461 0.801758 0.055664 0.823242 0.040039 0.840820 0.055664 0.853516 0.041992 0.871094 0.048828 0.875000 0.023438 0.890625 0.011719 0.879883 0.000000
1 1.000000 0.002930 0.979492 0.018555 0.998047 0.027344 0.998047 0.040039 0.970703 0.042969 0.969727 0.060547 0.954102 0.061523 0.940430 0.083008 0.933594 0.067383 0.923828 0.079102 0.902344 0.078125 0.909180 0.053711 0.889648 0.058594 0.868164 0.043945 0.888672 0.037109 0.865234 0.019531 0.882812 0.000000
1 1.000000 0.159180 0.970703 0.180664 0.956055 0.189453 0.949219 0.172852 0.912109 0.182617 0.939453 0.140625 0.898438 0.137695 0.924805 0.116211 0.902344 0.083008 0.942383 0.084961 0.942383 0.048828 0.956055 0.046875 0.979492 0.056641 0.986328 0.054688 0.998047 0.052734
1 0.874023 0.068359 0.904297 0.064453 0.906250 0.096680 0.898438 0.116211 0.903320 0.129883 0.885742 0.134766 0.875977 0.149414 0.861328 0.165039 0.844727 0.152344 0.842773 0.167969 0.816406 0.164062 0.823242 0.144531 0.798828 0.144531 0.816406 0.126953 0.797852 0.111328 0.823242 0.103516 0.802734 0.086914 0.810547 0.058594 0.818359 0.059570 0.819336 0.041992 0.842773 0.060547 0.861328 0.044922 0.877930 0.047852
1 0.779297 0.065430 0.815430 0.057617 0.803711 0.083984 0.822266 0.104492 0.818359 0.113281 0.811523 0.129883 0.801758 0.134766 0.806641 0.155273 0.783203 0.146484 0.783203 0.160156 0.765625 0.155273 0.752930 0.164062 0.741211 0.155273 0.727539 0.170898 0.703125 0.171875 0.723633 0.142578 0.678711 0.141602 0.691406 0.118164 0.710938 0.112305 0.676758 0.097656 0.702148 0.089844 0.724609 0.087891 0.715820 0.041016 0.744141 0.066406 0.762695 0.041992 0.775391 0.043945
1 0.651367 0.065430 0.678711 0.054688 0.677734 0.075195 0.691406 0.074219 0.708984 0.087891 0.692383 0.107422 0.678711 0.111328 0.690430 0.130859 0.669922 0.132812 0.650391 0.170898 0.650391 0.170898 0.630859 0.158203 0.616211 0.172852 0.597656 0.174805 0.593750 0.159180 0.571289 0.160156 0.571289 0.146484 0.588867 0.127930 0.574219 0.113281 0.582031 0.102539 0.562500 0.089844 0.581055 0.084961 0.573242 0.067383 0.603516 0.061523 0.614258 0.062500 0.636719 0.075195 0.644531 0.057617 0.660156 0.051758
1 0.553711 0.059570 0.564453 0.056641 0.560547 0.082031 0.574219 0.079102 0.574219 0.079102 0.565430 0.092773 0.584961 0.105469 0.568359 0.116211 0.553711 0.120117 0.570312 0.146484 0.538086 0.141602 0.535156 0.167969 0.514648 0.153320 0.489258 0.166016 0.475586 0.169922 0.482422 0.144531 0.456055 0.143555 0.457031 0.122070 0.471680 0.112305 0.451172 0.098633 0.466797 0.079102 0.482422 0.086914 0.473633 0.065430 0.496094 0.050781 0.520508 0.062500 0.533203 0.046875
1 0.540039 0.176758 0.551758 0.174805 0.541992 0.192383 0.555664 0.191406 0.555664 0.191406 0.551758 0.205078 0.541992 0.207031 0.548828 0.227539 0.541992 0.239258 0.520508 0.226562 0.520508 0.226562 0.509766 0.242188 0.497070 0.225586 0.471680 0.229492 0.448242 0.204102 0.470703 0.197266 0.460938 0.176758 0.473633 0.176758 0.474609 0.154297 0.501953 0.163086 0.520508 0.154297 0.538086 0.157227
1 0.754883 0.173828 0.768555 0.150391 0.778320 0.166016 0.796875 0.153320 0.818359 0.163086 0.812500 0.180664 0.817383 0.206055 0.815430 0.221680 0.814453 0.238281 0.792969 0.235352 0.765625 0.250000 0.747070 0.232422 0.729492 0.251953 0.725586 0.231445 0.694336 0.232422 0.703125 0.210938 0.690430 0.189453 0.715820 0.183594 0.708984 0.167969 0.735352 0.164062 0.736328 0.149414
1 0.526367 0.244141 0.539062 0.235352 0.538086 0.245117 0.551758 0.239258 0.558594 0.252930 0.568359 0.265625 0.559570 0.281250 0.574219 0.283203 0.572266 0.298828 0.571289 0.319336 0.551758 0.315430 0.547852 0.328125 0.529297 0.343750 0.516602 0.333984 0.500977 0.345703 0.500977 0.324219 0.480469 0.348633 0.480469 0.313477 0.460938 0.310547 0.455078 0.286133 0.455078 0.270508 0.476562 0.274414 0.466797 0.255859 0.481445 0.247070 0.495117 0.259766 0.497070 0.239258 0.518555 0.226562
1 0.630859 0.236328 0.640625 0.222656 0.656250 0.229492 0.672852 0.239258 0.672852 0.239258 0.671875 0.256836 0.693359 0.260742 0.685547 0.270508 0.694336 0.281250 0.683594 0.289062 0.689453 0.319336 0.680664 0.320312 0.665039 0.326172 0.654297 0.344727 0.637695 0.327148 0.614258 0.350586 0.607422 0.319336 0.607422 0.319336 0.579102 0.340820 0.569336 0.319336 0.585938 0.307617 0.573242 0.297852 0.563477 0.291016 0.572266 0.274414 0.565430 0.260742 0.583984 0.260742 0.575195 0.246094 0.593750 0.243164 0.594727 0.231445 0.616211 0.229492
1 0.698242 0.239258 0.728516 0.246094 0.737305 0.263672 0.739258 0.240234 0.741211 0.226562 0.758789 0.249023 0.796875 0.235352 0.803711 0.244141 0.800781 0.255859 0.822266 0.255859 0.811523 0.274414 0.824219 0.281250 0.822266 0.305664 0.819336 0.322266 0.808594 0.332031 0.778320 0.324219 0.787109 0.348633 0.787109 0.348633 0.759766 0.337891 0.747070 0.358398 0.739258 0.339844 0.718750 0.360352 0.710938 0.340820 0.720703 0.325195 0.685547 0.333984 0.683594 0.320312 0.701172 0.307617 0.678711 0.298828 0.695312 0.283203 0.683594 0.263672 0.702148 0.259766
1 0.867188 0.241211 0.874023 0.259766 0.893555 0.234375 0.903320 0.249023 0.900391 0.259766 0.895508 0.259766 0.919922 0.259766 0.928711 0.267578 0.916016 0.279297 0.932617 0.292969 0.920898 0.305664 0.918945 0.328125 0.910156 0.327148 0.897461 0.335938 0.890625 0.326172 0.861328 0.341797 0.843750 0.345703 0.803711 0.333008 0.829102 0.309570 0.804688 0.295898 0.830078 0.282227 0.814453 0.269531 0.813477 0.249023 0.848633 0.271484 0.842773 0.240234 0.853516 0.232422
1 1.000000 0.245117 1.000000 0.329102 0.976562 0.360352 0.962891 0.348633 0.955078 0.330078 0.933594 0.336914 0.933594 0.336914 0.916016 0.328125 0.922852 0.309570 0.914062 0.293945 0.914062 0.274414 0.931641 0.272461 0.929688 0.267578 0.924805 0.263672 0.917969 0.244141 0.944336 0.244141 0.966797 0.231445 0.983398 0.243164 0.990234 0.233398
1 0.998047 0.447266 1.000000 0.343750 0.979492 0.328125 0.972656 0.352539 0.940430 0.360352 0.949219 0.373047 0.929688 0.392578 0.931641 0.412109 0.931641 0.412109 0.960938 0.403320 0.958008 0.414062 0.973633 0.415039 0.964844 0.437500 0.978516 0.440430
1 0.920898 0.346680 0.938477 0.343750 0.949219 0.347656 0.934570 0.362305 0.944336 0.390625 0.925781 0.391602 0.923828 0.417969 0.908203 0.408203 0.893555 0.416016 0.875000 0.430664 0.870117 0.420898 0.841797 0.430664 0.854492 0.416016 0.820312 0.424805 0.839844 0.400391 0.814453 0.390625 0.802734 0.371094 0.844727 0.361328 0.821289 0.349609 0.813477 0.335938 0.845703 0.344727 0.865234 0.358398 0.864258 0.336914 0.869141 0.315430 0.889648 0.342773 0.905273 0.329102 0.919922 0.324219
1 0.770508 0.356445 0.792969 0.345703 0.792969 0.359375 0.803711 0.370117 0.803711 0.390625 0.793945 0.405273 0.780273 0.416016 0.766602 0.420898 0.741211 0.425781 0.742188 0.408203 0.701172 0.404297 0.728516 0.385742 0.709961 0.364258 0.730469 0.361328 0.734375 0.341797 0.754883 0.358398 0.758789 0.338867
1 0.646484 0.339844 0.666992 0.328125 0.673828 0.335938 0.684570 0.329102 0.696289 0.337891 0.706055 0.346680 0.706055 0.358398 0.718750 0.376953 0.707031 0.384766 0.706055 0.397461 0.697266 0.397461 0.699219 0.416992 0.678711 0.407227 0.646484 0.412109 0.618164 0.416992 0.632812 0.396484 0.598633 0.393555 0.607422 0.373047 0.628906 0.366211 0.612305 0.349609 0.633789 0.333984
1 0.567383 0.340820 0.585938 0.331055 0.597656 0.350586 0.597656 0.350586 0.586914 0.361328 0.599609 0.364258 0.611328 0.384766 0.598633 0.393555 0.598633 0.393555 0.603516 0.409180 0.585938 0.410156 0.570312 0.420898 0.556641 0.437500 0.539062 0.428711 0.523438 0.436523 0.500977 0.415039 0.494141 0.394531 0.483398 0.369141 0.506836 0.369141 0.495117 0.345703 0.509766 0.344727 0.535156 0.355469 0.537109 0.331055 0.555664 0.317383
1 0.583008 0.418945 0.588867 0.407227 0.608398 0.407227 0.608398 0.421875 0.608398 0.421875 0.607422 0.431641 0.626953 0.422852 0.628906 0.435547 0.617188 0.445312 0.638672 0.448242 0.638672 0.457031 0.628906 0.471680 0.642578 0.483398 0.619141 0.484375 0.619141 0.484375 0.632812 0.495117 0.595703 0.492188 0.585938 0.515625 0.573242 0.506836 0.554688 0.522461 0.556641 0.484375 0.525391 0.500000 0.529297 0.496094 0.503906 0.500000 0.510742 0.472656 0.535156 0.462891 0.517578 0.437500 0.528320 0.418945 0.550781 0.433594 0.550781 0.433594 0.541016 0.411133 0.563477 0.426758 0.571289 0.410156
1 0.693359 0.416992 0.711914 0.405273 0.719727 0.421875 0.735352 0.419922 0.728516 0.436523 0.717773 0.449219 0.739258 0.453125 0.731445 0.460938 0.744141 0.470703 0.724609 0.478516 0.733398 0.495117 0.717773 0.494141 0.715820 0.509766 0.708008 0.503906 0.690430 0.507812 0.685547 0.525391 0.671875 0.518555 0.666016 0.487305 0.637695 0.497070 0.650391 0.469727 0.627930 0.472656 0.629883 0.441406 0.646484 0.449219 0.646484 0.443359 0.624023 0.423828 0.647461 0.426758 0.646484 0.407227 0.673828 0.405273 0.673828 0.416992 0.685547 0.399414
1 0.781250 0.413086 0.788086 0.432617 0.803711 0.417969 0.811523 0.401367 0.820312 0.413086 0.817383 0.443359 0.847656 0.437500 0.841797 0.452148 0.829102 0.459961 0.850586 0.465820 0.856445 0.485352 0.832031 0.481445 0.834961 0.500977 0.801758 0.484375 0.794922 0.504883 0.776367 0.512695 0.745117 0.506836 0.761719 0.488281 0.722656 0.478516 0.749023 0.465820 0.760742 0.457031 0.742188 0.447266 0.733398 0.430664 0.761719 0.439453 0.757812 0.419922
1 0.927734 0.419922 0.938477 0.410156 0.937500 0.433594 0.964844 0.429688 0.964844 0.443359 0.981445 0.444336 0.971680 0.456055 0.973633 0.465820 0.963867 0.475586 0.973633 0.486328 0.968750 0.500000 0.941406 0.500977 0.946289 0.520508 0.915039 0.501953 0.903320 0.524414 0.889648 0.512695 0.880859 0.495117 0.849609 0.499023 0.865234 0.482422 0.853516 0.472656 0.832031 0.457031 0.838867 0.457031 0.849609 0.452148 0.833008 0.439453 0.855469 0.434570 0.843750 0.424805 0.861328 0.423828 0.870117 0.432617 0.874023 0.419922 0.891602 0.419922 0.897461 0.429688 0.895508 0.412109 0.914062 0.410156
1 0.967773 0.500000 0.979492 0.501953 0.974609 0.515625 0.993164 0.517578 0.980469 0.536133 1.000000 0.559570 0.965820 0.568359 0.980469 0.590820 0.952148 0.583008 0.952148 0.597656 0.934570 0.585938 0.923828 0.593750 0.917969 0.605469 0.916016 0.599609 0.897461 0.588867 0.887695 0.582031 0.865234 0.578125 0.892578 0.549805 0.873047 0.524414 0.894531 0.518555 0.918945 0.501953 0.949219 0.517578 0.942383 0.494141
1 0.744141 0.509766 0.755859 0.520508 0.744141 0.534180 0.743164 0.545898 0.772461 0.545898 0.762695 0.568359 0.763672 0.587891 0.777344 0.581055 0.777344 0.590820 0.797852 0.583984 0.800781 0.599609 0.815430 0.599609 0.828125 0.585938 0.851562 0.598633 0.860352 0.582031 0.875977 0.573242 0.868164 0.549805 0.889648 0.548828 0.868164 0.529297 0.889648 0.511719 0.864258 0.511719 0.875000 0.486328 0.855469 0.477539 0.844727 0.490234 0.837891 0.471680 0.826172 0.485352 0.821289 0.498047 0.809570 0.473633 0.796875 0.486328 0.789062 0.504883
1 0.727539 0.498047 0.741211 0.507812 0.747070 0.526367 0.741211 0.557617 0.725586 0.574219 0.704102 0.566406 0.698242 0.583984 0.680664 0.566406 0.655273 0.575195 0.669922 0.542969 0.644531 0.529297 0.648438 0.515625 0.674805 0.523438 0.702148 0.497070 0.712891 0.507812
1 0.537109 0.499023 0.554688 0.518555 0.524414 0.530273 0.524414 0.541016 0.541016 0.545898 0.562500 0.540039 0.562500 0.550781 0.542969 0.578125 0.542969 0.578125 0.548828 0.600586 0.572266 0.587891 0.582031 0.579102 0.581055 0.596680 0.586914 0.607422 0.597656 0.595703 0.601562 0.576172 0.615234 0.592773 0.629883 0.600586 0.636719 0.575195 0.660156 0.579102 0.645508 0.557617 0.671875 0.551758 0.650391 0.535156 0.670898 0.520508 0.650391 0.509766 0.657227 0.492188 0.628906 0.500000 0.629883 0.481445 0.610352 0.498047 0.599609 0.483398 0.587891 0.516602 0.548828 0.486328
1 0.622070 0.625000 0.628906 0.609375 0.648438 0.592773 0.645508 0.629883 0.673828 0.626953 0.672852 0.632812 0.661133 0.645508 0.682617 0.668945 0.656250 0.674805 0.654297 0.706055 0.637695 0.698242 0.615234 0.702148 0.597656 0.701172 0.580078 0.680664 0.561523 0.670898 0.579102 0.657227 0.560547 0.645508 0.567383 0.625000 0.576172 0.613281 0.596680 0.618164 0.598633 0.587891
1 0.721680 0.586914 0.737305 0.608398 0.756836 0.595703 0.773438 0.607422 0.780273 0.619141 0.773438 0.625000 0.764648 0.644531 0.794922 0.641602 0.779297 0.661133 0.802734 0.677734 0.783203 0.682617 0.784180 0.720703 0.762695 0.708008 0.762695 0.708008 0.759766 0.725586 0.754883 0.720703 0.741211 0.706055 0.739258 0.730469 0.716797 0.733398 0.713867 0.714844 0.713867 0.714844 0.703125 0.726562 0.680664 0.714844 0.692383 0.697266 0.667969 0.689453 0.666992 0.651367 0.681641 0.651367 0.672852 0.621094 0.704102 0.625000 0.708984 0.592773
1 0.808594 0.610352 0.817383 0.626953 0.832031 0.605469 0.841797 0.611328 0.841797 0.611328 0.844727 0.630859 0.869141 0.629883 0.873047 0.641602 0.846680 0.656250 0.876953 0.667969 0.880859 0.684570 0.862305 0.686523 0.860352 0.703125 0.817383 0.716797 0.797852 0.704102 0.775391 0.698242 0.779297 0.669922 0.757812 0.639648 0.787109 0.623047 0.789062 0.607422 0.799805 0.601562
1 0.921875 0.605469 0.940430 0.586914 0.950195 0.601562 0.958008 0.599609 0.965820 0.609375 0.974609 0.609375 0.975586 0.619141 0.974609 0.645508 0.990234 0.655273 0.986328 0.667969 0.985352 0.684570 0.972656 0.694336 0.960938 0.687500 0.959961 0.711914 0.959961 0.711914 0.937500 0.694336 0.937500 0.694336 0.935547 0.714844 0.918945 0.725586 0.902344 0.710938 0.901367 0.693359 0.875000 0.703125 0.864258 0.690430 0.892578 0.665039 0.850586 0.661133 0.869141 0.636719 0.844727 0.609375 0.866211 0.608398 0.867188 0.591797 0.891602 0.597656 0.902344 0.581055
1 0.643555 0.734375 0.662109 0.716797 0.666992 0.754883 0.693359 0.758789 0.679688 0.773438 0.687500 0.775391 0.698242 0.790039 0.694336 0.792969 0.683594 0.798828 0.680664 0.821289 0.660156 0.825195 0.641602 0.837891 0.624023 0.822266 0.603516 0.813477 0.581055 0.794922 0.575195 0.777344 0.583008 0.758789 0.583984 0.736328 0.609375 0.747070 0.611328 0.718750
1 0.691406 0.720703 0.711914 0.734375 0.721680 0.729492 0.726562 0.732422 0.763672 0.712891 0.765625 0.737305 0.788086 0.738281 0.803711 0.760742 0.793945 0.767578 0.806641 0.782227 0.792969 0.780273 0.791016 0.796875 0.781250 0.795898 0.769531 0.828125 0.753906 0.813477 0.741211 0.831055 0.732422 0.801758 0.709961 0.824219 0.708008 0.799805 0.681641 0.803711 0.694336 0.783203 0.671875 0.773438 0.692383 0.759766 0.665039 0.752930 0.663086 0.722656 0.679688 0.727539 0.678711 0.714844
1 0.863281 0.704102 0.880859 0.705078 0.876953 0.734375 0.904297 0.738281 0.892578 0.750977 0.912109 0.760742 0.895508 0.769531 0.910156 0.787109 0.883789 0.791992 0.879883 0.818359 0.848633 0.801758 0.843750 0.826172 0.828125 0.805664 0.802734 0.818359 0.802734 0.818359 0.776367 0.811523 0.806641 0.774414 0.785156 0.750977 0.759766 0.716797 0.781250 0.713867 0.787109 0.693359 0.820312 0.704102
1 0.934570 0.702148 0.945312 0.717773 0.952148 0.708984 0.958008 0.717773 0.958008 0.717773 0.975586 0.717773 0.988281 0.740234 0.992188 0.756836 0.985352 0.766602 1.000000 0.782227 0.987305 0.790039 0.988281 0.803711 0.963867 0.796875 0.961914 0.821289 0.941406 0.798828 0.941406 0.798828 0.906250 0.812500 0.916992 0.784180 0.886719 0.774414 0.904297 0.762695 0.888672 0.734375 0.912109 0.717773
1 0.989258 0.817383 1.000000 0.828125 1.000000 0.908203 0.975586 0.895508 0.961914 0.916992 0.947266 0.889648 0.918945 0.902344 0.908203 0.894531 0.928711 0.868164 0.896484 0.865234 0.911133 0.847656 0.931641 0.847656 0.904297 0.811523 0.929688 0.823242 0.930664 0.817383 0.931641 0.801758 0.958008 0.804688 0.969727 0.829102
1 0.906250 0.869141 0.922852 0.882812 0.904297 0.889648 0.901367 0.910156 0.887695 0.904297 0.882812 0.916016 0.862305 0.894531 0.852539 0.918945 0.832031 0.907227 0.825195 0.885742 0.813477 0.908203 0.793945 0.907227 0.824219 0.864258 0.791992 0.872070 0.791992 0.851562 0.816406 0.847656 0.782227 0.821289 0.813477 0.818359 0.814453 0.803711 0.835938 0.824219 0.849609 0.801758 0.862305 0.816406 0.885742 0.814453 0.880859 0.827148 0.901367 0.821289 0.898438 0.851562
1 0.779297 0.833984 0.794922 0.843750 0.794922 0.869141 0.786133 0.875000 0.786133 0.875000 0.788086 0.886719 0.780273 0.883789 0.785156 0.904297 0.771484 0.890625 0.760742 0.906250 0.742188 0.893555 0.728516 0.900391 0.717773 0.890625 0.734375 0.850586 0.686523 0.827148 0.701172 0.817383 0.719727 0.829102 0.719727 0.829102 0.716797 0.802734 0.737305 0.802734 0.741211 0.827148 0.759766 0.810547 0.765625 0.824219 0.773438 0.821289 0.785156 0.815430
1 0.660156 0.823242 0.699219 0.804688 0.700195 0.827148 0.691406 0.834961 0.733398 0.861328 0.718750 0.866211 0.695312 0.873047 0.706055 0.898438 0.694336 0.896484 0.702148 0.908203 0.678711 0.900391 0.667969 0.920898 0.654297 0.904297 0.635742 0.914062 0.612305 0.905273 0.628906 0.865234 0.598633 0.877930 0.591797 0.871094 0.561523 0.863281 0.561523 0.863281 0.604492 0.845703 0.557617 0.819336 0.627930 0.828125
1 0.592773 0.890625 0.614258 0.915039 0.634766 0.914062 0.640625 0.914062 0.657227 0.905273 0.676758 0.911133 0.689453 0.911133 0.693359 0.930664 0.703125 0.939453 0.698242 0.948242 0.680664 0.958008 0.701172 0.967773 0.704102 0.981445 0.692383 0.985352 0.695312 1.000000 0.612305 1.000000 0.621094 0.975586 0.595703 0.972656 0.579102 0.954102 0.606445 0.953125 0.577148 0.939453 0.583008 0.921875 0.592773 0.923828 0.576172 0.905273 0.594727 0.906250
1 0.787109 0.911133 0.807617 0.933594 0.824219 0.939453 0.822266 0.965820 0.822266 0.965820 0.832031 0.976562 0.832031 0.976562 0.831055 0.994141 0.819336 1.000000 0.713867 1.000000 0.723633 0.987305 0.709961 0.971680 0.717773 0.965820 0.712891 0.955078 0.726562 0.933594 0.745117 0.933594 0.745117 0.918945 0.758789 0.916016 0.776367 0.913086
1 1.000000 0.906250 0.968750 0.892578 0.966797 0.916016 0.923828 0.889648 0.925781 0.901367 0.939453 0.914062 0.902344 0.909180 0.928711 0.932617 0.902344 0.939453 0.922852 0.949219 0.922852 0.949219 0.899414 0.957031 0.899414 0.966797 0.949219 0.968750 0.932617 1.000000 0.956055 1.000000 0.975586 0.984375 0.977539 0.992188 0.976562 1.000000 1.000000 1.000000