1 0.462518 0.100365 0.472018 0.087969 0.478737 0.085884 0.475725 0.081365 0.471786 0.068621 0.480707 0.067230 0.486384 0.067115 0.488237 0.052170 0.493103 0.043018 0.502256 0.039773 0.511987 0.043480 0.520213 0.048694 0.529297 0.057617 0.551398 0.068157 0.554702 0.087174 0.547113 0.100477 0.556024 0.110185 0.558093 0.125795 0.551579 0.133032 0.539174 0.135927 0.532350 0.137581 0.531937 0.149160 0.523046 0.154226 0.515396 0.150400 0.510847 0.154536 0.504023 0.155776 0.495959 0.151228 0.492063 0.148926 0.473695 0.140877 0.470083 0.130145 0.472457 0.116420 0.477410 0.113428
1 0.142566 0.192573 0.148178 0.184491 0.152787 0.182220 0.155392 0.180216 0.159601 0.181752 0.164477 0.186695 0.167082 0.189701 0.164811 0.197984 0.159801 0.202192 0.157129 0.201725 0.154390 0.197984 0.151451 0.200389 0.147376 0.200188 0.144437 0.196982
1 0.031557 0.059070 0.019026 0.059070 0.010745 0.055692 0.006714 0.046757 0.007040 0.037822 0.011943 0.032919 0.022730 0.030304 0.031557 0.032701 0.035262 0.038803 0.037005 0.048064 0.033300 0.055475
1 0.044882 0.109850 0.027603 0.114062 0.013131 0.109525 0.003519 0.095594 0.001953 0.081055 0.003906 0.069336 0.008789 0.066406 0.021662 0.058441 0.035595 0.062437 0.043263 0.067514 0.049202 0.075397 0.051254 0.089222 0.049526 0.096781 0.050781 0.100586
1 0.117188 0.401367 0.110352 0.407227 0.102539 0.411133 0.095169 0.409731 0.086914 0.407227 0.077047 0.399146 0.069189 0.381667 0.075195 0.365234 0.087311 0.355526 0.100941 0.352961 0.107422 0.356445 0.114258 0.355469 0.113281 0.360352 0.117188 0.365234 0.122070 0.369141 0.125977 0.370117 0.123047 0.375977 0.127242 0.377657 0.127930 0.383789 0.124023 0.392578
1 0.117139 0.444210 0.095649 0.443408 0.089844 0.437500 0.081217 0.432664 0.074000 0.427211 0.073242 0.420898 0.077148 0.417969 0.077148 0.413086 0.084424 0.407967 0.096680 0.410156 0.102539 0.411133 0.116211 0.402344 0.122070 0.395508 0.125977 0.396484 0.126953 0.402344 0.131836 0.402344 0.134766 0.405273 0.132812 0.412109 0.128906 0.417969 0.127930 0.425781 0.126953 0.434570 0.124035 0.436994 0.119141 0.441406
0 0.153483 0.728406 0.137648 0.728172 0.127561 0.705651 0.131836 0.697266 0.133789 0.688477 0.134766 0.684570 0.132812 0.679688 0.137695 0.678711 0.141602 0.681641 0.145508 0.679688 0.150391 0.679688 0.154297 0.683594 0.153320 0.687500 0.157227 0.687500 0.158203 0.693359 0.155273 0.693359 0.155478 0.699903 0.160156 0.701172 0.161133 0.706055 0.159180 0.711914 0.159180 0.716797 0.157472 0.720899
1 0.153320 0.775391 0.150391 0.777344 0.148438 0.773438 0.143555 0.774414 0.139648 0.778320 0.138672 0.775391 0.132812 0.779297 0.133789 0.774414 0.130859 0.770508 0.127930 0.771484 0.130859 0.763672 0.129883 0.755859 0.129883 0.750977 0.126953 0.750000 0.127930 0.745117 0.124023 0.744141 0.125000 0.736328 0.132812 0.731445 0.146211 0.726646 0.160286 0.730283 0.161133 0.736328 0.166016 0.735352 0.164062 0.741211 0.169553 0.744358 0.167911 0.752452 0.162046 0.753508 0.164062 0.761719 0.166016 0.766602 0.164062 0.773438 0.161133 0.774414 0.157227 0.773438
0 0.195100 0.433405 0.186658 0.423558 0.189613 0.412866 0.206055 0.406250 0.213867 0.406250 0.219858 0.402315 0.233223 0.404004 0.248275 0.404566 0.252930 0.398438 0.265016 0.399221 0.297794 0.392609 0.309188 0.393875 0.315519 0.410616 0.302857 0.421729 0.289916 0.431576 0.288228 0.439032 0.274160 0.451131 0.257841 0.455351 0.250000 0.455078 0.239835 0.457461 0.228861 0.450990 0.221828 0.432140 0.218874 0.440580 0.202133 0.441705 0.196289 0.440430
0 0.079226 0.514460 0.075294 0.498561 0.077517 0.483687 0.082987 0.472918 0.118032 0.477704 0.128461 0.479243 0.129486 0.491039 0.147778 0.493432 0.151026 0.503519 0.144701 0.516682 0.167097 0.517023 0.174960 0.528819 0.170687 0.549676 0.159062 0.558736 0.152224 0.564720 0.178728 0.563928 0.188981 0.577971 0.185860 0.602045 0.171372 0.640607 0.168251 0.657771 0.163124 0.672483 0.141279 0.681399 0.125007 0.674712 0.114753 0.659777 0.115422 0.638602 0.126122 0.627233 0.122778 0.595135 0.105392 0.594688 0.090233 0.569055 0.096475 0.548993 0.101602 0.539408
1 0.673407 0.772583 0.668945 0.774414 0.663238 0.774531 0.657227 0.770508 0.654510 0.763770 0.657227 0.755859 0.664062 0.751953 0.670898 0.750977 0.676758 0.757812 0.677136 0.766566 0.675695 0.769956
1 0.676712 0.786734 0.667983 0.787158 0.663086 0.786133 0.660188 0.783006 0.660950 0.776227 0.662109 0.773438 0.670102 0.774192 0.675610 0.771650 0.678237 0.775040 0.679085 0.781734
1 0.671875 0.804688 0.662869 0.803843 0.658956 0.800771 0.658233 0.795714 0.660883 0.790415 0.668650 0.786923 0.672865 0.787224 0.677734 0.786133 0.682617 0.791992 0.681641 0.796875 0.682617 0.800781 0.678711 0.803711 0.677734 0.803711 0.674805 0.804688
1 0.959961 0.705078 0.955078 0.707031 0.952148 0.706055 0.947266 0.706055 0.942383 0.704102 0.938477 0.701172 0.941406 0.695312 0.938477 0.693359 0.936523 0.688477 0.936523 0.683594 0.938477 0.679688 0.944336 0.669922 0.955926 0.670439 0.967242 0.677229 0.967773 0.685547 0.969727 0.691406 0.967129 0.698618 0.965820 0.701172 0.963867 0.702148
1 0.965771 0.733587 0.957850 0.736077 0.948117 0.736417 0.941406 0.732422 0.940430 0.726562 0.936523 0.722656 0.937706 0.717404 0.941406 0.713867 0.945312 0.706055 0.951512 0.706767 0.962891 0.707031 0.966797 0.709961 0.970703 0.715820 0.969727 0.720703 0.969732 0.726797 0.967773 0.730469
1 0.964844 0.541016 0.959961 0.539062 0.949219 0.538086 0.941384 0.516797 0.950077 0.502918 0.964844 0.500000 0.966797 0.502930 0.972656 0.504883 0.979492 0.513672 0.980887 0.528541 0.976562 0.533203 0.974609 0.534180 0.970703 0.537109 0.969727 0.540039
1 0.762695 0.497070 0.758789 0.495117 0.755859 0.485352 0.753287 0.483030 0.750977 0.477539 0.750977 0.468750 0.753906 0.464844 0.761826 0.462857 0.772461 0.460938 0.781786 0.458908 0.785156 0.463867 0.788086 0.469727 0.793945 0.471680 0.797852 0.475586 0.801959 0.477907 0.803134 0.484525 0.800781 0.488281 0.801758 0.493164 0.796875 0.496094 0.792460 0.504271 0.785156 0.507812 0.783280 0.510568 0.774421 0.511529 0.763747 0.507153 0.759691 0.501710
1 0.788203 0.393599 0.779251 0.390037 0.776940 0.386860 0.773379 0.389556 0.767218 0.393888 0.760742 0.394531 0.752930 0.388672 0.745117 0.373047 0.743164 0.365234 0.744141 0.354492 0.748047 0.347656 0.754883 0.347656 0.757812 0.341797 0.768555 0.337891 0.776367 0.339844 0.778320 0.343750 0.785156 0.341797 0.792824 0.339979 0.801758 0.341797 0.812500 0.342773 0.816406 0.347656 0.816406 0.352539 0.814453 0.359375 0.810547 0.363281 0.808594 0.366211 0.805664 0.367188 0.804568 0.372613 0.802734 0.375977 0.798828 0.376953 0.797852 0.382812 0.796875 0.388672 0.791992 0.391602
1 0.698312 0.392147 0.688477 0.398438 0.680664 0.399414 0.676081 0.394168 0.672175 0.382581 0.672852 0.371094 0.681641 0.365234 0.694336 0.369141 0.698242 0.378906 0.699219 0.386719
1 0.714844 0.425781 0.711914 0.428711 0.704102 0.428711 0.701680 0.431488 0.693731 0.423135 0.694000 0.409932 0.698242 0.400391 0.706055 0.392578 0.713867 0.395508 0.720407 0.402656 0.720407 0.417610 0.719727 0.420898 0.715820 0.421875
1 0.880859 0.478516 0.871566 0.481051 0.861535 0.477275 0.858839 0.468862 0.860352 0.458984 0.861328 0.453125 0.867188 0.452148 0.874023 0.450195 0.878037 0.452144 0.881836 0.454102 0.882812 0.458984 0.886719 0.460938 0.890625 0.467773 0.887695 0.470703 0.885742 0.473633
1 1.000000 0.079102 0.991211 0.083984 0.990234 0.086914 0.993164 0.088867 0.990234 0.089844 0.990234 0.091797 0.990234 0.095703 0.992188 0.098633 0.991211 0.098633 0.988281 0.100586 0.987305 0.102539 0.986328 0.106445 0.988281 0.112305 0.990234 0.114258 0.992188 0.113281 0.992188 0.115234 0.991211 0.118164 0.991211 0.123047 0.995117 0.124023 0.998047 0.128906 1.000000 0.128906
0 0.919922 0.098633 0.922852 0.093750 0.922852 0.093750 0.927734 0.092773 0.927734 0.086914 0.929688 0.086914 0.931641 0.088867 0.932617 0.093750 0.935547 0.091797 0.937500 0.090820 0.939453 0.090820 0.940430 0.085938 0.944336 0.088867 0.945312 0.088867 0.947266 0.089844 0.947266 0.085938 0.950195 0.088867 0.951172 0.091797 0.952148 0.092773 0.954102 0.089844 0.958008 0.088867 0.960938 0.090820 0.962891 0.089844 0.962891 0.085938 0.965820 0.085938 0.968750 0.086914 0.971680 0.089844 0.973633 0.084961 0.975586 0.085938 0.977539 0.090820 0.980469 0.094727 0.984375 0.098633 0.984375 0.101562 0.980469 0.101562 0.980469 0.107422 0.976562 0.111328 0.975586 0.113281 0.972656 0.116211 0.968750 0.115234 0.967773 0.115234 0.957031 0.116211 0.958984 0.121094 0.958984 0.124023 0.957031 0.128906 0.954102 0.129883 0.954102 0.131836 0.951172 0.136719 0.951172 0.136719 0.946289 0.136719 0.942383 0.135742 0.941406 0.134766 0.938477 0.135742 0.934570 0.132812 0.932617 0.134766 0.929688 0.136719 0.927734 0.136719 0.923828 0.132812 0.921875 0.126953 0.924805 0.123047 0.922852 0.120117 0.921875 0.115234 0.919922 0.112305 0.918945 0.107422 0.917969 0.105469 0.916016 0.103516 0.917969 0.101562
1 0.898438 0.141602 0.902344 0.134766 0.906250 0.133789 0.908203 0.127930 0.917969 0.127930 0.916992 0.132812 0.921875 0.133789 0.921875 0.137695 0.929688 0.138672 0.933594 0.133789 0.935547 0.134766 0.938477 0.136719 0.940430 0.134766 0.944336 0.136719 0.948242 0.136719 0.949219 0.143555 0.949219 0.149414 0.955078 0.156250 0.951172 0.168945 0.954102 0.171875 0.956055 0.181641 0.954102 0.186523 0.948242 0.191406 0.943359 0.194336 0.939453 0.183594 0.936523 0.183594 0.935547 0.188477 0.929688 0.185547 0.933594 0.181641 0.934570 0.178711 0.930664 0.174805 0.928711 0.175781 0.924805 0.173828 0.919922 0.171875 0.918945 0.170898 0.917969 0.171875 0.916992 0.171875 0.915039 0.172852 0.914062 0.173828 0.912109 0.174805 0.910156 0.176758 0.908203 0.176758 0.906250 0.174805 0.906250 0.173828 0.907227 0.172852 0.906250 0.171875 0.905273 0.172852 0.904297 0.173828 0.903320 0.173828 0.900391 0.174805 0.899414 0.171875 0.899414 0.166992 0.902344 0.163086 0.901367 0.159180 0.901367 0.153320 0.899414 0.151367 0.900391 0.148438 0.898438 0.145508
0 0.817383 0.165039 0.818359 0.163086 0.819336 0.160156 0.824219 0.158203 0.825195 0.160156 0.827148 0.157227 0.829102 0.157227 0.832031 0.158203 0.833008 0.159180 0.834961 0.157227 0.837891 0.157227 0.840820 0.158203 0.847656 0.158203 0.850586 0.158203 0.852539 0.156250 0.854492 0.156250 0.856445 0.155273 0.857422 0.155273 0.859375 0.155273 0.860352 0.154297 0.863281 0.154297 0.867188 0.153320 0.868164 0.154297 0.871094 0.153320 0.872070 0.152344 0.876953 0.150391 0.882812 0.150391 0.886719 0.149414 0.888672 0.147461 0.891602 0.147461 0.894531 0.147461 0.894531 0.148438 0.897461 0.149414 0.898438 0.150391 0.897461 0.153320 0.899414 0.154297 0.898438 0.156250 0.898438 0.158203 0.897461 0.158203 0.899414 0.162109 0.898438 0.163086 0.898438 0.166016 0.896484 0.168945 0.894531 0.170898 0.893555 0.171875 0.892578 0.171875 0.890625 0.172852 0.889648 0.171875 0.888672 0.171875 0.887695 0.171875 0.885742 0.170898 0.882812 0.171875 0.881836 0.171875 0.875977 0.173828 0.875000 0.173828 0.872070 0.179688 0.870117 0.180664 0.866211 0.180664 0.865234 0.182617 0.864258 0.183594 0.862305 0.184570 0.860352 0.184570 0.858398 0.185547 0.853516 0.185547 0.853516 0.187500 0.849609 0.188477 0.847656 0.190430 0.845703 0.190430 0.842773 0.188477 0.839844 0.187500 0.838867 0.182617 0.836914 0.181641 0.834961 0.183594 0.833984 0.184570 0.833008 0.185547 0.827148 0.185547 0.826172 0.183594 0.827148 0.181641 0.825195 0.180664 0.822266 0.179688 0.818359 0.176758 0.819336 0.174805 0.820312 0.171875 0.818359 0.169922 0.815430 0.167969 0.816406 0.166016
0 0.865234 0.265625 0.867188 0.263672 0.869141 0.263672 0.871094 0.260742 0.873047 0.259766 0.875000 0.257812 0.877930 0.258789 0.879883 0.260742 0.882812 0.260742 0.883789 0.260742 0.885742 0.262695 0.886719 0.264648 0.888672 0.267578 0.887695 0.271484 0.888672 0.273438 0.888672 0.276367 0.887695 0.281250 0.887695 0.283203 0.882812 0.283203 0.881836 0.284180 0.880859 0.284180 0.880859 0.287109 0.877930 0.287109 0.875977 0.284180 0.874023 0.284180 0.874023 0.282227 0.872070 0.279297 0.872070 0.276367 0.870117 0.273438 0.869141 0.268555 0.868164 0.267578 0.867188 0.266602
1 1.000000 0.296875 0.998047 0.298828 0.998047 0.300781 0.995117 0.300781 0.994141 0.301758 0.990234 0.303711 0.989258 0.305664 0.988281 0.304688 0.986328 0.304688 0.986328 0.306641 0.985352 0.306641 0.984375 0.303711 0.981445 0.304688 0.979492 0.309570 0.980469 0.311523 0.982422 0.311523 0.983398 0.313477 0.983398 0.315430 0.983398 0.320312 0.982422 0.323242 0.983398 0.328125 0.983398 0.332031 0.982422 0.334961 0.986328 0.339844 0.988281 0.339844 0.992188 0.342773 0.996094 0.344727 0.998047 0.343750 1.000000 0.343750
1 0.856445 0.401367 0.857422 0.398438 0.859375 0.398438 0.860352 0.400391 0.861328 0.400391 0.863281 0.398438 0.865234 0.398438 0.865234 0.393555 0.869141 0.395508 0.870117 0.394531 0.872070 0.395508 0.874023 0.397461 0.876953 0.398438 0.878906 0.396484 0.883789 0.395508 0.886719 0.394531 0.890625 0.396484 0.890625 0.399414 0.893555 0.396484 0.896484 0.397461 0.899414 0.398438 0.899414 0.399414 0.899414 0.402344 0.905273 0.404297 0.903320 0.413086 0.903320 0.413086 0.902344 0.416016 0.900391 0.420898 0.899414 0.422852 0.895508 0.423828 0.894531 0.425781 0.894531 0.432617 0.894531 0.435547 0.892578 0.436523 0.891602 0.436523 0.889648 0.437500 0.888672 0.437500 0.886719 0.439453 0.884766 0.440430 0.879883 0.433594 0.878906 0.434570 0.876953 0.435547 0.875977 0.438477 0.875000 0.440430 0.872070 0.440430 0.870117 0.438477 0.867188 0.436523 0.866211 0.434570 0.864258 0.432617 0.864258 0.425781 0.865234 0.423828 0.863281 0.419922 0.860352 0.421875 0.857422 0.420898 0.857422 0.417969 0.857422 0.416016 0.854492 0.415039 0.852539 0.411133 0.854492 0.407227 0.854492 0.403320
1 0.781250 0.416992 0.784180 0.417969 0.786133 0.418945 0.787109 0.421875 0.791016 0.424805 0.792969 0.427734 0.791992 0.432617 0.793945 0.437500 0.794922 0.440430 0.792969 0.442383 0.792969 0.445312 0.795898 0.451172 0.801758 0.457031 0.802734 0.456055 0.805664 0.459961 0.808594 0.459961 0.810547 0.453125 0.812500 0.452148 0.816406 0.457031 0.821289 0.455078 0.823242 0.457031 0.827148 0.457031 0.830078 0.454102 0.834961 0.450195 0.842773 0.434570 0.847656 0.431641 0.847656 0.431641 0.845703 0.426758 0.848633 0.423828 0.845703 0.420898 0.846680 0.416992 0.846680 0.414062 0.844727 0.413086 0.843750 0.411133 0.840820 0.411133 0.837891 0.410156 0.837891 0.411133 0.834961 0.407227 0.833984 0.407227 0.832031 0.410156 0.831055 0.409180 0.831055 0.406250 0.835938 0.402344 0.834961 0.398438 0.833008 0.399414 0.832031 0.398438 0.831055 0.397461 0.830078 0.398438 0.828125 0.399414 0.826172 0.402344 0.824219 0.401367 0.823242 0.400391 0.821289 0.402344 0.818359 0.403320 0.818359 0.405273 0.817383 0.407227 0.815430 0.406250 0.815430 0.403320 0.812500 0.406250 0.809570 0.407227 0.809570 0.405273 0.805664 0.406250 0.802734 0.406250 0.800781 0.407227 0.797852 0.406250 0.796875 0.408203 0.795898 0.410156 0.795898 0.412109 0.794922 0.412109 0.791992 0.412109 0.792969 0.410156 0.791992 0.407227 0.789062 0.409180 0.787109 0.411133 0.785156 0.413086 0.783203 0.414062
0 0.731445 0.432617 0.731445 0.430664 0.735352 0.429688 0.735352 0.427734 0.735352 0.424805 0.738281 0.424805 0.739258 0.428711 0.740234 0.426758 0.741211 0.422852 0.742188 0.421875 0.744141 0.421875 0.745117 0.423828 0.748047 0.419922 0.750000 0.420898 0.752930 0.418945 0.754883 0.419922 0.754883 0.417969 0.757812 0.418945 0.760742 0.419922 0.761719 0.422852 0.763672 0.421875 0.765625 0.422852 0.767578 0.420898 0.769531 0.421875 0.770508 0.417969 0.773438 0.417969 0.773438 0.421875 0.775391 0.418945 0.776367 0.419922 0.778320 0.416992 0.779297 0.417969 0.780273 0.419922 0.781250 0.416992 0.786133 0.418945 0.786133 0.418945 0.787109 0.422852 0.789062 0.425781 0.791016 0.429688 0.791016 0.435547 0.791016 0.440430 0.790039 0.443359 0.786133 0.445312 0.784180 0.446289 0.781250 0.445312 0.779297 0.447266 0.776367 0.449219 0.773438 0.450195 0.769531 0.448242 0.768555 0.446289 0.764648 0.447266 0.764648 0.449219 0.759766 0.452148 0.754883 0.450195 0.751953 0.448242 0.751953 0.445312 0.750000 0.447266 0.750000 0.449219 0.747070 0.451172 0.743164 0.449219 0.743164 0.446289 0.741211 0.445312 0.737305 0.444336 0.737305 0.443359 0.736328 0.438477 0.733398 0.436523 0.732422 0.435547
1 0.859375 0.072266 0.860352 0.070312 0.862305 0.069336 0.863281 0.068359 0.865234 0.068359 0.868164 0.068359 0.871094 0.068359 0.875000 0.073242 0.873047 0.080078 0.871094 0.082031 0.869141 0.083984 0.863281 0.084961 0.861328 0.083008 0.860352 0.080078 0.859375 0.077148
0 0.702148 0.518555 0.702148 0.514648 0.709961 0.509766 0.715820 0.508789 0.717773 0.509766 0.718750 0.507812 0.722656 0.507812 0.722656 0.509766 0.724609 0.508789 0.726562 0.508789 0.730469 0.512695 0.736328 0.519531 0.735352 0.523438 0.737305 0.526367 0.740234 0.525391 0.744141 0.525391 0.746094 0.522461 0.747070 0.517578 0.753906 0.514648 0.757812 0.515625 0.760742 0.519531 0.762695 0.518555 0.766602 0.517578 0.771484 0.519531 0.775391 0.525391 0.777344 0.529297 0.780273 0.531250 0.780273 0.536133 0.782227 0.541992 0.776367 0.546875 0.770508 0.549805 0.767578 0.548828 0.765625 0.544922 0.760742 0.542969 0.760742 0.549805 0.759766 0.549805 0.757812 0.550781 0.755859 0.553711 0.746094 0.561523 0.743164 0.562500 0.741211 0.563477 0.740234 0.560547 0.736328 0.562500 0.736328 0.562500 0.736328 0.564453 0.737305 0.565430 0.733398 0.572266 0.729492 0.575195 0.721680 0.574219 0.720703 0.571289 0.722656 0.564453 0.721680 0.563477 0.719727 0.561523 0.717773 0.563477 0.717773 0.567383 0.713867 0.567383 0.706055 0.566406 0.702148 0.561523 0.698242 0.556641 0.698242 0.556641 0.699219 0.550781 0.702148 0.543945 0.708008 0.540039 0.708008 0.533203 0.707031 0.527344 0.705078 0.523438
1 0.812500 0.525391 0.813477 0.521484 0.816406 0.518555 0.820312 0.518555 0.828125 0.519531 0.832031 0.521484 0.835938 0.524414 0.837891 0.531250 0.835938 0.533203 0.834961 0.536133 0.832031 0.538086 0.830078 0.539062 0.827148 0.539062 0.826172 0.541016 0.821289 0.541992 0.816406 0.539062 0.813477 0.536133 0.811523 0.531250 0.812500 0.528320
1 0.830078 0.519531 0.836914 0.513672 0.839844 0.512695 0.844727 0.512695 0.853516 0.520508 0.854492 0.526367 0.854492 0.526367 0.853516 0.528320 0.847656 0.533203 0.845703 0.535156 0.838867 0.533203 0.835938 0.533203 0.837891 0.531250 0.835938 0.524414
1 0.811523 0.527344 0.808594 0.523438 0.806641 0.522461 0.801758 0.522461 0.798828 0.523438 0.796875 0.526367 0.795898 0.529297 0.795898 0.535156 0.797852 0.541016 0.800781 0.543945 0.803711 0.543945 0.804688 0.542969 0.806641 0.541992 0.809570 0.541016 0.811523 0.539062 0.812500 0.537109 0.812500 0.534180 0.811523 0.531250 0.812500 0.528320
1 0.946289 0.555664 0.950195 0.552734 0.952148 0.552734 0.953125 0.553711 0.955078 0.553711 0.958008 0.553711 0.959961 0.551758 0.961914 0.551758 0.962891 0.554688 0.962891 0.559570 0.963867 0.558594 0.967773 0.557617 0.969727 0.558594 0.971680 0.563477 0.970703 0.567383 0.968750 0.569336 0.967773 0.571289 0.967773 0.572266 0.966797 0.573242 0.961914 0.569336 0.959961 0.571289 0.959961 0.573242 0.957031 0.574219 0.954102 0.574219 0.950195 0.575195 0.946289 0.574219 0.945312 0.569336 0.946289 0.567383 0.948242 0.566406 0.948242 0.564453 0.946289 0.562500 0.947266 0.559570
1 1.000000 0.616211 0.996094 0.616211 0.995117 0.618164 0.994141 0.617188 0.991211 0.617188 0.991211 0.619141 0.988281 0.620117 0.987305 0.618164 0.977539 0.618164 0.977539 0.619141 0.976562 0.621094 0.974609 0.622070 0.972656 0.622070 0.970703 0.621094 0.969727 0.622070 0.966797 0.626953 0.966797 0.628906 0.968750 0.629883 0.967773 0.632812 0.967773 0.638672 0.969727 0.638672 0.969727 0.641602 0.969727 0.645508 0.972656 0.649414 0.974609 0.649414 0.976562 0.650391 0.977539 0.651367 0.977539 0.656250 0.980469 0.657227 0.982422 0.655273 0.983398 0.655273 0.983398 0.658203 0.982422 0.660156 0.985352 0.660156 0.987305 0.661133 0.988281 0.662109 0.989258 0.664062 0.991211 0.664062 0.991211 0.666016 0.991211 0.669922 0.991211 0.671875 0.993164 0.672852 0.995117 0.671875 0.996094 0.671875 0.997070 0.670898 0.998047 0.669922 1.000000 0.670898
1 0.744141 0.738281 0.745117 0.732422 0.747070 0.729492 0.751953 0.726562 0.752930 0.724609 0.757812 0.722656 0.760742 0.722656 0.765625 0.726562 0.768555 0.728516 0.773438 0.730469 0.775391 0.733398 0.775391 0.738281 0.775391 0.741211 0.773438 0.746094 0.770508 0.750977 0.767578 0.752930 0.763672 0.755859 0.758789 0.756836 0.755859 0.757812 0.753906 0.756836 0.751953 0.758789 0.749023 0.758789 0.750977 0.752930 0.750000 0.749023 0.748047 0.746094 0.748047 0.743164 0.746094 0.740234
0 0.729492 0.746094 0.733398 0.743164 0.735352 0.742188 0.737305 0.741211 0.739258 0.740234 0.741211 0.739258 0.742188 0.740234 0.744141 0.739258 0.747070 0.742188 0.748047 0.743164 0.748047 0.745117 0.750977 0.751953 0.749023 0.757812 0.750000 0.759766 0.745117 0.762695 0.748047 0.765625 0.750000 0.764648 0.753906 0.767578 0.755859 0.770508 0.757812 0.772461 0.758789 0.774414 0.758789 0.777344 0.757812 0.782227 0.754883 0.786133 0.750977 0.786133 0.749023 0.788086 0.744141 0.790039 0.743164 0.786133 0.742188 0.783203 0.738281 0.782227 0.738281 0.781250 0.737305 0.776367 0.732422 0.774414 0.732422 0.772461 0.735352 0.769531 0.736328 0.767578 0.733398 0.765625 0.732422 0.762695 0.734375 0.759766 0.733398 0.756836 0.730469 0.753906 0.729492 0.749023
1 0.790039 0.759766 0.790039 0.756836 0.791992 0.756836 0.791992 0.753906 0.793945 0.752930 0.796875 0.750977 0.797852 0.750977 0.799805 0.750977 0.801758 0.752930 0.802734 0.752930 0.804688 0.753906 0.805664 0.758789 0.807617 0.760742 0.808594 0.762695 0.807617 0.763672 0.805664 0.765625 0.805664 0.766602 0.808594 0.766602 0.808594 0.768555 0.805664 0.770508 0.804688 0.771484 0.793945 0.773438 0.789062 0.772461 0.790039 0.769531 0.790039 0.767578 0.789062 0.766602 0.790039 0.765625 0.791016 0.761719 0.789062 0.761719 0.789062 0.760742
1 0.899414 0.778320 0.900391 0.776367 0.903320 0.772461 0.908203 0.769531 0.911133 0.768555 0.916016 0.768555 0.917969 0.769531 0.921875 0.771484 0.922852 0.773438 0.921875 0.778320 0.920898 0.780273 0.916992 0.784180 0.914062 0.784180 0.912109 0.785156 0.908203 0.785156 0.904297 0.784180 0.901367 0.782227
0 0.942383 0.770508 0.943359 0.766602 0.948242 0.763672 0.951172 0.761719 0.958008 0.761719 0.959961 0.761719 0.961914 0.763672 0.963867 0.766602 0.968750 0.766602 0.975586 0.771484 0.978516 0.773438 0.979492 0.774414 0.984375 0.776367 0.987305 0.779297 0.986328 0.781250 0.990234 0.784180 0.989258 0.788086 0.990234 0.792969 0.989258 0.792969 0.988281 0.795898 0.983398 0.796875 0.983398 0.796875 0.979492 0.798828 0.977539 0.799805 0.974609 0.800781 0.967773 0.800781 0.965820 0.799805 0.964844 0.799805 0.963867 0.798828 0.960938 0.794922 0.958008 0.795898 0.954102 0.796875 0.951172 0.794922 0.949219 0.792969 0.944336 0.789062 0.942383 0.785156 0.940430 0.781250 0.940430 0.779297 0.943359 0.777344
0 0.966797 0.801758 0.958984 0.809570 0.958984 0.812500 0.961914 0.814453 0.963867 0.815430 0.964844 0.818359 0.964844 0.823242 0.963867 0.825195 0.961914 0.827148 0.958984 0.828125 0.958008 0.830078 0.958008 0.833008 0.958008 0.836914 0.959961 0.838867 0.963867 0.842773 0.964844 0.846680 0.964844 0.850586 0.962891 0.853516 0.959961 0.856445 0.959961 0.860352 0.959961 0.862305 0.963867 0.862305 0.965820 0.862305 0.969727 0.861328 0.972656 0.861328 0.976562 0.860352 0.976562 0.862305 0.980469 0.860352 0.982422 0.856445 0.982422 0.848633 0.981445 0.844727 0.978516 0.843750 0.978516 0.839844 0.982422 0.833984 0.980469 0.828125 0.976562 0.826172 0.975586 0.823242 0.975586 0.816406 0.977539 0.810547 0.977539 0.804688 0.974609 0.800781
1 0.980469 0.811523 0.984375 0.810547 0.987305 0.807617 0.988281 0.808594 0.990234 0.810547 0.993164 0.811523 0.995117 0.814453 0.994141 0.816406 0.990234 0.817383 0.987305 0.817383 0.986328 0.819336 0.983398 0.820312 0.980469 0.818359 0.980469 0.814453
1 0.996094 0.824219 0.991211 0.831055 0.991211 0.833984 0.991211 0.834961 0.991211 0.836914 0.994141 0.838867 0.998047 0.839844 1.000000 0.838867 1.000000 0.826172
1 0.911133 0.832031 0.916016 0.829102 0.919922 0.829102 0.923828 0.833008 0.926758 0.836914 0.926758 0.841797 0.930664 0.847656 0.931641 0.852539 0.928711 0.858398 0.928711 0.858398 0.925781 0.863281 0.922852 0.865234 0.918945 0.866211 0.918945 0.864258 0.916016 0.859375 0.913086 0.856445 0.913086 0.854492 0.913086 0.848633 0.912109 0.845703 0.912109 0.834961
1 0.911133 0.833008 0.906250 0.833984 0.905273 0.835938 0.903320 0.837891 0.903320 0.843750 0.906250 0.846680 0.907227 0.846680 0.909180 0.846680 0.912109 0.846680 0.912109 0.845703 0.912109 0.835938 0.912109 0.834961
1 0.838867 0.796875 0.834961 0.797852 0.832031 0.799805 0.830078 0.803711 0.830078 0.806641 0.835938 0.815430 0.839844 0.817383 0.843750 0.818359 0.848633 0.817383 0.847656 0.806641 0.844727 0.797852 0.843750 0.797852
1 0.811523 0.818359 0.808594 0.823242 0.806641 0.831055 0.810547 0.836914 0.815430 0.837891 0.820312 0.837891 0.828125 0.834961 0.828125 0.834961 0.830078 0.831055 0.829102 0.824219 0.826172 0.822266 0.823242 0.819336 0.818359 0.817383 0.817383 0.817383
1 0.777344 0.817383 0.781250 0.811523 0.787109 0.810547 0.790039 0.811523 0.790039 0.813477 0.790039 0.817383 0.791992 0.817383 0.792969 0.822266 0.791992 0.829102 0.791016 0.831055 0.786133 0.832031 0.782227 0.829102 0.782227 0.829102 0.782227 0.823242 0.778320 0.821289
1 0.778320 0.821289 0.775391 0.822266 0.771484 0.823242 0.769531 0.824219 0.769531 0.827148 0.771484 0.833008 0.773438 0.834961 0.772461 0.837891 0.773438 0.837891 0.777344 0.835938 0.779297 0.835938 0.782227 0.836914 0.784180 0.835938 0.785156 0.833008 0.783203 0.830078 0.782227 0.829102 0.782227 0.826172 0.782227 0.823242
1 0.778320 0.814453 0.774414 0.813477 0.771484 0.814453 0.769531 0.816406 0.769531 0.818359 0.769531 0.822266 0.769531 0.823242 0.769531 0.824219 0.773438 0.823242 0.778320 0.821289 0.777344 0.817383 0.779297 0.815430
1 0.771484 0.841797 0.774414 0.836914 0.776367 0.836914 0.779297 0.836914 0.781250 0.836914 0.782227 0.837891 0.787109 0.838867 0.791016 0.842773 0.791992 0.852539 0.789062 0.854492 0.787109 0.855469 0.785156 0.855469 0.782227 0.857422 0.779297 0.857422 0.777344 0.853516 0.774414 0.852539 0.771484 0.850586
0 0.772461 0.874023 0.776367 0.871094 0.777344 0.869141 0.777344 0.866211 0.777344 0.865234 0.780273 0.865234 0.784180 0.860352 0.784180 0.860352 0.787109 0.860352 0.791992 0.861328 0.795898 0.865234 0.797852 0.868164 0.795898 0.870117 0.794922 0.872070 0.797852 0.874023 0.799805 0.878906 0.800781 0.881836 0.800781 0.885742 0.799805 0.886719 0.798828 0.887695 0.799805 0.889648 0.800781 0.891602 0.800781 0.893555 0.794922 0.895508 0.791016 0.894531 0.789062 0.892578 0.787109 0.894531 0.786133 0.892578 0.784180 0.894531 0.780273 0.893555 0.776367 0.889648 0.776367 0.883789 0.774414 0.881836 0.774414 0.878906 0.772461 0.876953
1 0.164062 0.963867 0.164062 0.961914 0.157227 0.963867 0.157227 0.959961 0.159180 0.957031 0.158203 0.954102 0.156250 0.952148 0.158203 0.949219 0.156250 0.948242 0.155273 0.944336 0.157227 0.942383 0.162109 0.939453 0.164062 0.936523 0.165039 0.933594 0.167969 0.929688 0.169922 0.929688 0.172852 0.925781 0.176758 0.922852 0.179688 0.918945 0.182617 0.917969 0.186523 0.919922 0.187500 0.920898 0.190430 0.920898 0.194336 0.921875 0.196289 0.928711 0.197266 0.933594 0.201172 0.936523 0.200195 0.941406 0.201172 0.945312 0.201172 0.950195 0.199219 0.951172 0.199219 0.954102 0.198242 0.956055 0.201172 0.958008 0.200195 0.962891 0.203125 0.964844 0.202148 0.967773 0.205078 0.968750 0.207031 0.972656 0.207031 0.978516 0.207031 0.978516 0.208984 0.980469 0.206055 0.986328 0.206055 0.997070 0.206055 1.000000 0.204102 1.000000 0.200195 1.000000 0.195312 0.995117 0.195312 1.000000 0.174805 1.000000 0.172852 0.997070 0.170898 0.998047 0.169922 1.000000 0.164062 1.000000 0.162109 0.992188 0.164062 0.988281 0.162109 0.984375 0.165039 0.977539 0.162109 0.977539 0.163086 0.972656 0.163086 0.968750 0.162109 0.965820
1 0.150391 0.860352 0.154297 0.856445 0.159180 0.853516 0.162109 0.857422 0.165039 0.858398 0.164062 0.852539 0.167969 0.852539 0.171875 0.850586 0.178711 0.851562 0.183594 0.860352 0.185547 0.861328 0.187500 0.870117 0.186523 0.871094 0.188477 0.872070 0.188477 0.874023 0.187500 0.875000 0.186523 0.876953 0.189453 0.878906 0.192383 0.879883 0.192383 0.881836 0.190430 0.883789 0.190430 0.887695 0.186523 0.891602 0.187500 0.894531 0.186523 0.896484 0.184570 0.898438 0.182617 0.900391 0.183594 0.903320 0.181641 0.906250 0.173828 0.909180 0.168945 0.902344 0.166016 0.901367 0.160156 0.897461 0.157227 0.895508 0.157227 0.892578 0.155273 0.886719 0.155273 0.884766 0.152344 0.883789 0.157227 0.878906 0.156250 0.877930 0.155273 0.875000 0.147461 0.874023 0.148438 0.871094 0.150391 0.869141 0.150391 0.866211 0.150391 0.862305
1 0.367188 0.897461 0.369141 0.895508 0.370117 0.894531 0.372070 0.893555 0.374023 0.892578 0.375000 0.889648 0.375977 0.886719 0.378906 0.886719 0.378906 0.887695 0.380859 0.885742 0.381836 0.884766 0.383789 0.885742 0.384766 0.886719 0.386719 0.885742 0.388672 0.888672 0.388672 0.885742 0.393555 0.885742 0.393555 0.887695 0.394531 0.888672 0.394531 0.889648 0.395508 0.890625 0.394531 0.891602 0.394531 0.893555 0.396484 0.895508 0.394531 0.896484 0.393555 0.897461 0.389648 0.899414 0.387695 0.899414 0.384766 0.901367 0.379883 0.902344 0.376953 0.902344 0.374023 0.901367 0.371094 0.901367 0.368164 0.900391
1 0.163086 0.278320 0.162109 0.275391 0.164062 0.274414 0.166992 0.274414 0.168945 0.274414 0.170898 0.275391 0.171875 0.276367 0.172852 0.279297 0.172852 0.282227 0.170898 0.284180 0.169922 0.286133 0.167969 0.287109 0.165039 0.286133 0.164062 0.282227 0.164062 0.280273
1 0.068359 0.339844 0.069336 0.334961 0.072266 0.333008 0.078125 0.333008 0.082031 0.334961 0.082031 0.339844 0.080078 0.342773 0.076172 0.345703 0.073242 0.347656 0.071289 0.343750
1 0.182617 0.243164 0.183594 0.240234 0.185547 0.239258 0.190430 0.239258 0.193359 0.241211 0.194336 0.244141 0.194336 0.247070 0.193359 0.250977 0.188477 0.253906 0.186523 0.252930 0.183594 0.248047
1 0.335938 0.257812 0.336914 0.255859 0.338867 0.252930 0.340820 0.251953 0.340820 0.250000 0.344727 0.250000 0.344727 0.248047 0.344727 0.246094 0.346680 0.244141 0.349609 0.244141 0.351562 0.244141 0.352539 0.244141 0.354492 0.245117 0.358398 0.246094 0.358398 0.249023 0.360352 0.250977 0.360352 0.253906 0.359375 0.255859 0.357422 0.256836 0.352539 0.259766 0.355469 0.261719 0.355469 0.264648 0.352539 0.265625 0.351562 0.268555 0.348633 0.270508 0.346680 0.270508 0.345703 0.269531 0.344727 0.269531 0.342773 0.269531 0.340820 0.269531 0.339844 0.267578 0.339844 0.266602 0.337891 0.267578 0.334961 0.266602 0.335938 0.264648 0.336914 0.263672 0.337891 0.262695 0.336914 0.259766
1 0.136719 0.018555 0.142578 0.011719 0.144531 0.011719 0.149414 0.011719 0.154297 0.015625 0.154297 0.019531 0.153320 0.024414 0.146484 0.029297 0.142578 0.029297 0.138672 0.026367 0.137695 0.022461
0 0.202148 0.000000 0.202148 0.004883 0.202148 0.008789 0.206055 0.011719 0.208008 0.015625 0.208984 0.021484 0.209961 0.023438 0.207031 0.027344 0.207031 0.031250 0.210938 0.033203 0.209961 0.038086 0.214844 0.041016 0.213867 0.042969 0.210938 0.045898 0.210938 0.050781 0.211914 0.054688 0.215820 0.056641 0.219727 0.057617 0.220703 0.058594 0.219727 0.063477 0.217773 0.067383 0.217773 0.067383 0.220703 0.067383 0.221680 0.071289 0.221680 0.071289 0.222656 0.074219 0.224609 0.078125 0.226562 0.090820 0.229492 0.090820 0.231445 0.090820 0.235352 0.091797 0.237305 0.095703 0.241211 0.097656 0.247070 0.094727 0.248047 0.085938 0.243164 0.083008 0.245117 0.080078 0.244141 0.074219 0.240234 0.075195 0.238281 0.071289 0.235352 0.068359 0.235352 0.065430 0.235352 0.061523 0.233398 0.057617 0.234375 0.052734 0.234375 0.052734 0.233398 0.048828 0.232422 0.046875 0.233398 0.040039 0.233398 0.041016 0.234375 0.036133 0.232422 0.033203 0.229492 0.031250 0.227539 0.029297 0.228516 0.028320 0.228516 0.024414 0.226562 0.023438 0.221680 0.018555 0.220703 0.017578 0.219727 0.013672 0.219727 0.010742 0.219727 0.007812 0.217773 0.004883 0.217773 0.002930 0.217773 0.000000 0.217773 0.000000
1 0.024414 0.125977 0.027344 0.124023 0.037109 0.124023 0.040039 0.125977 0.043945 0.127930 0.043945 0.129883 0.042969 0.137695 0.039062 0.142578 0.037109 0.145508 0.033203 0.145508 0.031250 0.141602 0.028320 0.137695 0.026367 0.135742 0.024414 0.128906