1 0.710769 0.954613 0.699798 0.952264 0.691303 0.942397 0.687685 0.930025 0.690808 0.921726 0.702389 0.914991 0.709245 0.914287 0.718121 0.917105 0.725054 0.924535 0.720907 0.940848 0.720907 0.953434
1 0.674821 0.924864 0.664575 0.919282 0.654206 0.910400 0.651613 0.896444 0.655935 0.882911 0.666633 0.873945 0.683175 0.872084 0.698688 0.883577 0.696260 0.897956 0.696260 0.912938 0.688771 0.922581
1 0.561937 0.902093 0.547250 0.900835 0.535974 0.894007 0.535974 0.859147 0.546900 0.846030 0.558090 0.837495 0.569935 0.836327 0.583877 0.843234 0.582828 0.857070 0.582828 0.872983 0.575573 0.888526
1 0.594791 0.863504 0.583184 0.858094 0.579844 0.843391 0.583319 0.832571 0.591052 0.829136 0.601937 0.830005 0.609256 0.833257 0.607273 0.841349 0.607273 0.850968 0.602438 0.858354
1 0.541870 0.857407 0.534066 0.862040 0.525522 0.863146 0.515969 0.861003 0.509914 0.850770 0.515431 0.834451 0.522327 0.813432 0.537060 0.809975 0.553341 0.818401 0.553341 0.830648
1 0.516829 0.806569 0.501359 0.798719 0.490673 0.786823 0.491830 0.761447 0.499160 0.746538 0.513666 0.733216 0.534306 0.731630 0.545647 0.746528 0.545647 0.760575 0.540401 0.779687 0.535270 0.791898
1 0.437981 0.724823 0.427149 0.720906 0.417422 0.710324 0.415282 0.693557 0.420196 0.680294 0.431964 0.672873 0.448545 0.677752 0.463723 0.689356 0.461717 0.702275 0.461717 0.714447
1 0.400117 0.607684 0.393874 0.608029 0.388534 0.607555 0.383594 0.602023 0.383026 0.592300 0.386453 0.582318 0.394063 0.576570 0.403334 0.577651 0.410419 0.582745 0.408968 0.591128 0.408968 0.598782
1 0.365064 0.551856 0.365064 0.562201 0.360859 0.568218 0.352477 0.569619 0.341311 0.565822 0.335457 0.556478 0.331252 0.544854 0.336622 0.532180 0.345743 0.525055 0.355489 0.525463 0.361882 0.529552 0.366826 0.534399 0.369298 0.540474
1 0.317841 0.522504 0.309645 0.522566 0.301571 0.519498 0.290847 0.509979 0.288470 0.499144 0.292339 0.487182 0.301967 0.480104 0.315799 0.484301 0.327468 0.494376 0.326188 0.507841 0.326188 0.518934
1 0.291192 0.499321 0.282599 0.497860 0.273488 0.489958 0.269870 0.478138 0.273553 0.469239 0.285441 0.462200 0.298655 0.462532 0.309316 0.466508 0.307959 0.477267 0.307959 0.489028
1 0.272390 0.480528 0.261405 0.477606 0.252230 0.470435 0.246642 0.460274 0.251682 0.451242 0.256075 0.446660 0.266962 0.440949 0.278011 0.443406 0.285313 0.450172 0.285313 0.461935
1 0.211010 0.418128 0.199483 0.420659 0.189258 0.418128 0.180980 0.401959 0.181186 0.386070 0.189634 0.368775 0.203075 0.368846 0.214259 0.376579 0.220312 0.398505 0.220312 0.410957
1 0.163257 0.449225 0.152770 0.450171 0.140051 0.449808 0.130769 0.440923 0.129812 0.423663 0.134630 0.405893 0.144904 0.389289 0.156809 0.383463 0.170449 0.385138 0.175728 0.401879 0.175728 0.414778
1 0.125943 0.493528 0.110384 0.503806 0.095181 0.508314 0.079059 0.505798 0.070896 0.491221 0.073039 0.470353 0.088548 0.455146 0.121199 0.449903 0.136453 0.457021 0.136453 0.475596
1 0.109141 0.421988 0.099842 0.419675 0.091701 0.412669 0.089649 0.399064 0.094680 0.390357 0.107288 0.388045 0.119466 0.393206 0.119466 0.405255
1 0.000000 0.405003 0.007386 0.406635 0.015140 0.411898 0.014071 0.420747 0.014071 0.431862 0.009645 0.439770 0.002195 0.444664 0.000000 0.445605
1 0.032479 0.601171 0.024112 0.597786 0.016282 0.591708 0.012015 0.581899 0.013594 0.568844 0.023306 0.562006 0.035672 0.565460 0.046224 0.571529 0.046224 0.583765 0.045047 0.592330
1 0.077054 0.624704 0.063289 0.620232 0.060107 0.608688 0.059523 0.595743 0.069133 0.583865 0.080040 0.580930 0.091467 0.588870 0.097603 0.605553 0.090817 0.621434
1 0.143892 0.678075 0.130460 0.670374 0.113282 0.657921 0.103916 0.645796 0.097978 0.631541 0.097619 0.617532 0.106985 0.605325 0.124960 0.602785 0.142616 0.606800 0.159516 0.618433 0.168403 0.631050 0.173823 0.646032 0.173823 0.660543 0.163342 0.673979
1 0.115351 0.607071 0.100442 0.607782 0.092664 0.595169 0.095732 0.580424 0.112542 0.572696 0.129653 0.572163 0.141450 0.576960 0.150223 0.584410 0.150223 0.600143 0.146766 0.606627
1 0.189955 0.723912 0.173167 0.720997 0.159124 0.709056 0.153406 0.689028 0.158621 0.667590 0.177056 0.658657 0.202809 0.662795 0.215297 0.681965 0.213513 0.698137 0.213513 0.714792
1 0.144366 0.767776 0.120634 0.765718 0.115060 0.754171 0.112708 0.731435 0.117367 0.721768 0.128298 0.710578 0.145411 0.710041 0.160740 0.720234 0.156777 0.733930 0.156777 0.749785
1 0.106984 0.772902 0.092426 0.770072 0.077945 0.760204 0.076923 0.744594 0.085697 0.732138 0.099391 0.722998 0.118238 0.722826 0.116625 0.734230 0.116625 0.748558
1 0.044593 0.799567 0.034431 0.796777 0.025000 0.788479 0.020162 0.773671 0.028271 0.759722 0.045254 0.760437 0.060706 0.770237 0.072712 0.778026 0.072712 0.790696 0.066239 0.798351 0.056947 0.803144
1 0.249853 0.211354 0.240768 0.224589 0.210577 0.229736 0.187041 0.217530 0.153346 0.205325 0.136892 0.182385 0.135461 0.146944 0.156565 0.119445 0.182534 0.127387 0.203996 0.125033 0.229393 0.119151 0.251069 0.115181 0.273104 0.124004 0.282475 0.141338 0.282475 0.167385 0.268597 0.193119
1 0.386470 0.439542 0.374837 0.431026 0.363364 0.413666 0.363417 0.395651 0.376855 0.382112 0.397570 0.386916 0.412071 0.396620 0.412071 0.415959 0.405325 0.430917
1 0.423754 0.458393 0.414642 0.458190 0.405201 0.452666 0.399007 0.439325 0.400351 0.428747 0.411396 0.417024 0.427720 0.414329 0.439389 0.423551 0.436635 0.434466 0.436635 0.446400
1 0.632015 0.317521 0.615951 0.309222 0.601885 0.296992 0.596785 0.275677 0.610809 0.260128 0.629295 0.254974 0.658576 0.275055 0.658576 0.290527 0.649864 0.305291
1 0.675070 0.324528 0.665875 0.318436 0.660859 0.305627 0.662075 0.288366 0.672030 0.286336 0.683657 0.287429 0.694486 0.299447 0.694486 0.313281 0.689737 0.323044
1 0.814797 0.398173 0.799606 0.400819 0.783180 0.391188 0.772727 0.368430 0.776229 0.344614 0.787506 0.326620 0.806403 0.323656 0.828546 0.335498 0.828598 0.353069 0.828598 0.371817
1 0.830450 0.447961 0.817223 0.449806 0.807490 0.441551 0.803144 0.424751 0.814766 0.412418 0.827710 0.414359 0.839144 0.421352
1 0.820331 0.528109 0.804268 0.526839 0.787529 0.517949 0.781126 0.499938 0.782699 0.478348 0.795954 0.457682 0.819433 0.453525 0.844371 0.465056 0.839653 0.486646 0.839653 0.507097
1 0.749058 0.588887 0.735624 0.587174 0.721219 0.582322 0.710389 0.570906 0.707994 0.553140 0.714658 0.539298 0.724725 0.530236 0.743087 0.528880 0.759991 0.536158 0.772592 0.544212 0.768981 0.557412 0.768981 0.570050
1 0.743153 0.530252 0.727652 0.528287 0.712109 0.524016 0.702551 0.510177 0.701554 0.489333 0.709075 0.474470 0.726280 0.469601 0.740078 0.473188 0.758987 0.481389 0.770415 0.492739 0.770415 0.507870 0.763185 0.524272
1 0.702961 0.804437 0.683309 0.802467 0.658324 0.790644 0.642507 0.772908 0.639690 0.747907 0.642626 0.723029 0.657425 0.706896 0.675160 0.703570 0.696909 0.705664 0.716382 0.727217 0.728425 0.742719 0.725010 0.761809 0.725010 0.783623
1 0.733454 0.734470 0.715076 0.725752 0.700603 0.711638 0.683032 0.694063 0.673540 0.666388 0.671116 0.631378 0.682830 0.614910 0.702150 0.607300 0.727665 0.613111 0.749477 0.643953 0.752842 0.673704 0.747658 0.694600 0.747658 0.719110
1 0.663890 0.654444 0.635662 0.658705 0.610937 0.645044 0.597502 0.617134 0.601575 0.583643 0.615225 0.566896 0.644881 0.553970 0.675252 0.557643 0.691188 0.573653 0.695333 0.602427 0.695333 0.628444
1 0.596006 0.609182 0.577954 0.607856 0.552408 0.594107 0.535404 0.568432 0.529763 0.540104 0.537097 0.511447 0.562724 0.500845 0.588028 0.509790 0.617281 0.526853 0.626146 0.537600 0.626146 0.566940
1 0.009766 0.846680 0.002930 0.839844 0.007812 0.833984 0.009766 0.825195 0.015625 0.817383 0.016602 0.807617 0.020508 0.801758 0.033203 0.803711 0.041016 0.813477 0.053711 0.819336 0.060547 0.827148 0.051758 0.836914 0.050781 0.845703 0.049805 0.859375 0.033203 0.845703 0.027344 0.845703
1 0.074219 0.886719 0.083008 0.882812 0.090820 0.884766 0.094727 0.894531 0.103516 0.903320 0.102539 0.914062 0.089844 0.916992 0.078125 0.910156
1 0.175781 0.879883 0.163086 0.882812 0.152344 0.870117 0.156250 0.855469 0.161133 0.851562 0.172852 0.851562 0.183594 0.857422 0.184570 0.873047 0.184570 0.873047
1 0.186523 0.859375 0.191406 0.853516 0.199219 0.846680 0.207031 0.845703 0.207031 0.855469 0.200195 0.865234 0.191406 0.868164
1 0.181641 0.851562 0.169922 0.848633 0.172852 0.842773 0.179688 0.832031 0.186523 0.827148 0.192383 0.825195 0.196289 0.839844 0.196289 0.847656
1 0.206055 0.835938 0.200195 0.836914 0.198242 0.832031 0.200195 0.826172 0.203125 0.824219 0.207031 0.824219 0.209961 0.827148 0.210938 0.833008
1 0.217773 0.842773 0.212891 0.839844 0.210938 0.835938 0.210938 0.827148 0.214844 0.826172 0.219727 0.829102 0.222656 0.833008 0.222656 0.837891
1 0.224609 0.826172 0.229492 0.829102 0.234375 0.825195 0.236328 0.818359 0.238281 0.814453 0.241211 0.811523 0.238281 0.806641 0.231445 0.803711 0.226562 0.808594 0.224609 0.813477 0.224609 0.821289
1 0.238281 0.805664 0.242188 0.809570 0.248047 0.810547 0.253906 0.807617 0.255859 0.803711 0.254883 0.795898 0.250977 0.791992 0.247070 0.795898 0.240234 0.798828
1 0.255859 0.806641 0.254883 0.798828 0.254883 0.792969 0.256836 0.789062 0.262695 0.789062 0.267578 0.790039 0.270508 0.792969 0.271484 0.798828 0.268555 0.804688 0.262695 0.807617
1 0.265625 0.787109 0.261719 0.786133 0.264648 0.781250 0.267578 0.778320 0.271484 0.776367 0.276367 0.775391 0.280273 0.779297 0.277344 0.786133 0.273438 0.789062
1 0.257812 0.782227 0.262695 0.780273 0.263672 0.776367 0.265625 0.773438 0.265625 0.769531 0.260742 0.765625 0.258789 0.764648 0.253906 0.767578 0.250977 0.769531 0.249023 0.773438 0.251953 0.777344
1 0.268555 0.775391 0.265625 0.770508 0.265625 0.767578 0.262695 0.764648 0.264648 0.760742 0.267578 0.757812 0.270508 0.754883 0.276367 0.756836 0.276367 0.756836 0.279297 0.760742 0.280273 0.765625 0.280273 0.771484 0.278320 0.775391
1 0.250000 0.769531 0.247070 0.768555 0.244141 0.769531 0.237305 0.769531 0.236328 0.769531 0.231445 0.770508 0.226562 0.770508 0.222656 0.770508 0.224609 0.775391 0.230469 0.776367 0.229492 0.779297 0.233398 0.782227 0.237305 0.782227 0.242188 0.780273 0.247070 0.778320 0.246094 0.775391 0.248047 0.772461
0 0.260742 0.786133 0.262695 0.783203 0.259766 0.782227 0.256836 0.785156 0.252930 0.786133 0.250977 0.780273 0.248047 0.780273 0.243164 0.780273 0.240234 0.783203 0.238281 0.788086 0.241211 0.791992 0.245117 0.793945 0.248047 0.792969 0.251953 0.791016 0.253906 0.793945 0.255859 0.788086
1 0.241211 0.793945 0.239258 0.790039 0.237305 0.787109 0.240234 0.784180 0.237305 0.782227 0.234375 0.784180 0.230469 0.780273 0.227539 0.781250 0.224609 0.783203 0.225586 0.787109 0.221680 0.791016 0.223633 0.791016 0.227539 0.791992 0.233398 0.794922 0.238281 0.798828
1 0.244141 0.767578 0.241211 0.764648 0.237305 0.761719 0.236328 0.756836 0.238281 0.753906 0.243164 0.752930 0.247070 0.751953 0.251953 0.751953 0.256836 0.753906 0.260742 0.755859 0.263672 0.758789 0.262695 0.763672 0.257812 0.764648 0.252930 0.767578 0.250000 0.768555
1 0.238281 0.746094 0.240234 0.741211 0.241211 0.737305 0.245117 0.735352 0.250000 0.735352 0.250000 0.735352 0.254883 0.736328 0.254883 0.736328 0.259766 0.738281 0.263672 0.742188 0.268555 0.748047 0.269531 0.752930 0.267578 0.754883 0.264648 0.756836 0.259766 0.754883 0.250977 0.750977 0.245117 0.750977 0.240234 0.750000
1 0.205078 0.744141 0.209961 0.742188 0.214844 0.741211 0.217773 0.742188 0.219727 0.745117 0.224609 0.749023 0.233398 0.747070 0.238281 0.748047 0.239258 0.750977 0.235352 0.758789 0.237305 0.762695 0.234375 0.765625 0.231445 0.769531 0.227539 0.770508 0.221680 0.769531 0.223633 0.773438 0.224609 0.777344 0.218750 0.777344 0.212891 0.774414 0.210938 0.771484 0.208008 0.765625 0.206055 0.756836 0.206055 0.753906 0.203125 0.750000
1 0.218750 0.739258 0.217773 0.734375 0.223633 0.730469 0.228516 0.730469 0.235352 0.733398 0.238281 0.740234 0.237305 0.744141 0.233398 0.746094 0.227539 0.746094 0.221680 0.744141
1 0.223633 0.729492 0.222656 0.725586 0.222656 0.721680 0.221680 0.717773 0.227539 0.715820 0.234375 0.716797 0.236328 0.716797 0.242188 0.715820 0.243164 0.713867 0.248047 0.716797 0.251953 0.720703 0.251953 0.720703 0.252930 0.724609 0.251953 0.728516 0.248047 0.728516 0.248047 0.730469 0.245117 0.730469 0.242188 0.727539 0.244141 0.733398 0.242188 0.733398 0.240234 0.730469 0.234375 0.728516 0.233398 0.728516
1 0.191406 0.732422 0.195312 0.725586 0.201172 0.719727 0.207031 0.719727 0.213867 0.719727 0.218750 0.720703 0.221680 0.724609 0.222656 0.730469 0.217773 0.733398 0.216797 0.737305 0.211914 0.740234 0.205078 0.742188 0.200195 0.738281
1 0.076172 0.803711 0.074219 0.799805 0.076172 0.794922 0.084961 0.791992 0.093750 0.791992 0.096680 0.797852 0.097656 0.803711 0.097656 0.808594 0.096680 0.814453 0.098633 0.818359 0.094727 0.823242 0.086914 0.826172 0.080078 0.824219 0.079102 0.817383
1 0.097656 0.720703 0.094727 0.713867 0.093750 0.707031 0.098633 0.703125 0.106445 0.700195 0.111328 0.699219 0.114258 0.705078 0.115234 0.710938 0.114258 0.715820 0.107422 0.717773 0.102539 0.721680
1 0.120117 0.707031 0.115234 0.706055 0.113281 0.700195 0.116211 0.695312 0.118164 0.689453 0.123047 0.686523 0.126953 0.691406 0.129883 0.697266 0.129883 0.705078 0.129883 0.705078 0.128906 0.708008
1 0.116211 0.688477 0.116211 0.680664 0.114258 0.673828 0.108398 0.668945 0.103516 0.669922 0.102539 0.675781 0.101562 0.680664 0.098633 0.684570 0.097656 0.687500 0.102539 0.691406 0.105469 0.696289 0.111328 0.699219
1 0.014648 0.524414 0.009766 0.518555 0.005859 0.512695 0.010742 0.510742 0.011719 0.502930 0.017578 0.500000 0.024414 0.495117 0.030273 0.496094 0.033203 0.503906 0.034180 0.512695 0.031250 0.521484 0.024414 0.527344 0.024414 0.527344
1 0.273438 0.291992 0.280273 0.289062 0.284180 0.282227 0.287109 0.273438 0.284180 0.262695 0.278320 0.259766 0.268555 0.261719 0.261719 0.268555 0.259766 0.276367 0.259766 0.276367 0.260742 0.284180 0.263672 0.289062
1 0.065430 0.270508 0.059570 0.266602 0.061523 0.259766 0.057617 0.252930 0.053711 0.246094 0.057617 0.240234 0.061523 0.237305 0.070312 0.236328 0.077148 0.237305 0.083008 0.241211 0.083984 0.248047 0.082031 0.254883 0.082031 0.260742 0.082031 0.266602 0.074219 0.268555
1 0.734375 0.363281 0.748047 0.365234 0.756836 0.358398 0.756836 0.350586 0.756836 0.341797 0.750977 0.333008 0.742188 0.332031 0.734375 0.334961 0.730469 0.343750 0.729492 0.354492
1 0.545898 0.964844 0.547852 0.958984 0.551758 0.953125 0.554688 0.944336 0.562500 0.942383 0.564453 0.949219 0.572266 0.944336 0.578125 0.946289 0.579102 0.955078 0.578125 0.960938 0.577148 0.967773 0.571289 0.969727 0.570312 0.973633 0.573242 0.979492 0.571289 0.985352 0.564453 0.982422 0.564453 0.989258 0.564453 0.989258 0.559570 0.993164 0.551758 0.990234 0.545898 0.984375 0.540039 0.977539 0.545898 0.972656
1 0.528320 1.000000 0.514648 1.000000 0.501953 1.000000 0.499023 0.995117 0.504883 0.990234 0.505859 0.984375 0.513672 0.989258 0.520508 0.991211
1 0.103516 0.904297 0.102539 0.899414 0.097656 0.893555 0.094727 0.885742 0.090820 0.879883 0.091797 0.874023 0.091797 0.867188 0.096680 0.861328 0.104492 0.861328 0.110352 0.863281 0.120117 0.872070 0.122070 0.880859 0.118164 0.885742 0.121094 0.890625 0.122070 0.896484 0.117188 0.903320
1 0.163086 0.349609 0.156250 0.348633 0.152344 0.340820 0.153320 0.332031 0.160156 0.331055 0.166016 0.333008 0.170898 0.342773 0.168945 0.348633
0 0.488281 0.459961 0.484375 0.455078 0.485352 0.448242 0.486328 0.439453 0.493164 0.435547 0.505859 0.431641 0.513672 0.432617 0.521484 0.439453 0.528320 0.444336 0.528320 0.444336 0.530273 0.453125 0.534180 0.457031 0.534180 0.461914 0.540039 0.465820 0.540039 0.465820 0.547852 0.465820 0.560547 0.465820 0.553711 0.474609 0.561523 0.476562 0.561523 0.483398 0.560547 0.489258 0.552734 0.497070 0.552734 0.497070 0.547852 0.501953 0.539062 0.507812 0.530273 0.524414 0.529297 0.530273 0.527344 0.542969 0.517578 0.541016 0.510742 0.536133 0.506836 0.544922 0.500977 0.547852 0.490234 0.543945 0.483398 0.535156 0.476562 0.524414 0.470703 0.520508 0.466797 0.511719 0.458008 0.504883 0.454102 0.498047 0.450195 0.492188 0.452148 0.482422 0.460938 0.469727 0.468750 0.459961 0.474609 0.459961
0 0.678711 0.388672 0.694336 0.388672 0.716797 0.402344 0.732422 0.404297 0.742188 0.412109 0.750977 0.429688 0.745117 0.446289 0.740234 0.452148 0.743164 0.467773 0.738281 0.472656 0.721680 0.476562 0.692383 0.470703 0.668945 0.458984 0.668945 0.458984 0.661133 0.434570 0.666016 0.409180