1 0.946963 0.032435 0.942141 0.029531 0.936889 0.027064 0.930960 0.026468 0.923400 0.029372 0.918857 0.035266 0.919972 0.040840 0.922680 0.044344 0.927458 0.046893 0.933033 0.046812 0.936975 0.045658 0.942629 0.042194 0.946890 0.038850
1 0.983033 0.053066 0.979331 0.050260 0.976076 0.049446 0.970297 0.056248 0.967770 0.057745 0.963770 0.057770 0.961487 0.061009 0.960627 0.063472 0.962027 0.066078 0.965140 0.066802 0.961230 0.070373 0.961713 0.072014 0.965937 0.073510 0.966250 0.077322 0.968048 0.076697 0.970665 0.074628 0.972260 0.075905 0.973842 0.075170 0.976444 0.075010 0.980687 0.073805 0.983879 0.072979 0.986625 0.073581 0.982347 0.071024 0.982266 0.064275
1 0.999685 0.069897 0.996884 0.073187 0.993282 0.075943 0.990082 0.081944 0.990987 0.087620 0.990266 0.091782 0.991072 0.094904 0.989416 0.097771 0.991455 0.100044 0.996360 0.101084 0.999949 0.098005 1.000000 0.069312
1 0.930194 0.273272 0.923377 0.278969 0.917598 0.284373 0.916955 0.290893 0.916069 0.296570 0.913935 0.302369 0.917876 0.310715 0.920823 0.312149 0.925101 0.311586 0.929866 0.308920 0.934632 0.309354 0.937265 0.310453 0.939604 0.307138 0.941415 0.305817 0.946104 0.306713 0.948026 0.302597 0.951637 0.302934 0.954809 0.296995 0.954836 0.292112 0.954836 0.285058 0.951476 0.284011 0.941386 0.277473 0.937113 0.274281
0 0.924966 0.739598 0.917896 0.734725 0.914410 0.731091 0.906998 0.730303 0.903292 0.728662 0.894963 0.733016 0.891572 0.738373 0.894422 0.742618 0.892463 0.747086 0.896297 0.750300 0.900156 0.752762 0.899791 0.755345 0.897543 0.753825 0.894687 0.750300 0.891374 0.753521 0.891587 0.756286 0.888622 0.758633 0.883185 0.760074 0.879973 0.761830 0.873797 0.762586 0.867067 0.765630 0.862081 0.769803 0.862135 0.775599 0.856522 0.778170 0.851352 0.784084 0.850878 0.788546 0.854900 0.793750 0.859733 0.799327 0.861542 0.805730 0.864654 0.814350 0.867998 0.815081 0.875522 0.816044 0.881854 0.813521 0.887728 0.805767 0.891199 0.800378 0.899185 0.798700 0.907986 0.793360 0.914398 0.788594 0.915704 0.779515 0.921038 0.774294 0.928416 0.773431 0.935810 0.769206 0.935248 0.761383 0.932482 0.754074
1 0.964159 0.733926 0.958528 0.732068 0.949603 0.736921 0.943013 0.745428 0.943731 0.749621 0.938880 0.753515 0.943792 0.766274 0.951340 0.770767 0.961644 0.769090 0.967753 0.763039 0.971025 0.749657 0.963005 0.743815
1 0.962851 0.712914 0.957104 0.716273 0.954274 0.723700 0.958562 0.729800 0.963293 0.729977 0.969437 0.732143 0.974918 0.732364 0.979073 0.727634 0.973681 0.719942 0.968155 0.714063
1 0.648106 0.036854 0.643079 0.034516 0.637255 0.031777 0.630386 0.032076 0.626006 0.031031 0.621188 0.033739 0.617196 0.035709 0.614375 0.040287 0.614642 0.044971 0.610437 0.045503 0.607455 0.051093 0.608893 0.057853 0.612299 0.062004 0.616347 0.067632 0.621126 0.073912 0.626382 0.074663 0.630273 0.070227 0.635393 0.074868 0.639946 0.073564 0.642479 0.082699 0.646355 0.082358 0.645162 0.075329 0.651041 0.072390 0.659563 0.071229 0.664267 0.068064 0.659604 0.067419 0.656603 0.067834 0.657987 0.061832 0.657941 0.052043 0.656873 0.046290 0.654560 0.040193
1 0.619736 0.080990 0.615054 0.081640 0.613175 0.081457 0.608633 0.080445 0.604729 0.082557 0.601199 0.085218 0.600823 0.089123 0.603629 0.093230 0.604988 0.097540 0.606446 0.094764 0.609034 0.099837 0.609614 0.101865 0.614148 0.101762 0.617026 0.101762 0.620153 0.098967 0.621137 0.096783 0.621906 0.092844 0.624133 0.090074 0.623961 0.085768 0.622210 0.081663
1 0.638723 0.081021 0.636395 0.083183 0.634586 0.084597 0.632590 0.087403 0.630677 0.089939 0.629104 0.093027 0.628203 0.096150 0.627253 0.098147 0.625292 0.099528 0.624469 0.103523 0.625364 0.107471 0.625146 0.110715 0.625470 0.114336 0.631884 0.117854 0.635366 0.120091 0.639877 0.116806 0.642927 0.118823 0.646616 0.118540 0.647026 0.113242 0.645387 0.112549 0.648540 0.110562 0.648919 0.105012 0.649333 0.104126 0.649413 0.096984 0.647367 0.095340 0.645521 0.095981 0.647287 0.090687 0.648067 0.085673 0.645697 0.084161 0.642271 0.083387
1 0.443927 0.087580 0.434454 0.090575 0.429920 0.088713 0.422390 0.090737 0.413646 0.091871 0.410974 0.089280 0.404011 0.096405 0.397737 0.096908 0.394090 0.099469 0.390133 0.106840 0.396768 0.117358 0.400686 0.132332 0.404114 0.134712 0.412512 0.131073 0.419229 0.127924 0.427416 0.125335 0.434553 0.130583 0.442670 0.126734 0.449317 0.119947 0.454328 0.117558 0.456377 0.101970 0.450522 0.092749
1 0.476701 0.154700 0.468224 0.145992 0.472289 0.145992 0.465154 0.144113 0.461050 0.143423 0.460015 0.147412 0.460283 0.150174 0.460244 0.154931 0.458672 0.158958 0.460206 0.162372 0.463658 0.162410 0.465039 0.159188 0.470371 0.159035 0.474246 0.157271
0 0.604086 0.245139 0.599526 0.241747 0.593966 0.243638 0.591241 0.244305 0.587015 0.245028 0.581660 0.246115 0.578249 0.245785 0.573546 0.246886 0.572226 0.249389 0.573078 0.255331 0.576186 0.258896 0.577481 0.260251 0.581284 0.261863 0.584827 0.262526 0.589177 0.260827 0.592704 0.259932 0.596693 0.259902 0.600027 0.259218 0.601188 0.253948 0.603451 0.250822
1 0.552438 0.264067 0.549198 0.260465 0.545992 0.259406 0.543744 0.259969 0.541463 0.257456 0.535654 0.256551 0.536115 0.264437 0.538501 0.270015 0.537501 0.275900 0.544232 0.275978 0.548041 0.277131 0.550849 0.275823 0.550541 0.271822
1 0.528196 0.254835 0.521396 0.255771 0.518490 0.259122 0.514598 0.262275 0.514007 0.269370 0.517948 0.272572 0.521102 0.274494 0.525486 0.274839 0.530808 0.276268 0.533517 0.273606 0.538443 0.274247 0.538046 0.267799 0.535731 0.262244 0.532762 0.260508 0.533302 0.258464 0.530602 0.256612
1 0.501876 0.265055 0.498751 0.262669 0.495560 0.260720 0.490956 0.263644 0.486555 0.265827 0.483866 0.268516 0.480909 0.271875 0.483799 0.280511 0.486409 0.284095 0.490063 0.285691 0.495128 0.281694 0.500982 0.282066 0.504050 0.275375 0.502423 0.269984
0 0.477574 0.267465 0.471632 0.267690 0.471146 0.262682 0.467596 0.261223 0.463413 0.263508 0.459961 0.265308 0.456410 0.265308 0.457092 0.272066 0.451062 0.272262 0.448922 0.271629 0.449359 0.266231 0.443958 0.267253 0.438123 0.268087 0.434111 0.271057 0.431663 0.276579 0.426088 0.281216 0.420982 0.283977 0.415894 0.291380 0.409204 0.296495 0.409395 0.300563 0.404781 0.304885 0.406884 0.309673 0.411146 0.316854 0.410854 0.321292 0.408927 0.318840 0.404723 0.323219 0.409803 0.332737 0.415408 0.339043 0.422026 0.345190 0.428043 0.353597 0.440817 0.353185 0.444113 0.355410 0.451448 0.346427 0.459440 0.347380 0.469592 0.342825 0.475916 0.337052 0.468747 0.327697 0.477009 0.331111 0.475797 0.325844 0.472983 0.318542 0.472062 0.314047 0.473526 0.307733 0.472917 0.306948 0.469271 0.302417 0.474654 0.299147 0.479525 0.298348 0.482633 0.294712 0.479841 0.291867 0.469693 0.290373 0.473083 0.281028 0.480771 0.272078 0.485381 0.267467
1 0.496646 0.348665 0.490719 0.351511 0.484555 0.352143 0.477601 0.352695 0.471990 0.359491 0.468908 0.369132 0.478471 0.380669 0.489454 0.385410 0.497673 0.390230 0.506049 0.386675 0.514425 0.383355 0.515769 0.369843 0.509212 0.361058 0.509183 0.358768 0.503036 0.352404
1 0.518906 0.328089 0.511707 0.326076 0.503500 0.329019 0.494133 0.336915 0.500403 0.340900 0.495880 0.345736 0.502432 0.350312 0.505812 0.355616 0.510507 0.365087 0.518241 0.372315 0.524307 0.370799 0.530019 0.367614 0.536084 0.368069 0.543818 0.366958 0.546834 0.367134 0.549677 0.359817 0.549724 0.349053 0.546881 0.348073 0.553342 0.341347 0.547617 0.334750 0.553505 0.331807 0.548707 0.328480 0.539439 0.327445 0.535334 0.324133 0.528168 0.322103 0.521839 0.325446
1 0.553493 0.339418 0.556528 0.339577 0.559363 0.338020 0.564274 0.341135 0.567229 0.342612 0.570464 0.341934 0.572460 0.342812 0.575712 0.343085 0.577535 0.348071 0.577498 0.354919 0.574446 0.362101 0.573367 0.366194 0.569386 0.368130 0.565516 0.367943 0.562910 0.365227 0.561943 0.370921 0.558418 0.374443 0.552258 0.376471 0.550038 0.373181 0.547016 0.368320 0.547245 0.364380 0.548813 0.355961 0.549016 0.351791 0.546260 0.348047
1 0.367266 0.005057 0.363994 0.009518 0.362990 0.015429 0.364589 0.021711 0.369904 0.024907 0.375332 0.021450 0.380313 0.016209 0.380016 0.011859 0.373659 0.007919
1 0.179122 0.034573 0.171344 0.036022 0.164176 0.036860 0.159982 0.042809 0.156475 0.053484 0.162270 0.071861 0.172183 0.081622 0.179503 0.082689 0.186290 0.072548 0.192543 0.067134 0.187891 0.060118 0.188501 0.049596 0.185604 0.042809
1 0.188558 0.251139 0.183400 0.242298 0.173250 0.235830 0.165919 0.239437 0.162964 0.251603 0.166439 0.265505 0.170523 0.270719 0.177563 0.270632 0.183123 0.271675 0.187642 0.272283 0.191204 0.270893 0.188945 0.261073 0.192508 0.258206 0.188163 0.253948
1 0.447762 0.390988 0.444208 0.395802 0.441400 0.399069 0.438764 0.406348 0.443979 0.411964 0.445125 0.417294 0.445813 0.422165 0.451314 0.423426 0.457447 0.421248 0.462490 0.415804 0.460427 0.411333 0.463923 0.407093 0.460083 0.403883 0.464210 0.399642 0.462834 0.392822 0.461058 0.388811 0.456587 0.392307 0.451143 0.394255
1 0.484259 0.540835 0.480463 0.544057 0.478678 0.548550 0.474876 0.553216 0.472917 0.560013 0.480521 0.566291 0.482537 0.570669 0.488931 0.570208 0.494058 0.561740 0.494633 0.555404 0.489910 0.551775 0.488412 0.545842
1 0.553397 0.452629 0.547670 0.454593 0.547833 0.460812 0.549634 0.469812 0.554106 0.473412 0.555743 0.468229 0.560271 0.468121 0.563598 0.470849 0.565452 0.466866 0.567635 0.460375 0.565234 0.452574 0.565998 0.446792 0.561743 0.446083 0.555688 0.448211
1 0.723357 0.550898 0.716158 0.556916 0.713579 0.563900 0.715083 0.579858 0.720940 0.586468 0.729967 0.591088 0.742175 0.588955 0.745624 0.588796 0.746154 0.579352 0.744085 0.577176 0.747216 0.569854 0.744457 0.561471 0.735489 0.554201
1 0.629403 0.552901 0.622601 0.560493 0.625460 0.572029 0.636306 0.582382 0.645573 0.584156 0.651519 0.578449 0.652779 0.572446 0.656201 0.566743 0.648878 0.561400 0.644015 0.556357
0 0.612459 0.607989 0.609667 0.607377 0.608339 0.604826 0.612962 0.600044 0.607860 0.598557 0.603557 0.600735 0.601166 0.604295 0.596437 0.604401 0.591495 0.606846 0.585545 0.607377 0.581703 0.611249 0.578762 0.616449 0.574297 0.617973 0.570515 0.621649 0.571618 0.630105 0.573562 0.634833 0.572458 0.642345 0.574618 0.651490 0.580303 0.655614 0.583034 0.659962 0.587232 0.655894 0.591222 0.654582 0.592697 0.650593 0.595484 0.650429 0.595320 0.642834 0.598435 0.640757 0.604117 0.642834 0.611768 0.639555 0.612819 0.647048 0.614827 0.650142 0.621069 0.649870 0.625087 0.645527 0.622318 0.653507 0.629755 0.655461 0.632360 0.655949 0.634260 0.643302 0.638928 0.644279 0.638386 0.638091 0.637197 0.636069 0.635846 0.633151 0.636665 0.629670 0.640439 0.625273 0.636925 0.623341 0.638134 0.619743 0.640018 0.618208 0.639943 0.612078 0.635819 0.607024 0.631818 0.600645 0.628558 0.598237 0.624754 0.597112 0.623162 0.600179 0.620988 0.598393 0.618193 0.598199 0.616408 0.603129 0.614156 0.607709
1 0.673424 0.690388 0.669521 0.696531 0.666367 0.702509 0.666923 0.715096 0.668608 0.720442 0.669827 0.725554 0.676644 0.730085 0.680323 0.732603 0.685256 0.733037 0.692750 0.732499 0.698135 0.728864 0.706571 0.726890 0.710533 0.722438 0.710723 0.715811 0.710909 0.713764 0.713090 0.711645 0.712105 0.703904 0.710891 0.699674 0.705669 0.694076 0.706393 0.689562 0.705259 0.684752 0.702403 0.681204 0.697962 0.677322 0.693409 0.678853 0.689042 0.682063 0.687773 0.685683 0.686766 0.689899
1 0.589021 0.754599 0.582646 0.762198 0.582836 0.765866 0.578221 0.762451 0.573479 0.769090 0.570950 0.773896 0.564312 0.776993 0.565828 0.788058 0.567335 0.800496 0.574110 0.804439 0.574999 0.797887 0.579054 0.799330 0.585051 0.803495 0.583219 0.795387 0.591049 0.795276 0.593631 0.804198 0.599597 0.802971 0.607112 0.800492 0.611358 0.797750 0.612567 0.789029 0.612936 0.783432 0.610824 0.782661 0.615517 0.778940 0.614008 0.772874 0.615663 0.770841 0.611704 0.768013 0.611711 0.760666 0.607858 0.759420 0.603496 0.755851 0.599644 0.757607 0.597150 0.759590
1 0.524803 0.765905 0.521752 0.767528 0.518356 0.770432 0.520670 0.778798 0.526525 0.789279 0.533218 0.796857 0.538405 0.802748 0.544489 0.800838 0.548663 0.798323 0.556004 0.798424 0.561133 0.798776 0.565851 0.796786 0.569223 0.794089 0.563153 0.787479 0.565940 0.782309 0.571178 0.776259 0.568032 0.771566 0.563731 0.771042 0.555495 0.769521 0.551089 0.766059 0.543393 0.763924 0.534519 0.759999 0.526242 0.761620
1 0.496963 0.777073 0.500876 0.773105 0.503962 0.768476 0.510740 0.771286 0.514598 0.772939 0.517904 0.770625 0.519282 0.769138 0.522919 0.776411 0.522203 0.781150 0.514818 0.780324 0.512394 0.777899 0.510465 0.781371 0.502694 0.781923
1 0.509969 0.782749 0.509418 0.789252 0.508006 0.790856 0.504579 0.793705 0.508199 0.798580 0.508440 0.803647 0.513798 0.805771 0.518238 0.805096 0.522679 0.802972 0.527312 0.803021 0.532478 0.800027 0.530209 0.792933 0.527506 0.789554 0.525865 0.785837 0.522395 0.782195 0.519461 0.779262 0.515193 0.779662 0.513148 0.778194
1 0.500764 0.809375 0.496620 0.816963 0.493068 0.821214 0.495544 0.829985 0.497643 0.834937 0.503132 0.838111 0.508566 0.836497 0.508729 0.831869 0.514379 0.830309 0.516854 0.830392 0.519627 0.827490 0.520480 0.823139 0.519200 0.820877 0.523340 0.818957 0.522998 0.812983 0.518987 0.811405 0.524860 0.805496 0.522040 0.804246 0.514577 0.807709 0.513435 0.810066 0.512285 0.809295 0.513547 0.805577 0.510925 0.804149 0.508036 0.806706 0.503578 0.807338
1 0.486600 0.798597 0.480808 0.799305 0.478043 0.803389 0.477258 0.809766 0.477949 0.815859 0.479237 0.820352 0.482908 0.821398 0.488568 0.820353 0.494383 0.817554 0.497797 0.812908 0.497526 0.805698 0.499319 0.798640 0.494855 0.796312 0.490772 0.799136 0.488599 0.802188
1 0.365966 0.661678 0.368479 0.663638 0.367876 0.669819 0.366972 0.674191 0.365514 0.677911 0.364458 0.684192 0.369082 0.681780 0.366268 0.687812 0.375113 0.690475 0.379736 0.688767 0.384410 0.690877 0.390371 0.690363 0.392756 0.687472 0.396815 0.686608 0.396968 0.681027 0.391690 0.677678 0.397170 0.675699 0.393669 0.669509 0.391538 0.667276 0.394431 0.663471 0.391220 0.663324 0.393425 0.659648 0.388470 0.655699 0.384945 0.656518 0.379370 0.651592 0.375427 0.652976 0.374527 0.657126 0.372141 0.658025 0.370031 0.655673 0.367956 0.658925
1 0.074407 0.382821 0.068370 0.385543 0.066329 0.390305 0.063495 0.394347 0.064089 0.399940 0.066267 0.406475 0.071167 0.406425 0.075969 0.405039 0.084087 0.404989 0.089186 0.403108 0.087862 0.397278 0.089571 0.392930 0.085825 0.387893 0.078204 0.381498
1 0.000317 0.397978 0.003762 0.397513 0.008118 0.395279 0.015430 0.397585 0.012730 0.408134 0.014539 0.418352 0.009384 0.421216 0.000000 0.422305
1 0.159785 0.191982 0.156722 0.198876 0.155025 0.202158 0.158417 0.211842 0.161535 0.218406 0.168757 0.221524 0.175924 0.217805 0.176307 0.214851 0.175321 0.210747 0.173462 0.207027 0.175924 0.202432 0.171437 0.198056 0.163122 0.194280
1 0.155137 0.103524 0.146043 0.107864 0.145285 0.116820 0.145354 0.118887 0.148661 0.128188 0.154035 0.125914 0.158513 0.124398 0.163473 0.120678 0.162371 0.114134 0.163748 0.108484 0.158168 0.103455
1 0.852101 0.000000 0.850860 0.002449 0.850063 0.006747 0.853696 0.006525 0.851126 0.009273 0.857107 0.010336 0.860830 0.009539 0.859234 0.014103 0.864862 0.013571 0.869913 0.016495 0.872173 0.018977 0.874727 0.016158 0.877168 0.012812 0.881146 0.011320 0.882548 0.006212 0.884673 0.003272 0.880920 0.001601 0.879066 0.001148 0.882096 0.000000
1 0.872069 0.020239 0.870916 0.024853 0.870275 0.026774 0.867200 0.030705 0.865064 0.035190 0.868311 0.039547 0.872069 0.041981 0.875572 0.045613 0.879075 0.046296 0.882535 0.043178 0.886252 0.040657 0.887918 0.033012 0.885184 0.028483 0.880570 0.022717 0.881510 0.018573 0.877837 0.015284 0.873735 0.014644
1 1.000000 0.583567 0.995656 0.584718 0.990289 0.585932 0.987158 0.589127 0.981918 0.590277 0.981392 0.597573 0.979659 0.599486 0.980994 0.606092 0.984748 0.608618 0.986806 0.609123 0.989621 0.607680 0.992473 0.608329 0.995686 0.611036 0.999583 0.610495 1.000000 0.602157
1 0.917833 0.604081 0.914610 0.604383 0.911741 0.608713 0.910432 0.607202 0.908619 0.608562 0.905900 0.613898 0.904139 0.618732 0.908820 0.617474 0.911539 0.618631 0.912647 0.624773 0.918438 0.623313 0.921206 0.627795 0.924932 0.624019 0.926857 0.618976 0.925139 0.613000
1 0.919589 0.605679 0.922903 0.601003 0.928644 0.604081 0.934739 0.601536 0.940717 0.603193 0.944859 0.611479 0.943734 0.621125 0.938882 0.623492 0.930419 0.619350
1 0.470939 0.499384 0.469412 0.506690 0.470010 0.512668 0.472268 0.519377 0.478711 0.516787 0.483626 0.509680 0.482563 0.501841 0.476319 0.495863
1 0.475280 0.523029 0.472412 0.532021 0.474582 0.542720 0.478381 0.544502 0.483807 0.541014 0.490318 0.540316 0.492102 0.531401 0.488070 0.526440 0.483420 0.524890
0 0.409405 0.241243 0.403296 0.244372 0.405903 0.256219 0.411715 0.261136 0.415439 0.256219 0.418867 0.249290 0.428105 0.253388 0.430191 0.246384 0.424604 0.238486 0.423039 0.233644 0.414024 0.238338 0.412162 0.241839
1 0.412981 0.261583 0.415439 0.266873 0.422294 0.265904 0.426765 0.269555 0.430937 0.263893 0.430191 0.256368 0.426392 0.252047 0.421177 0.249290 0.416930 0.250705
1 0.594270 0.437085 0.592162 0.442318 0.597250 0.452566 0.602338 0.453947 0.603282 0.448933 0.607467 0.445763 0.608185 0.438316 0.600714 0.439250
0 0.002930 0.047852 0.013672 0.051758 0.016602 0.062500 0.024414 0.062500 0.026367 0.066406 0.032227 0.070312 0.034180 0.088867 0.038086 0.104492 0.029297 0.110352 0.019531 0.105469 0.025391 0.115234 0.025391 0.115234 0.024414 0.123047 0.017578 0.124023 0.012695 0.112305 0.005859 0.104492 0.000000 0.099609 0.000000 0.077148 0.006836 0.076172 0.004883 0.067383 0.000000 0.060547
1 0.195312 0.039062 0.205078 0.043945 0.206055 0.056641 0.193359 0.062500 0.193359 0.062500 0.184570 0.057617 0.184570 0.057617 0.182617 0.042969
1 0.075195 0.351562 0.082031 0.361328 0.081055 0.370117 0.070312 0.370117 0.067383 0.360352
1 0.071289 0.325195 0.076172 0.331055 0.076172 0.338867 0.063477 0.339844 0.063477 0.340820 0.059570 0.329102
1 0.195312 0.275391 0.201172 0.277344 0.202148 0.286133 0.196289 0.291992 0.188477 0.288086 0.188477 0.289062 0.186523 0.279297
1 0.182617 0.281250 0.185547 0.286133 0.182617 0.292969 0.176758 0.292969 0.173828 0.285156 0.173828 0.285156
1 0.282227 0.264648 0.284180 0.269531 0.280273 0.277344 0.271484 0.277344 0.267578 0.267578 0.267578 0.268555 0.271484 0.263672
1 0.275391 0.295898 0.283203 0.298828 0.283203 0.312500 0.276367 0.316406 0.268555 0.309570 0.268555 0.309570 0.268555 0.299805
1 0.192383 0.328125 0.199219 0.333984 0.198242 0.341797 0.190430 0.343750 0.190430 0.343750 0.184570 0.333984
1 0.392578 0.240234 0.403320 0.250000 0.400391 0.258789 0.400391 0.258789 0.389648 0.262695 0.389648 0.262695 0.379883 0.255859 0.385742 0.244141
0 0.302734 0.257812 0.308594 0.261719 0.315430 0.260742 0.315430 0.260742 0.319336 0.252930 0.329102 0.256836 0.329102 0.265625 0.327148 0.270508 0.320312 0.273438 0.310547 0.278320 0.299805 0.277344 0.288086 0.274414 0.286133 0.264648
1 0.342773 0.257812 0.342773 0.265625 0.336914 0.268555 0.336914 0.268555 0.333008 0.262695 0.336914 0.255859
1 0.372070 0.250000 0.374023 0.261719 0.374023 0.261719 0.366211 0.269531 0.356445 0.263672 0.356445 0.263672 0.354492 0.251953 0.360352 0.245117
1 0.028320 0.393555 0.031250 0.402344 0.025391 0.409180 0.013672 0.409180 0.015625 0.397461 0.023438 0.394531
1 0.039062 0.391602 0.044922 0.394531 0.044922 0.402344 0.039062 0.407227 0.030273 0.403320 0.033203 0.394531
1 0.059570 0.387695 0.065430 0.394531 0.063477 0.402344 0.054688 0.403320 0.050781 0.393555 0.050781 0.393555
1 0.111328 0.430664 0.115234 0.440430 0.111328 0.447266 0.102539 0.443359 0.101562 0.430664 0.105469 0.428711
1 0.120117 0.481445 0.112305 0.484375 0.107422 0.477539 0.115234 0.468750 0.119141 0.472656
1 0.126953 0.512695 0.125977 0.519531 0.120117 0.523438 0.113281 0.519531 0.115234 0.509766 0.121094 0.509766
1 0.132812 0.552734 0.136719 0.567383 0.136719 0.567383 0.131836 0.573242 0.124023 0.572266 0.119141 0.562500 0.122070 0.554688
1 0.171875 0.840820 0.177734 0.843750 0.180664 0.858398 0.181641 0.858398 0.177734 0.868164 0.171875 0.871094 0.166992 0.870117 0.164062 0.848633
1 0.467773 0.786133 0.479492 0.795898 0.475586 0.804688 0.463867 0.806641 0.458984 0.794922 0.461914 0.788086
1 0.458984 0.810547 0.464844 0.816406 0.464844 0.826172 0.457031 0.827148 0.452148 0.818359
0 0.307617 0.836914 0.321289 0.833008 0.333984 0.827148 0.344727 0.829102 0.349609 0.829102 0.360352 0.827148 0.366211 0.824219 0.372070 0.823242 0.376953 0.823242 0.380859 0.826172 0.385742 0.824219 0.389648 0.821289 0.395508 0.819336 0.409180 0.817383 0.414062 0.814453 0.418945 0.812500 0.423828 0.811523 0.429688 0.812500 0.440430 0.813477 0.450195 0.823242 0.449219 0.838867 0.446289 0.842773 0.440430 0.842773 0.430664 0.843750 0.424805 0.841797 0.419922 0.838867 0.415039 0.837891 0.411133 0.833984 0.407227 0.838867 0.399414 0.843750 0.383789 0.846680 0.378906 0.846680 0.375000 0.841797 0.369141 0.843750 0.359375 0.847656 0.351562 0.848633 0.345703 0.848633 0.333008 0.850586 0.328125 0.852539 0.322266 0.853516 0.317383 0.854492 0.311523 0.852539 0.306641 0.851562 0.302734 0.848633 0.301758 0.841797
1 0.369141 0.726562 0.375977 0.733398 0.375977 0.742188 0.366211 0.747070 0.362305 0.750977 0.355469 0.745117 0.353516 0.735352 0.361328 0.728516
0 0.305664 0.789062 0.313477 0.783203 0.319336 0.781250 0.324219 0.781250 0.345703 0.780273 0.349609 0.777344 0.354492 0.773438 0.366211 0.762695 0.372070 0.762695 0.376953 0.762695 0.381836 0.762695 0.387695 0.765625 0.391602 0.769531 0.397461 0.777344 0.400391 0.782227 0.400391 0.787109 0.395508 0.788086 0.390625 0.786133 0.386719 0.790039 0.377930 0.795898 0.372070 0.794922 0.367188 0.791992 0.362305 0.793945 0.358398 0.796875 0.352539 0.797852 0.347656 0.795898 0.345703 0.791016 0.337891 0.792969 0.328125 0.797852 0.322266 0.795898 0.317383 0.796875 0.313477 0.800781 0.308594 0.801758 0.303711 0.800781
1 0.631836 0.767578 0.646484 0.767578 0.646484 0.776367 0.651367 0.784180 0.647461 0.790039 0.638672 0.796875 0.630859 0.788086 0.622070 0.784180 0.621094 0.771484
1 0.653320 0.764648 0.661133 0.766602 0.668945 0.768555 0.670898 0.775391 0.671875 0.775391 0.666992 0.782227 0.657227 0.782227 0.646484 0.780273 0.645508 0.769531
0 0.711914 0.750000 0.718750 0.753906 0.731445 0.755859 0.743164 0.755859 0.755859 0.753906 0.766602 0.755859 0.771484 0.761719 0.770508 0.768555 0.752930 0.771484 0.745117 0.772461 0.747070 0.784180 0.747070 0.784180 0.745117 0.789062 0.740234 0.786133 0.739258 0.778320 0.729492 0.778320 0.730469 0.778320 0.722656 0.777344 0.709961 0.779297 0.697266 0.781250 0.687500 0.776367 0.690430 0.763672 0.693359 0.758789 0.703125 0.753906
0 0.823242 0.948242 0.834961 0.946289 0.857422 0.946289 0.870117 0.967773 0.882812 0.982422 0.897461 1.000000 0.828125 1.000000 0.822266 0.986328 0.817383 0.972656 0.819336 0.957031
1 0.513672 0.694336 0.522461 0.699219 0.525391 0.710938 0.516602 0.708984 0.507812 0.710938 0.504883 0.703125
1 0.521484 0.711914 0.526367 0.720703 0.520508 0.725586 0.510742 0.723633 0.504883 0.716797 0.509766 0.709961
0 0.672852 0.543945 0.678711 0.549805 0.683594 0.542969 0.693359 0.542969 0.700195 0.548828 0.701172 0.559570 0.697266 0.568359 0.697266 0.580078 0.687500 0.583984 0.675781 0.586914 0.667969 0.578125 0.662109 0.572266 0.658203 0.566406 0.660156 0.552734
1 0.709961 0.434570 0.715820 0.441406 0.713867 0.454102 0.710938 0.466797 0.700195 0.465820 0.696289 0.458008 0.696289 0.442383
1 0.692383 0.422852 0.693359 0.426758 0.692383 0.431641 0.685547 0.432617 0.684570 0.424805
1 0.627930 0.443359 0.630859 0.446289 0.637695 0.452148 0.636719 0.461914 0.629883 0.462891 0.620117 0.456055 0.622070 0.443359
1 0.215820 0.446289 0.215820 0.454102 0.207031 0.458984 0.202148 0.450195 0.207031 0.443359
1 0.210938 0.424805 0.213867 0.435547 0.204102 0.441406 0.200195 0.433594
1 0.205078 0.406250 0.211914 0.411133 0.210938 0.422852 0.202148 0.424805 0.194336 0.414062
1 0.210938 0.380859 0.217773 0.384766 0.218750 0.393555 0.208984 0.396484 0.202148 0.388672
1 0.226562 0.376953 0.232422 0.383789 0.232422 0.389648 0.225586 0.391602 0.221680 0.385742
1 0.237305 0.377930 0.244141 0.379883 0.246094 0.385742 0.247070 0.393555 0.244141 0.401367 0.234375 0.398438 0.234375 0.398438 0.233398 0.385742
1 0.254883 0.376953 0.258789 0.380859 0.257812 0.387695 0.250000 0.388672 0.248047 0.378906
1 0.267578 0.373047 0.273438 0.376953 0.273438 0.387695 0.265625 0.386719 0.261719 0.375977
1 0.293945 0.371094 0.296875 0.378906 0.294922 0.384766 0.288086 0.380859
1 0.308594 0.369141 0.311523 0.378906 0.305664 0.382812 0.300781 0.376953 0.303711 0.370117
1 0.328125 0.351562 0.335938 0.361328 0.334961 0.368164 0.327148 0.371094 0.317383 0.365234 0.319336 0.356445
1 0.606445 0.000000 0.606445 0.012695 0.610352 0.015625 0.620117 0.008789 0.629883 0.000000
0 0.723633 0.025391 0.734375 0.023438 0.738281 0.031250 0.738281 0.031250 0.738281 0.043945 0.741211 0.056641 0.740234 0.066406 0.734375 0.071289 0.728516 0.068359 0.728516 0.058594 0.725586 0.046875 0.724609 0.035156 0.721680 0.031250
1 0.901367 0.077148 0.896484 0.083984 0.890625 0.083984 0.888672 0.077148 0.897461 0.073242
1 0.987305 0.078125 0.987305 0.085938 0.981445 0.088867 0.975586 0.083984 0.977539 0.075195 0.982422 0.074219
1 0.911133 0.035156 0.915039 0.038086 0.913086 0.043945 0.905273 0.043945 0.903320 0.037109
1 0.916992 0.019531 0.917969 0.026367 0.911133 0.030273 0.905273 0.023438 0.910156 0.017578
1 0.898438 0.037109 0.896484 0.042969 0.891602 0.042969 0.890625 0.037109
1 0.872070 0.040039 0.873047 0.047852 0.866211 0.049805 0.862305 0.043945 0.865234 0.040039
1 0.860352 0.043945 0.860352 0.047852 0.854492 0.049805 0.849609 0.047852 0.849609 0.041992 0.855469 0.040039
1 0.839844 0.044922 0.843750 0.047852 0.843750 0.051758 0.837891 0.053711 0.833008 0.050781 0.834961 0.044922
1 0.826172 0.046875 0.830078 0.049805 0.829102 0.054688 0.824219 0.056641 0.819336 0.051758 0.821289 0.047852
1 0.813477 0.049805 0.817383 0.052734 0.816406 0.056641 0.811523 0.059570 0.811523 0.059570 0.806641 0.056641 0.806641 0.050781
1 0.804688 0.051758 0.806641 0.057617 0.806641 0.057617 0.801758 0.060547 0.796875 0.059570 0.796875 0.052734
1 0.791992 0.054688 0.792969 0.059570 0.787109 0.062500 0.782227 0.059570 0.785156 0.053711
1 0.780273 0.061523 0.776367 0.064453 0.771484 0.063477 0.770508 0.056641 0.774414 0.055664 0.779297 0.055664
1 0.766602 0.061523 0.766602 0.067383 0.761719 0.069336 0.755859 0.065430 0.758789 0.059570 0.762695 0.059570
1 0.749023 0.095703 0.753906 0.100586 0.750977 0.108398 0.744141 0.110352 0.739258 0.105469 0.739258 0.106445 0.744141 0.096680
1 0.752930 0.113281 0.750000 0.119141 0.744141 0.116211 0.747070 0.111328
1 0.744141 0.123047 0.749023 0.120117 0.752930 0.120117 0.754883 0.125000 0.753906 0.128906 0.745117 0.130859
1 0.746094 0.137695 0.750977 0.133789 0.755859 0.135742 0.754883 0.139648 0.750977 0.141602
1 0.795898 0.319336 0.804688 0.314453 0.811523 0.317383 0.812500 0.324219 0.806641 0.333008 0.797852 0.333984 0.793945 0.326172
1 0.666016 0.328125 0.673828 0.334961 0.670898 0.340820 0.665039 0.341797 0.658203 0.337891 0.660156 0.330078
1 0.825195 0.419922 0.826172 0.430664 0.814453 0.438477 0.805664 0.434570 0.805664 0.423828 0.805664 0.423828 0.811523 0.416016
1 0.947266 0.601562 0.957031 0.602539 0.962891 0.604492 0.962891 0.615234 0.960938 0.613281 0.957031 0.617188 0.949219 0.615234 0.944336 0.607422