1 0.481445 0.473633 0.477539 0.472656 0.472656 0.467773 0.468750 0.462891 0.466548 0.455841 0.467265 0.445326 0.471680 0.439453 0.475586 0.436523 0.477539 0.430664 0.485418 0.426687 0.500000 0.427734 0.510742 0.434570 0.511719 0.439453 0.509766 0.448242 0.504883 0.448242 0.501953 0.454102 0.498047 0.455078 0.496094 0.457031 0.493164 0.459961 0.489258 0.461914 0.488281 0.463867 0.492188 0.465820 0.490234 0.467773 0.490234 0.473633 0.486328 0.473633
1 0.673828 0.081055 0.676758 0.079102 0.678711 0.078125 0.680664 0.075195 0.681641 0.072266 0.684570 0.072266 0.688477 0.072266 0.691406 0.068359 0.694336 0.069336 0.698242 0.071289 0.701172 0.073242 0.705078 0.073242 0.706055 0.077148 0.708008 0.080078 0.708008 0.082031 0.706055 0.084961 0.708008 0.086914 0.709961 0.086914 0.708984 0.089844 0.708984 0.091797 0.708008 0.092773 0.707031 0.094727 0.706055 0.095703 0.705078 0.100586 0.704102 0.104492 0.702148 0.105469 0.700195 0.106445 0.696289 0.106445 0.693359 0.105469 0.690430 0.102539 0.687500 0.100586 0.686523 0.100586 0.685547 0.101562 0.683594 0.102539 0.679688 0.101562 0.676758 0.100586 0.673828 0.097656 0.673828 0.094727 0.674805 0.091797 0.672852 0.089844 0.672852 0.086914 0.674805 0.085938 0.674805 0.083984
0 0.725939 0.894878 0.702132 0.887578 0.694861 0.879785 0.696289 0.872070 0.697266 0.869141 0.701172 0.867188 0.705078 0.867188 0.704102 0.863281 0.707031 0.858398 0.715820 0.856445 0.720703 0.859375 0.724609 0.861328 0.733398 0.862305 0.742188 0.862305 0.749023 0.864258 0.754883 0.868164 0.760742 0.870117 0.765625 0.867188 0.768555 0.865234 0.773438 0.862305 0.776367 0.861328 0.780273 0.862305 0.780273 0.868164 0.780273 0.870117 0.782227 0.871094 0.783203 0.875977 0.782227 0.878906 0.785156 0.880859 0.786133 0.885742 0.785156 0.887695 0.785156 0.892578 0.787109 0.897461 0.791016 0.896484 0.793945 0.902344 0.793945 0.908203 0.791016 0.911133 0.788086 0.912109 0.782227 0.912109 0.779297 0.915039 0.772461 0.915039 0.771484 0.912109 0.776367 0.908203 0.774414 0.907227 0.770508 0.909180 0.768555 0.912109 0.763672 0.911133 0.763672 0.906250 0.761719 0.905273 0.758789 0.904297 0.757812 0.899414 0.752930 0.900391 0.748047 0.900391 0.741211 0.898438 0.732422 0.897461
1 0.667969 0.865234 0.659180 0.864258 0.650391 0.864258 0.638672 0.860352 0.631836 0.850586 0.626953 0.842773 0.627930 0.836914 0.632223 0.832343 0.634766 0.826172 0.641602 0.820312 0.647461 0.817383 0.651367 0.815430 0.658203 0.816406 0.664062 0.820312 0.685602 0.849275 0.683594 0.858398 0.679688 0.864258 0.676758 0.866211 0.673828 0.869141 0.669922 0.868164
1 0.452148 0.177734 0.443359 0.163086 0.440430 0.149414 0.439453 0.143555 0.440430 0.139648 0.444336 0.136719 0.447266 0.136719 0.450195 0.138672 0.452148 0.134766 0.457031 0.133789 0.458984 0.132812 0.462891 0.132812 0.465820 0.135742 0.467773 0.135742 0.468750 0.141602 0.465820 0.145508 0.464844 0.146484 0.461914 0.149414 0.461914 0.150391 0.458008 0.152344 0.458008 0.154297 0.458984 0.156250 0.459961 0.156250 0.461914 0.155273 0.463867 0.155273 0.464844 0.158203 0.464844 0.161133 0.463867 0.162109 0.462891 0.166992 0.465820 0.167969 0.465820 0.170898 0.462891 0.172852 0.463867 0.174805 0.463867 0.177734 0.460938 0.180664 0.454102 0.179688
1 0.946289 0.184570 0.944336 0.182617 0.941406 0.182617 0.939337 0.173538 0.943359 0.167969 0.947266 0.164062 0.950195 0.164062 0.954102 0.165039 0.959961 0.165039 0.963867 0.166016 0.968750 0.167969 0.971680 0.171875 0.975586 0.174805 0.975586 0.184570 0.971680 0.186523 0.969727 0.189453 0.966797 0.193359 0.965820 0.195312 0.960938 0.196289 0.958008 0.195312 0.957031 0.192383 0.955078 0.193359 0.951172 0.192383 0.950195 0.189453 0.948242 0.186523
0 0.595703 0.723633 0.595703 0.714844 0.597656 0.709961 0.594727 0.706055 0.592773 0.700195 0.593750 0.695312 0.594727 0.689453 0.597656 0.686523 0.604492 0.683594 0.606445 0.678711 0.608999 0.673259 0.616211 0.670898 0.625324 0.669110 0.631836 0.670898 0.637695 0.674805 0.639648 0.678711 0.639648 0.688477 0.634766 0.693359 0.630859 0.696289 0.629883 0.703125 0.627930 0.706055 0.626953 0.708984 0.625977 0.712891 0.625977 0.715820 0.624023 0.717773 0.621094 0.718750 0.619141 0.720703 0.619141 0.720703 0.615234 0.726562 0.611328 0.725586 0.603516 0.726562 0.600586 0.725586
1 0.670898 0.202148 0.666016 0.202148 0.663086 0.198242 0.658203 0.197266 0.653320 0.191406 0.654297 0.183594 0.657945 0.177498 0.661133 0.173828 0.665799 0.167895 0.674805 0.164062 0.682617 0.166992 0.688477 0.172852 0.688477 0.180664 0.680664 0.190430 0.679688 0.195312 0.677734 0.197266 0.675781 0.199219
1 0.681641 0.240234 0.677734 0.238281 0.675781 0.235352 0.673828 0.232422 0.672852 0.225586 0.673828 0.220703 0.674805 0.215820 0.676412 0.214706 0.680276 0.211484 0.686073 0.209809 0.692383 0.209961 0.696289 0.212891 0.695312 0.216797 0.696289 0.218750 0.696289 0.222656 0.694336 0.225586 0.692383 0.227539 0.687500 0.234375 0.685547 0.239258
0 0.442383 0.290039 0.437500 0.289062 0.433594 0.286133 0.433594 0.281250 0.432617 0.276367 0.433594 0.273438 0.434570 0.267578 0.435547 0.263672 0.434570 0.259766 0.432617 0.256836 0.432617 0.255859 0.435547 0.254883 0.436523 0.253906 0.438477 0.253906 0.440430 0.255859 0.441406 0.255859 0.444336 0.255859 0.446289 0.256836 0.447266 0.259766 0.448242 0.261719 0.450195 0.262695 0.450195 0.265625 0.452148 0.266602 0.454102 0.270508 0.455078 0.273438 0.454102 0.273438 0.453125 0.276367 0.454102 0.279297 0.452148 0.281250 0.449219 0.281250 0.448242 0.282227 0.448242 0.287109 0.446289 0.288086
1 0.652344 0.335938 0.652344 0.329102 0.654297 0.326172 0.658203 0.324219 0.661133 0.325195 0.662109 0.324219 0.663086 0.323242 0.665039 0.325195 0.667969 0.325195 0.666992 0.327148 0.668945 0.328125 0.668945 0.332031 0.668945 0.335938 0.666992 0.338867 0.665039 0.339844 0.661133 0.338867 0.659180 0.337891 0.657227 0.338867 0.655273 0.337891
1 0.493164 0.027344 0.495117 0.022461 0.490234 0.020508 0.487305 0.019531 0.488281 0.017578 0.493164 0.017578 0.490234 0.013672 0.493164 0.008789 0.490234 0.007812 0.486328 0.008789 0.486328 0.002930 0.483398 0.000000 0.463867 0.000000 0.461914 0.002930 0.463867 0.005859 0.463867 0.012695 0.465820 0.017578 0.469727 0.025391 0.468750 0.027344 0.465820 0.028320 0.466797 0.035156 0.471680 0.038086 0.470703 0.041016 0.469727 0.043945 0.471680 0.047852 0.474609 0.047852 0.475586 0.045898 0.476562 0.044922 0.475586 0.041016 0.478516 0.041016 0.480469 0.042969 0.481445 0.042969 0.482422 0.041016 0.482422 0.037109 0.481445 0.036133 0.478516 0.036133 0.478516 0.034180 0.484375 0.033203 0.483398 0.031250 0.480469 0.030273 0.482422 0.026367 0.485352 0.026367 0.485352 0.028320 0.488281 0.028320 0.489258 0.026367
1 0.442383 0.085938 0.444336 0.082031 0.447266 0.083984 0.448242 0.081055 0.445312 0.076172 0.447266 0.071289 0.448242 0.065430 0.455078 0.063477 0.461914 0.064453 0.465820 0.063477 0.468750 0.064453 0.469727 0.065430 0.471680 0.067383 0.472656 0.070312 0.474609 0.071289 0.475586 0.071289 0.479492 0.072266 0.483398 0.076172 0.482422 0.079102 0.482422 0.080078 0.484375 0.081055 0.484375 0.084961 0.484375 0.086914 0.480469 0.086914 0.482422 0.090820 0.479492 0.091797 0.483398 0.094727 0.484375 0.097656 0.483398 0.100586 0.478516 0.098633 0.478516 0.101562 0.480469 0.105469 0.478516 0.107422 0.476562 0.110352 0.474609 0.111328 0.474609 0.115234 0.473633 0.116211 0.473633 0.118164 0.469727 0.120117 0.467773 0.121094 0.465820 0.123047 0.461914 0.122070 0.460938 0.120117 0.458008 0.121094 0.456055 0.120117 0.456055 0.116211 0.450195 0.114258 0.448242 0.108398 0.447266 0.107422 0.447266 0.102539 0.447266 0.102539 0.447266 0.095703 0.443359 0.094727 0.441406 0.091797 0.439453 0.090820 0.439453 0.086914
1 0.569336 0.836914 0.560547 0.833008 0.547852 0.826172 0.541992 0.810547 0.546875 0.800781 0.551758 0.792969 0.563477 0.786133 0.573242 0.783203 0.578125 0.782227 0.584961 0.784180 0.586914 0.787109 0.590820 0.785156 0.596680 0.786133 0.600586 0.785156 0.601562 0.787109 0.600586 0.790039 0.601562 0.791992 0.601562 0.793945 0.604492 0.796875 0.607422 0.799805 0.609375 0.802734 0.610352 0.804688 0.614258 0.805664 0.613281 0.807617 0.616211 0.811523 0.619141 0.812500 0.621094 0.816406 0.621094 0.819336 0.621094 0.823242 0.619141 0.831055 0.618164 0.835938 0.613281 0.841797 0.613281 0.844727 0.612305 0.845703 0.608398 0.843750 0.606445 0.843750 0.598633 0.841797 0.593750 0.842773 0.590820 0.841797 0.585938 0.840820 0.579102 0.837891 0.574219 0.836914
1 0.332031 0.802734 0.331055 0.798828 0.332031 0.794922 0.332031 0.791992 0.333008 0.789062 0.331055 0.786133 0.325195 0.785156 0.323242 0.782227 0.318359 0.776367 0.318359 0.769531 0.320312 0.763672 0.327148 0.756836 0.333984 0.757812 0.338867 0.745117 0.345703 0.744141 0.354188 0.745262 0.355469 0.745117 0.357422 0.746094 0.359375 0.751953 0.361328 0.756836 0.363281 0.759766 0.364258 0.763672 0.366211 0.767578 0.369141 0.770508 0.368164 0.772461 0.370117 0.777344 0.370117 0.783203 0.371094 0.788086 0.371094 0.791992 0.372070 0.794922 0.370117 0.796875 0.371094 0.802734 0.368164 0.804688 0.368164 0.806641 0.366211 0.810547 0.363281 0.814453 0.358398 0.815430 0.355469 0.815430 0.351562 0.815430 0.348633 0.813477 0.341797 0.812500 0.340820 0.809570 0.337891 0.807617 0.334961 0.803711
1 0.390625 0.773438 0.388672 0.778320 0.384766 0.778320 0.379883 0.778320 0.374023 0.779297 0.368164 0.778320 0.362305 0.765625 0.359457 0.757283 0.351562 0.745117 0.350586 0.740234 0.352539 0.735352 0.355469 0.732422 0.360352 0.731445 0.366211 0.731445 0.370117 0.735352 0.372070 0.738281 0.377930 0.739258 0.384766 0.743164 0.388672 0.745117 0.391602 0.747070 0.393555 0.750000 0.393555 0.751953 0.391602 0.753906 0.389648 0.756836 0.386719 0.757812 0.385742 0.758789 0.386719 0.762695 0.388672 0.767578
1 0.463867 0.775391 0.461914 0.774414 0.459961 0.771484 0.458996 0.768208 0.458984 0.761719 0.462891 0.761719 0.463867 0.760742 0.465820 0.760742 0.468750 0.761719 0.470703 0.761719 0.474609 0.761719 0.477539 0.764648 0.480469 0.763672 0.484375 0.761719 0.485352 0.761719 0.487305 0.761719 0.489258 0.762695 0.490234 0.764648 0.493164 0.766602 0.494141 0.767578 0.494141 0.768555 0.491211 0.769531 0.492188 0.771484 0.492188 0.773438 0.491211 0.775391 0.491211 0.778320 0.490234 0.780273 0.490234 0.781250 0.487305 0.784180 0.484375 0.783203 0.477539 0.780273 0.472656 0.780273 0.471680 0.779297 0.467773 0.778320
1 0.461914 0.970703 0.460938 0.963867 0.462891 0.961914 0.463867 0.959961 0.461914 0.958984 0.459961 0.956055 0.459961 0.953125 0.462891 0.951172 0.465820 0.948242 0.468750 0.944336 0.475586 0.945312 0.480469 0.949219 0.482422 0.955078 0.485352 0.958008 0.486328 0.961914 0.485352 0.965820 0.482422 0.966797 0.482422 0.969727 0.480469 0.972656 0.479492 0.972656 0.478516 0.973633 0.476562 0.973633 0.475586 0.972656 0.474609 0.973633 0.474609 0.974609 0.471680 0.974609 0.471680 0.973633 0.470703 0.973633 0.470703 0.974609 0.468750 0.973633 0.464844 0.970703
1 0.481445 0.311523 0.477539 0.311523 0.477539 0.307617 0.477539 0.302734 0.479492 0.299805 0.481445 0.298828 0.483398 0.298828 0.487305 0.297852 0.491211 0.297852 0.492188 0.300781 0.493164 0.301758 0.495117 0.302734 0.496094 0.303711 0.495117 0.304688 0.490234 0.305664 0.491211 0.308594 0.492188 0.309570 0.492188 0.310547 0.490234 0.309570 0.489258 0.309570 0.487305 0.306641 0.485352 0.308594 0.483398 0.308594 0.483398 0.309570
1 0.538646 0.523005 0.544922 0.483398 0.549805 0.483398 0.557617 0.488281 0.562500 0.490234 0.563477 0.495117 0.563477 0.500000 0.563477 0.504883 0.562500 0.507812 0.562500 0.510742 0.562500 0.511719 0.564453 0.514648 0.563477 0.516602 0.561523 0.516602 0.561523 0.519531 0.558594 0.519531 0.556641 0.522461 0.553711 0.522461 0.550781 0.522461 0.548828 0.524414 0.544922 0.524414
1 0.909180 0.559570 0.912109 0.557617 0.913086 0.554688 0.913086 0.550781 0.915039 0.548828 0.918945 0.545898 0.922852 0.546875 0.926758 0.545898 0.930664 0.546875 0.934570 0.547852 0.936523 0.547852 0.936523 0.549805 0.937500 0.550781 0.939453 0.550781 0.941406 0.553711 0.942383 0.557617 0.941406 0.560547 0.940430 0.564453 0.936523 0.569336 0.934570 0.572266 0.931641 0.574219 0.930664 0.576172 0.928711 0.577148 0.926758 0.578125 0.923828 0.578125 0.921875 0.577148 0.919922 0.576172 0.916992 0.575195 0.915039 0.576172 0.913086 0.573242 0.911133 0.570312 0.910156 0.568359 0.909180 0.567383 0.909180 0.565430 0.908203 0.564453 0.908203 0.563477 0.908203 0.560547
1 0.956055 0.242188 0.959961 0.238281 0.962891 0.234375 0.965820 0.231445 0.969727 0.226562 0.970703 0.221680 0.975586 0.219727 0.980469 0.222656 0.983398 0.226562 0.986328 0.232422 0.986328 0.238281 0.985352 0.246094 0.986328 0.252930 0.988281 0.258789 0.988281 0.261719 0.987305 0.265625 0.986328 0.269531 0.986328 0.274414 0.980469 0.274414 0.975586 0.274414 0.970703 0.268555 0.966797 0.263672 0.962891 0.256836 0.957031 0.249023
1 0.970703 0.216797 0.967773 0.210938 0.968750 0.207031 0.969727 0.200195 0.969727 0.194336 0.970703 0.191406 0.975586 0.192383 0.979492 0.194336 0.982422 0.197266 0.985352 0.203125 0.985352 0.205078 0.987305 0.208984 0.987305 0.212891 0.988281 0.215820 0.989258 0.217773 0.989258 0.220703 0.990234 0.222656 0.987305 0.224609 0.985352 0.225586 0.984375 0.226562 0.981445 0.226562 0.978516 0.221680 0.975586 0.221680 0.971680 0.220703
0 0.984375 0.206055 0.980469 0.199219 0.975586 0.192383 0.975586 0.178711 0.976562 0.173828 0.972656 0.166016 0.973633 0.155273 0.973633 0.151367 0.971680 0.148438 0.976562 0.143555 0.976562 0.136719 0.977539 0.135742 0.978516 0.130859 0.985352 0.128906 0.989258 0.128906 0.991211 0.130859 0.991211 0.135742 0.993164 0.139648 0.995117 0.141602 0.995117 0.148438 0.994141 0.154297 0.993164 0.160156 0.994141 0.163086 0.993164 0.164062 0.991211 0.166016 0.991211 0.168945 0.991211 0.170898 0.989258 0.185547 0.989258 0.190430 0.988281 0.192383 0.990234 0.197266 0.988281 0.203125 0.987305 0.204102
1 0.503906 0.197266 0.502930 0.194336 0.505859 0.192383 0.510742 0.190430 0.512695 0.189453 0.515625 0.191406 0.518555 0.193359 0.521484 0.195312 0.521484 0.198242 0.521484 0.201172 0.520508 0.201172 0.519531 0.204102 0.518555 0.206055 0.516602 0.207031 0.512695 0.206055 0.509766 0.206055 0.506836 0.204102 0.502930 0.203125
1 0.500977 0.221680 0.503906 0.219727 0.507812 0.219727 0.511719 0.220703 0.515625 0.225586 0.514648 0.230469 0.514648 0.235352 0.510742 0.238281 0.508789 0.239258 0.505859 0.239258 0.502930 0.238281 0.501953 0.238281 0.499023 0.236328 0.497070 0.234375 0.496094 0.232422 0.497070 0.230469 0.499023 0.228516 0.499023 0.226562 0.499023 0.225586 0.500000 0.223633
1 0.510742 0.258789 0.507812 0.254883 0.504883 0.254883 0.503906 0.255859 0.501953 0.254883 0.500000 0.254883 0.497070 0.256836 0.497070 0.259766 0.495117 0.260742 0.494141 0.262695 0.493164 0.266602 0.494141 0.269531 0.496094 0.271484 0.496094 0.273438 0.497070 0.275391 0.498047 0.276367 0.500000 0.276367 0.500977 0.274414 0.502930 0.273438 0.502930 0.270508 0.502930 0.268555 0.504883 0.268555 0.505859 0.268555 0.506836 0.267578 0.509766 0.263672 0.511719 0.263672 0.511719 0.259766
1 0.310547 0.116211 0.307617 0.110352 0.309570 0.105469 0.309570 0.105469 0.313477 0.104492 0.318359 0.104492 0.324219 0.105469 0.329102 0.107422 0.330078 0.110352 0.328125 0.115234 0.327148 0.117188 0.324219 0.117188 0.320312 0.119141 0.317383 0.119141 0.312500 0.119141
1 0.096680 0.067383 0.099609 0.064453 0.100586 0.059570 0.104492 0.057617 0.102539 0.053711 0.106445 0.049805 0.110352 0.049805 0.113281 0.051758 0.117188 0.051758 0.118164 0.049805 0.122070 0.049805 0.125000 0.050781 0.125977 0.053711 0.125977 0.055664 0.125000 0.058594 0.125000 0.060547 0.124023 0.064453 0.123047 0.067383 0.123047 0.070312 0.121094 0.071289 0.119141 0.072266 0.116211 0.073242 0.112305 0.074219 0.107422 0.072266 0.104492 0.071289 0.099609 0.071289
1 0.026367 0.041016 0.029297 0.039062 0.029297 0.035156 0.031250 0.031250 0.035156 0.030273 0.038086 0.025391 0.043945 0.021484 0.047852 0.022461 0.052734 0.023438 0.059570 0.023438 0.064453 0.029297 0.067383 0.034180 0.068359 0.038086 0.068359 0.040039 0.068359 0.041992 0.069336 0.046875 0.069336 0.048828 0.068359 0.051758 0.066406 0.052734 0.064453 0.051758 0.062500 0.051758 0.059570 0.052734 0.056641 0.055664 0.055664 0.057617 0.050781 0.060547 0.049805 0.062500 0.046875 0.062500 0.043945 0.060547 0.041992 0.058594 0.039062 0.057617 0.039062 0.057617 0.037109 0.057617 0.033203 0.054688 0.030273 0.053711 0.027344 0.052734 0.026367 0.050781 0.025391 0.049805 0.024414 0.048828 0.023438 0.046875 0.022461 0.044922 0.022461 0.042969 0.023438 0.041992 0.025391 0.042969
1 0.014648 0.059570 0.015625 0.056641 0.020508 0.054688 0.021484 0.051758 0.025391 0.050781 0.030273 0.052734 0.035156 0.055664 0.041992 0.061523 0.042969 0.066406 0.040039 0.068359 0.038086 0.070312 0.037109 0.073242 0.030273 0.073242 0.028320 0.073242 0.024414 0.072266 0.021484 0.071289 0.017578 0.069336 0.014648 0.068359 0.012695 0.065430 0.012695 0.061523
1 0.137695 0.172852 0.136719 0.169922 0.136719 0.166992 0.137695 0.164062 0.139648 0.161133 0.140625 0.158203 0.143555 0.157227 0.146484 0.157227 0.149414 0.158203 0.152344 0.158203 0.153320 0.159180 0.154297 0.162109 0.154297 0.165039 0.154297 0.168945 0.153320 0.170898 0.152344 0.170898 0.150391 0.173828 0.148438 0.175781 0.144531 0.174805 0.142578 0.173828 0.140625 0.173828
1 0.017578 0.134766 0.016602 0.131836 0.016602 0.127930 0.014648 0.125977 0.012695 0.123047 0.008789 0.123047 0.004883 0.121094 0.003906 0.125000 0.000977 0.125977 0.000000 0.126953 0.000000 0.142578 0.000000 0.151367 0.002930 0.150391 0.004883 0.150391 0.006836 0.148438 0.008789 0.146484 0.009766 0.144531 0.012695 0.142578 0.013672 0.140625 0.015625 0.139648 0.016602 0.138672
1 0.000000 0.165039 0.004883 0.163086 0.007812 0.165039 0.009766 0.167969 0.014648 0.170898 0.021484 0.173828 0.020508 0.181641 0.023438 0.186523 0.022461 0.192383 0.026367 0.196289 0.028320 0.202148 0.027344 0.207031 0.025391 0.209961 0.024414 0.212891 0.020508 0.213867 0.016602 0.213867 0.015625 0.214844 0.013672 0.216797 0.012695 0.218750 0.009766 0.216797 0.005859 0.217773 0.003906 0.220703 0.001953 0.224609 0.000977 0.227539 0.000000 0.228516
1 0.000000 0.228516 0.005859 0.217773 0.012695 0.216797 0.018555 0.209961 0.022461 0.208984 0.030273 0.209961 0.035156 0.210938 0.034180 0.221680 0.036133 0.225586 0.033203 0.231445 0.030273 0.235352 0.026367 0.234375 0.023438 0.234375 0.019531 0.234375 0.018555 0.236328 0.020508 0.240234 0.020508 0.242188 0.016602 0.245117 0.013672 0.245117 0.015625 0.247070 0.014648 0.250000 0.012695 0.251953 0.012695 0.255859 0.010742 0.257812 0.007812 0.257812 0.004883 0.257812 0.001953 0.257812 0.000977 0.257812 0.000000 0.257812
1 0.117188 0.429688 0.112305 0.427734 0.105469 0.426758 0.100586 0.427734 0.097656 0.429688 0.094727 0.435547 0.094727 0.440430 0.095703 0.444336 0.097656 0.444336 0.100586 0.446289 0.102539 0.448242 0.103516 0.447266 0.106445 0.446289 0.107422 0.448242 0.109375 0.449219 0.111328 0.447266 0.115234 0.445312 0.117188 0.444336 0.119141 0.442383 0.118164 0.439453 0.119141 0.434570 0.119141 0.431641
1 0.131836 0.620117 0.128906 0.618164 0.126953 0.618164 0.123047 0.617188 0.120117 0.617188 0.116211 0.618164 0.115234 0.620117 0.114258 0.627930 0.115234 0.629883 0.117188 0.630859 0.119141 0.632812 0.120117 0.635742 0.125000 0.637695 0.127930 0.640625 0.132812 0.640625 0.138672 0.637695 0.141602 0.636719 0.141602 0.627930 0.141602 0.627930 0.141602 0.623047 0.141602 0.623047 0.139648 0.620117 0.137695 0.619141 0.135742 0.619141 0.132812 0.619141
1 0.105469 0.756836 0.103516 0.752930 0.099609 0.750977 0.096680 0.747070 0.092773 0.747070 0.090820 0.750000 0.088867 0.752930 0.085938 0.754883 0.083984 0.758789 0.083984 0.763672 0.086914 0.765625 0.088867 0.766602 0.089844 0.768555 0.093750 0.769531 0.096680 0.769531 0.099609 0.767578 0.101562 0.766602 0.102539 0.763672 0.104492 0.762695 0.104492 0.760742
1 0.213867 0.938477 0.214844 0.930664 0.211914 0.925781 0.208008 0.923828 0.203125 0.920898 0.198242 0.922852 0.194336 0.925781 0.192383 0.928711 0.192383 0.932617 0.191406 0.935547 0.193359 0.939453 0.193359 0.941406 0.196289 0.942383 0.198242 0.945312 0.202148 0.946289 0.204102 0.947266 0.208008 0.947266 0.210938 0.945312 0.211914 0.942383
1 0.341797 0.964844 0.337891 0.962891 0.333984 0.961914 0.331055 0.963867 0.329102 0.965820 0.329102 0.970703 0.329102 0.975586 0.326172 0.976562 0.325195 0.976562 0.325195 0.978516 0.328125 0.982422 0.330078 0.986328 0.332031 0.987305 0.338867 0.987305 0.339844 0.985352 0.341797 0.984375 0.342773 0.986328 0.347656 0.986328 0.349609 0.985352 0.349609 0.982422 0.349609 0.980469 0.348633 0.979492 0.347656 0.977539 0.349609 0.976562 0.352539 0.975586 0.354492 0.973633 0.353516 0.971680 0.351562 0.971680 0.348633 0.970703 0.347656 0.966797 0.346680 0.966797 0.343750 0.966797
1 0.349609 0.908203 0.347656 0.910156 0.346680 0.914062 0.344727 0.914062 0.341797 0.916992 0.339844 0.924805 0.337891 0.925781 0.335938 0.929688 0.334961 0.931641 0.335938 0.932617 0.337891 0.933594 0.336914 0.934570 0.336914 0.935547 0.336914 0.936523 0.338867 0.938477 0.339844 0.939453 0.342773 0.943359 0.350586 0.941406 0.351562 0.938477 0.351562 0.932617 0.355469 0.933594 0.358398 0.935547 0.362305 0.937500 0.363281 0.934570 0.367188 0.934570 0.368164 0.928711 0.366211 0.925781 0.366211 0.923828 0.362305 0.921875 0.360352 0.920898 0.358398 0.919922 0.357422 0.916992 0.355469 0.916992 0.353516 0.917969 0.351562 0.916016 0.351562 0.914062 0.350586 0.911133
1 0.520508 0.679688 0.519531 0.681641 0.516602 0.680664 0.513672 0.680664 0.509766 0.680664 0.505859 0.676758 0.500977 0.676758 0.497070 0.681641 0.492188 0.682617 0.492188 0.689453 0.494141 0.695312 0.494141 0.698242 0.494141 0.704102 0.497070 0.708984 0.500977 0.712891 0.502930 0.714844 0.508789 0.714844 0.511719 0.715820 0.513672 0.714844 0.516602 0.712891 0.518555 0.708984 0.520508 0.706055 0.523438 0.703125 0.525391 0.701172 0.527344 0.700195 0.529297 0.698242 0.531250 0.696289 0.529297 0.693359 0.529297 0.691406 0.528320 0.689453 0.528320 0.686523 0.525391 0.686523 0.525391 0.684570 0.523438 0.682617 0.523438 0.679688
1 0.518555 0.680664 0.509766 0.680664 0.506836 0.677734 0.501953 0.676758 0.498047 0.675781 0.497070 0.670898 0.499023 0.666992 0.500000 0.659180 0.500977 0.656250 0.502930 0.650391 0.506836 0.646484 0.511719 0.644531 0.511719 0.641602 0.516602 0.640625 0.516602 0.636719 0.517578 0.633789 0.523438 0.632812 0.524414 0.636719 0.525391 0.636719 0.526367 0.633789 0.530273 0.635742 0.529297 0.639648 0.533203 0.639648 0.539062 0.639648 0.540039 0.642578 0.535156 0.646484 0.535156 0.649414 0.537109 0.648438 0.541016 0.645508 0.541992 0.646484 0.541992 0.649414 0.542969 0.650391 0.545898 0.650391 0.546875 0.653320 0.545898 0.656250 0.545898 0.659180 0.543945 0.661133 0.541992 0.663086 0.540039 0.665039 0.536133 0.666016 0.533203 0.669922 0.531250 0.673828 0.525391 0.678711 0.522461 0.680664
1 0.273438 0.618164 0.270508 0.614258 0.266602 0.615234 0.264648 0.617188 0.262695 0.621094 0.260742 0.624023 0.257812 0.627930 0.257812 0.631836 0.262695 0.632812 0.268555 0.633789 0.273438 0.634766 0.277344 0.635742 0.279297 0.632812 0.282227 0.631836 0.283203 0.629883 0.285156 0.626953 0.285156 0.625000 0.280273 0.623047 0.277344 0.621094 0.274414 0.620117
1 0.282227 0.625977 0.278320 0.623047 0.275391 0.621094 0.272461 0.617188 0.268555 0.614258 0.269531 0.611328 0.272461 0.608398 0.275391 0.606445 0.277344 0.604492 0.282227 0.604492 0.286133 0.604492 0.288086 0.608398 0.290039 0.609375 0.291016 0.618164 0.291016 0.621094 0.288086 0.624023 0.287109 0.627930 0.283203 0.627930
1 0.239258 0.621094 0.237305 0.619141 0.235352 0.616211 0.237305 0.611328 0.239258 0.608398 0.241211 0.607422 0.242188 0.605469 0.243164 0.602539 0.250000 0.598633 0.256836 0.597656 0.263672 0.595703 0.266602 0.598633 0.266602 0.605469 0.265625 0.610352 0.262695 0.615234 0.260742 0.618164 0.258789 0.620117 0.257812 0.622070 0.254883 0.623047 0.250977 0.624023 0.249023 0.625000 0.245117 0.623047
0 0.380859 0.644531 0.380859 0.641602 0.381836 0.634766 0.380859 0.629883 0.380859 0.624023 0.383789 0.618164 0.386719 0.620117 0.391602 0.621094 0.394531 0.621094 0.397461 0.618164 0.400391 0.620117 0.399414 0.622070 0.400391 0.624023 0.403320 0.625977 0.403320 0.629883 0.407227 0.631836 0.406250 0.636719 0.408203 0.638672 0.408203 0.644531 0.405273 0.647461 0.402344 0.648438 0.400391 0.650391 0.398438 0.651367 0.396484 0.649414 0.393555 0.649414 0.391602 0.648438 0.390625 0.649414 0.388672 0.648438 0.387695 0.648438 0.385742 0.647461
1 0.410156 0.639648 0.409180 0.634766 0.409180 0.631836 0.408203 0.628906 0.410156 0.626953 0.407227 0.625000 0.407227 0.622070 0.412109 0.622070 0.424805 0.618164 0.424805 0.618164 0.431641 0.620117 0.430664 0.625000 0.429688 0.626953 0.433594 0.626953 0.436523 0.629883 0.437500 0.632812 0.434570 0.636719 0.432617 0.638672 0.429688 0.640625 0.424805 0.641602 0.421875 0.642578 0.416992 0.642578 0.413086 0.641602
1 0.378906 0.671875 0.379883 0.666992 0.382812 0.665039 0.382812 0.665039 0.386719 0.664062 0.390625 0.666016 0.390625 0.674805 0.393555 0.681641 0.398438 0.688477 0.397461 0.691406 0.397461 0.697266 0.393555 0.700195 0.387695 0.701172 0.385742 0.700195 0.385742 0.695312 0.382812 0.697266 0.380859 0.702148 0.374023 0.705078 0.368164 0.703125 0.364258 0.702148 0.362305 0.698242 0.363281 0.692383 0.365234 0.689453 0.367188 0.683594 0.370117 0.682617 0.371094 0.681641 0.372070 0.676758 0.374023 0.673828 0.376953 0.672852
1 0.287109 0.705078 0.290039 0.702148 0.290039 0.702148 0.295898 0.699219 0.296875 0.695312 0.294922 0.692383 0.294922 0.692383 0.286133 0.685547 0.278320 0.683594 0.270508 0.682617 0.260742 0.682617 0.257812 0.679688 0.252930 0.677734 0.247070 0.675781 0.242188 0.675781 0.240234 0.678711 0.240234 0.684570 0.243164 0.688477 0.251953 0.692383 0.257812 0.697266 0.265625 0.702148 0.271484 0.703125 0.279297 0.707031
1 0.449219 0.766602 0.446289 0.764648 0.446289 0.760742 0.447266 0.757812 0.445312 0.759766 0.442383 0.763672 0.440430 0.764648 0.438477 0.764648 0.436523 0.761719 0.435547 0.752930 0.433594 0.750977 0.430664 0.750000 0.428711 0.752930 0.425781 0.750977 0.423828 0.751953 0.421875 0.754883 0.423828 0.767578 0.420898 0.780273 0.422852 0.786133 0.428711 0.795898 0.430664 0.795898 0.434570 0.798828 0.436523 0.800781 0.440430 0.800781 0.441406 0.796875 0.442383 0.794922 0.444336 0.795898 0.446289 0.794922 0.448242 0.788086 0.450195 0.783203 0.450195 0.779297 0.452148 0.779297 0.453125 0.776367 0.452148 0.774414 0.451172 0.773438 0.454102 0.769531 0.454102 0.768555
1 0.519531 0.986328 0.514648 0.985352 0.511719 0.980469 0.510742 0.975586 0.506836 0.968750 0.508789 0.964844 0.515625 0.958984 0.514648 0.953125 0.516602 0.953125 0.518555 0.949219 0.520508 0.944336 0.524414 0.940430 0.529297 0.940430 0.532227 0.945312 0.530273 0.952148 0.532227 0.951172 0.535156 0.949219 0.537109 0.952148 0.538086 0.955078 0.541016 0.953125 0.544922 0.956055 0.544922 0.965820 0.542969 0.970703 0.541992 0.975586 0.540039 0.976562 0.537109 0.977539 0.536133 0.979492 0.534180 0.979492 0.534180 0.982422 0.534180 0.985352 0.533203 0.986328 0.528320 0.985352 0.523438 0.984375 0.522461 0.985352
1 0.555664 0.977539 0.555664 0.973633 0.557617 0.973633 0.557617 0.969727 0.561523 0.969727 0.562500 0.971680 0.565430 0.973633 0.565430 0.973633 0.568359 0.966797 0.573242 0.961914 0.572266 0.959961 0.572266 0.957031 0.574219 0.954102 0.578125 0.953125 0.581055 0.953125 0.582031 0.954102 0.584961 0.954102 0.586914 0.953125 0.589844 0.952148 0.594727 0.952148 0.596680 0.955078 0.596680 0.959961 0.597656 0.962891 0.600586 0.962891 0.601562 0.964844 0.601562 0.965820 0.603516 0.965820 0.603516 0.968750 0.601562 0.969727 0.600586 0.969727 0.600586 0.971680 0.603516 0.974609 0.602539 0.977539 0.601562 0.979492 0.600586 0.979492 0.599609 0.981445 0.596680 0.984375 0.596680 0.986328 0.595703 0.987305 0.595703 0.989258 0.593750 0.989258 0.593750 0.984375 0.590820 0.984375 0.590820 0.985352 0.589844 0.987305 0.588867 0.990234 0.584961 0.988281 0.583984 0.986328 0.581055 0.984375 0.580078 0.984375 0.577148 0.983398 0.575195 0.984375 0.573242 0.984375 0.572266 0.985352 0.570312 0.986328 0.566406 0.986328 0.564453 0.984375 0.560547 0.984375 0.556641 0.981445
1 0.880859 0.935547 0.879883 0.924805 0.881836 0.916992 0.887695 0.915039 0.890625 0.909180 0.895508 0.906250 0.900391 0.903320 0.907227 0.907227 0.912109 0.911133 0.920898 0.915039 0.923828 0.919922 0.923828 0.925781 0.918945 0.929688 0.916016 0.931641 0.915039 0.935547 0.910156 0.935547 0.909180 0.940430 0.907227 0.944336 0.904297 0.943359 0.903320 0.940430 0.899414 0.939453 0.897461 0.936523 0.896484 0.936523 0.893555 0.937500 0.891602 0.938477 0.890625 0.938477 0.887695 0.939453 0.883789 0.938477
1 0.887695 0.998047 0.887695 0.988281 0.890625 0.984375 0.894531 0.983398 0.895508 0.981445 0.896484 0.978516 0.898438 0.978516 0.899414 0.980469 0.901367 0.980469 0.904297 0.983398 0.906250 0.984375 0.908203 0.986328 0.908203 0.988281 0.908203 0.990234 0.907227 0.991211 0.906250 0.993164 0.905273 0.994141 0.903320 0.996094 0.903320 0.997070 0.903320 0.999023 0.901367 1.000000 0.895508 1.000000 0.888672 1.000000
1 0.887695 0.862305 0.884766 0.858398 0.882812 0.852539 0.884766 0.848633 0.887695 0.846680 0.890625 0.847656 0.895508 0.847656 0.899414 0.849609 0.901367 0.851562 0.900391 0.855469 0.900391 0.856445 0.899414 0.858398 0.897461 0.859375 0.893555 0.862305 0.891602 0.863281
1 0.885742 0.837891 0.883789 0.833984 0.878906 0.832031 0.873047 0.832031 0.868164 0.832031 0.865234 0.833008 0.864258 0.836914 0.861328 0.837891 0.861328 0.843750 0.859375 0.854492 0.862305 0.860352 0.870117 0.861328 0.873047 0.857422 0.875977 0.856445 0.877930 0.854492 0.880859 0.854492 0.882812 0.854492 0.885742 0.852539 0.885742 0.849609 0.885742 0.841797
0 0.872070 0.884766 0.876953 0.875977 0.882812 0.873047 0.884766 0.866211 0.884766 0.858398 0.883789 0.855469 0.881836 0.854492 0.876953 0.854492 0.872070 0.857422 0.868164 0.861328 0.868164 0.863281 0.866211 0.865234 0.863281 0.865234 0.860352 0.867188 0.858398 0.871094 0.857422 0.875977 0.858398 0.877930 0.858398 0.879883 0.860352 0.881836 0.862305 0.883789 0.866211 0.885742 0.868164 0.885742
0 0.986328 0.863281 0.988281 0.862305 0.990234 0.863281 0.990234 0.867188 0.994141 0.861328 0.994141 0.861328 0.997070 0.861328 0.999023 0.864258 1.000000 0.866211 1.000000 0.879883 1.000000 0.904297 1.000000 0.912109 0.997070 0.915039 0.992188 0.916016 0.992188 0.916016 0.988281 0.908203 0.985352 0.903320 0.985352 0.896484 0.985352 0.891602 0.985352 0.888672 0.985352 0.872070 0.985352 0.867188
1 0.866211 0.829102 0.866211 0.823242 0.866211 0.824219 0.868164 0.822266 0.871094 0.822266 0.873047 0.821289 0.876953 0.820312 0.878906 0.822266 0.881836 0.824219 0.884766 0.826172 0.884766 0.832031 0.884766 0.833984 0.882812 0.833984 0.878906 0.833008 0.875000 0.832031 0.874023 0.832031 0.871094 0.832031 0.867188 0.832031
1 0.988281 0.701172 0.982422 0.698242 0.977539 0.698242 0.974609 0.695312 0.972656 0.695312 0.966797 0.699219 0.965820 0.706055 0.968750 0.709961 0.973633 0.712891 0.977539 0.715820 0.983398 0.716797 0.987305 0.715820 0.989258 0.713867 0.992188 0.711914 0.993164 0.707031 0.990234 0.703125
1 1.000000 0.690430 0.995117 0.691406 0.991211 0.692383 0.987305 0.691406 0.984375 0.694336 0.983398 0.698242 0.987305 0.701172 0.990234 0.705078 0.992188 0.707031 0.994141 0.710938 0.996094 0.711914 1.000000 0.712891
1 0.781250 0.792969 0.781250 0.787109 0.782227 0.781250 0.785156 0.778320 0.787109 0.776367 0.791016 0.776367 0.792969 0.778320 0.795898 0.779297 0.798828 0.786133 0.798828 0.791992 0.797852 0.795898 0.793945 0.797852 0.791016 0.798828 0.785156 0.795898
1 0.797852 0.760742 0.795898 0.762695 0.796875 0.764648 0.798828 0.769531 0.801758 0.774414 0.803711 0.777344 0.806641 0.777344 0.810547 0.775391 0.813477 0.773438 0.817383 0.771484 0.819336 0.770508 0.821289 0.766602 0.821289 0.761719 0.819336 0.758789 0.818359 0.753906 0.815430 0.753906 0.814453 0.756836 0.813477 0.755859 0.812500 0.754883 0.810547 0.754883 0.807617 0.755859 0.807617 0.757812 0.807617 0.758789 0.806641 0.759766 0.804688 0.759766 0.801758 0.759766 0.800781 0.759766
1 0.717773 0.780273 0.713867 0.779297 0.711914 0.778320 0.709961 0.780273 0.708008 0.779297 0.704102 0.778320 0.702148 0.780273 0.699219 0.783203 0.696289 0.785156 0.696289 0.789062 0.697266 0.793945 0.699219 0.797852 0.702148 0.800781 0.705078 0.800781 0.706055 0.800781 0.706055 0.803711 0.707031 0.804688 0.710938 0.806641 0.713867 0.805664 0.714844 0.802734 0.715820 0.800781 0.716797 0.800781 0.717773 0.802734 0.720703 0.799805 0.720703 0.799805 0.723633 0.798828 0.722656 0.791992 0.722656 0.784180 0.720703 0.783203 0.719727 0.782227
1 0.709961 0.762695 0.714844 0.761719 0.715820 0.756836 0.716797 0.753906 0.716797 0.750000 0.714844 0.748047 0.713867 0.745117 0.710938 0.743164 0.707031 0.742188 0.704102 0.742188 0.699219 0.746094 0.699219 0.746094 0.697266 0.749023 0.695312 0.755859 0.695312 0.758789 0.695312 0.764648 0.698242 0.768555 0.705078 0.769531 0.708984 0.767578
1 0.713867 0.743164 0.717773 0.739258 0.720703 0.732422 0.719727 0.723633 0.711914 0.722656 0.708008 0.722656 0.703125 0.726562 0.703125 0.726562 0.701172 0.728516 0.701172 0.733398 0.700195 0.737305 0.701172 0.742188 0.703125 0.743164 0.707031 0.744141 0.710938 0.743164
1 0.917969 0.543945 0.915039 0.539062 0.919922 0.533203 0.922852 0.532227 0.926758 0.532227 0.927734 0.531250 0.930664 0.531250 0.934570 0.532227 0.938477 0.534180 0.940430 0.538086 0.941406 0.540039 0.941406 0.542969 0.941406 0.545898 0.940430 0.547852 0.939453 0.548828 0.938477 0.549805 0.936523 0.549805 0.934570 0.547852 0.930664 0.547852 0.928711 0.546875 0.925781 0.546875 0.924805 0.548828 0.920898 0.547852 0.918945 0.544922
1 0.661133 0.659180 0.659180 0.657227 0.661133 0.654297 0.664062 0.651367 0.664062 0.648438 0.666992 0.647461 0.672852 0.647461 0.674805 0.643555 0.677734 0.641602 0.676758 0.639648 0.677734 0.637695 0.679688 0.637695 0.682617 0.637695 0.684570 0.637695 0.688477 0.644531 0.689453 0.647461 0.692383 0.648438 0.691406 0.651367 0.690430 0.655273 0.689453 0.659180 0.687500 0.662109 0.685547 0.664062 0.682617 0.666016 0.681641 0.666016 0.679688 0.667969 0.677734 0.669922 0.674805 0.671875 0.671875 0.670898 0.669922 0.670898 0.665039 0.666992 0.665039 0.663086 0.666016 0.660156 0.665039 0.658203
1 0.685547 0.677734 0.684570 0.674805 0.683594 0.666992 0.683594 0.664062 0.686523 0.663086 0.695312 0.663086 0.699219 0.666016 0.700195 0.667969 0.698242 0.671875 0.698242 0.674805 0.696289 0.677734 0.695312 0.678711 0.694336 0.679688 0.689453 0.678711
1 0.645508 0.658203 0.642578 0.655273 0.641602 0.650391 0.644531 0.645508 0.644531 0.645508 0.647461 0.642578 0.652344 0.641602 0.658203 0.641602 0.661133 0.643555 0.662109 0.646484 0.663086 0.647461 0.664062 0.651367 0.662109 0.653320 0.660156 0.655273 0.658203 0.657227 0.655273 0.658203 0.653320 0.659180 0.651367 0.658203 0.649414 0.659180 0.647461 0.659180
1 0.558594 0.547852 0.555664 0.544922 0.551758 0.542969 0.546875 0.540039 0.544922 0.536133 0.539062 0.537109 0.534180 0.540039 0.530273 0.541992 0.527344 0.544922 0.527344 0.550781 0.525391 0.557617 0.527344 0.566406 0.533203 0.572266 0.536133 0.571289 0.541016 0.569336 0.545898 0.568359 0.547852 0.563477 0.548828 0.559570 0.550781 0.557617 0.554688 0.558594 0.557617 0.556641
1 0.557617 0.558594 0.557617 0.550781 0.555664 0.546875 0.555664 0.543945 0.558594 0.542969 0.562500 0.543945 0.562500 0.543945 0.564453 0.541992 0.567383 0.542969 0.570312 0.547852 0.570312 0.551758 0.572266 0.555664 0.572266 0.560547 0.569336 0.561523 0.565430 0.561523 0.563477 0.560547 0.559570 0.559570
1 0.490234 0.741211 0.488281 0.734375 0.489258 0.726562 0.492188 0.718750 0.495117 0.715820 0.500977 0.716797 0.503906 0.716797 0.505859 0.717773 0.507812 0.721680 0.506836 0.725586 0.503906 0.728516 0.502930 0.730469 0.500977 0.735352 0.499023 0.738281 0.496094 0.739258 0.494141 0.740234
1 0.549805 0.666016 0.547852 0.661133 0.548828 0.656250 0.550781 0.654297 0.552734 0.652344 0.554688 0.653320 0.556641 0.651367 0.558594 0.652344 0.560547 0.653320 0.561523 0.652344 0.563477 0.652344 0.564453 0.654297 0.565430 0.655273 0.564453 0.663086 0.562500 0.665039 0.561523 0.666992 0.558594 0.667969 0.553711 0.667969
1 0.195312 0.752930 0.191406 0.748047 0.192383 0.739258 0.194336 0.737305 0.195312 0.734375 0.197266 0.732422 0.199219 0.731445 0.203125 0.732422 0.208008 0.733398 0.209961 0.734375 0.210938 0.735352 0.210938 0.743164 0.210938 0.746094 0.209961 0.749023 0.208008 0.750977 0.205078 0.752930 0.204102 0.754883 0.202148 0.755859 0.197266 0.755859 0.195312 0.754883
1 0.125000 0.440430 0.123047 0.437500 0.124023 0.435547 0.128906 0.434570 0.131836 0.432617 0.136719 0.431641 0.140625 0.433594 0.142578 0.435547 0.142578 0.442383 0.140625 0.444336 0.138672 0.445312 0.136719 0.446289 0.136719 0.449219 0.133789 0.450195 0.131836 0.450195 0.127930 0.446289 0.125000 0.443359
1 0.678711 0.822266 0.679688 0.816406 0.683594 0.815430 0.687500 0.816406 0.690430 0.821289 0.693359 0.824219 0.697266 0.831055 0.705078 0.833008 0.708984 0.837891 0.713867 0.839844 0.717773 0.843750 0.723633 0.850586 0.720703 0.854492 0.716797 0.851562 0.716797 0.855469 0.714844 0.857422 0.709961 0.860352 0.705078 0.862305 0.705078 0.866211 0.700195 0.867188 0.697266 0.867188 0.689453 0.867188 0.687500 0.865234 0.689453 0.862305 0.692383 0.856445 0.691406 0.853516 0.688477 0.854492 0.686523 0.856445 0.684570 0.858398 0.681641 0.861328 0.678711 0.863281 0.676758 0.859375 0.676758 0.857422 0.679688 0.852539 0.679688 0.849609 0.679688 0.844727 0.678711 0.842773 0.676758 0.839844 0.672852 0.835938 0.672852 0.835938 0.670898 0.833008 0.670898 0.829102 0.671875 0.826172 0.673828 0.823242
1 0.856445 0.916992 0.867188 0.917969 0.873047 0.914062 0.875977 0.909180 0.876953 0.905273 0.873047 0.901367 0.869141 0.902344 0.866211 0.900391 0.863281 0.899414 0.863281 0.895508 0.861328 0.893555 0.862305 0.888672 0.859375 0.886719 0.856445 0.886719 0.855469 0.885742 0.854492 0.885742 0.849609 0.886719 0.849609 0.886719 0.845703 0.888672 0.844727 0.890625 0.843750 0.892578 0.841797 0.893555 0.840820 0.896484 0.839844 0.897461 0.837891 0.900391 0.837891 0.902344 0.837891 0.904297 0.838867 0.907227 0.840820 0.907227 0.841797 0.905273 0.844727 0.905273 0.845703 0.906250 0.847656 0.905273 0.849609 0.905273 0.850586 0.907227 0.853516 0.913086 0.853516 0.913086 0.852539 0.915039 0.852539 0.916992
1 0.802734 0.887695 0.805664 0.884766 0.814453 0.882812 0.820312 0.884766 0.827148 0.887695 0.827148 0.891602 0.827148 0.894531 0.829102 0.897461 0.831055 0.900391 0.831055 0.903320 0.830078 0.906250 0.827148 0.907227 0.825195 0.905273 0.823242 0.904297 0.820312 0.905273 0.818359 0.908203 0.815430 0.908203 0.811523 0.907227 0.808594 0.906250 0.806641 0.903320 0.805664 0.899414 0.804688 0.894531 0.803711 0.893555 0.802734 0.889648
1 0.960938 0.750977 0.958008 0.744141 0.958008 0.738281 0.961914 0.736328 0.962891 0.733398 0.964844 0.731445 0.970703 0.731445 0.975586 0.731445 0.979492 0.733398 0.981445 0.737305 0.984375 0.738281 0.985352 0.741211 0.983398 0.744141 0.981445 0.746094 0.978516 0.747070 0.972656 0.747070 0.970703 0.748047 0.968750 0.749023 0.965820 0.750977
1 0.825195 0.023438 0.825195 0.014648 0.828125 0.008789 0.830078 0.006836 0.837891 0.006836 0.842773 0.012695 0.842773 0.023438 0.835938 0.027344 0.835938 0.027344 0.829102 0.026367
1 0.827148 0.045898 0.830078 0.044922 0.833008 0.045898 0.834961 0.048828 0.834961 0.051758 0.833008 0.052734 0.832031 0.053711 0.831055 0.054688 0.830078 0.054688 0.828125 0.053711 0.825195 0.053711 0.825195 0.052734 0.824219 0.051758 0.824219 0.050781 0.824219 0.049805 0.825195 0.047852
1 0.828125 0.066406 0.827148 0.062500 0.828125 0.059570 0.830078 0.058594 0.833984 0.058594 0.836914 0.059570 0.837891 0.062500 0.838867 0.065430 0.836914 0.068359 0.833984 0.069336 0.829102 0.067383
1 0.803711 0.229492 0.806641 0.226562 0.810547 0.224609 0.816406 0.228516 0.820312 0.233398 0.823242 0.238281 0.823242 0.245117 0.819336 0.252930 0.809570 0.256836 0.804688 0.252930 0.799805 0.250000 0.796875 0.247070 0.797852 0.242188 0.803711 0.237305 0.803711 0.232422
1 0.840820 0.514648 0.837891 0.511719 0.834961 0.509766 0.828125 0.509766 0.824219 0.510742 0.822266 0.513672 0.822266 0.516602 0.822266 0.520508 0.823242 0.522461 0.824219 0.523438 0.826172 0.522461 0.828125 0.523438 0.830078 0.523438 0.833008 0.523438 0.834961 0.525391 0.836914 0.525391 0.838867 0.522461 0.838867 0.520508 0.840820 0.519531
1 0.824219 0.524414 0.823242 0.530273 0.823242 0.536133 0.825195 0.541016 0.830078 0.541016 0.833008 0.540039 0.835938 0.537109 0.836914 0.534180 0.835938 0.529297 0.835938 0.525391 0.833008 0.523438 0.828125 0.522461
1 0.729492 0.502930 0.726562 0.501953 0.718750 0.498047 0.717773 0.491211 0.719727 0.490234 0.722656 0.487305 0.724609 0.487305 0.725586 0.486328 0.726562 0.484375 0.728516 0.484375 0.730469 0.485352 0.731445 0.485352 0.732422 0.485352 0.733398 0.485352 0.734375 0.485352 0.734375 0.486328 0.734375 0.487305 0.735352 0.488281 0.737305 0.490234 0.737305 0.494141 0.737305 0.496094 0.735352 0.497070 0.735352 0.498047 0.734375 0.499023 0.733398 0.499023 0.732422 0.501953 0.731445 0.502930
1 0.391602 0.747070 0.395508 0.746094 0.397461 0.742188 0.400391 0.742188 0.406250 0.742188 0.409180 0.742188 0.411133 0.744141 0.415039 0.743164 0.417969 0.743164 0.419922 0.744141 0.421875 0.747070 0.423828 0.749023 0.421875 0.750977 0.420898 0.752930 0.421875 0.754883 0.424805 0.758789 0.424805 0.762695 0.425781 0.766602 0.425781 0.772461 0.425781 0.775391 0.423828 0.781250 0.419922 0.786133 0.419922 0.786133 0.414062 0.790039 0.407227 0.791016 0.398438 0.789062 0.392578 0.786133 0.389648 0.781250 0.387695 0.778320 0.386719 0.769531 0.385742 0.758789 0.389648 0.750000
1 0.177734 0.078125 0.178711 0.074219 0.179688 0.072266 0.181641 0.071289 0.183594 0.072266 0.187500 0.073242 0.190430 0.074219 0.192383 0.075195 0.194336 0.078125 0.192383 0.084961 0.190430 0.089844 0.188477 0.091797 0.184570 0.091797 0.180664 0.090820 0.176758 0.089844 0.176758 0.085938 0.176758 0.082031 0.178711 0.082031
1 0.188477 0.248047 0.190430 0.247070 0.193359 0.247070 0.195312 0.244141 0.197266 0.242188 0.200195 0.243164 0.200195 0.245117 0.202148 0.244141 0.203125 0.242188 0.206055 0.242188 0.208008 0.242188 0.211914 0.243164 0.212891 0.248047 0.211914 0.251953 0.208984 0.255859 0.207031 0.262695 0.203125 0.262695 0.198242 0.263672 0.194336 0.262695 0.190430 0.259766 0.188477 0.256836 0.187500 0.251953
0 0.324219 0.782227 0.317383 0.776367 0.316406 0.776367 0.313477 0.776367 0.309570 0.776367 0.305664 0.777344 0.303711 0.778320 0.300781 0.778320 0.298828 0.777344 0.296875 0.778320 0.293945 0.782227 0.291992 0.782227 0.287109 0.782227 0.286133 0.788086 0.289062 0.792969 0.291992 0.794922 0.295898 0.794922 0.300781 0.792969 0.303711 0.793945 0.308594 0.794922 0.310547 0.792969 0.312500 0.793945 0.314453 0.795898 0.316406 0.800781 0.321289 0.801758 0.327148 0.800781 0.327148 0.795898 0.327148 0.795898 0.327148 0.793945 0.322266 0.791016 0.322266 0.787109 0.323242 0.785156
0 0.252930 0.775391 0.253906 0.772461 0.256836 0.770508 0.260742 0.769531 0.264648 0.770508 0.266602 0.771484 0.268555 0.774414 0.269531 0.775391 0.271484 0.775391 0.272461 0.775391 0.275391 0.775391 0.277344 0.776367 0.277344 0.778320 0.278320 0.779297 0.282227 0.781250 0.286133 0.783203 0.286133 0.785156 0.286133 0.787109 0.285156 0.789062 0.284180 0.791992 0.283203 0.793945 0.280273 0.794922 0.277344 0.792969 0.274414 0.791016 0.271484 0.787109 0.270508 0.786133 0.268555 0.787109 0.267578 0.790039 0.267578 0.791016 0.266602 0.793945 0.265625 0.794922 0.264648 0.793945 0.262695 0.790039 0.260742 0.788086 0.257812 0.786133 0.258789 0.784180 0.259766 0.783203 0.256836 0.781250 0.254883 0.780273 0.252930 0.777344
0 0.219727 0.772461 0.220703 0.770508 0.222656 0.770508 0.225586 0.770508 0.227539 0.772461 0.228516 0.773438 0.230469 0.773438 0.232422 0.772461 0.234375 0.773438 0.236328 0.772461 0.239258 0.772461 0.241211 0.771484 0.243164 0.771484 0.245117 0.773438 0.247070 0.776367 0.248047 0.779297 0.248047 0.781250 0.248047 0.784180 0.244141 0.782227 0.241211 0.783203 0.237305 0.782227 0.235352 0.783203 0.233398 0.781250 0.229492 0.781250 0.225586 0.781250 0.220703 0.777344
1 0.214844 0.751953 0.209961 0.756836 0.209961 0.759766 0.210938 0.761719 0.212891 0.763672 0.214844 0.763672 0.218750 0.767578 0.223633 0.765625 0.228516 0.763672 0.229492 0.759766 0.227539 0.757812 0.226562 0.754883 0.224609 0.752930 0.221680 0.751953 0.220703 0.750000
1 0.187500 0.726562 0.184570 0.726562 0.181641 0.728516 0.181641 0.730469 0.177734 0.730469 0.177734 0.733398 0.175781 0.734375 0.174805 0.735352 0.174805 0.736328 0.174805 0.737305 0.177734 0.739258 0.177734 0.741211 0.177734 0.742188 0.180664 0.744141 0.180664 0.746094 0.181641 0.748047 0.183594 0.750000 0.185547 0.750000 0.187500 0.748047 0.190430 0.744141 0.192383 0.742188 0.193359 0.738281 0.194336 0.735352 0.195312 0.732422 0.195312 0.729492 0.194336 0.727539 0.191406 0.725586
1 0.361328 0.703125 0.360352 0.705078 0.359375 0.706055 0.358398 0.707031 0.359375 0.709961 0.360352 0.710938 0.361328 0.713867 0.361328 0.717773 0.362305 0.720703 0.368164 0.726562 0.369141 0.723633 0.371094 0.723633 0.372070 0.721680 0.375000 0.720703 0.376953 0.717773 0.379883 0.712891 0.379883 0.708984 0.378906 0.707031 0.376953 0.706055 0.375977 0.704102 0.373047 0.704102 0.369141 0.704102 0.368164 0.702148 0.364258 0.703125
1 0.366211 0.611328 0.368164 0.611328 0.369141 0.611328 0.371094 0.609375 0.373047 0.609375 0.376953 0.610352 0.378906 0.612305 0.379883 0.614258 0.378906 0.616211 0.377930 0.618164 0.376953 0.619141 0.374023 0.619141 0.371094 0.618164 0.369141 0.616211 0.366211 0.614258
0 0.237305 0.458984 0.238281 0.456055 0.242188 0.455078 0.242188 0.455078 0.242188 0.451172 0.244141 0.451172 0.247070 0.452148 0.248047 0.450195 0.247070 0.450195 0.247070 0.447266 0.248047 0.445312 0.249023 0.442383 0.250000 0.442383 0.251953 0.442383 0.250977 0.440430 0.250000 0.440430 0.250000 0.438477 0.253906 0.434570 0.253906 0.431641 0.254883 0.428711 0.256836 0.427734 0.258789 0.427734 0.260742 0.427734 0.261719 0.425781 0.263672 0.421875 0.263672 0.416016 0.266602 0.413086 0.270508 0.413086 0.274414 0.411133 0.276367 0.409180 0.276367 0.406250 0.274414 0.404297 0.274414 0.402344 0.277344 0.400391 0.279297 0.401367 0.280273 0.402344 0.282227 0.401367 0.284180 0.400391 0.285156 0.400391 0.289062 0.399414 0.290039 0.395508 0.291016 0.393555 0.292969 0.394531 0.293945 0.396484 0.294922 0.396484 0.295898 0.394531 0.295898 0.392578 0.298828 0.390625 0.302734 0.390625 0.304688 0.391602 0.304688 0.393555 0.307617 0.392578 0.308594 0.390625 0.312500 0.390625 0.314453 0.391602 0.314453 0.393555 0.316406 0.393555 0.316406 0.392578 0.317383 0.392578 0.321289 0.392578 0.322266 0.394531 0.325195 0.395508 0.324219 0.397461 0.325195 0.399414 0.325195 0.401367 0.327148 0.403320 0.327148 0.409180 0.325195 0.413086 0.323242 0.415039 0.320312 0.416992 0.317383 0.417969 0.313477 0.418945 0.310547 0.419922 0.309570 0.419922 0.308594 0.421875 0.305664 0.424805 0.303711 0.424805 0.304688 0.427734 0.304688 0.427734 0.302734 0.430664 0.302734 0.432617 0.302734 0.434570 0.303711 0.436523 0.304688 0.439453 0.304688 0.442383 0.304688 0.444336 0.303711 0.447266 0.303711 0.449219 0.299805 0.451172 0.297852 0.450195 0.295898 0.450195 0.296875 0.452148 0.296875 0.456055 0.295898 0.456055 0.293945 0.456055 0.291992 0.455078 0.291016 0.455078 0.291016 0.458008 0.290039 0.459961 0.291992 0.461914 0.292969 0.464844 0.291992 0.466797 0.291016 0.466797 0.289062 0.467773 0.288086 0.469727 0.287109 0.470703 0.282227 0.471680 0.282227 0.474609 0.284180 0.473633 0.285156 0.474609 0.286133 0.476562 0.286133 0.478516 0.284180 0.480469 0.283203 0.482422 0.282227 0.484375 0.281250 0.484375 0.279297 0.485352 0.280273 0.486328 0.281250 0.487305 0.281250 0.488281 0.280273 0.488281 0.280273 0.489258 0.279297 0.491211 0.278320 0.493164 0.277344 0.493164 0.274414 0.494141 0.273438 0.495117 0.271484 0.495117 0.267578 0.493164 0.264648 0.491211 0.263672 0.491211 0.259766 0.492188 0.259766 0.492188 0.257812 0.488281 0.254883 0.486328 0.252930 0.486328 0.249023 0.485352 0.247070 0.484375 0.245117 0.484375 0.242188 0.484375 0.241211 0.481445 0.240234 0.478516 0.241211 0.476562 0.243164 0.476562 0.242188 0.473633 0.243164 0.471680 0.244141 0.469727 0.242188 0.468750 0.241211 0.469727 0.239258 0.469727 0.238281 0.467773 0.236328 0.467773 0.234375 0.465820 0.235352 0.462891 0.237305 0.464844 0.239258 0.462891 0.241211 0.462891 0.242188 0.461914 0.239258 0.461914
0 0.325195 0.401367 0.325195 0.396484 0.327148 0.396484 0.330078 0.394531 0.332031 0.396484 0.333984 0.396484 0.335938 0.394531 0.337891 0.394531 0.338867 0.394531 0.341797 0.395508 0.342773 0.394531 0.345703 0.392578 0.349609 0.393555 0.349609 0.393555 0.354492 0.394531 0.358398 0.397461 0.359375 0.400391 0.357422 0.402344 0.359375 0.402344 0.362305 0.402344 0.363281 0.399414 0.365234 0.399414 0.369141 0.400391 0.369141 0.402344 0.370117 0.405273 0.371094 0.405273 0.374023 0.406250 0.377930 0.407227 0.377930 0.410156 0.379883 0.410156 0.380859 0.407227 0.385742 0.408203 0.385742 0.408203 0.388672 0.410156 0.390625 0.413086 0.392578 0.415039 0.391602 0.416016 0.388672 0.419922 0.388672 0.419922 0.386719 0.420898 0.387695 0.423828 0.389648 0.425781 0.388672 0.430664 0.387695 0.432617 0.384766 0.430664 0.381836 0.431641 0.380859 0.432617 0.379883 0.433594 0.377930 0.435547 0.375977 0.436523 0.372070 0.435547 0.369141 0.436523 0.369141 0.438477 0.369141 0.440430 0.367188 0.441406 0.363281 0.440430 0.363281 0.437500 0.364258 0.435547 0.363281 0.432617 0.363281 0.428711 0.361328 0.429688 0.359375 0.430664 0.358398 0.432617 0.355469 0.434570 0.351562 0.436523 0.350586 0.438477 0.346680 0.436523 0.345703 0.434570 0.343750 0.433594 0.339844 0.435547 0.336914 0.433594 0.334961 0.430664 0.333008 0.428711 0.331055 0.428711 0.329102 0.432617 0.325195 0.434570 0.323242 0.435547 0.321289 0.435547 0.320312 0.433594 0.320312 0.430664 0.319336 0.429688 0.317383 0.428711 0.316406 0.426758 0.315430 0.425781 0.314453 0.423828 0.314453 0.420898 0.315430 0.417969 0.316406 0.416016 0.320312 0.415039 0.324219 0.414062 0.326172 0.413086 0.326172 0.409180 0.327148 0.405273 0.326172 0.403320
1 0.371094 0.440430 0.370117 0.443359 0.370117 0.444336 0.368164 0.445312 0.367188 0.446289 0.367188 0.450195 0.366211 0.452148 0.369141 0.454102 0.369141 0.455078 0.372070 0.454102 0.373047 0.454102 0.375000 0.457031 0.375977 0.458008 0.378906 0.459961 0.380859 0.458984 0.383789 0.454102 0.383789 0.451172 0.385742 0.449219 0.386719 0.447266 0.386719 0.444336 0.383789 0.442383 0.381836 0.439453 0.379883 0.438477 0.379883 0.438477 0.377930 0.437500 0.375977 0.436523 0.373047 0.436523 0.372070 0.438477
1 0.405273 0.438477 0.404297 0.439453 0.403320 0.441406 0.403320 0.445312 0.403320 0.447266 0.403320 0.449219 0.404297 0.451172 0.405273 0.454102 0.406250 0.456055 0.409180 0.458984 0.411133 0.458008 0.413086 0.455078 0.415039 0.453125 0.416016 0.449219 0.416992 0.445312 0.417969 0.443359 0.416992 0.441406 0.415039 0.439453 0.413086 0.439453 0.410156 0.438477 0.409180 0.438477
1 0.369141 0.455078 0.368164 0.456055 0.365234 0.458984 0.364258 0.460938 0.364258 0.462891 0.366211 0.464844 0.366211 0.466797 0.366211 0.469727 0.369141 0.472656 0.373047 0.473633 0.377930 0.471680 0.379883 0.469727 0.380859 0.461914 0.379883 0.459961 0.377930 0.458984 0.375000 0.455078 0.372070 0.455078
1 0.289062 0.477539 0.287109 0.478516 0.286133 0.483398 0.284180 0.486328 0.282227 0.488281 0.280273 0.489258 0.279297 0.491211 0.280273 0.494141 0.282227 0.495117 0.285156 0.495117 0.285156 0.500000 0.289062 0.504883 0.291016 0.507812 0.294922 0.509766 0.295898 0.506836 0.298828 0.501953 0.301758 0.503906 0.305664 0.502930 0.308594 0.500977 0.311523 0.496094 0.311523 0.496094 0.310547 0.495117 0.309570 0.489258 0.311523 0.481445 0.309570 0.479492 0.306641 0.477539 0.302734 0.477539 0.296875 0.477539 0.294922 0.476562
1 0.564453 0.786133 0.559570 0.785156 0.554688 0.784180 0.551758 0.782227 0.548828 0.783203 0.547852 0.783203 0.542969 0.787109 0.542969 0.789062 0.541992 0.791992 0.541016 0.791992 0.539062 0.790039 0.533203 0.787109 0.529297 0.785156 0.525391 0.786133 0.523438 0.790039 0.523438 0.792969 0.523438 0.794922 0.525391 0.796875 0.525391 0.798828 0.525391 0.801758 0.529297 0.804688 0.529297 0.806641 0.527344 0.810547 0.529297 0.812500 0.534180 0.818359 0.538086 0.819336 0.541016 0.818359 0.542969 0.816406 0.542969 0.813477 0.544922 0.807617 0.546875 0.805664 0.546875 0.801758 0.549805 0.798828 0.552734 0.793945 0.555664 0.791992 0.562500 0.788086
1 0.716797 0.590820 0.715820 0.591797 0.714844 0.594727 0.712891 0.596680 0.710938 0.598633 0.708984 0.600586 0.707031 0.602539 0.707031 0.605469 0.708008 0.609375 0.709961 0.611328 0.710938 0.613281 0.711914 0.614258 0.711914 0.616211 0.711914 0.618164 0.712891 0.621094 0.709961 0.624023 0.710938 0.626953 0.713867 0.626953 0.716797 0.626953 0.719727 0.627930 0.723633 0.626953 0.725586 0.625000 0.726562 0.625000 0.733398 0.621094 0.733398 0.616211 0.733398 0.612305 0.730469 0.610352 0.729492 0.609375 0.727539 0.609375 0.723633 0.610352 0.723633 0.607422 0.725586 0.604492 0.727539 0.602539 0.730469 0.598633 0.729492 0.593750 0.728516 0.593750 0.726562 0.592773 0.724609 0.592773 0.721680 0.590820
1 0.883789 0.394531 0.885742 0.391602 0.888672 0.391602 0.891602 0.391602 0.893555 0.391602 0.896484 0.393555 0.895508 0.398438 0.894531 0.401367 0.893555 0.403320 0.892578 0.404297 0.890625 0.408203 0.888672 0.410156 0.885742 0.408203 0.884766 0.406250 0.882812 0.403320 0.881836 0.402344 0.881836 0.398438
1 0.788086 0.710938 0.791016 0.710938 0.792969 0.708984 0.795898 0.705078 0.800781 0.704102 0.803711 0.700195 0.806641 0.698242 0.808594 0.697266 0.813477 0.697266 0.815430 0.696289 0.817383 0.698242 0.821289 0.699219 0.821289 0.696289 0.824219 0.695312 0.826172 0.695312 0.827148 0.692383 0.829102 0.690430 0.831055 0.689453 0.834961 0.689453 0.837891 0.690430 0.841797 0.691406 0.842773 0.694336 0.845703 0.692383 0.851562 0.693359 0.853516 0.697266 0.853516 0.697266 0.856445 0.697266 0.859375 0.696289 0.862305 0.696289 0.864258 0.697266 0.867188 0.699219 0.867188 0.701172 0.868164 0.705078 0.869141 0.708008 0.872070 0.709961 0.872070 0.712891 0.872070 0.715820 0.871094 0.717773 0.869141 0.718750 0.868164 0.720703 0.869141 0.721680 0.870117 0.722656 0.871094 0.724609 0.870117 0.726562 0.867188 0.727539 0.865234 0.728516 0.865234 0.731445 0.865234 0.735352 0.863281 0.737305 0.860352 0.738281 0.857422 0.738281 0.855469 0.739258 0.853516 0.741211 0.852539 0.741211 0.852539 0.743164 0.853516 0.745117 0.855469 0.748047 0.855469 0.750000 0.854492 0.751953 0.853516 0.753906 0.852539 0.756836 0.851562 0.758789 0.849609 0.760742 0.847656 0.762695 0.843750 0.763672 0.839844 0.764648 0.837891 0.762695 0.834961 0.762695 0.829102 0.764648 0.825195 0.764648 0.822266 0.763672 0.821289 0.761719 0.819336 0.758789 0.819336 0.754883 0.818359 0.753906 0.816406 0.753906 0.814453 0.754883 0.811523 0.754883 0.807617 0.755859 0.807617 0.758789 0.806641 0.759766 0.801758 0.759766 0.799805 0.759766 0.796875 0.760742 0.795898 0.761719 0.794922 0.762695 0.791992 0.762695 0.791992 0.760742 0.792969 0.757812 0.788086 0.756836 0.787109 0.755859 0.783203 0.750000 0.784180 0.746094 0.784180 0.742188 0.781250 0.740234 0.783203 0.735352 0.785156 0.732422 0.786133 0.731445 0.787109 0.729492 0.787109 0.725586 0.788086 0.720703 0.789062 0.720703 0.791016 0.719727 0.791016 0.715820 0.788086 0.714844
0 0.829102 0.690430 0.832031 0.682617 0.836914 0.680664 0.836914 0.680664 0.843750 0.676758 0.853516 0.674805 0.859375 0.670898 0.859375 0.670898 0.863281 0.671875 0.867188 0.671875 0.872070 0.673828 0.875977 0.672852 0.880859 0.673828 0.884766 0.672852 0.889648 0.670898 0.892578 0.669922 0.897461 0.672852 0.899414 0.675781 0.903320 0.678711 0.903320 0.684570 0.906250 0.680664 0.906250 0.678711 0.909180 0.673828 0.911133 0.672852 0.918945 0.677734 0.922852 0.681641 0.926758 0.683594 0.928711 0.685547 0.931641 0.682617 0.933594 0.680664 0.937500 0.677734 0.939453 0.677734 0.941406 0.682617 0.940430 0.689453 0.941406 0.691406 0.943359 0.690430 0.943359 0.685547 0.947266 0.686523 0.953125 0.690430 0.954102 0.696289 0.957031 0.698242 0.959961 0.704102 0.958984 0.712891 0.958008 0.714844 0.956055 0.718750 0.954102 0.717773 0.949219 0.719727 0.947266 0.719727 0.943359 0.719727 0.939453 0.720703 0.935547 0.723633 0.934570 0.727539 0.934570 0.731445 0.937500 0.734375 0.941406 0.734375 0.945312 0.735352 0.950195 0.732422 0.956055 0.736328 0.956055 0.739258 0.956055 0.743164 0.955078 0.749023 0.947266 0.754883 0.941406 0.756836 0.939453 0.757812 0.937500 0.759766 0.931641 0.758789 0.927734 0.761719 0.923828 0.763672 0.919922 0.762695 0.916992 0.763672 0.913086 0.763672 0.911133 0.761719 0.909180 0.763672 0.905273 0.764648 0.902344 0.761719 0.899414 0.761719 0.898438 0.762695 0.895508 0.759766 0.891602 0.760742 0.890625 0.763672 0.885742 0.763672 0.882812 0.766602 0.873047 0.770508 0.868164 0.770508 0.865234 0.772461 0.863281 0.773438 0.859375 0.774414 0.853516 0.774414 0.853516 0.774414 0.852539 0.771484 0.850586 0.765625 0.848633 0.762695 0.848633 0.761719 0.851562 0.758789 0.852539 0.753906 0.854492 0.748047 0.852539 0.743164 0.852539 0.741211 0.853516 0.741211 0.860352 0.735352 0.864258 0.734375 0.865234 0.730469 0.867188 0.725586 0.870117 0.724609 0.870117 0.722656 0.868164 0.720703 0.868164 0.716797 0.871094 0.715820 0.872070 0.710938 0.870117 0.707031 0.868164 0.706055 0.867188 0.701172 0.866211 0.697266 0.862305 0.696289 0.858398 0.699219 0.851562 0.696289 0.848633 0.693359 0.845703 0.695312 0.841797 0.696289 0.841797 0.692383 0.839844 0.690430 0.836914 0.690430 0.833008 0.690430
0 0.880859 0.767578 0.879883 0.772461 0.878906 0.775391 0.877930 0.777344 0.877930 0.782227 0.879883 0.784180 0.882812 0.787109 0.882812 0.791016 0.885742 0.796875 0.890625 0.798828 0.897461 0.798828 0.901367 0.797852 0.904297 0.792969 0.906250 0.793945 0.907227 0.788086 0.908203 0.785156 0.911133 0.785156 0.915039 0.787109 0.916992 0.784180 0.919922 0.783203 0.921875 0.784180 0.926758 0.787109 0.929688 0.787109 0.932617 0.788086 0.935547 0.784180 0.939453 0.781250 0.940430 0.779297 0.942383 0.777344 0.943359 0.774414 0.946289 0.773438 0.950195 0.771484 0.950195 0.769531 0.947266 0.767578 0.946289 0.766602 0.946289 0.760742 0.945312 0.758789 0.943359 0.756836 0.941406 0.756836 0.938477 0.757812 0.936523 0.758789 0.931641 0.757812 0.926758 0.761719 0.924805 0.762695 0.920898 0.762695 0.917969 0.762695 0.914062 0.762695 0.911133 0.761719 0.905273 0.762695 0.904297 0.763672 0.902344 0.760742 0.897461 0.760742 0.895508 0.758789 0.893555 0.759766 0.891602 0.760742 0.889648 0.763672 0.885742 0.763672 0.883789 0.765625
1 0.980469 0.736328 0.982422 0.734375 0.986328 0.733398 0.997070 0.734375 0.999023 0.737305 1.000000 0.739258 0.999023 0.742188 0.996094 0.745117 0.991211 0.746094 0.988281 0.746094 0.985352 0.743164 0.984375 0.739258 0.981445 0.737305
1 0.962891 0.754883 0.963867 0.751953 0.966797 0.750000 0.970703 0.748047 0.972656 0.747070 0.980469 0.746094 0.983398 0.751953 0.986328 0.753906 0.986328 0.759766 0.984375 0.761719 0.980469 0.761719 0.976562 0.762695 0.971680 0.763672 0.969727 0.761719 0.963867 0.757812
0 0.986328 0.752930 0.988281 0.749023 0.990234 0.748047 0.992188 0.746094 0.995117 0.749023 0.998047 0.750977 0.997070 0.754883 0.997070 0.760742 1.000000 0.761719 1.000000 0.803711 0.997070 0.803711 0.993164 0.803711 0.988281 0.798828 0.986328 0.791992 0.987305 0.789062 0.989258 0.789062 0.988281 0.786133 0.985352 0.783203 0.984375 0.785156 0.979492 0.785156 0.973633 0.774414 0.975586 0.767578 0.976562 0.762695 0.980469 0.760742 0.982422 0.760742 0.986328 0.761719 0.986328 0.758789
1 0.873047 0.808594 0.879883 0.804688 0.879883 0.804688 0.884766 0.798828 0.888672 0.803711 0.888672 0.803711 0.891602 0.802734 0.896484 0.805664 0.901367 0.803711 0.909180 0.802734 0.913086 0.806641 0.917969 0.807617 0.919922 0.810547 0.922852 0.810547 0.925781 0.813477 0.929688 0.814453 0.930664 0.820312 0.935547 0.824219 0.929688 0.827148 0.926758 0.830078 0.923828 0.829102 0.916016 0.829102 0.914062 0.828125 0.912109 0.831055 0.904297 0.829102 0.898438 0.830078 0.891602 0.830078 0.888672 0.826172 0.885742 0.826172 0.878906 0.822266 0.875977 0.820312 0.873047 0.816406