1 0.093750 0.017578 0.092773 0.014648 0.089844 0.012695 0.087891 0.007812 0.090045 0.004120 0.094975 0.002379 0.099380 0.002344 0.104852 0.007772 0.104868 0.009901 0.104852 0.013940 0.102539 0.017578 0.098633 0.019531 0.095703 0.019531
1 0.159180 0.110352 0.153189 0.109328 0.149200 0.106109 0.146665 0.100783 0.146484 0.097656 0.145508 0.092773 0.146198 0.088252 0.151367 0.084961 0.156974 0.080588 0.165232 0.079247 0.169632 0.082619 0.175781 0.086914 0.175781 0.095703 0.170898 0.103516 0.166992 0.105469 0.164062 0.108398
1 0.196310 0.115637 0.191783 0.113804 0.187951 0.111868 0.187500 0.109375 0.188477 0.104492 0.185522 0.098931 0.189141 0.095943 0.194096 0.093464 0.199035 0.093091 0.202785 0.095060 0.205078 0.096680 0.206766 0.100930 0.208008 0.106445 0.205213 0.110577 0.202141 0.113260 0.200195 0.115234
1 0.231682 0.118841 0.228865 0.118128 0.226353 0.116637 0.224956 0.114055 0.223916 0.111071 0.225150 0.108154 0.227446 0.106440 0.230425 0.106106 0.232905 0.107465 0.235017 0.110289 0.235017 0.114232 0.234375 0.116211
1 0.180664 0.239258 0.177991 0.241179 0.172951 0.239954 0.169674 0.236075 0.167969 0.230469 0.167969 0.221680 0.172381 0.219643 0.180499 0.216989 0.186523 0.212891 0.192590 0.216523 0.192590 0.225562 0.190578 0.231482 0.185547 0.235352
1 0.175362 0.211407 0.171313 0.210392 0.167791 0.207181 0.165385 0.202496 0.166086 0.198105 0.168588 0.195255 0.174502 0.193748 0.179395 0.195386 0.181595 0.197937 0.181595 0.203740 0.178711 0.207031
1 0.210938 0.220703 0.207031 0.217773 0.204102 0.215820 0.202148 0.212891 0.200195 0.208984 0.200195 0.205078 0.204358 0.203898 0.211747 0.202937 0.217221 0.203075 0.219001 0.209748 0.219691 0.214785 0.219001 0.217850 0.217773 0.220703
1 0.203788 0.238424 0.200764 0.237311 0.197660 0.234569 0.195312 0.230469 0.197423 0.224741 0.200130 0.222949 0.204488 0.222569 0.208450 0.224253 0.211914 0.227539 0.212280 0.230415 0.210376 0.235333 0.207021 0.237632
1 0.310215 0.235746 0.301810 0.233990 0.296875 0.229492 0.294922 0.225586 0.291016 0.215820 0.288086 0.206055 0.291992 0.203125 0.296875 0.200195 0.302734 0.200195 0.305664 0.197266 0.312500 0.196289 0.318359 0.192383 0.327290 0.199714 0.335801 0.201626 0.333934 0.213198 0.335241 0.217812 0.333934 0.222912 0.330078 0.227539 0.325195 0.227539 0.321289 0.229492 0.315430 0.230469 0.313477 0.232422
1 0.334646 0.091944 0.329535 0.091799 0.324165 0.091221 0.319476 0.088521 0.316451 0.082642 0.316123 0.076375 0.318444 0.071700 0.322946 0.069001 0.326172 0.065430 0.330078 0.061523 0.338867 0.064453 0.345703 0.065430 0.348633 0.069336 0.350586 0.072266 0.350586 0.076172 0.347656 0.078125 0.343750 0.081055 0.342760 0.084087 0.339782 0.087461
1 0.425860 0.078561 0.420898 0.076172 0.417969 0.074219 0.415309 0.073644 0.415039 0.059570 0.418945 0.058594 0.419002 0.053797 0.424841 0.052098 0.431295 0.052206 0.436237 0.053002 0.440019 0.056545 0.440440 0.060408 0.440440 0.066812 0.437873 0.070535 0.434584 0.074367 0.429688 0.077148
1 0.419391 0.051000 0.414554 0.050419 0.411190 0.047054 0.408452 0.042221 0.407827 0.036347 0.408006 0.031452 0.408203 0.029297 0.411133 0.028320 0.412109 0.024414 0.416992 0.023438 0.421875 0.024414 0.423780 0.031907 0.425781 0.038086 0.425781 0.043945 0.422069 0.047451
1 0.557669 0.042959 0.553264 0.046696 0.547758 0.049275 0.543813 0.051171 0.541992 0.048828 0.542969 0.045898 0.540039 0.044922 0.541016 0.036133 0.542969 0.032227 0.541992 0.030273 0.538086 0.031250 0.536464 0.022112 0.537109 0.015625 0.542969 0.010742 0.549805 0.009766 0.558594 0.018555 0.559641 0.025159 0.559641 0.034483
1 0.615234 0.004883 0.617500 0.009609 0.615342 0.017947 0.617500 0.023395 0.624023 0.025391 0.627930 0.028320 0.632607 0.030478 0.641392 0.025574 0.644531 0.020508 0.647790 0.017869 0.647461 0.011719 0.651690 0.004016 0.650479 0.000000 0.611328 0.000000
1 0.603516 0.264648 0.594686 0.265502 0.587021 0.264048 0.578610 0.261786 0.572008 0.258555 0.566190 0.253142 0.560138 0.242962 0.555028 0.227692 0.555304 0.217028 0.560178 0.206525 0.571340 0.198446 0.582031 0.192383 0.590820 0.187500 0.599609 0.190430 0.606445 0.189453 0.610352 0.197266 0.615234 0.199219 0.623047 0.200195 0.627930 0.202148 0.636719 0.214844 0.637695 0.222656 0.630859 0.233398 0.628906 0.244141 0.626953 0.251953 0.620117 0.255859 0.616211 0.257812 0.612305 0.257812 0.609375 0.259766
1 0.560547 0.329102 0.557617 0.324219 0.553711 0.322266 0.547852 0.317383 0.545898 0.312500 0.541016 0.307617 0.542335 0.300817 0.545473 0.293030 0.549805 0.290039 0.553711 0.286133 0.561523 0.283203 0.571289 0.279297 0.582031 0.284180 0.585103 0.291502 0.582469 0.305616 0.584511 0.309457 0.582469 0.316393 0.578029 0.321746 0.574122 0.325943 0.573242 0.328125 0.569336 0.328125 0.565430 0.330078
1 0.604413 0.299236 0.599839 0.299205 0.595633 0.298262 0.593124 0.295148 0.591549 0.289866 0.591656 0.285339 0.594838 0.281724 0.598401 0.280497 0.604474 0.280371 0.609659 0.282227 0.611633 0.285587 0.610057 0.290177 0.610057 0.295746 0.607671 0.297916
1 0.645204 0.402035 0.640604 0.401801 0.636299 0.398711 0.631174 0.392952 0.630695 0.385086 0.632859 0.379796 0.636719 0.378906 0.636845 0.375816 0.643724 0.374317 0.648438 0.374023 0.652344 0.375977 0.655273 0.379883 0.654297 0.385742 0.654297 0.390625 0.651445 0.400350 0.648438 0.400391
1 0.121094 0.353516 0.113696 0.352783 0.108398 0.345703 0.103516 0.341797 0.097656 0.343750 0.088867 0.339844 0.082031 0.334961 0.087891 0.322266 0.083773 0.316745 0.092509 0.304520 0.095703 0.299805 0.100586 0.296875 0.107422 0.293945 0.116211 0.290039 0.125977 0.290039 0.136719 0.292969 0.147461 0.300781 0.156250 0.303711 0.158203 0.321289 0.156250 0.328125 0.152344 0.338867 0.145508 0.339844 0.139648 0.340820 0.141602 0.343750 0.138672 0.345703 0.134766 0.349609 0.130859 0.349609 0.128906 0.350586 0.125000 0.350586
1 0.208117 0.328675 0.200124 0.328803 0.192566 0.327076 0.184604 0.321066 0.179100 0.310901 0.176300 0.299330 0.179255 0.289612 0.187248 0.282963 0.198242 0.277344 0.207031 0.277344 0.216797 0.276367 0.220703 0.283203 0.223633 0.286133 0.226561 0.290115 0.229492 0.295898 0.230469 0.301758 0.227539 0.303711 0.229492 0.313477 0.224609 0.316406 0.220703 0.321289 0.217773 0.322266 0.213867 0.325195 0.212891 0.330078
1 0.232422 0.388672 0.227539 0.395508 0.220703 0.403320 0.210938 0.404297 0.207031 0.399414 0.203125 0.394531 0.198242 0.393555 0.192383 0.393555 0.185547 0.389648 0.180664 0.388672 0.178711 0.381836 0.178711 0.375000 0.179688 0.366211 0.177734 0.359375 0.170898 0.351562 0.174805 0.347656 0.180664 0.345703 0.189453 0.345703 0.196289 0.342773 0.199219 0.344727 0.203125 0.343750 0.208984 0.343750 0.211914 0.341797 0.215820 0.336914 0.222656 0.334961 0.227539 0.338867 0.229492 0.341797 0.232422 0.346680 0.232422 0.349609 0.235352 0.349609 0.238281 0.353516 0.237305 0.359375 0.235352 0.361328 0.236328 0.366211 0.235352 0.368164 0.236328 0.374023 0.234375 0.380859 0.231445 0.383789
1 0.288086 0.367188 0.279297 0.364258 0.274414 0.367188 0.269200 0.368312 0.262765 0.367037 0.256446 0.363761 0.253906 0.354492 0.252930 0.347656 0.250977 0.343750 0.252930 0.340820 0.258307 0.338638 0.262695 0.334961 0.265625 0.331055 0.272461 0.328125 0.279297 0.328125 0.286133 0.331055 0.291992 0.335938 0.297217 0.344706 0.295386 0.349735 0.295386 0.360483 0.295898 0.366211 0.295898 0.366211 0.293945 0.366211
1 0.294222 0.398229 0.288704 0.397558 0.286133 0.395508 0.283203 0.392578 0.281250 0.388672 0.280273 0.384766 0.281250 0.378906 0.286149 0.374372 0.294438 0.375267 0.296875 0.380859 0.298828 0.388672 0.298435 0.391524 0.296875 0.396484
1 0.395092 0.303028 0.386274 0.302013 0.377572 0.296388 0.366969 0.289045 0.363093 0.279124 0.360698 0.268109 0.360352 0.258789 0.362305 0.248047 0.366211 0.245117 0.372070 0.245117 0.375000 0.240234 0.380859 0.239258 0.382812 0.237305 0.386719 0.240234 0.392578 0.240234 0.393555 0.237305 0.397461 0.237305 0.402344 0.240234 0.406250 0.238281 0.409180 0.241211 0.412109 0.239258 0.415039 0.240234 0.415039 0.244141 0.417552 0.250376 0.423828 0.250977 0.423828 0.255859 0.427734 0.257812 0.427734 0.263672 0.427734 0.270508 0.424805 0.272461 0.423828 0.276367 0.427734 0.282227 0.424805 0.285156 0.418945 0.288086 0.417969 0.293945 0.412109 0.295898 0.408545 0.298497 0.403604 0.299825 0.401367 0.297852 0.400391 0.300781
1 0.473633 0.288086 0.464844 0.290039 0.454917 0.288975 0.445595 0.283182 0.437964 0.274982 0.435449 0.243433 0.437500 0.235352 0.440430 0.231445 0.441406 0.226562 0.444336 0.228516 0.447266 0.226562 0.447266 0.221680 0.453125 0.219727 0.458008 0.217773 0.466797 0.215820 0.471680 0.212891 0.480469 0.216797 0.485352 0.212891 0.486328 0.219727 0.493164 0.219727 0.492188 0.229492 0.497070 0.229492 0.499023 0.234375 0.507812 0.236328 0.512695 0.250977 0.512695 0.256836 0.512695 0.267578 0.507812 0.270508 0.501953 0.271484 0.500000 0.275391 0.495117 0.279297 0.491211 0.282227 0.485352 0.281250 0.480469 0.286133
1 0.009766 0.788086 0.006852 0.787399 0.003104 0.785400 0.000981 0.779039 0.001953 0.772461 0.004883 0.770508 0.008789 0.768555 0.013672 0.767578 0.020508 0.772461 0.022996 0.776858 0.019531 0.781250 0.017578 0.785156 0.014648 0.786133
1 0.147070 0.797856 0.140525 0.796940 0.134175 0.794077 0.130916 0.775813 0.133789 0.774414 0.136319 0.770316 0.143589 0.768198 0.151639 0.768771 0.156457 0.770030 0.160156 0.772461 0.164062 0.776367 0.161133 0.779297 0.160156 0.782227 0.158203 0.784180 0.159180 0.786133 0.163086 0.787109 0.161133 0.789062 0.157227 0.791016 0.154297 0.793945 0.152344 0.794922 0.152344 0.795898 0.149414 0.795898
1 0.055664 0.539062 0.052734 0.538086 0.045935 0.534473 0.043945 0.526367 0.044922 0.516602 0.047530 0.508953 0.053711 0.504883 0.060547 0.501953 0.065430 0.503906 0.072266 0.504883 0.075902 0.509806 0.079102 0.514648 0.080078 0.519531 0.081055 0.523438 0.083984 0.525391 0.083008 0.529297 0.079102 0.532227 0.072266 0.533203 0.069336 0.538086 0.067383 0.540039 0.064453 0.540039 0.060547 0.537109
1 0.058594 0.573242 0.056907 0.574734 0.053076 0.575188 0.049425 0.573910 0.046396 0.570776 0.045898 0.567383 0.047852 0.566406 0.047852 0.563477 0.044922 0.562500 0.047852 0.558594 0.045898 0.556641 0.047852 0.553711 0.050781 0.552734 0.052734 0.553711 0.056641 0.553711 0.058594 0.551758 0.061523 0.551758 0.063477 0.553711 0.063477 0.558594 0.065430 0.557617 0.069336 0.558594 0.071289 0.562500 0.068845 0.569497 0.064351 0.570482 0.061523 0.571289
1 0.146484 0.535156 0.142858 0.535254 0.137695 0.532227 0.135742 0.527344 0.134766 0.522461 0.137703 0.519844 0.141602 0.517578 0.148438 0.515625 0.152344 0.514648 0.157227 0.516602 0.157227 0.519531 0.156250 0.523438 0.157227 0.527344 0.156479 0.531274 0.154115 0.534375 0.152344 0.533203 0.150391 0.534180 0.149414 0.535156
1 0.205381 0.557834 0.200843 0.563354 0.196019 0.567000 0.190882 0.568715 0.182824 0.568769 0.176774 0.565606 0.172367 0.557888 0.171875 0.550781 0.171875 0.545898 0.173880 0.541593 0.176758 0.537109 0.181599 0.536018 0.191143 0.534517 0.198209 0.538001 0.202772 0.545291 0.204102 0.547852 0.206055 0.549805 0.208008 0.551758 0.207031 0.554688
0 0.180664 0.486328 0.195312 0.484375 0.204102 0.485352 0.209961 0.490234 0.210938 0.497070 0.213867 0.504883 0.214844 0.512695 0.217773 0.519531 0.218750 0.525391 0.216797 0.528320 0.216797 0.537109 0.211914 0.539062 0.206606 0.540112 0.201522 0.541100 0.196297 0.538139 0.191128 0.536223 0.186439 0.535700 0.183248 0.536513 0.179943 0.534829 0.176752 0.530938 0.178711 0.527344 0.181641 0.525391 0.177734 0.521484 0.179181 0.513812 0.184236 0.504754 0.183594 0.499023 0.181641 0.495117 0.180664 0.492188
1 0.222540 0.585796 0.219162 0.588533 0.216730 0.590597 0.210938 0.588867 0.206055 0.587891 0.201172 0.587891 0.198242 0.584961 0.196289 0.583984 0.195498 0.577345 0.198242 0.577148 0.198760 0.572663 0.200195 0.569336 0.205149 0.569052 0.208008 0.569336 0.208984 0.567383 0.213275 0.566553 0.214844 0.563477 0.217773 0.561523 0.220703 0.563477 0.222656 0.567383 0.225586 0.570312 0.225586 0.577148 0.224609 0.582031
1 0.221988 0.591776 0.226998 0.592546 0.231196 0.593400 0.235352 0.595703 0.235894 0.598863 0.235894 0.606431 0.233150 0.612326 0.229471 0.616300 0.226291 0.618863 0.221656 0.619975 0.217062 0.620060 0.211929 0.618223 0.208146 0.611173 0.206275 0.600706 0.208978 0.595664 0.211950 0.593357
1 0.053711 0.735352 0.050412 0.736020 0.044603 0.735375 0.041016 0.732422 0.040039 0.727539 0.036133 0.722656 0.038086 0.716797 0.041016 0.712891 0.045181 0.708171 0.053666 0.706981 0.062440 0.707626 0.067069 0.710500 0.067841 0.717034 0.067841 0.725812 0.064200 0.732055 0.060547 0.732422 0.058594 0.735352 0.055664 0.735352 0.054688 0.735352
1 0.038086 0.696289 0.038086 0.692383 0.036133 0.688477 0.036133 0.682617 0.038086 0.681641 0.039062 0.677734 0.041356 0.673666 0.043945 0.669922 0.048828 0.670898 0.052734 0.669922 0.058594 0.670898 0.063477 0.674805 0.064453 0.680664 0.067738 0.685068 0.068827 0.691430 0.067383 0.698242 0.063477 0.703125 0.060547 0.705078 0.057617 0.707031 0.051815 0.707626 0.047632 0.706528 0.043945 0.705078 0.041016 0.704102 0.039062 0.699219
1 0.309909 0.546013 0.305885 0.545161 0.302466 0.541469 0.300497 0.536321 0.300781 0.532227 0.302734 0.531250 0.302734 0.528320 0.303711 0.527344 0.307617 0.526367 0.313477 0.527344 0.315430 0.528320 0.317383 0.534180 0.317383 0.537109 0.315430 0.541016 0.314453 0.542969 0.312500 0.543945
1 0.325195 0.764648 0.322348 0.764968 0.318649 0.762919 0.314453 0.753906 0.317383 0.749023 0.321983 0.747397 0.329102 0.747070 0.331279 0.750032 0.331055 0.752930 0.333008 0.756836 0.333008 0.759766 0.331055 0.762695 0.328125 0.763672
1 0.331055 0.795898 0.328125 0.797852 0.326172 0.799805 0.323402 0.800774 0.321289 0.797852 0.320312 0.791992 0.320312 0.788086 0.320312 0.784180 0.319336 0.781250 0.319336 0.779297 0.320249 0.777663 0.324868 0.776156 0.329640 0.779710 0.330078 0.785156 0.332031 0.787109 0.332031 0.790039 0.331055 0.791992
1 0.290039 0.736641 0.288696 0.739805 0.287354 0.747187 0.288243 0.749987 0.287354 0.753790 0.285105 0.758227 0.281732 0.759159 0.277434 0.758749 0.273680 0.754909 0.271395 0.749503 0.273438 0.744141 0.273934 0.736939 0.274151 0.731347 0.276346 0.726426 0.278320 0.722656 0.282227 0.718750 0.287109 0.718750 0.291992 0.719727 0.292650 0.722884 0.292705 0.729035 0.291016 0.733398
1 0.357599 0.357109 0.353978 0.355892 0.349106 0.353682 0.345135 0.350208 0.343270 0.343397 0.342546 0.337309 0.341797 0.333008 0.346518 0.332393 0.353516 0.330078 0.357422 0.330078 0.360352 0.335938 0.359375 0.339844 0.358398 0.343750 0.362305 0.347656 0.363698 0.350073 0.360352 0.353516
1 0.421875 0.582031 0.416992 0.583008 0.413086 0.583008 0.413086 0.580078 0.414062 0.576172 0.411133 0.572266 0.408203 0.566406 0.408203 0.561523 0.409180 0.559570 0.409995 0.555799 0.417722 0.552982 0.429967 0.557410 0.429733 0.562384 0.429967 0.568024 0.429733 0.572999 0.427734 0.576172 0.425781 0.578125 0.424805 0.581055
1 0.530273 0.420898 0.528586 0.421293 0.524875 0.419123 0.522267 0.415676 0.521164 0.411304 0.523338 0.407410 0.527468 0.405974 0.531250 0.405273 0.535156 0.406250 0.539062 0.409180 0.540039 0.414062 0.538086 0.418945 0.535156 0.420898
1 0.646484 0.435547 0.643555 0.434570 0.639601 0.434205 0.636018 0.432097 0.634066 0.427611 0.634355 0.423395 0.637577 0.420632 0.641602 0.418945 0.646484 0.417969 0.647244 0.423364
1 0.563477 0.594727 0.561187 0.593769 0.557162 0.593498 0.556641 0.585938 0.558594 0.581055 0.560547 0.578125 0.565430 0.577148 0.571289 0.579102 0.573197 0.580992 0.574219 0.583984 0.573197 0.588957 0.570112 0.591205 0.568359 0.592773 0.565430 0.592773
1 0.499023 0.755859 0.501953 0.765625 0.499023 0.769531 0.498047 0.770508 0.491194 0.776084 0.485560 0.776537 0.481312 0.774682 0.477504 0.768167 0.473103 0.760204 0.471825 0.751789 0.472656 0.748047 0.476562 0.747070 0.480469 0.745117 0.484375 0.749023 0.488281 0.752930 0.493164 0.754883
1 0.383789 0.773438 0.382278 0.773198 0.378268 0.771208 0.374619 0.767050 0.374014 0.761079 0.375847 0.757738 0.378077 0.755571 0.381836 0.754883 0.384766 0.754883 0.390625 0.758789 0.391602 0.760742 0.392578 0.761719 0.392306 0.765983 0.389648 0.768555 0.387695 0.770508 0.385742 0.771484
1 0.167119 0.878812 0.161436 0.877836 0.157227 0.876953 0.155730 0.874638 0.154297 0.867188 0.151149 0.861755 0.153743 0.856958 0.157936 0.854337 0.161133 0.853516 0.165039 0.853516 0.167969 0.854492 0.171875 0.854492 0.174805 0.858398 0.172198 0.871084 0.169922 0.875000
1 0.156247 0.874487 0.153504 0.876683 0.149974 0.878572 0.144545 0.879427 0.140288 0.877933 0.137695 0.875000 0.135742 0.873047 0.136358 0.868634 0.138850 0.863664 0.143077 0.860066 0.147461 0.859375 0.150391 0.861328 0.152344 0.864258 0.154297 0.868164
1 0.114258 0.890625 0.111328 0.889648 0.107422 0.888672 0.106445 0.886719 0.104492 0.883789 0.103645 0.879577 0.107422 0.874023 0.112687 0.872406 0.118164 0.872070 0.120669 0.874012 0.125963 0.877646 0.127178 0.879755 0.125963 0.883965 0.124023 0.885742 0.124023 0.887695 0.122070 0.889648 0.120117 0.888672 0.119141 0.888672 0.118164 0.890625 0.116211 0.890625
1 0.203125 0.847656 0.206055 0.849609 0.207031 0.852539 0.208984 0.852539 0.209961 0.853516 0.212891 0.853516 0.213867 0.851562 0.216797 0.850586 0.218750 0.848633 0.220703 0.848633 0.221680 0.850586 0.223633 0.850586 0.223633 0.855469 0.221680 0.860352 0.218750 0.863281 0.216797 0.865234 0.214844 0.865234 0.211914 0.864258 0.209961 0.866211 0.208715 0.867279 0.205666 0.866437 0.204102 0.865234 0.203125 0.862305 0.201172 0.861328 0.201172 0.858398 0.201172 0.856445 0.200195 0.855469 0.200195 0.851562 0.201172 0.850586 0.202148 0.848633
1 0.210938 0.853516 0.208008 0.853516 0.207031 0.850586 0.204093 0.849389 0.204666 0.843762 0.207031 0.841797 0.207031 0.837891 0.208984 0.837891 0.210938 0.837891 0.212891 0.835938 0.215820 0.835938 0.219727 0.835938 0.219727 0.837891 0.222656 0.837891 0.224609 0.837891 0.224609 0.839844 0.222656 0.840820 0.222565 0.843286 0.224516 0.844604 0.222656 0.845703 0.224609 0.846680 0.225586 0.848633 0.224609 0.850586 0.221680 0.850586 0.220703 0.849609 0.220703 0.848633 0.218750 0.848633 0.216797 0.850586 0.213867 0.851562 0.212891 0.853516
1 0.762695 0.584961 0.759766 0.586914 0.754883 0.584961 0.749023 0.581055 0.746094 0.574219 0.745570 0.565838 0.747070 0.563477 0.751600 0.561100 0.756836 0.557617 0.763672 0.556641 0.764648 0.561523 0.764648 0.570312 0.763672 0.575195 0.763672 0.580078
1 0.763672 0.523438 0.758789 0.528320 0.753906 0.525391 0.750271 0.523372 0.748047 0.517578 0.748047 0.510742 0.751953 0.504883 0.758789 0.502930 0.762695 0.504883 0.763672 0.515625
1 0.762695 0.464844 0.758789 0.465820 0.755859 0.465820 0.751953 0.464844 0.750136 0.459958 0.751358 0.452762 0.754883 0.450195 0.758789 0.450195 0.762695 0.454102 0.762695 0.458984
1 0.761719 0.416016 0.757812 0.418945 0.752930 0.419922 0.749023 0.417969 0.745117 0.415039 0.744141 0.408203 0.745117 0.401367 0.748438 0.395588 0.751953 0.393555 0.755859 0.387695 0.760742 0.389648 0.762695 0.396484 0.762695 0.404297 0.763672 0.412109
1 0.761719 0.314453 0.758789 0.316406 0.753906 0.316406 0.750000 0.312500 0.748047 0.309570 0.744141 0.305664 0.739258 0.298828 0.741677 0.293547 0.747760 0.289662 0.752930 0.287109 0.758789 0.288086 0.762695 0.291992 0.762695 0.303711 0.763672 0.309570
1 0.762695 0.351562 0.758789 0.353516 0.753906 0.352539 0.750000 0.349609 0.750000 0.345703 0.753458 0.340562 0.757812 0.336914 0.760742 0.338867 0.762695 0.343750
1 0.763672 0.209961 0.760742 0.212891 0.753321 0.212709 0.747138 0.205607 0.746094 0.198242 0.750977 0.194336 0.756836 0.191406 0.760742 0.194336 0.761719 0.199219 0.764648 0.203125
1 0.760742 0.167969 0.757812 0.169922 0.750000 0.166016 0.742176 0.162047 0.738823 0.153777 0.738281 0.148438 0.743249 0.144957 0.750000 0.140625 0.755859 0.136719 0.759766 0.138672 0.761719 0.149414 0.761719 0.157227
1 0.760742 0.123047 0.756836 0.125000 0.751953 0.125000 0.748047 0.123047 0.745117 0.119141 0.742188 0.114258 0.745117 0.109375 0.747070 0.104492 0.752930 0.101562 0.758789 0.102539 0.761719 0.108398 0.762695 0.116211
1 0.761719 0.078125 0.756836 0.082031 0.752930 0.083008 0.746827 0.082799 0.741792 0.079196 0.738854 0.073209 0.739472 0.066309 0.742409 0.059864 0.747070 0.053711 0.751953 0.050781 0.759766 0.052734 0.760742 0.057617 0.761719 0.068359
1 0.761719 0.031250 0.755859 0.033203 0.749519 0.032436 0.743145 0.027473 0.740312 0.020062 0.745816 0.012717 0.754153 0.008283 0.757812 0.008789 0.761719 0.016602 0.762695 0.023438
1 0.472656 0.198242 0.471680 0.200195 0.469727 0.199219 0.465928 0.199893 0.464844 0.199219 0.459751 0.197255 0.453275 0.190262 0.450739 0.180142 0.453125 0.176758 0.454102 0.171875 0.458984 0.167969 0.465820 0.166992 0.469727 0.162109 0.484375 0.166992 0.491211 0.175781 0.491211 0.180664 0.493164 0.184570 0.489258 0.186523 0.487305 0.190430 0.482422 0.192383 0.482422 0.195312 0.480469 0.196289 0.475586 0.197266
1 0.637695 0.081055 0.634783 0.081107 0.631628 0.078042 0.629847 0.074203 0.630411 0.070365 0.632728 0.067567 0.637722 0.066854 0.640625 0.069336 0.642499 0.071105 0.642499 0.076376 0.641602 0.079102 0.638672 0.080078
1 0.576172 0.157227 0.573242 0.156250 0.571148 0.155263 0.568652 0.151769 0.568288 0.148053 0.570986 0.145168 0.575668 0.145168 0.578125 0.145508 0.579102 0.147461 0.581055 0.150391 0.581055 0.153320 0.580078 0.154297 0.578125 0.156250
1 0.539117 0.156352 0.534180 0.156250 0.532209 0.156796 0.529374 0.154623 0.527056 0.151586 0.527344 0.148438 0.529297 0.147461 0.530131 0.145388 0.534672 0.144745 0.539273 0.145362 0.541508 0.149039 0.542120 0.151635 0.541508 0.153413 0.541016 0.155273
1 0.337891 0.850586 0.334961 0.850586 0.332031 0.850586 0.331055 0.846680 0.329102 0.846680 0.328125 0.848633 0.326172 0.848633 0.323242 0.846680 0.321289 0.845703 0.321289 0.842773 0.321289 0.835938 0.323242 0.834961 0.325195 0.832031 0.330461 0.831014 0.334146 0.832562 0.334961 0.833984 0.334961 0.837891 0.335938 0.843750 0.336914 0.843750 0.337891 0.847656
1 0.295898 0.835938 0.291909 0.836427 0.287257 0.835596 0.282223 0.831484 0.279503 0.823308 0.280273 0.819336 0.284180 0.817383 0.289504 0.814529 0.296404 0.814483 0.302734 0.816406 0.303711 0.823242 0.302517 0.830976 0.301056 0.834163
1 0.320987 0.920816 0.316473 0.924026 0.311816 0.924728 0.305768 0.924669 0.300543 0.917957 0.297817 0.908677 0.298669 0.900271 0.304604 0.895428 0.309570 0.890625 0.318359 0.891602 0.320312 0.895508 0.320312 0.903320 0.323242 0.910156 0.323242 0.912109 0.323242 0.916992
1 0.327148 0.959961 0.322266 0.961914 0.319336 0.962891 0.313970 0.962118 0.308594 0.956055 0.306641 0.945312 0.306641 0.932617 0.310547 0.928711 0.315430 0.927734 0.320369 0.932101 0.326172 0.933594 0.329102 0.940430 0.332031 0.946289 0.332031 0.950195 0.332031 0.956055 0.329102 0.958984
1 0.307128 0.864907 0.309570 0.860352 0.313477 0.859375 0.315430 0.861328 0.318359 0.859375 0.323242 0.860352 0.327148 0.861328 0.329102 0.866211 0.329102 0.871094 0.326172 0.873047 0.323242 0.874023 0.321289 0.875977 0.318359 0.875000 0.316406 0.877930 0.311049 0.877574 0.307647 0.874325 0.306641 0.870117
1 0.129161 1.000000 0.133789 0.991211 0.139648 0.984375 0.148438 0.975586 0.158203 0.975586 0.165615 0.981904 0.172207 0.992777 0.171241 0.996549 0.170898 1.000000
1 0.103516 0.838867 0.098633 0.840820 0.094727 0.840820 0.091797 0.840820 0.088867 0.838867 0.088057 0.833954 0.090201 0.828021 0.094727 0.824219 0.098793 0.824123
1 0.391602 0.816406 0.390625 0.819336 0.389466 0.821524 0.386560 0.822689 0.382370 0.822321 0.380045 0.819350 0.378748 0.813834 0.378853 0.808594 0.381863 0.805407 0.386719 0.804688 0.389648 0.809570 0.390625 0.813477
1 0.089844 0.083984 0.092773 0.083984 0.097656 0.080078 0.098633 0.080078 0.100586 0.083008 0.105469 0.083008 0.105469 0.083008 0.107422 0.080078 0.110352 0.079102 0.111328 0.082031 0.114258 0.082031 0.116211 0.082031 0.119141 0.082031 0.121094 0.083984 0.122070 0.085938 0.123047 0.087891 0.125000 0.088867 0.126953 0.090820 0.128906 0.093750 0.131836 0.096680 0.131836 0.098633 0.130859 0.102539 0.128906 0.103516 0.125000 0.106445 0.124023 0.109375 0.120117 0.110352 0.118164 0.113281 0.116211 0.115234 0.114258 0.117188 0.110352 0.121094 0.110352 0.124023 0.107422 0.125977 0.101562 0.126953 0.100586 0.129883 0.097656 0.127930 0.096680 0.124023 0.094727 0.122070 0.092773 0.121094 0.089844 0.119141 0.092773 0.114258 0.088867 0.114258 0.087891 0.112305 0.087891 0.108398 0.085938 0.106445 0.086914 0.101562 0.089844 0.100586 0.090820 0.099609 0.090820 0.095703 0.088867 0.092773 0.088867 0.089844 0.092773 0.088867 0.090820 0.085938
0 0.020508 0.099609 0.022461 0.096680 0.023438 0.095703 0.024414 0.093750 0.027344 0.092773 0.027344 0.087891 0.031250 0.087891 0.031250 0.094727 0.033203 0.092773 0.034180 0.092773 0.038086 0.091797 0.040039 0.087891 0.041016 0.087891 0.044922 0.087891 0.046875 0.090820 0.047852 0.087891 0.049805 0.088867 0.049805 0.091797 0.053711 0.094727 0.054688 0.089844 0.054688 0.089844 0.058594 0.089844 0.061523 0.090820 0.062500 0.090820 0.063477 0.086914 0.069336 0.086914 0.071289 0.088867 0.073242 0.085938 0.076172 0.088867 0.079102 0.083984 0.080078 0.082031 0.082031 0.083008 0.082031 0.083984 0.083008 0.086914 0.085938 0.088867 0.086914 0.092773 0.085938 0.094727 0.083984 0.094727 0.084961 0.097656 0.084961 0.099609 0.083984 0.101562 0.082031 0.101562 0.081055 0.104492 0.080078 0.107422 0.077148 0.112305 0.075195 0.114258 0.069336 0.112305 0.066406 0.115234 0.062500 0.114258 0.059570 0.116211 0.056641 0.116211 0.057617 0.120117 0.058594 0.125977 0.056641 0.127930 0.052734 0.125977 0.048828 0.119141 0.044922 0.122070 0.046875 0.123047 0.048828 0.126953 0.048828 0.129883 0.048828 0.130859 0.041992 0.130859 0.038086 0.132812 0.035156 0.131836 0.033203 0.127930 0.032227 0.126953 0.031250 0.125000 0.030273 0.122070 0.030273 0.120117 0.028320 0.119141 0.025391 0.117188 0.022461 0.115234 0.019531 0.107422 0.019531 0.103516 0.020508 0.101562
1 0.000977 0.141602 0.002930 0.140625 0.004883 0.140625 0.004883 0.137695 0.006836 0.135742 0.006836 0.130859 0.010742 0.128906 0.010742 0.131836 0.012695 0.131836 0.014648 0.127930 0.016602 0.130859 0.016602 0.133789 0.018555 0.134766 0.020508 0.135742 0.020508 0.136719 0.022461 0.138672 0.027344 0.139648 0.031250 0.135742 0.036133 0.135742 0.036133 0.135742 0.037109 0.136719 0.040039 0.134766 0.041992 0.134766 0.044922 0.136719 0.049805 0.136719 0.048828 0.140625 0.047852 0.142578 0.044922 0.144531 0.054688 0.157227 0.053711 0.164062 0.052734 0.170898 0.052734 0.170898 0.054688 0.177734 0.055664 0.181641 0.056641 0.184570 0.054688 0.186523 0.050781 0.187500 0.047852 0.190430 0.042969 0.190430 0.039062 0.183594 0.037109 0.181641 0.035156 0.180664 0.035156 0.175781 0.032227 0.172852 0.029297 0.169922 0.028320 0.172852 0.022461 0.170898 0.019531 0.171875 0.016602 0.169922 0.013672 0.172852 0.012695 0.176758 0.003906 0.177734 0.000000 0.173828 0.000000 0.173828
1 0.106445 0.135742 0.107422 0.133789 0.110352 0.130859 0.111328 0.129883 0.114258 0.129883 0.115234 0.132812 0.115234 0.136719 0.116211 0.139648 0.116211 0.142578 0.114258 0.144531 0.111328 0.144531 0.107422 0.141602 0.106445 0.137695
1 0.132812 0.119141 0.130859 0.121094 0.129883 0.122070 0.127930 0.120117 0.125977 0.124023 0.125977 0.126953 0.129883 0.128906 0.130859 0.126953 0.130859 0.127930 0.129883 0.128906 0.126953 0.129883 0.126953 0.131836 0.129883 0.133789 0.132812 0.135742 0.135742 0.135742 0.136719 0.130859 0.135742 0.127930 0.134766 0.124023 0.134766 0.121094 0.133789 0.120117
1 0.152344 0.129883 0.154297 0.126953 0.156250 0.125977 0.158203 0.124023 0.160156 0.123047 0.164062 0.126953 0.165039 0.127930 0.164062 0.130859 0.163086 0.131836 0.165039 0.131836 0.166016 0.132812 0.166016 0.135742 0.164062 0.137695 0.165039 0.140625 0.162109 0.140625 0.158203 0.141602 0.157227 0.139648 0.156250 0.135742 0.155273 0.134766 0.153320 0.133789
1 0.155273 0.145508 0.156250 0.143555 0.159180 0.142578 0.161133 0.142578 0.164062 0.147461 0.166992 0.149414 0.168945 0.153320 0.166016 0.155273 0.163086 0.156250 0.161133 0.156250 0.160156 0.153320 0.160156 0.151367 0.159180 0.149414 0.157227 0.147461
1 0.161133 0.163086 0.164062 0.161133 0.166992 0.160156 0.169922 0.162109 0.172852 0.162109 0.174805 0.165039 0.175781 0.168945 0.170898 0.170898 0.170898 0.170898 0.168945 0.171875 0.166016 0.169922 0.164062 0.168945 0.162109 0.166016
1 0.164062 0.178711 0.165039 0.174805 0.166016 0.174805 0.170898 0.176758 0.170898 0.176758 0.173828 0.177734 0.177734 0.181641 0.179688 0.184570 0.179688 0.189453 0.176758 0.191406 0.174805 0.193359 0.172852 0.193359 0.169922 0.195312 0.167969 0.193359 0.166992 0.189453 0.166016 0.187500 0.165039 0.183594 0.164062 0.181641
1 0.083984 0.048828 0.083984 0.045898 0.085938 0.045898 0.087891 0.045898 0.088867 0.046875 0.090820 0.048828 0.090820 0.051758 0.090820 0.055664 0.087891 0.056641 0.084961 0.055664 0.083984 0.051758
1 0.420898 0.114258 0.423828 0.108398 0.427734 0.108398 0.431641 0.107422 0.432617 0.106445 0.434570 0.106445 0.437500 0.106445 0.439453 0.106445 0.442383 0.105469 0.443359 0.108398 0.444336 0.111328 0.446289 0.113281 0.446289 0.117188 0.445312 0.118164 0.446289 0.119141 0.447266 0.123047 0.444336 0.125000 0.440430 0.128906 0.436523 0.130859 0.436523 0.132812 0.432617 0.131836 0.428711 0.130859 0.424805 0.125000 0.422852 0.122070 0.420898 0.121094 0.421875 0.118164 0.419922 0.117188
1 0.612305 0.139648 0.614258 0.135742 0.618164 0.133789 0.623047 0.128906 0.625000 0.127930 0.634766 0.128906 0.642578 0.129883 0.644531 0.131836 0.644531 0.145508 0.641602 0.153320 0.639648 0.154297 0.637695 0.155273 0.632812 0.156250 0.627930 0.156250 0.624023 0.155273 0.621094 0.152344 0.618164 0.149414 0.614258 0.147461 0.613281 0.144531
1 0.634766 0.314453 0.632812 0.307617 0.634766 0.303711 0.642578 0.300781 0.644531 0.302734 0.647461 0.304688 0.649414 0.308594 0.649414 0.311523 0.649414 0.314453 0.646484 0.314453 0.643555 0.314453 0.641602 0.312500 0.637695 0.315430
1 0.634766 0.314453 0.633789 0.315430 0.633789 0.320312 0.636719 0.321289 0.643555 0.320312 0.648438 0.320312 0.650391 0.318359 0.650391 0.314453 0.650391 0.314453 0.649414 0.314453 0.643555 0.314453 0.641602 0.312500 0.637695 0.315430
1 0.634766 0.320312 0.634766 0.323242 0.638672 0.328125 0.639648 0.328125 0.641602 0.328125 0.642578 0.326172 0.645508 0.328125 0.647461 0.328125 0.649414 0.327148 0.650391 0.326172 0.650391 0.321289 0.648438 0.320312 0.643555 0.320312 0.636719 0.321289
1 0.640625 0.328125 0.639648 0.330078 0.638672 0.330078 0.638672 0.333008 0.639648 0.334961 0.643555 0.337891 0.644531 0.337891 0.647461 0.335938 0.648438 0.331055 0.646484 0.330078 0.645508 0.328125 0.642578 0.326172 0.641602 0.328125
1 0.639648 0.334961 0.636719 0.335938 0.636719 0.340820 0.636719 0.343750 0.639648 0.344727 0.641602 0.345703 0.645508 0.345703 0.647461 0.345703 0.649414 0.343750 0.652344 0.341797 0.652344 0.336914 0.651367 0.334961 0.649414 0.333984 0.648438 0.334961 0.647461 0.334961 0.647461 0.335938 0.644531 0.337891 0.643555 0.337891
1 0.638672 0.344727 0.636719 0.346680 0.636719 0.349609 0.636719 0.351562 0.637695 0.353516 0.640625 0.354492 0.641602 0.354492 0.642578 0.353516 0.647461 0.353516 0.647461 0.354492 0.652344 0.354492 0.652344 0.354492 0.654297 0.351562 0.654297 0.349609 0.652344 0.347656 0.651367 0.345703 0.649414 0.344727 0.648438 0.344727 0.647461 0.345703 0.641602 0.345703
1 0.639648 0.355469 0.638672 0.360352 0.641602 0.362305 0.644531 0.363281 0.646484 0.362305 0.648438 0.361328 0.649414 0.359375 0.649414 0.355469 0.648438 0.354492 0.647461 0.353516 0.642578 0.353516 0.641602 0.354492
1 0.639648 0.361328 0.636719 0.363281 0.637695 0.368164 0.639648 0.370117 0.643555 0.372070 0.645508 0.372070 0.647461 0.369141 0.650391 0.367188 0.650391 0.365234 0.647461 0.363281 0.646484 0.362305 0.644531 0.363281 0.644531 0.363281 0.642578 0.363281
1 0.631836 0.472656 0.632812 0.469727 0.635742 0.468750 0.636719 0.465820 0.640625 0.464844 0.641602 0.465820 0.645508 0.466797 0.646484 0.472656 0.646484 0.475586 0.646484 0.479492 0.643555 0.480469 0.640625 0.478516 0.634766 0.477539 0.632812 0.476562
1 0.598633 0.481445 0.600586 0.481445 0.602539 0.480469 0.603516 0.479492 0.604492 0.479492 0.604492 0.477539 0.607422 0.476562 0.610352 0.475586 0.615234 0.475586 0.616211 0.473633 0.617188 0.472656 0.619141 0.471680 0.621094 0.469727 0.622070 0.470703 0.623047 0.471680 0.625000 0.473633 0.625000 0.475586 0.627930 0.476562 0.629883 0.480469 0.634766 0.483398 0.634766 0.484375 0.632812 0.487305 0.628906 0.488281 0.626953 0.488281 0.625000 0.489258 0.624023 0.489258 0.624023 0.492188 0.623047 0.495117 0.619141 0.495117 0.618164 0.496094 0.616211 0.497070 0.612305 0.497070 0.612305 0.494141 0.609375 0.494141 0.608398 0.495117 0.605469 0.494141 0.603516 0.495117 0.601562 0.493164 0.597656 0.494141 0.597656 0.490234 0.600586 0.488281 0.603516 0.488281 0.604492 0.488281 0.603516 0.486328 0.601562 0.485352 0.600586 0.485352 0.598633 0.484375
1 0.627930 0.475586 0.629883 0.474609 0.631836 0.474609 0.632812 0.475586 0.632812 0.476562 0.634766 0.477539 0.638672 0.478516 0.638672 0.479492 0.639648 0.482422 0.637695 0.484375 0.635742 0.485352 0.634766 0.485352 0.634766 0.483398 0.629883 0.480469
1 0.587891 0.488281 0.591797 0.488281 0.594727 0.486328 0.598633 0.486328 0.599609 0.485352 0.601562 0.485352 0.603516 0.486328 0.604492 0.488281 0.600586 0.488281 0.597656 0.490234 0.597656 0.492188 0.591797 0.495117 0.591797 0.495117 0.590820 0.495117 0.590820 0.492188 0.587891 0.491211
0 0.482422 0.415039 0.485352 0.412109 0.486328 0.411133 0.490234 0.410156 0.491211 0.413086 0.497070 0.414062 0.503906 0.413086 0.507812 0.411133 0.510742 0.411133 0.511719 0.411133 0.514648 0.411133 0.518555 0.408203 0.520508 0.409180 0.520508 0.410156 0.521484 0.414062 0.519531 0.415039 0.517578 0.416016 0.515625 0.416016 0.512695 0.416016 0.512695 0.417969 0.510742 0.419922 0.508789 0.420898 0.507812 0.422852 0.507812 0.423828 0.509766 0.424805 0.513672 0.425781 0.513672 0.428711 0.514648 0.430664 0.515625 0.432617 0.512695 0.433594 0.507812 0.436523 0.502930 0.435547 0.500977 0.433594 0.498047 0.433594 0.497070 0.432617 0.495117 0.432617 0.495117 0.435547 0.495117 0.436523 0.496094 0.438477 0.494141 0.439453 0.492188 0.441406 0.492188 0.436523 0.492188 0.436523 0.491211 0.434570 0.488281 0.434570 0.488281 0.433594 0.489258 0.431641 0.490234 0.429688 0.490234 0.427734 0.489258 0.425781 0.489258 0.422852 0.486328 0.420898 0.484375 0.417969
1 0.339844 0.595703 0.341797 0.593750 0.343750 0.592773 0.344727 0.593750 0.345703 0.592773 0.348633 0.592773 0.348633 0.591797 0.351562 0.588867 0.351562 0.588867 0.353516 0.587891 0.355469 0.588867 0.356445 0.591797 0.356445 0.592773 0.358398 0.592773 0.360352 0.592773 0.361328 0.594727 0.361328 0.596680 0.362305 0.596680 0.362305 0.599609 0.359375 0.600586 0.359375 0.602539 0.358398 0.603516 0.356445 0.605469 0.355469 0.606445 0.355469 0.608398 0.355469 0.609375 0.354492 0.611328 0.351562 0.614258 0.348633 0.616211 0.345703 0.612305 0.344727 0.609375 0.344727 0.605469 0.344727 0.605469 0.343750 0.604492 0.342773 0.602539 0.340820 0.598633
1 0.347656 0.592773 0.345703 0.589844 0.343750 0.586914 0.341797 0.586914 0.340820 0.586914 0.338867 0.587891 0.336914 0.590820 0.334961 0.594727 0.333008 0.597656 0.333008 0.599609 0.332031 0.601562 0.330078 0.603516 0.330078 0.607422 0.333008 0.611328 0.334961 0.613281 0.337891 0.612305 0.341797 0.609375 0.342773 0.607422 0.343750 0.607422 0.343750 0.604492 0.339844 0.595703 0.341797 0.593750 0.343750 0.592773 0.344727 0.593750 0.345703 0.592773
1 0.340820 0.586914 0.337891 0.585938 0.334961 0.585938 0.332031 0.586914 0.331055 0.585938 0.329102 0.585938 0.326172 0.586914 0.324219 0.588867 0.323242 0.592773 0.325195 0.597656 0.326172 0.600586 0.327148 0.603516 0.329102 0.604492 0.330078 0.603516 0.332031 0.601562 0.333008 0.599609 0.333008 0.597656 0.334961 0.594727 0.336914 0.590820 0.338867 0.587891
1 0.347656 0.622070 0.346680 0.625977 0.349609 0.630859 0.353516 0.633789 0.355469 0.632812 0.357422 0.631836 0.359375 0.627930 0.362305 0.625977 0.358398 0.614258 0.356445 0.610352 0.355469 0.609375 0.352539 0.613281 0.350586 0.615234 0.350586 0.620117
1 0.352539 0.632812 0.351562 0.638672 0.351562 0.638672 0.353516 0.644531 0.356445 0.651367 0.358398 0.652344 0.363281 0.649414 0.365234 0.647461 0.365234 0.638672 0.363281 0.633789 0.363281 0.633789 0.361328 0.631836 0.359375 0.629883 0.359375 0.629883 0.358398 0.629883 0.357422 0.631836 0.353516 0.633789
1 0.356445 0.651367 0.355469 0.654297 0.356445 0.656250 0.359375 0.654297 0.360352 0.653320 0.363281 0.652344 0.365234 0.652344 0.366211 0.650391 0.364258 0.649414 0.364258 0.648438 0.363281 0.649414 0.360352 0.651367 0.358398 0.652344
1 0.365234 0.652344 0.367188 0.654297 0.368164 0.659180 0.368164 0.663086 0.367188 0.665039 0.366211 0.667969 0.364258 0.668945 0.361328 0.668945 0.360352 0.669922 0.358398 0.667969 0.358398 0.662109 0.357422 0.661133 0.356445 0.658203 0.356445 0.656250 0.359375 0.654297 0.360352 0.653320 0.363281 0.652344
1 0.366211 0.666992 0.370117 0.668945 0.372070 0.672852 0.372070 0.681641 0.371094 0.684570 0.369141 0.685547 0.366211 0.687500 0.365234 0.689453 0.362305 0.688477 0.362305 0.686523 0.360352 0.684570 0.361328 0.682617 0.361328 0.681641 0.360352 0.680664 0.359375 0.677734 0.359375 0.673828 0.361328 0.671875 0.361328 0.668945 0.364258 0.668945 0.366211 0.667969
1 0.364258 0.706055 0.367188 0.702148 0.369141 0.701172 0.374023 0.701172 0.377930 0.702148 0.379883 0.704102 0.380859 0.710938 0.381836 0.713867 0.383789 0.718750 0.382812 0.723633 0.382812 0.725586 0.382812 0.727539 0.381836 0.729492 0.379883 0.731445 0.376953 0.733398 0.373047 0.736328 0.370117 0.735352 0.366211 0.733398 0.365234 0.723633 0.365234 0.723633 0.368164 0.719727 0.370117 0.716797 0.371094 0.714844 0.369141 0.714844 0.366211 0.712891 0.366211 0.708984 0.365234 0.707031
1 0.229492 0.641602 0.234375 0.639648 0.236328 0.639648 0.239258 0.640625 0.241211 0.640625 0.242188 0.641602 0.242188 0.645508 0.241211 0.648438 0.237305 0.649414 0.234375 0.650391 0.231445 0.648438 0.228516 0.646484
1 0.459961 0.750000 0.458008 0.755859 0.457031 0.758789 0.459961 0.760742 0.462891 0.763672 0.463867 0.763672 0.467773 0.761719 0.470703 0.761719 0.473633 0.760742 0.471680 0.751953 0.472656 0.749023 0.471680 0.747070 0.468750 0.748047
1 0.456055 0.758789 0.454102 0.759766 0.450195 0.761719 0.449219 0.767578 0.453125 0.772461 0.456055 0.773438 0.460938 0.770508 0.464844 0.768555 0.463867 0.763672 0.461914 0.762695
1 0.450195 0.811523 0.448242 0.812500 0.448242 0.815430 0.446289 0.817383 0.445312 0.818359 0.444336 0.820312 0.445312 0.822266 0.443359 0.825195 0.444336 0.828125 0.445312 0.831055 0.445312 0.833008 0.449219 0.834961 0.452148 0.835938 0.455078 0.833984 0.457031 0.833984 0.458984 0.833984 0.461914 0.831055 0.461914 0.829102 0.459961 0.826172 0.459961 0.825195 0.462891 0.827148 0.462891 0.825195 0.462891 0.821289 0.458984 0.819336 0.458008 0.817383 0.457031 0.815430 0.455078 0.814453 0.453125 0.813477
0 0.291016 0.845703 0.291992 0.850586 0.289062 0.852539 0.290039 0.856445 0.292969 0.858398 0.291992 0.859375 0.290039 0.861328 0.290039 0.864258 0.290039 0.867188 0.290039 0.869141 0.291992 0.870117 0.293945 0.870117 0.296875 0.871094 0.296875 0.874023 0.296875 0.876953 0.297852 0.879883 0.299805 0.881836 0.299805 0.883789 0.297852 0.886719 0.299805 0.887695 0.299805 0.890625 0.299805 0.894531 0.302734 0.895508 0.305664 0.892578 0.305664 0.889648 0.306641 0.885742 0.308594 0.884766 0.310547 0.882812 0.313477 0.878906 0.314453 0.877930 0.309570 0.876953 0.307617 0.873047 0.305664 0.870117 0.306641 0.864258 0.309570 0.861328 0.311523 0.859375 0.309570 0.858398 0.308594 0.855469 0.310547 0.855469 0.312500 0.849609 0.310547 0.849609 0.309570 0.847656 0.308594 0.847656 0.305664 0.846680 0.305664 0.842773 0.303711 0.841797 0.302734 0.837891 0.299805 0.836914 0.299805 0.834961 0.296875 0.835938 0.292969 0.835938 0.291992 0.836914 0.292969 0.839844 0.293945 0.842773
0 0.067383 0.625977 0.069336 0.621094 0.073242 0.622070 0.075195 0.622070 0.077148 0.619141 0.078125 0.618164 0.082031 0.619141 0.083008 0.618164 0.085938 0.618164 0.087891 0.620117 0.089844 0.620117 0.091797 0.619141 0.093750 0.617188 0.096680 0.617188 0.099609 0.616211 0.100586 0.616211 0.103516 0.615234 0.104492 0.614258 0.107422 0.617188 0.108398 0.616211 0.111328 0.615234 0.114258 0.616211 0.116211 0.614258 0.116211 0.613281 0.118164 0.612305 0.121094 0.610352 0.122070 0.609375 0.124023 0.610352 0.125977 0.609375 0.128906 0.608398 0.130859 0.609375 0.133789 0.611328 0.134766 0.614258 0.140625 0.615234 0.141602 0.615234 0.145508 0.620117 0.142578 0.622070 0.141602 0.626953 0.141602 0.626953 0.141602 0.628906 0.143555 0.632812 0.146484 0.635742 0.147461 0.636719 0.146484 0.638672 0.145508 0.640625 0.143555 0.640625 0.139648 0.641602 0.139648 0.643555 0.138672 0.648438 0.137695 0.649414 0.130859 0.648438 0.127930 0.650391 0.123047 0.652344 0.123047 0.653320 0.124023 0.656250 0.122070 0.661133 0.117188 0.664062 0.115234 0.666016 0.110352 0.667969 0.110352 0.667969 0.103516 0.670898 0.099609 0.671875 0.099609 0.669922 0.096680 0.668945 0.094727 0.671875 0.090820 0.671875 0.090820 0.668945 0.090820 0.666992 0.093750 0.664062 0.094727 0.663086 0.091797 0.662109 0.088867 0.658203 0.086914 0.659180 0.085938 0.661133 0.083984 0.662109 0.083008 0.661133 0.080078 0.661133 0.076172 0.658203 0.076172 0.656250 0.077148 0.656250 0.078125 0.655273 0.078125 0.652344 0.076172 0.650391 0.076172 0.648438 0.075195 0.649414 0.073242 0.648438 0.069336 0.646484 0.069336 0.643555 0.069336 0.638672 0.066406 0.637695 0.066406 0.633789 0.066406 0.630859 0.067383 0.629883 0.067383 0.628906
0 0.041016 0.777344 0.041016 0.776367 0.040039 0.774414 0.040039 0.772461 0.040039 0.770508 0.041016 0.768555 0.044922 0.764648 0.048828 0.762695 0.050781 0.761719 0.057617 0.763672 0.058594 0.763672 0.062500 0.762695 0.065430 0.761719 0.068359 0.761719 0.071289 0.759766 0.073242 0.760742 0.077148 0.763672 0.080078 0.766602 0.080078 0.769531 0.080078 0.771484 0.082031 0.774414 0.084961 0.773438 0.084961 0.773438 0.089844 0.776367 0.089844 0.778320 0.086914 0.780273 0.084961 0.782227 0.088867 0.783203 0.089844 0.784180 0.090820 0.785156 0.088867 0.787109 0.087891 0.788086 0.088867 0.790039 0.088867 0.791016 0.089844 0.792969 0.090820 0.795898 0.090820 0.797852 0.087891 0.799805 0.083984 0.795898 0.081055 0.796875 0.080078 0.798828 0.078125 0.797852 0.076172 0.800781 0.076172 0.800781 0.073242 0.800781 0.071289 0.799805 0.069336 0.800781 0.068359 0.799805 0.064453 0.800781 0.063477 0.799805 0.062500 0.798828 0.057617 0.794922 0.057617 0.793945 0.054688 0.795898 0.052734 0.794922 0.049805 0.794922 0.046875 0.792969 0.043945 0.790039 0.044922 0.789062 0.040039 0.783203 0.039062 0.779297