0 0.287371 0.061714 0.282349 0.063383 0.277843 0.062549 0.274651 0.060149 0.270191 0.057229 0.264981 0.040539 0.270051 0.029170 0.272680 0.024685 0.280565 0.017070 0.286339 0.013836 0.294788 0.011229 0.307743 0.010749 0.308606 0.012366 0.307907 0.023309 0.301260 0.038100 0.296933 0.045058 0.292654 0.051272 0.288734 0.062108
1 0.122447 0.274738 0.119685 0.276785 0.116384 0.274270 0.116230 0.268556 0.118917 0.264207 0.122352 0.258450 0.127033 0.259218 0.130806 0.260860 0.130813 0.267404 0.127476 0.269770 0.124366 0.275208
1 0.158931 0.232765 0.154826 0.235186 0.149987 0.233609 0.148069 0.229297 0.149912 0.221844 0.156372 0.222237 0.159943 0.224827 0.161869 0.230457
1 0.062709 0.595385 0.052918 0.595498 0.043484 0.590258 0.040102 0.576131 0.052846 0.567488 0.066913 0.566334 0.072809 0.572759 0.072809 0.590258
1 0.074201 0.639827 0.070147 0.637261 0.067936 0.629070 0.071008 0.620279 0.080640 0.619023 0.088552 0.624123 0.088552 0.632511 0.082286 0.638080
1 0.283182 0.571164 0.271880 0.571776 0.262407 0.571656 0.255188 0.555461 0.260159 0.539568 0.270512 0.535180 0.282358 0.532970 0.292172 0.539175 0.292172 0.562424
1 0.353024 0.480093 0.344083 0.481670 0.335638 0.476938 0.328684 0.461326 0.339896 0.450604 0.357185 0.448005 0.356785 0.460380 0.357211 0.472208
1 0.399262 0.715562 0.383770 0.711555 0.366967 0.697529 0.368310 0.691025 0.373690 0.686365 0.383789 0.683282 0.393040 0.684738 0.401713 0.688850 0.406840 0.695404 0.406840 0.708550 0.402291 0.716002
1 0.440181 0.702640 0.428387 0.705895 0.415628 0.700156 0.412429 0.688164 0.417016 0.680369 0.423953 0.675059 0.434631 0.669662 0.450974 0.665979 0.458402 0.678898 0.458451 0.692019 0.445886 0.702555
1 0.504963 0.656752 0.493523 0.660890 0.487627 0.657000 0.485187 0.648182 0.488416 0.639843 0.496707 0.637580 0.502874 0.641459 0.506526 0.646074 0.506540 0.656004
1 0.525017 0.642991 0.518705 0.643723 0.513002 0.639611 0.507806 0.632627 0.507400 0.624967 0.510315 0.620799 0.518350 0.619447 0.526056 0.621925 0.530818 0.630299 0.530846 0.638936
0 0.674913 0.572462 0.667644 0.573094 0.655261 0.578967 0.648486 0.561869 0.650494 0.539383 0.665630 0.528604 0.685672 0.524590 0.688879 0.534551 0.690139 0.548019 0.682713 0.566058
1 0.562063 0.584818 0.574864 0.588840 0.580811 0.596495 0.580829 0.619371 0.570441 0.628754 0.556836 0.628754 0.547453 0.615350 0.544304 0.596436 0.557439 0.584372
0 0.573216 0.578654 0.581496 0.592562 0.586456 0.617816 0.592815 0.613261 0.607517 0.605621 0.617855 0.600154 0.625943 0.591261 0.625235 0.580143 0.621399 0.570878 0.611769 0.563559 0.599887 0.562447 0.588630 0.566339
1 0.559398 0.402107 0.547244 0.402796 0.538005 0.399765 0.526285 0.388189 0.521820 0.368622 0.539245 0.358149 0.556546 0.352638 0.572296 0.360905 0.573495 0.370211 0.573536 0.391359 0.566405 0.399352
1 0.961126 0.267313 0.956124 0.266958 0.951653 0.262642 0.949844 0.256078 0.953063 0.251052 0.961404 0.248955 0.966653 0.252730 0.966661 0.261813
1 0.967457 0.288142 0.959444 0.290489 0.955462 0.285729 0.952717 0.276805 0.956700 0.272268 0.964665 0.272342 0.968213 0.279035 0.968515 0.284391
1 0.990637 0.299488 0.985182 0.299488 0.980964 0.297034 0.978956 0.289522 0.981901 0.285060 0.988026 0.282903 0.993515 0.285016 0.993515 0.296439
1 0.883332 0.355519 0.877151 0.355778 0.870078 0.354482 0.865686 0.352617 0.863159 0.341268 0.867590 0.330471 0.878474 0.331334 0.887568 0.334910 0.887568 0.348177 0.885392 0.356037
1 0.905415 0.355489 0.899876 0.357761 0.894699 0.353584 0.891731 0.347355 0.894666 0.341054 0.900238 0.338562 0.906372 0.340102 0.911581 0.351498
1 0.900427 0.336004 0.897096 0.335375 0.891740 0.333004 0.886798 0.328553 0.884119 0.321198 0.884903 0.315828 0.888191 0.311716 0.895659 0.310022 0.901951 0.311957 0.908673 0.318618 0.910437 0.327218 0.907046 0.334746
1 0.921493 0.317768 0.917344 0.318667 0.913263 0.316418 0.911966 0.314232 0.911149 0.309228 0.915077 0.306036 0.918245 0.306411 0.921328 0.306881 0.923887 0.307805 0.924962 0.310838 0.923299 0.316329
1 0.865950 0.399117 0.861000 0.402598 0.856020 0.401605 0.851245 0.397255 0.854783 0.389394 0.860828 0.385349 0.866701 0.382906 0.872284 0.382653 0.874531 0.387715 0.872299 0.394354
1 0.841494 0.396373 0.832437 0.398791 0.825012 0.398056 0.818688 0.393073 0.814755 0.383515 0.820931 0.374692 0.829055 0.371997 0.840120 0.371589 0.846616 0.376778 0.846616 0.389326
1 0.841782 0.400876 0.846058 0.399766 0.848819 0.402467 0.848819 0.408073 0.846355 0.411760 0.843679 0.412233 0.839425 0.410628 0.836600 0.406321 0.838111 0.403183
1 0.828319 0.419556 0.822925 0.418435 0.818538 0.412385 0.815917 0.405718 0.817328 0.399275 0.822547 0.398155 0.826454 0.401629 0.829933 0.406559 0.834294 0.411011 0.834622 0.416082
1 0.798600 0.439272 0.791227 0.437311 0.782705 0.434171 0.779395 0.423182 0.783897 0.414842 0.790432 0.412291 0.799042 0.411310 0.802460 0.420095 0.806415 0.424850 0.802485 0.435151
1 0.797982 0.465960 0.792640 0.465665 0.788533 0.460563 0.790632 0.454625 0.794017 0.452810 0.795884 0.453121 0.797611 0.453640 0.800039 0.454988 0.801674 0.456130 0.801854 0.455891 0.802561 0.460902 0.801860 0.463859 0.799713 0.466193
0 0.776008 0.475559 0.763122 0.479756 0.758047 0.466578 0.752283 0.451172 0.764464 0.439931 0.776977 0.432387 0.787055 0.440328 0.788691 0.447770 0.787094 0.463004
1 0.800646 0.680885 0.794754 0.682540 0.789336 0.679756 0.786322 0.673134 0.793129 0.667866 0.799799 0.668167 0.802711 0.675240
1 0.785803 0.650062 0.779187 0.649968 0.772356 0.642474 0.778332 0.636118 0.782582 0.633331 0.788438 0.633535 0.793105 0.635598 0.793105 0.644302 0.790632 0.648835
1 0.797058 0.634952 0.793563 0.632572 0.789306 0.630759 0.784214 0.627957 0.789943 0.621069 0.796140 0.621126 0.800463 0.623197 0.800474 0.631893
1 0.814345 0.618859 0.808583 0.617557 0.805038 0.611437 0.807231 0.607357 0.812356 0.604467 0.818804 0.605744 0.820924 0.609170 0.818833 0.614440
1 0.756427 0.518519 0.750806 0.523281 0.745588 0.525169 0.733319 0.523932 0.729558 0.521171 0.732899 0.515521 0.739955 0.511143 0.749038 0.510508 0.754809 0.514380 0.756722 0.519838
1 0.779083 0.505478 0.777170 0.508304 0.774365 0.509092 0.770374 0.508646 0.766891 0.504948 0.766506 0.499742 0.769480 0.497893 0.773271 0.497928 0.776770 0.499811 0.778881 0.502653
1 0.811740 0.709125 0.808498 0.709576 0.803805 0.705298 0.801744 0.701921 0.806675 0.695092 0.813361 0.694041 0.815343 0.695884 0.818731 0.702146 0.815388 0.707399
1 0.832553 0.467681 0.830623 0.468742 0.827101 0.468653 0.822921 0.466708 0.823001 0.461136 0.826344 0.459234 0.832135 0.460578 0.833565 0.463333 0.832135 0.467371
1 0.846562 0.481080 0.842683 0.480727 0.839120 0.475773 0.841210 0.470776 0.845130 0.470467 0.848194 0.472767 0.848871 0.477365
1 0.916288 0.437350 0.913859 0.437537 0.911318 0.434323 0.912905 0.430923 0.916766 0.430050 0.918164 0.432495 0.919321 0.434823 0.918170 0.437288
1 0.890410 0.376716 0.888423 0.376582 0.885031 0.375047 0.884801 0.371628 0.888096 0.370040 0.891984 0.369286 0.893584 0.371020 0.893184 0.374374
1 0.989905 0.413387 0.986460 0.413545 0.982824 0.411908 0.981327 0.404568 0.985058 0.401083 0.990451 0.400714 0.996035 0.407525 0.995038 0.410060
1 0.831916 0.562306 0.828575 0.565468 0.824996 0.563250 0.822610 0.558237 0.825191 0.554381 0.828207 0.551557 0.832849 0.550496 0.836623 0.555104 0.835950 0.559442
1 0.650837 0.666595 0.645980 0.666476 0.641901 0.662659 0.645551 0.656279 0.651105 0.653357 0.657896 0.650171 0.658484 0.655504 0.657921 0.659320
1 0.602585 0.689007 0.599386 0.687874 0.598375 0.684076 0.599390 0.681127 0.602615 0.679306 0.606479 0.679161 0.608975 0.679833 0.610192 0.684348 0.606062 0.687141
1 0.565816 0.707598 0.562917 0.707282 0.560117 0.704630 0.559592 0.700335 0.561894 0.697935 0.565518 0.697177 0.569937 0.698408 0.571154 0.699585 0.571159 0.704440
1 0.777257 0.529791 0.773990 0.530646 0.771831 0.528382 0.770204 0.523685 0.772104 0.520238 0.775328 0.519495 0.779373 0.520475 0.780918 0.523226 0.780924 0.528415
1 0.665696 0.755771 0.661761 0.756256 0.655565 0.757228 0.651558 0.752693 0.658518 0.746863 0.666680 0.747835 0.670761 0.751965
1 0.651198 0.769316 0.647415 0.770404 0.643109 0.768565 0.640256 0.763575 0.642214 0.759109 0.646537 0.758134 0.651012 0.759072 0.653190 0.762036 0.653309 0.765901
1 0.641032 0.775808 0.637588 0.777084 0.634210 0.775508 0.632897 0.772044 0.634428 0.767703 0.639377 0.767032 0.643608 0.767847 0.643608 0.774294
0 0.591263 0.802282 0.593596 0.794827 0.598392 0.790576 0.604603 0.786732 0.609840 0.785648 0.609844 0.794595 0.605231 0.799079 0.599544 0.801583
1 0.573247 0.822919 0.569931 0.823715 0.568591 0.821569 0.567360 0.818074 0.569557 0.814268 0.573465 0.812087 0.576326 0.814420 0.576533 0.815859 0.576331 0.819735
1 0.569884 0.836554 0.566613 0.837246 0.563312 0.835343 0.562362 0.830463 0.565383 0.828214 0.568326 0.827037 0.571000 0.830200 0.571005 0.835516
1 0.570106 0.852519 0.566846 0.851553 0.563368 0.847749 0.567525 0.842799 0.574124 0.845901 0.572959 0.850949
1 0.791518 0.877582 0.782255 0.877766 0.773985 0.867291 0.767948 0.859757 0.781346 0.845790 0.803401 0.842371 0.806402 0.859830 0.803426 0.870599
0 0.899324 0.718123 0.894093 0.711057 0.892109 0.700420 0.893170 0.690087 0.896999 0.684160 0.901204 0.672535 0.911583 0.678655 0.915188 0.681349 0.908442 0.688077 0.902972 0.699713 0.903017 0.711360
1 0.926690 0.675678 0.920540 0.675796 0.916200 0.669109 0.920247 0.662424 0.929113 0.664341 0.929619 0.668104 0.929113 0.673429
1 0.939285 0.659643 0.933454 0.660294 0.928607 0.656685 0.926291 0.650708 0.928980 0.646803 0.934359 0.645265 0.940482 0.647336 0.942906 0.653903
1 0.944937 0.635465 0.942389 0.635275 0.940226 0.634423 0.938925 0.631486 0.939256 0.627058 0.941696 0.625376 0.944478 0.625305 0.946791 0.626679 0.948018 0.628756 0.948017 0.632386 0.946737 0.634565
1 0.874645 0.603534 0.870584 0.603994 0.867303 0.603074 0.864277 0.599040 0.862303 0.594120 0.864404 0.588848 0.870377 0.586760 0.876030 0.587963 0.880057 0.591197 0.880187 0.595126 0.878706 0.600738
1 0.905138 0.586890 0.902892 0.586368 0.900688 0.583953 0.902010 0.580200 0.905563 0.579679 0.907697 0.580801 0.907708 0.585813
1 0.859950 0.679893 0.857602 0.680089 0.855519 0.675707 0.858688 0.671915 0.861213 0.676494
1 0.879899 0.615471 0.878073 0.613384 0.875854 0.609363 0.877681 0.604356 0.880600 0.603294 0.883859 0.603446 0.887578 0.604149 0.887827 0.607782 0.887830 0.611148 0.885818 0.613472 0.883560 0.615138
1 0.852900 0.618806 0.849434 0.619850 0.847026 0.619978 0.845370 0.617281 0.846410 0.611118 0.850166 0.609938 0.854425 0.612077 0.854381 0.616571
1 0.841522 0.625064 0.838199 0.625125 0.835521 0.623674 0.833520 0.621457 0.833623 0.617417 0.835841 0.615563 0.838081 0.613784 0.840230 0.614317 0.842712 0.614840 0.845707 0.617758 0.845621 0.621873
1 0.928170 0.590505 0.926363 0.591393 0.925158 0.591104 0.923701 0.589389 0.923371 0.586536 0.925149 0.585322 0.927092 0.585746 0.928539 0.587096 0.929095 0.589080
1 0.982041 0.347052 0.980336 0.346919 0.978571 0.344836 0.979021 0.341979 0.981612 0.341158 0.984010 0.343051 0.984713 0.344149 0.984015 0.346453
1 0.943416 0.612467 0.940992 0.612868 0.939484 0.610691 0.938969 0.607196 0.941366 0.605678 0.944589 0.606451 0.945504 0.609517
1 0.935346 0.616306 0.932974 0.616965 0.930409 0.614931 0.929106 0.611436 0.931156 0.609803 0.935101 0.609001 0.937189 0.611006 0.937821 0.613985
1 0.926534 0.566055 0.924528 0.565800 0.922889 0.563660 0.925136 0.560731 0.927210 0.561521 0.928517 0.564170
1 0.971975 0.598371 0.968582 0.599696 0.964389 0.598965 0.960832 0.594122 0.963176 0.589143 0.967631 0.587699 0.972940 0.588985 0.974481 0.594007
1 0.968236 0.600263 0.971476 0.598429 0.975858 0.599212 0.976727 0.602924 0.976730 0.606434 0.973648 0.609265 0.968912 0.608397 0.966949 0.604676
1 0.821921 0.723126 0.819970 0.723193 0.818200 0.721081 0.819454 0.718632 0.822608 0.718475 0.823326 0.720609
1 0.999085 0.770818 0.994556 0.771485 0.989665 0.770352 0.986005 0.764752 0.985225 0.757018 0.990415 0.753484 0.998155 0.750751 1.000000 0.752885 0.999985 0.772019
0 0.984025 0.849940 0.976748 0.848677 0.970836 0.837181 0.974815 0.818231 0.987038 0.810525 1.000000 0.807999 1.000000 0.851709
1 0.939049 0.916223 0.932887 0.915795 0.925891 0.916294 0.919215 0.912015 0.913435 0.904454 0.915904 0.896790 0.925217 0.892188 0.934556 0.895183 0.943276 0.902059 0.945436 0.906594 0.943285 0.913013
0 0.710324 0.970942 0.705768 0.971934 0.701751 0.963536 0.704493 0.957560 0.709910 0.953523 0.717780 0.951683 0.724727 0.951046 0.730344 0.952925 0.729429 0.962393 0.720202 0.969030
1 0.733915 0.938168 0.729682 0.939174 0.725870 0.938770 0.724867 0.937131 0.724068 0.934351 0.726892 0.932595 0.730390 0.933198 0.734300 0.934705 0.734300 0.937516
1 0.763150 0.919233 0.760115 0.919254 0.755790 0.916937 0.751771 0.909248 0.754137 0.900091 0.759301 0.896812 0.765762 0.894776 0.772809 0.896077 0.778507 0.899978 0.779753 0.902635 0.767771 0.920667
1 0.913619 0.931193 0.909989 0.931582 0.906514 0.930707 0.903518 0.926140 0.904414 0.919678 0.911411 0.918463 0.917286 0.921162 0.917293 0.928618
1 0.931562 0.944454 0.928688 0.943342 0.925759 0.939510 0.927020 0.933741 0.932582 0.932753 0.934897 0.936112 0.936251 0.938373 0.934900 0.942436
1 0.985665 0.652354 0.980612 0.651491 0.974535 0.650470 0.976797 0.640498 0.983970 0.633902 0.991167 0.635976 0.993403 0.638300 0.991178 0.648036
1 0.981955 0.670885 0.975878 0.669707 0.971107 0.662719 0.972521 0.652040 0.981602 0.651255 0.987381 0.651770 0.987381 0.663830
1 0.973404 0.679864 0.969851 0.679326 0.966843 0.676499 0.964763 0.671653 0.968519 0.669230 0.972455 0.669590 0.975161 0.670774 0.975161 0.677666
1 0.999646 0.264648 0.995804 0.265109 0.990379 0.262629 0.985369 0.258880 0.986070 0.251035 0.991018 0.244936 1.000000 0.241864
1 0.497480 0.861815 0.492604 0.864337 0.484967 0.864200 0.479449 0.861747 0.479385 0.853364 0.486865 0.848729 0.495731 0.847570 0.499627 0.854522
1 0.466238 0.881749 0.463571 0.881749 0.461076 0.878466 0.462804 0.874884 0.466718 0.875163
1 0.511484 0.854874 0.506813 0.855378 0.500845 0.852207 0.496369 0.845358 0.498606 0.838366 0.506651 0.835051 0.513788 0.835483 0.515005 0.839621 0.515021 0.850692
1 0.525303 0.864604 0.518329 0.866119 0.511420 0.861289 0.508922 0.851485 0.513755 0.844277 0.522448 0.842908 0.529779 0.848818 0.531693 0.857974
1 0.928317 0.977687 0.915029 0.978808 0.893248 0.962175 0.887949 0.942364 0.903340 0.938253 0.914104 0.944794 0.922767 0.956755 0.926551 0.973762
1 0.964469 0.930924 0.958537 0.928561 0.954651 0.919925 0.960951 0.918016 0.968150 0.922288 0.966882 0.929924
1 0.985366 0.716179 0.983531 0.715432 0.981569 0.712605 0.981190 0.708668 0.984072 0.706623 0.987860 0.705722 0.990945 0.708589 0.990945 0.713207 0.990039 0.715041
0 0.271484 0.063477 0.262695 0.055664 0.253906 0.069336 0.240234 0.082031 0.235352 0.092773 0.235352 0.102539 0.227539 0.110352 0.229492 0.119141 0.235352 0.125000 0.247070 0.125000 0.248047 0.104492 0.262695 0.086914 0.271484 0.074219
0 0.221680 0.140625 0.216797 0.133789 0.209961 0.141602 0.199219 0.148438 0.196289 0.160156 0.196289 0.160156 0.185547 0.168945 0.185547 0.168945 0.180664 0.176758 0.174805 0.189453 0.175781 0.197266 0.182617 0.200195 0.194336 0.181641 0.201172 0.178711 0.208008 0.166016 0.209961 0.154297
1 0.983398 0.586914 0.978516 0.577148 0.981445 0.568359 0.990234 0.566406 0.997070 0.571289 0.998047 0.583008 0.993164 0.590820
1 0.973633 0.564453 0.968750 0.555664 0.975586 0.550781 0.983398 0.545898 0.989258 0.556641 0.983398 0.559570
1 0.997070 0.549805 0.985352 0.538086 0.976562 0.534180 0.981445 0.522461 0.990234 0.520508 0.997070 0.529297
1 0.736328 0.615234 0.733398 0.606445 0.740234 0.603516 0.748047 0.605469 0.748047 0.613281 0.748047 0.613281
1 0.787109 0.584961 0.783203 0.580078 0.786133 0.577148 0.791016 0.576172 0.794922 0.577148 0.796875 0.581055 0.793945 0.584961
1 0.952148 0.820312 0.952148 0.805664 0.966797 0.791016 0.978516 0.798828 0.978516 0.798828 0.980469 0.812500 0.969727 0.825195
1 0.492188 0.815430 0.484375 0.808594 0.487305 0.800781 0.496094 0.796875 0.504883 0.797852 0.505859 0.804688 0.501953 0.810547
1 0.501953 0.776367 0.503906 0.767578 0.511719 0.765625 0.516602 0.770508 0.517578 0.780273 0.509766 0.785156
1 0.537109 0.755859 0.531250 0.748047 0.536133 0.740234 0.542969 0.738281 0.549805 0.745117 0.548828 0.752930 0.542969 0.757812
1 0.545898 0.771484 0.547852 0.764648 0.553711 0.762695 0.560547 0.766602 0.558594 0.773438 0.552734 0.777344
1 0.564453 0.757812 0.563477 0.751953 0.568359 0.745117 0.576172 0.745117 0.581055 0.750000 0.578125 0.757812 0.568359 0.762695
1 0.614258 0.720703 0.612305 0.711914 0.616211 0.708008 0.622070 0.704102 0.628906 0.707031 0.628906 0.713867 0.624023 0.718750 0.617188 0.719727
1 0.756836 0.666016 0.750977 0.668945 0.746094 0.666992 0.746094 0.666992 0.746094 0.660156 0.746094 0.660156 0.755859 0.649414 0.764648 0.646484 0.770508 0.652344 0.771484 0.663086 0.763672 0.666992
0 0.736328 0.677734 0.744141 0.673828 0.742188 0.664062 0.735352 0.664062 0.724609 0.672852 0.713867 0.682617 0.699219 0.690430 0.699219 0.690430 0.687500 0.697266 0.673828 0.709961 0.659180 0.715820 0.656250 0.723633 0.646484 0.726562 0.640625 0.734375 0.624023 0.748047 0.624023 0.748047 0.609375 0.752930 0.597656 0.763672 0.594727 0.768555 0.593750 0.771484 0.598633 0.775391 0.604492 0.770508 0.609375 0.766602 0.624023 0.755859 0.653320 0.740234 0.671875 0.723633 0.696289 0.709961 0.700195 0.703125 0.700195 0.703125 0.709961 0.696289 0.721680 0.690430
1 0.807617 0.844727 0.803711 0.833008 0.803711 0.833008 0.811523 0.815430 0.826172 0.805664 0.837891 0.814453 0.837891 0.814453 0.824219 0.839844 0.821289 0.843750
1 0.858398 0.769531 0.849609 0.764648 0.856445 0.747070 0.856445 0.747070 0.868164 0.755859 0.869141 0.767578
1 0.873047 0.748047 0.870117 0.741211 0.875000 0.732422 0.875000 0.732422 0.880859 0.735352 0.882812 0.745117
1 0.859375 0.727539 0.864258 0.713867 0.869141 0.711914 0.875977 0.717773 0.878906 0.723633 0.874023 0.731445 0.870117 0.740234 0.870117 0.740234 0.868164 0.745117 0.862305 0.747070 0.857422 0.740234 0.857422 0.740234
0 0.949219 0.703125 0.954102 0.695312 0.958984 0.685547 0.960938 0.680664 0.958008 0.676758 0.953125 0.678711 0.947266 0.690430 0.945312 0.697266 0.944336 0.704102
0 0.934570 0.702148 0.931641 0.696289 0.931641 0.696289 0.935547 0.687500 0.939453 0.680664 0.946289 0.678711 0.947266 0.686523 0.944336 0.693359 0.941406 0.699219
0 0.926758 0.728516 0.918945 0.727539 0.919922 0.716797 0.926758 0.708008 0.926758 0.708008 0.934570 0.707031 0.941406 0.708984 0.939453 0.713867 0.934570 0.721680
0 0.911133 0.746094 0.896484 0.761719 0.892578 0.769531 0.883789 0.772461 0.883789 0.759766 0.893555 0.748047 0.906250 0.739258 0.911133 0.741211
1 0.987305 0.791016 0.984375 0.783203 0.986328 0.772461 0.986328 0.772461 0.997070 0.770508 1.000000 0.782227 1.000000 0.791016
0 0.972656 0.791992 0.966797 0.788086 0.964844 0.783203 0.954102 0.781250 0.944336 0.771484 0.940430 0.767578 0.934570 0.755859 0.939453 0.753906 0.945312 0.755859 0.965820 0.773438 0.976562 0.783203 0.979492 0.788086
1 0.975586 0.879883 0.960938 0.875000 0.963867 0.859375 0.980469 0.844727 1.000000 0.850586 1.000000 0.865234
1 0.748047 0.990234 0.741211 0.994141 0.739258 0.986328 0.745117 0.980469 0.755859 0.980469 0.756836 0.985352
1 0.740234 0.981445 0.749023 0.976562 0.760742 0.977539 0.766602 0.964844 0.762695 0.958984 0.753906 0.958984 0.753906 0.958984 0.744141 0.967773
1 0.766602 0.962891 0.761719 0.956055 0.765625 0.946289 0.771484 0.938477 0.779297 0.942383 0.780273 0.952148 0.774414 0.960938
1 0.783203 0.946289 0.777344 0.934570 0.779297 0.922852 0.785156 0.911133 0.794922 0.904297 0.794922 0.904297 0.805664 0.908203 0.813477 0.911133 0.811523 0.919922 0.793945 0.942383 0.791016 0.947266
0 0.524414 0.924805 0.520508 0.912109 0.528320 0.906250 0.539062 0.908203 0.542969 0.912109 0.542969 0.919922 0.532227 0.920898
0 0.544922 0.905273 0.538086 0.897461 0.535156 0.894531 0.522461 0.888672 0.522461 0.888672 0.514648 0.881836 0.508789 0.876953 0.504883 0.866211 0.501953 0.859375 0.509766 0.859375 0.525391 0.874023 0.539062 0.883789 0.542969 0.888672 0.549805 0.891602 0.551758 0.897461