1 0.124214 0.028854 0.121239 0.026979 0.118595 0.021140 0.120798 0.016292 0.126418 0.012545 0.132479 0.012545 0.136886 0.016622 0.136886 0.021801 0.136445 0.024556 0.130604 0.028633
1 0.235221 0.042209 0.223381 0.039989 0.218447 0.033822 0.219681 0.015075 0.226834 0.011869 0.237194 0.017789 0.242867 0.024942 0.243854 0.036042
1 0.290968 0.056762 0.283074 0.053309 0.281169 0.050317 0.280642 0.039770 0.284465 0.034232 0.292243 0.031332 0.298176 0.034628 0.303449 0.039110 0.305954 0.047152 0.301472 0.053350
1 0.045770 0.247875 0.034221 0.243932 0.028023 0.228439 0.034784 0.217454 0.049431 0.212665 0.057600 0.220271 0.059008 0.232101 0.057036 0.239706
1 0.037433 0.424682 0.028903 0.421025 0.025979 0.408354 0.030609 0.398849 0.041819 0.397387 0.045231 0.410060 0.041089 0.421025
1 0.021050 0.307001 0.016879 0.306384 0.013479 0.300050 0.013943 0.292171 0.020740 0.289081 0.026611 0.292479 0.028156 0.297114 0.027692 0.302367
1 0.051087 0.309224 0.040979 0.306889 0.036841 0.304130 0.034082 0.298498 0.034082 0.291601 0.038565 0.287692 0.045117 0.285164 0.052474 0.286658 0.057301 0.290682 0.060404 0.297693 0.058910 0.304475
1 0.070383 0.323662 0.065664 0.322295 0.063011 0.319052 0.059178 0.313843 0.060554 0.307355 0.066156 0.303424 0.071660 0.305586 0.075493 0.310796 0.075984 0.316300 0.075592 0.321705
1 0.144501 0.449422 0.139143 0.448258 0.136464 0.442317 0.137512 0.435328 0.143103 0.431484 0.149976 0.434163 0.151606 0.441618 0.148111 0.447908
1 0.152888 0.433231 0.146830 0.431484 0.143336 0.426010 0.143103 0.418555 0.145433 0.413080 0.149742 0.409353 0.156848 0.409236 0.162556 0.413313 0.164303 0.420885 0.162672 0.429504
1 0.135771 0.434930 0.131116 0.430964 0.129393 0.421999 0.133358 0.417861 0.139048 0.416999 0.143013 0.425792
0 0.130075 0.559255 0.117917 0.555571 0.106128 0.548571 0.085128 0.542308 0.066338 0.535308 0.050496 0.527939 0.040549 0.518360 0.033548 0.502519 0.045706 0.492202 0.061180 0.495519 0.070022 0.506939 0.084022 0.510624 0.090285 0.498834 0.105391 0.482992 0.121232 0.475623 0.134864 0.483360 0.152181 0.488887 0.151812 0.503992 0.147759 0.527939 0.139285 0.552624
1 0.158812 0.565150 0.144443 0.555571 0.146285 0.533834 0.158443 0.520571 0.168391 0.525729 0.170602 0.540466 0.167286 0.555939
1 0.201402 0.315448 0.197314 0.314688 0.194082 0.311170 0.192751 0.305370 0.194082 0.299856 0.200832 0.297004 0.206061 0.298905 0.208437 0.304325 0.208152 0.310694
1 0.210435 0.301378 0.205301 0.301567 0.202733 0.299477 0.201308 0.294913 0.201022 0.289874 0.205586 0.286546 0.211005 0.285690 0.214617 0.289684 0.216233 0.295198 0.215378 0.299477
1 0.168387 0.288767 0.164220 0.287130 0.160798 0.282964 0.163179 0.276120 0.169874 0.273144 0.176421 0.274780 0.179694 0.281030 0.177909 0.286089
1 0.158863 0.303943 0.152316 0.301563 0.150383 0.294123 0.156036 0.289362 0.164220 0.292338 0.165262 0.297546
1 0.147407 0.334595 0.143390 0.331916 0.140711 0.325815 0.143687 0.322691 0.147854 0.322989 0.151722 0.326709 0.151424 0.331470
1 0.318970 0.657131 0.311835 0.654878 0.305264 0.646429 0.301885 0.636479 0.301509 0.625214 0.308080 0.616390 0.317280 0.612635 0.328545 0.613010 0.339246 0.618454 0.347695 0.628029 0.348070 0.642486 0.344691 0.653188 0.333614 0.654502
1 0.285627 0.638669 0.274685 0.635863 0.267389 0.624079 0.265145 0.608646 0.272721 0.598826 0.283663 0.593214 0.296290 0.593214 0.304146 0.602474 0.304988 0.614258 0.301901 0.630812
0 0.252418 0.626293 0.237348 0.620497 0.222277 0.614700 0.208752 0.603107 0.192522 0.591129 0.186727 0.574898 0.198705 0.566397 0.218413 0.572193 0.232324 0.569488 0.246235 0.576831 0.259374 0.590742 0.265943 0.609290
1 0.218367 0.746129 0.213426 0.743959 0.210532 0.737691 0.213907 0.732389 0.219934 0.730219 0.223309 0.734558 0.223670 0.741549
1 0.186504 0.736201 0.182673 0.735106 0.178021 0.731367 0.176744 0.725438 0.178295 0.721060 0.182946 0.717867 0.188511 0.717594 0.193071 0.721607 0.194622 0.728083 0.192342 0.733647
1 0.118737 0.715446 0.112533 0.712106 0.105137 0.700892 0.109908 0.690870 0.119931 0.687768 0.126373 0.695881 0.127805 0.708527
1 0.044468 0.663029 0.041228 0.661494 0.040461 0.657402 0.041654 0.652628 0.045149 0.648877 0.049924 0.650582 0.049327 0.657487 0.048645 0.660642
1 0.041615 0.679698 0.038232 0.677505 0.036130 0.673208 0.036404 0.668546 0.037959 0.664614 0.041798 0.662055 0.046734 0.661507 0.050025 0.663792 0.050025 0.663792 0.051580 0.670557 0.051214 0.674122 0.050300 0.676134 0.047466 0.678327
1 0.013229 0.683332 0.001879 0.678529 0.000000 0.666307 0.000000 0.652773 0.011483 0.651683 0.023488 0.654520 0.030909 0.663469 0.030036 0.677002 0.024361 0.679403
1 0.087727 0.945452 0.080599 0.942232 0.076836 0.938713 0.079654 0.930405 0.084551 0.924768 0.092562 0.927438 0.097161 0.931592 0.095974 0.940493
1 0.395795 0.255343 0.388995 0.254904 0.379782 0.250298 0.376491 0.239329 0.384169 0.234942 0.389872 0.237794 0.396892 0.240865 0.400183 0.250078
1 0.413563 0.213226 0.406763 0.208619 0.399305 0.201819 0.395575 0.190632 0.401938 0.184709 0.410492 0.186903 0.421240 0.189097 0.428698 0.193483 0.428260 0.203136 0.422337 0.209936
1 0.399436 0.214958 0.397214 0.213625 0.395955 0.211033 0.397955 0.208293 0.400251 0.207479 0.402398 0.208071 0.402917 0.212440
1 0.433840 0.119501 0.426638 0.112699 0.423037 0.105897 0.424638 0.094095 0.433239 0.089694 0.436240 0.096896 0.439441 0.104098 0.438440 0.111699
1 0.444242 0.129903 0.436641 0.126902 0.433040 0.121102 0.435040 0.105498 0.440441 0.101097 0.444843 0.103297 0.451444 0.106498 0.451444 0.106498 0.454244 0.121901
1 0.465905 0.134937 0.459878 0.132111 0.452344 0.122129 0.452532 0.109509 0.461762 0.105930 0.469107 0.109509 0.475512 0.114971 0.477019 0.124954
1 0.495854 0.138327 0.487943 0.134937 0.481539 0.127026 0.485118 0.116478 0.491898 0.118927 0.499057 0.122693 0.504331 0.129286 0.501693 0.133618
1 0.520970 0.147580 0.514820 0.146880 0.509795 0.140785 0.508939 0.133621 0.512682 0.132553 0.516958 0.134904 0.520166 0.138326 0.522519 0.141962 0.525619 0.144100
1 0.528776 0.137737 0.526282 0.136767 0.525174 0.133719 0.526421 0.130878 0.528708 0.131363 0.530717 0.133857 0.531063 0.136074
1 0.391439 0.130889 0.389145 0.129511 0.387505 0.126166 0.389604 0.123478 0.392948 0.122493 0.395047 0.124461 0.395702 0.128396
1 0.391258 0.091970 0.388473 0.090855 0.384573 0.087290 0.386578 0.082500 0.392260 0.081274 0.395380 0.086177
1 0.517892 0.181546 0.512408 0.179633 0.511260 0.171599 0.514703 0.169686 0.519422 0.171727 0.521335 0.176445
1 0.541028 0.153066 0.538005 0.150043 0.536661 0.144220 0.538900 0.142316 0.542708 0.143548 0.544947 0.147804 0.545172 0.151723
1 0.558854 0.148462 0.556780 0.147197 0.555516 0.144667 0.555616 0.141074 0.557033 0.140163 0.558652 0.140012 0.560373 0.141529 0.561587 0.142593 0.561183 0.145325
1 0.575580 0.165146 0.572797 0.164770 0.570916 0.161986 0.569487 0.157925 0.572872 0.154991 0.575655 0.155743 0.578362 0.158301 0.578739 0.161610
1 0.590937 0.164080 0.587441 0.162780 0.586873 0.158392 0.589393 0.157091 0.592155 0.158147 0.593780 0.161643
1 0.589880 0.175864 0.586467 0.174401 0.585085 0.170419 0.587604 0.168063 0.591424 0.168306 0.593780 0.171801
1 0.596163 0.214975 0.593853 0.215084 0.591541 0.213764 0.590771 0.210683 0.592036 0.208042 0.594567 0.207437 0.596218 0.207987 0.596988 0.210353 0.596823 0.212719
1 0.559848 0.203325 0.556844 0.201377 0.554246 0.197479 0.555707 0.192771 0.559036 0.190254 0.563826 0.191959 0.564070 0.197236 0.562689 0.200809
1 0.629387 0.179412 0.626208 0.177482 0.622462 0.172602 0.621806 0.168173 0.624422 0.166956 0.627099 0.167504 0.629167 0.170119 0.630627 0.172857 0.631113 0.177785
1 0.607271 0.174967 0.604726 0.174118 0.604066 0.170443 0.604726 0.164318 0.609249 0.163753 0.613584 0.165072 0.614715 0.170443 0.612453 0.172987
1 0.655315 0.188565 0.651934 0.187828 0.650274 0.184509 0.650521 0.180267 0.653286 0.178853 0.657344 0.177869 0.658942 0.180574 0.659311 0.184078 0.658143 0.185984
1 0.637143 0.194121 0.634425 0.192551 0.632854 0.189229 0.633579 0.185969 0.637565 0.182768 0.639800 0.182526 0.642276 0.184096 0.643062 0.186753 0.643363 0.189229 0.642759 0.192008
1 0.666832 0.208611 0.662144 0.204569 0.659438 0.201774 0.658355 0.196363 0.661241 0.191675 0.665840 0.191044 0.669808 0.192576 0.671792 0.196363 0.672333 0.200782 0.669628 0.206644
1 0.635162 0.234850 0.631032 0.233798 0.629818 0.228777 0.631032 0.225296 0.635000 0.223677 0.638886 0.226349 0.639534 0.231368
1 0.684973 0.253276 0.678750 0.250165 0.677660 0.242386 0.683105 0.237097 0.689018 0.236941 0.692284 0.241452 0.691974 0.247053
1 0.699867 0.219100 0.694821 0.216347 0.694210 0.207937 0.699256 0.204419 0.704761 0.206713 0.707360 0.211912 0.705679 0.216500
1 0.686049 0.205203 0.683089 0.202478 0.682777 0.197260 0.685659 0.197182 0.689008 0.198194 0.691033 0.200375 0.691267 0.203646 0.689631 0.205203
1 0.750249 0.265700 0.734204 0.260461 0.723726 0.241469 0.722743 0.225096 0.733549 0.214944 0.746975 0.211015 0.758764 0.213962 0.767933 0.228043 0.770552 0.246381
1 0.787533 0.260601 0.780119 0.260354 0.777401 0.246761 0.786051 0.242065 0.794206 0.244783 0.795689 0.255410
1 0.819920 0.268143 0.815692 0.267030 0.814412 0.264749 0.814969 0.260633 0.815692 0.257852 0.818028 0.256571 0.820421 0.256850 0.822257 0.259465 0.823091 0.262636 0.821979 0.266529
1 0.838430 0.265918 0.836227 0.265562 0.834592 0.263431 0.834521 0.259024 0.837861 0.257745 0.840277 0.258740 0.841485 0.261015 0.840562 0.263856
1 0.850829 0.280167 0.845872 0.279433 0.843393 0.274842 0.845138 0.270343 0.848167 0.267130 0.851748 0.268782 0.853676 0.271812 0.853584 0.277320
1 0.873423 0.283595 0.870629 0.283036 0.868891 0.279497 0.869325 0.275772 0.871809 0.274406 0.874044 0.275772 0.876155 0.276518 0.875721 0.281174
1 0.882620 0.296730 0.879346 0.296116 0.876412 0.293729 0.875525 0.289432 0.877095 0.285611 0.880778 0.284384 0.883779 0.285339 0.886030 0.288682 0.886030 0.292774
1 0.903177 0.294874 0.900215 0.293773 0.898183 0.290134 0.900299 0.288187 0.903854 0.288187 0.905209 0.290896 0.905378 0.294366
1 0.920240 0.310945 0.917340 0.310330 0.914615 0.307430 0.914176 0.302245 0.918307 0.300487 0.921119 0.302771 0.923667 0.304969 0.923228 0.307957
1 0.913445 0.338118 0.908984 0.337226 0.906040 0.332943 0.906843 0.327500 0.911394 0.324823 0.915944 0.325805 0.918710 0.328570 0.919335 0.333657
1 0.882950 0.335873 0.876173 0.332560 0.876774 0.325029 0.883251 0.322771 0.888372 0.324577 0.890330 0.330301 0.889125 0.333313
1 0.841060 0.320511 0.838806 0.318375 0.836433 0.312325 0.839518 0.305206 0.843788 0.306393 0.846636 0.310782 0.846043 0.315054
1 0.973556 0.376602 0.965722 0.375119 0.959581 0.368556 0.962122 0.356063 0.971015 0.353312 0.979061 0.356699 0.979061 0.364745
0 0.290683 0.395832 0.278832 0.390387 0.270504 0.378216 0.274348 0.359639 0.286198 0.350991 0.301893 0.354194 0.307018 0.365725 0.309899 0.381419 0.303814 0.393590
1 0.220717 0.394162 0.216919 0.390191 0.213983 0.382594 0.217091 0.379659 0.222443 0.379486 0.227105 0.382594 0.225552 0.390191
1 0.399352 0.598760 0.390925 0.598042 0.385546 0.590870 0.386264 0.577603 0.390746 0.573300 0.398455 0.574017 0.404372 0.579755 0.406882 0.587285 0.404192 0.595174
1 0.391222 0.578633 0.387194 0.576395 0.382569 0.571173 0.382271 0.563117 0.388238 0.557746 0.396443 0.558193 0.403157 0.563714 0.403157 0.570875
1 0.395399 0.558193 0.388536 0.556553 0.385105 0.551480 0.384061 0.542678 0.384061 0.535219 0.390774 0.528654 0.398234 0.526416 0.405544 0.529698 0.409722 0.537755 0.409125 0.548347
1 0.435169 0.571294 0.426421 0.572900 0.420351 0.566830 0.417852 0.556654 0.423207 0.550227 0.429635 0.546835 0.438204 0.548263 0.446238 0.550048 0.451237 0.554690 0.451237 0.563974 0.443382 0.569330
1 0.484287 0.590827 0.471239 0.592041 0.458798 0.582937 0.455460 0.567766 0.462439 0.555324 0.474273 0.550772 0.487322 0.551986 0.504922 0.556842 0.510687 0.570193 0.514329 0.578689 0.506439 0.588399
1 0.551907 0.481002 0.545402 0.479515 0.541021 0.473948 0.541128 0.466840 0.546082 0.462963 0.551467 0.461562 0.556098 0.464686 0.557713 0.470286 0.556098 0.475994
1 0.553769 0.516181 0.546772 0.510277 0.543056 0.498908 0.544586 0.487320 0.552457 0.480761 0.559672 0.482073 0.562515 0.493661 0.562296 0.506342
1 0.516642 0.465322 0.509343 0.462758 0.507370 0.453487 0.511315 0.442440 0.521573 0.438298 0.530252 0.441060 0.534986 0.449937 0.531633 0.458813
1 0.428949 0.505969 0.425098 0.503548 0.423446 0.498926 0.426748 0.492982 0.432801 0.490012 0.437974 0.491772 0.440064 0.497936 0.437863 0.503218
1 0.430773 0.542446 0.427649 0.542904 0.425135 0.541761 0.423001 0.538256 0.423078 0.532846 0.427116 0.530407 0.430164 0.530407 0.433212 0.532770 0.434965 0.535284
1 0.406419 0.625274 0.401532 0.625100 0.396297 0.623005 0.395599 0.614803 0.399090 0.607647 0.407989 0.604157 0.414971 0.606601 0.417239 0.616723
1 0.463628 0.645998 0.458381 0.642719 0.456020 0.638521 0.456151 0.631700 0.460086 0.628421 0.467563 0.627371 0.468088 0.630388 0.469269 0.633143 0.475958 0.633667 0.479631 0.628552 0.488026 0.628683 0.491830 0.631307 0.494453 0.635897 0.492617 0.641145 0.489731 0.643899 0.481074 0.646653 0.475827 0.646392 0.471761 0.646260
1 0.618061 0.519703 0.614112 0.519587 0.611441 0.516219 0.613531 0.505535 0.616086 0.502864 0.618757 0.501587 0.622241 0.501819 0.624912 0.502167 0.627699 0.503909 0.628396 0.506580 0.628628 0.510645 0.627351 0.514245 0.623983 0.516335
1 0.568871 0.636948 0.565014 0.637943 0.560162 0.637072 0.556803 0.635455 0.555434 0.627492 0.558296 0.624258 0.560908 0.622765 0.563023 0.622765 0.565139 0.623138 0.568497 0.623636 0.570488 0.625502 0.572229 0.628114 0.572354 0.631599
1 0.558576 0.655240 0.553447 0.655131 0.553256 0.648604 0.553256 0.642652 0.554983 0.640061 0.558728 0.638141 0.562375 0.638524 0.564103 0.640349 0.565446 0.645052 0.566118 0.649947 0.564294 0.653979
1 0.496169 0.247160 0.490485 0.245643 0.487880 0.243558 0.483188 0.234350 0.487358 0.226532 0.493612 0.224969 0.500735 0.228096 0.505773 0.232960 0.503515 0.241820
1 0.518282 0.246511 0.514634 0.245469 0.510464 0.243905 0.509248 0.232960 0.513938 0.229485 0.518456 0.228617 0.523320 0.234003 0.524884 0.240952
1 0.569038 0.283521 0.564751 0.281844 0.561022 0.276065 0.564191 0.265813 0.569225 0.262829 0.573885 0.264320 0.579104 0.269540 0.578546 0.277370
1 0.547681 0.346386 0.544144 0.348154 0.541078 0.346269 0.539074 0.341198 0.536834 0.336365 0.539074 0.331413 0.541078 0.327876 0.544733 0.326933 0.547681 0.326579 0.550863 0.329645 0.552160 0.334007 0.553222 0.337190 0.552043 0.342023
1 0.530093 0.331748 0.527415 0.330427 0.525751 0.328984 0.524752 0.326376 0.524752 0.322603 0.525806 0.319605 0.528192 0.317607 0.531910 0.316887 0.533631 0.317274 0.535795 0.318163 0.537404 0.320604 0.538015 0.323269 0.537793 0.327541 0.536128 0.330538
1 0.607782 0.533581 0.605522 0.533680 0.603166 0.530537 0.605720 0.524644 0.607585 0.521894 0.611022 0.520322 0.613479 0.521697 0.615345 0.523563 0.615050 0.526805 0.614067 0.528572
1 0.512021 0.556078 0.507149 0.552893 0.499840 0.548582 0.501152 0.539773 0.506774 0.536775 0.511834 0.539773 0.515582 0.542210 0.517831 0.548207
1 0.535276 0.548636 0.532227 0.548375 0.528829 0.546632 0.527870 0.542449 0.529525 0.538268 0.534144 0.536699 0.537368 0.537657 0.539023 0.540532 0.539634 0.545063
0 0.576155 0.579641 0.570700 0.580614 0.566024 0.578861 0.560764 0.576523 0.557842 0.568925 0.562322 0.559378 0.568167 0.557625 0.574792 0.556066 0.588624 0.561132 0.600313 0.569510 0.598171 0.572432 0.589599 0.576523 0.586871 0.577303
1 0.595442 0.492332 0.592510 0.490302 0.592209 0.487972 0.592735 0.483084 0.594615 0.482031 0.596345 0.482031 0.597622 0.482031 0.598976 0.483761 0.600179 0.484663 0.600404 0.487671 0.600479 0.489024 0.599427 0.491204
1 0.222517 0.433515 0.213964 0.431462 0.205070 0.422568 0.205381 0.414781 0.209750 0.404699 0.214959 0.403187 0.220505 0.405708 0.225882 0.408732 0.229242 0.417134 0.229579 0.427217
0 0.262991 0.464090 0.245131 0.471166 0.230641 0.471166 0.215476 0.463415 0.210758 0.446229 0.215813 0.434098 0.229293 0.427357 0.245131 0.429043 0.252545 0.437131 0.264002 0.446903
1 0.250819 0.352499 0.245760 0.349607 0.241965 0.342018 0.245760 0.334247 0.254072 0.331356 0.260938 0.334066 0.262022 0.341476 0.258951 0.346535
1 0.269696 0.354308 0.265383 0.354555 0.262302 0.350487 0.263287 0.343339 0.268587 0.342477 0.272777 0.343093 0.274750 0.347775
0 0.519226 0.399748 0.511780 0.395236 0.508396 0.395236 0.501629 0.392078 0.493282 0.387340 0.482904 0.382828 0.471851 0.378316 0.468918 0.366586 0.480423 0.360495 0.489898 0.362977 0.499824 0.368842 0.512006 0.373128 0.523286 0.374481 0.530505 0.382603 0.527572 0.392304
1 0.559832 0.419148 0.553516 0.420728 0.548101 0.417118 0.545756 0.411082 0.547769 0.401610 0.552504 0.397940 0.557240 0.396875 0.563515 0.398650 0.567659 0.403860 0.570264 0.408951 0.566712 0.415818
1 0.650208 0.382433 0.644417 0.382128 0.638626 0.378318 0.634055 0.370394 0.634816 0.363079 0.640607 0.358507 0.645484 0.358354 0.651275 0.362469 0.653256 0.366432 0.653408 0.375575
1 0.676405 0.391190 0.668986 0.391190 0.663102 0.386329 0.660287 0.374816 0.666939 0.367142 0.673591 0.367142 0.680499 0.366886 0.684848 0.372002 0.685871 0.378143
1 0.625412 0.405001 0.623213 0.404513 0.621076 0.402619 0.620221 0.399138 0.622053 0.396634 0.624618 0.395412 0.626206 0.396512 0.627916 0.396634 0.628832 0.399687 0.628588 0.402803
1 0.617005 0.417408 0.613821 0.417185 0.612481 0.415621 0.612370 0.412550 0.613599 0.410260 0.615832 0.408809 0.618178 0.409255 0.619797 0.410428 0.620579 0.413164 0.620188 0.415845
0 0.735982 0.366778 0.729935 0.365645 0.722941 0.365077 0.719729 0.360729 0.717082 0.346365 0.720484 0.339372 0.725966 0.340129 0.728611 0.345987 0.730690 0.353170 0.733054 0.354115 0.735416 0.355060 0.739196 0.359029
1 0.755937 0.344542 0.753294 0.344702 0.749851 0.342220 0.748008 0.338296 0.750651 0.334531 0.753694 0.332770 0.756577 0.333570 0.758499 0.335572 0.759860 0.341099
1 0.745723 0.342291 0.742541 0.340642 0.739240 0.334631 0.742658 0.331448 0.745369 0.332273 0.748315 0.335338 0.748669 0.339698
1 0.468223 0.323302 0.466062 0.321771 0.463723 0.319612 0.461833 0.314753 0.464442 0.311783 0.468492 0.311423 0.471912 0.312773 0.474342 0.316822 0.474161 0.320063
1 0.501349 0.308752 0.496816 0.309049 0.495405 0.306003 0.494068 0.302734 0.494068 0.302734 0.495554 0.298797 0.498674 0.297163 0.501720 0.297757 0.503726 0.299317 0.505062 0.302734 0.504988 0.306448
1 0.630712 0.032158 0.623374 0.030936 0.618278 0.023598 0.615018 0.014019 0.621540 0.003623 0.632343 0.002604 0.638050 0.009534 0.640903 0.017279
1 0.673871 0.018566 0.671081 0.017985 0.668290 0.016474 0.666546 0.012404 0.670034 0.007521 0.675034 0.006357 0.677708 0.009613 0.678406 0.013800
1 0.788192 0.082403 0.780733 0.075426 0.774718 0.065560 0.772312 0.054732 0.780492 0.046070 0.789636 0.044386 0.795651 0.049198 0.804313 0.046551 0.812254 0.052566 0.815623 0.063153 0.813217 0.072297 0.806238 0.079516 0.797817 0.079757
1 0.758858 0.101659 0.751501 0.098716 0.747455 0.090991 0.751134 0.084737 0.760330 0.081427 0.770262 0.082898 0.774860 0.090991 0.773205 0.099084
1 0.844423 0.061308 0.842122 0.060339 0.840306 0.057676 0.840487 0.054770 0.842788 0.052711 0.845755 0.053074 0.847692 0.054588 0.848782 0.056889 0.848358 0.058946
1 0.869137 0.059476 0.862487 0.059364 0.856836 0.056150 0.857279 0.048394 0.862487 0.044071 0.867585 0.043185 0.873126 0.045623 0.873348 0.050721 0.873569 0.054932
1 0.849134 0.081306 0.847587 0.074823 0.848402 0.069022 0.853478 0.066667 0.859187 0.066395 0.862541 0.070836 0.860547 0.076908 0.856922 0.080171
1 0.895989 0.060634 0.892789 0.057434 0.890025 0.053070 0.889589 0.045216 0.893080 0.039834 0.899189 0.039543 0.904571 0.040416 0.912571 0.048125 0.907916 0.057725 0.903698 0.058161
1 0.836927 0.117346 0.832726 0.111963 0.835482 0.103563 0.840339 0.101199 0.846378 0.101462 0.848871 0.106319 0.848215 0.111045 0.844803 0.113801 0.841390 0.117477
1 0.817833 0.171671 0.814544 0.171396 0.811528 0.167285 0.810797 0.161346 0.814817 0.156686 0.818290 0.155314 0.823041 0.156868 0.824960 0.160706 0.825326 0.165457 0.824047 0.168930
1 0.808983 0.192068 0.804538 0.190451 0.801979 0.184524 0.804941 0.178731 0.808849 0.177385 0.814507 0.180348 0.817335 0.184390 0.814910 0.188431
1 0.757085 0.657171 0.750224 0.656610 0.748264 0.649050 0.753305 0.642749 0.760865 0.641908 0.763386 0.645269 0.762405 0.651710
1 0.740130 0.689588 0.737496 0.688063 0.735071 0.684114 0.735695 0.678779 0.738812 0.675661 0.742555 0.675176 0.746088 0.678641 0.746296 0.682451 0.745188 0.687510
0 0.706822 0.752136 0.692937 0.750067 0.683481 0.744158 0.669005 0.733522 0.666937 0.712841 0.674618 0.693932 0.687914 0.684478 0.705937 0.680932 0.720709 0.687432 0.737845 0.695409 0.742868 0.715795 0.735481 0.737954 0.724254 0.748591
1 0.764875 0.747860 0.758990 0.744366 0.758255 0.735538 0.765611 0.724871 0.771128 0.727813 0.775866 0.729701 0.776271 0.735769 0.776676 0.744264 0.772091 0.746690
1 0.835535 0.597908 0.830783 0.596286 0.827887 0.588870 0.832521 0.584119 0.837389 0.584351 0.841328 0.586900 0.842371 0.591419 0.840981 0.594664
1 0.814318 0.375119 0.808021 0.374094 0.802454 0.370140 0.798646 0.363548 0.800697 0.355785 0.805970 0.350512 0.811536 0.352416 0.816223 0.355785 0.820031 0.359008 0.823107 0.363694 0.820178 0.369847
1 0.804065 0.390792 0.798500 0.389767 0.793080 0.383907 0.793666 0.377023 0.800551 0.374680 0.807142 0.375119 0.811683 0.378928 0.811243 0.385519
1 0.792313 0.409561 0.788290 0.409082 0.785703 0.406782 0.784744 0.402566 0.787140 0.398829 0.792026 0.398255 0.796051 0.400938 0.796626 0.405153
1 0.803045 0.419430 0.797871 0.418950 0.794709 0.414256 0.795188 0.408123 0.799309 0.404578 0.805536 0.404674 0.808794 0.407549 0.809752 0.415310
1 0.819716 0.476127 0.812182 0.474071 0.807158 0.468363 0.808528 0.455805 0.814693 0.450781 0.822685 0.451924 0.828393 0.457175 0.832046 0.461285 0.827251 0.469276
1 0.783905 0.431718 0.779876 0.431816 0.775848 0.427787 0.775062 0.422678 0.777125 0.417272 0.781154 0.413637 0.786460 0.413244 0.790587 0.415504 0.791373 0.420712 0.790686 0.425724
1 0.828465 0.377326 0.823105 0.377448 0.820914 0.373551 0.820183 0.366852 0.824324 0.362955 0.828587 0.364660 0.831875 0.366730 0.831753 0.372698
0 0.863566 0.882968 0.863566 0.908144 0.882230 0.919863 0.893082 0.932886 0.920862 0.957193 0.943434 0.971518 0.977725 1.000000 1.000000 1.000000 0.999429 0.901633 0.959929 0.899028 0.944302 0.889479 0.930846 0.875589 0.908274 0.873853 0.898291 0.864303 0.888742 0.860396
1 0.798484 0.851577 0.789999 0.849230 0.786026 0.839661 0.789276 0.831898 0.797221 0.829190 0.803720 0.834064 0.807330 0.842550
1 0.774657 0.833705 0.770820 0.834132 0.770394 0.828874 0.771530 0.820916 0.775367 0.820205 0.779631 0.823616 0.779915 0.830152
1 0.726110 0.862745 0.722063 0.861641 0.717279 0.853546 0.718383 0.842691 0.724086 0.841220 0.731997 0.845083 0.736412 0.852074 0.735677 0.859434
1 0.716997 0.904691 0.708139 0.902359 0.699513 0.895365 0.698580 0.881378 0.703942 0.873917 0.712568 0.874150 0.720494 0.880679 0.721194 0.892335
1 0.736114 0.914482 0.732770 0.913334 0.729218 0.905275 0.732359 0.901451 0.737960 0.899812 0.741647 0.903363 0.743424 0.909646 0.742331 0.915109
1 0.690780 0.948808 0.685953 0.948142 0.681291 0.943889 0.680562 0.939099 0.682854 0.933995 0.688581 0.931809 0.693059 0.933579 0.696600 0.938369 0.697329 0.944097 0.694517 0.947222
1 0.751734 0.926133 0.746928 0.926626 0.743848 0.924038 0.742861 0.917877 0.745449 0.914303 0.748407 0.913070 0.752351 0.913810 0.754445 0.918862 0.753952 0.923422
1 0.790594 0.938482 0.783784 0.938124 0.780439 0.932867 0.781395 0.925699 0.785695 0.922713 0.789160 0.923311 0.792267 0.927372 0.794655 0.931434
1 0.805946 0.963971 0.799450 0.965270 0.788841 0.958774 0.785377 0.947082 0.792521 0.941452 0.799667 0.937988 0.809844 0.931060 0.814823 0.927595 0.821969 0.930626 0.820020 0.947515 0.817639 0.954877
1 0.667298 0.998294 0.664545 0.991297 0.665577 0.982005 0.668789 0.975926 0.674524 0.973861 0.678883 0.976844 0.680948 0.982350 0.681292 0.988772 0.681980 0.996687 0.680948 1.000000 0.669133 0.999211
1 0.681407 0.969700 0.676936 0.968694 0.673022 0.966012 0.670562 0.959191 0.672352 0.953378 0.677941 0.951365 0.682078 0.953043 0.686438 0.956509 0.688003 0.961986 0.688003 0.965117 0.686773 0.967912
1 0.866570 0.519604 0.862099 0.517432 0.858521 0.514365 0.858521 0.507212 0.862227 0.505040 0.866059 0.505423 0.870020 0.508489 0.871297 0.513216 0.869892 0.518070
1 0.703789 0.926212 0.698348 0.923858 0.699230 0.914740 0.705260 0.912388 0.709966 0.914594 0.712024 0.920477 0.710555 0.924153
1 0.895632 0.454176 0.892313 0.453396 0.886118 0.449938 0.884101 0.441726 0.887126 0.435962 0.892025 0.433944 0.897356 0.435674 0.899806 0.439564 0.902111 0.445903 0.900526 0.451379
1 0.683516 0.814975 0.678332 0.808993 0.673347 0.803012 0.676139 0.792046 0.682519 0.788855 0.688898 0.791049 0.692089 0.797429 0.693484 0.804807 0.691690 0.811784
1 0.610619 0.788399 0.606086 0.787229 0.603161 0.781380 0.605647 0.775385 0.610327 0.776555 0.614714 0.779625 0.615007 0.784305
1 0.627346 0.770634 0.622940 0.767967 0.621897 0.761359 0.624216 0.756375 0.627346 0.759157 0.629200 0.762982 0.630939 0.767504
1 0.553534 0.904358 0.547705 0.903581 0.543237 0.898918 0.543432 0.889593 0.547899 0.887262 0.553729 0.887845 0.558196 0.892312 0.559751 0.898530
1 0.476881 0.942930 0.473239 0.940458 0.472589 0.933694 0.475189 0.931354 0.479872 0.931093 0.482734 0.933955 0.483124 0.937727
1 0.375676 0.888404 0.366352 0.887803 0.363645 0.885096 0.361689 0.875621 0.366953 0.871260 0.370713 0.872162 0.372518 0.873215 0.374322 0.874268 0.377631 0.883893
0 0.350093 0.857721 0.342323 0.855207 0.334782 0.849037 0.329526 0.843324 0.324270 0.836011 0.331583 0.831669 0.362433 0.844238 0.368146 0.851322 0.364261 0.854979
1 0.604906 0.694939 0.601747 0.695809 0.598903 0.694860 0.595586 0.690753 0.594242 0.688067 0.595349 0.684513 0.599772 0.680879 0.603484 0.681116 0.607908 0.683723 0.609172 0.687356 0.608382 0.690595
1 0.357424 0.921023 0.351813 0.920858 0.350163 0.916733 0.354306 0.908875 0.358202 0.907472 0.361163 0.908719 0.361942 0.913861 0.360852 0.916511
1 0.334689 0.935564 0.329659 0.935701 0.327213 0.932710 0.326533 0.921698 0.331562 0.919387 0.335777 0.919115 0.339312 0.921154 0.341623 0.926320 0.340264 0.932030
1 0.428735 0.990764 0.423229 0.989244 0.422089 0.983927 0.428166 0.980318 0.432344 0.981078 0.432724 0.988484
1 0.359331 0.981362 0.350286 0.976452 0.346151 0.967148 0.353129 0.959137 0.359331 0.961721 0.366310 0.966114 0.367860 0.973609
1 0.271056 0.887760 0.267513 0.886175 0.265555 0.881513 0.264715 0.876385 0.267140 0.873587 0.271148 0.872282 0.275158 0.872842 0.277582 0.876198 0.279074 0.879368 0.278515 0.883005
0 0.256481 1.000000 0.258427 0.976400 0.255185 0.960189 0.249997 0.951111 0.257130 0.937494 0.265234 0.925174 0.274313 0.906694 0.259723 0.885620 0.244810 0.883351 0.233138 0.888538 0.223087 0.898589 0.215954 0.915771 0.211415 0.934576 0.198122 0.955002 0.192935 0.971213 0.189368 1.000000 0.189368 1.000000
1 0.285628 0.967570 0.276290 0.967570 0.271196 0.963467 0.269216 0.954553 0.270913 0.946347 0.276997 0.943800 0.283647 0.944648 0.288883 0.947337 0.291570 0.951016 0.293976 0.957524
1 0.291604 0.940404 0.286563 0.939052 0.283712 0.937819 0.280327 0.931051 0.284301 0.925312 0.289010 0.925753 0.291512 0.929579 0.292542 0.936643
1 0.374577 0.791448 0.370437 0.791562 0.366090 0.790498 0.362097 0.788458 0.358548 0.785796 0.361121 0.779764 0.364315 0.779231 0.368662 0.779143 0.374606 0.780473 0.378510 0.783135 0.378155 0.787127
1 0.303590 0.796985 0.298936 0.796869 0.294864 0.792448 0.293003 0.785934 0.293119 0.779534 0.298819 0.776976 0.302892 0.775812 0.307429 0.777673 0.311268 0.781861 0.312082 0.787911 0.311616 0.792564
1 0.396903 0.716609 0.392824 0.716424 0.385964 0.717165 0.382440 0.712900 0.385942 0.707854 0.389814 0.705918 0.393098 0.704908 0.396633 0.705497 0.400505 0.706844 0.402862 0.708696 0.401768 0.713073 0.400926 0.714757
1 0.404911 0.296630 0.399638 0.294169 0.396298 0.286083 0.399638 0.283095 0.410185 0.287138 0.408427 0.292587
1 0.156303 0.217523 0.158380 0.220079 0.159444 0.222527 0.159764 0.225615 0.157847 0.227213 0.154812 0.228118 0.150713 0.227372 0.149436 0.224764 0.149486 0.221710 0.151072 0.218601 0.153356 0.217459
1 0.172800 0.235609 0.171133 0.235564 0.168699 0.234844 0.167167 0.233222 0.166491 0.230969 0.167258 0.228400 0.169961 0.225742 0.172033 0.224480 0.174196 0.223399 0.175729 0.223444 0.177396 0.224210 0.178702 0.226373 0.179333 0.228175 0.178928 0.230519 0.177530 0.232906 0.177306 0.233627
1 0.127930 0.080078 0.130859 0.086914 0.130859 0.086914 0.125977 0.090820 0.117188 0.085938 0.119141 0.080078
0 0.127930 0.070312 0.134766 0.069336 0.144531 0.073242 0.156250 0.079102 0.167969 0.082031 0.173828 0.086914 0.183594 0.086914 0.186523 0.093750 0.194336 0.096680 0.201172 0.096680 0.214844 0.100586 0.214844 0.100586 0.218750 0.105469 0.230469 0.110352 0.242188 0.109375 0.250977 0.116211 0.250977 0.116211 0.263672 0.121094 0.272461 0.127930 0.271484 0.135742 0.261719 0.139648 0.249023 0.132812 0.234375 0.128906 0.223633 0.120117 0.206055 0.118164 0.185547 0.112305 0.166992 0.104492 0.144531 0.097656 0.134766 0.087891 0.126953 0.075195
1 0.147461 0.148438 0.163086 0.155273 0.163086 0.155273 0.163086 0.164062 0.156250 0.169922 0.147461 0.164062 0.140625 0.158203 0.140625 0.158203
1 0.390625 0.006836 0.391602 0.011719 0.385742 0.011719 0.381836 0.005859
1 0.391602 0.000000 0.392578 0.005859 0.395508 0.008789 0.402344 0.000977
1 0.434570 0.139648 0.437500 0.146484 0.435547 0.151367 0.430664 0.149414 0.428711 0.143555
1 0.476562 0.156250 0.483398 0.164062 0.481445 0.169922 0.474609 0.167969 0.471680 0.159180
0 0.558594 0.029297 0.547852 0.027344 0.545898 0.035156 0.544922 0.040039 0.541016 0.048828 0.535156 0.052734 0.529297 0.060547 0.530273 0.067383 0.535156 0.071289 0.543945 0.066406 0.547852 0.055664 0.544922 0.050781 0.550781 0.043945 0.557617 0.036133
1 0.577148 0.093750 0.579102 0.097656 0.578125 0.101562 0.573242 0.097656
1 0.665039 0.060547 0.665039 0.065430 0.661133 0.068359 0.655273 0.063477 0.657227 0.057617
1 0.640625 0.115234 0.645508 0.119141 0.647461 0.125977 0.639648 0.126953 0.639648 0.126953 0.631836 0.122070
1 0.685547 0.104492 0.691406 0.110352 0.689453 0.118164 0.679688 0.115234 0.679688 0.108398 0.679688 0.108398
1 0.706055 0.044922 0.708984 0.051758 0.703125 0.057617 0.695312 0.053711 0.691406 0.044922 0.700195 0.040039
1 0.690430 0.132812 0.691406 0.139648 0.685547 0.147461 0.676758 0.142578 0.678711 0.133789 0.678711 0.133789
0 0.683594 0.011719 0.688477 0.020508 0.685547 0.028320 0.699219 0.038086 0.711914 0.032227 0.725586 0.036133 0.736328 0.040039 0.744141 0.038086 0.747070 0.030273 0.758789 0.036133 0.757812 0.041992 0.747070 0.040039 0.738281 0.043945 0.744141 0.048828 0.751953 0.049805 0.752930 0.055664 0.750977 0.061523 0.759766 0.064453 0.760742 0.057617 0.769531 0.059570 0.777344 0.055664 0.778320 0.044922 0.769531 0.041016 0.772461 0.033203 0.779297 0.031250 0.787109 0.021484 0.787109 0.014648 0.787109 0.014648 0.782227 0.011719 0.780273 0.004883 0.784180 0.000000 0.784180 0.000000 0.682617 0.000000
1 0.751953 0.068359 0.754883 0.075195 0.754883 0.075195 0.751953 0.080078 0.751953 0.080078 0.742188 0.078125 0.742188 0.070312
1 0.758789 0.156250 0.762695 0.166016 0.757812 0.176758 0.746094 0.174805 0.746094 0.163086 0.749023 0.159180
1 0.780273 0.173828 0.781250 0.183594 0.770508 0.186523 0.765625 0.176758 0.774414 0.172852
1 0.806641 0.096680 0.802734 0.105469 0.793945 0.108398 0.790039 0.097656 0.791992 0.088867 0.799805 0.089844
1 0.809570 0.101562 0.812500 0.108398 0.805664 0.111328 0.801758 0.104492 0.803711 0.100586
0 0.878906 0.078125 0.887695 0.076172 0.898438 0.082031 0.910156 0.086914 0.913086 0.096680 0.917969 0.105469 0.928711 0.112305 0.928711 0.124023 0.914062 0.119141 0.902344 0.118164 0.905273 0.125000 0.896484 0.134766 0.894531 0.145508 0.894531 0.145508 0.893555 0.154297 0.889648 0.162109 0.880859 0.156250 0.880859 0.156250 0.873047 0.156250 0.868164 0.167969 0.854492 0.171875 0.848633 0.162109 0.851562 0.149414 0.860352 0.145508 0.869141 0.149414 0.873047 0.138672 0.878906 0.130859 0.875977 0.119141 0.886719 0.115234 0.886719 0.115234 0.890625 0.102539 0.880859 0.096680 0.868164 0.096680 0.860352 0.090820 0.860352 0.081055 0.860352 0.081055 0.871094 0.082031 0.878906 0.085938
1 0.840820 0.136719 0.841797 0.145508 0.835938 0.149414 0.829102 0.142578 0.831055 0.132812 0.831055 0.132812
1 0.816406 0.189453 0.820312 0.194336 0.819336 0.204102 0.808594 0.202148 0.808594 0.202148 0.808594 0.194336 0.808594 0.194336
1 0.848633 0.196289 0.850586 0.207031 0.844727 0.217773 0.827148 0.211914 0.827148 0.211914 0.826172 0.199219 0.826172 0.199219 0.837891 0.191406
1 0.841797 0.180664 0.849609 0.186523 0.848633 0.195312 0.840820 0.194336 0.834961 0.185547 0.834961 0.185547
1 0.875000 0.214844 0.883789 0.217773 0.885742 0.224609 0.876953 0.230469 0.870117 0.219727
1 0.916016 0.142578 0.915039 0.154297 0.916016 0.166016 0.916016 0.166016 0.907227 0.169922 0.894531 0.163086 0.893555 0.150391 0.900391 0.150391 0.900391 0.142578 0.900391 0.142578 0.906250 0.138672
1 0.949219 0.111328 0.956055 0.118164 0.961914 0.127930 0.958984 0.141602 0.940430 0.144531 0.926758 0.131836 0.926758 0.131836 0.927734 0.120117 0.938477 0.113281
1 0.988281 0.010742 0.988281 0.004883 0.983398 0.003906 0.980469 0.009766 0.982422 0.012695
1 0.975586 0.161133 0.977539 0.149414 0.982422 0.143555 0.986328 0.136719 0.998047 0.137695 1.000000 0.151367 1.000000 0.151367 0.997070 0.163086 0.990234 0.169922 0.984375 0.169922 0.973633 0.169922
1 0.968750 0.181641 0.969727 0.172852 0.962891 0.168945 0.954102 0.173828 0.950195 0.181641 0.952148 0.186523 0.961914 0.187500 0.966797 0.183594
0 0.906250 0.229492 0.917969 0.228516 0.923828 0.235352 0.927734 0.238281 0.927734 0.238281 0.937500 0.240234 0.948242 0.248047 0.949219 0.258789 0.949219 0.258789 0.949219 0.262695 0.942383 0.260742 0.942383 0.260742 0.930664 0.256836 0.920898 0.257812 0.911133 0.251953 0.909180 0.242188 0.903320 0.239258
1 0.999023 0.262695 0.994141 0.258789 0.984375 0.264648 0.982422 0.273438 0.985352 0.279297 0.996094 0.280273 1.000000 0.284180
1 0.769531 0.260742 0.782227 0.260742 0.779297 0.271484 0.779297 0.271484 0.778320 0.282227 0.767578 0.274414 0.752930 0.286133 0.756836 0.271484 0.744141 0.269531 0.740234 0.259766 0.752930 0.259766 0.760742 0.252930
1 0.497070 0.284180 0.502930 0.288086 0.509766 0.290039 0.509766 0.290039 0.515625 0.296875 0.515625 0.296875 0.512695 0.303711 0.500000 0.295898 0.495117 0.302734 0.488281 0.303711 0.483398 0.294922 0.489258 0.287109
1 0.549805 0.251953 0.549805 0.258789 0.541992 0.259766 0.540039 0.251953 0.541992 0.247070
1 0.541016 0.251953 0.540039 0.263672 0.525391 0.266602 0.519531 0.259766 0.519531 0.259766 0.520508 0.250977 0.526367 0.247070 0.526367 0.247070 0.533203 0.250977
1 0.664062 0.329102 0.666016 0.334961 0.664062 0.341797 0.652344 0.338867 0.652344 0.338867 0.650391 0.331055 0.655273 0.328125
1 0.649414 0.396484 0.649414 0.404297 0.641602 0.405273 0.641602 0.405273 0.636719 0.398438 0.639648 0.392578
1 0.687500 0.396484 0.701172 0.399414 0.705078 0.408203 0.700195 0.414062 0.687500 0.408203 0.680664 0.401367
1 0.695312 0.423828 0.698242 0.431641 0.694336 0.440430 0.683594 0.435547 0.682617 0.425781 0.688477 0.420898
1 0.688477 0.462891 0.685547 0.470703 0.675781 0.467773 0.672852 0.458984 0.674805 0.454102 0.674805 0.454102 0.682617 0.454102
1 0.842773 0.448242 0.847656 0.452148 0.847656 0.460938 0.839844 0.465820 0.830078 0.458984 0.832031 0.449219 0.832031 0.449219 0.835938 0.443359
1 0.955078 0.422852 0.958984 0.428711 0.956055 0.436523 0.947266 0.433594 0.945312 0.425781
1 0.949219 0.444336 0.950195 0.451172 0.950195 0.451172 0.943359 0.456055 0.943359 0.456055 0.936523 0.449219 0.942383 0.441406
1 0.963867 0.576172 0.970703 0.582031 0.969727 0.591797 0.959961 0.591797 0.953125 0.585938
1 0.985352 0.513672 0.984375 0.520508 0.975586 0.521484 0.975586 0.521484 0.971680 0.512695 0.971680 0.512695 0.980469 0.509766
1 1.000000 0.463867 0.993164 0.463867 0.986328 0.463867 0.983398 0.471680 0.987305 0.475586 0.993164 0.474609 1.000000 0.475586 1.000000 0.475586
1 0.834961 0.463867 0.836914 0.472656 0.831055 0.476562 0.823242 0.475586 0.824219 0.467773 0.828125 0.462891
1 0.907227 0.550781 0.909180 0.556641 0.902344 0.560547 0.896484 0.553711 0.896484 0.553711 0.900391 0.549805 0.900391 0.549805
1 0.997070 0.778320 0.982422 0.783203 0.985352 0.790039 0.992188 0.796875 1.000000 0.800781
1 0.990234 0.795898 0.995117 0.803711 0.991211 0.813477 0.979492 0.814453 0.979492 0.800781 0.982422 0.791992
1 0.784180 0.706055 0.803711 0.706055 0.826172 0.715820 0.843750 0.725586 0.850586 0.736328 0.850586 0.746094 0.837891 0.750977 0.811523 0.742188 0.791992 0.731445 0.782227 0.718750
1 0.811523 0.656250 0.812500 0.663086 0.803711 0.664062 0.798828 0.657227 0.801758 0.649414 0.808594 0.649414
1 0.804688 0.642578 0.813477 0.642578 0.813477 0.642578 0.823242 0.640625 0.834961 0.648438 0.837891 0.660156 0.836914 0.668945 0.827148 0.669922 0.817383 0.663086 0.817383 0.663086 0.810547 0.651367 0.802734 0.646484
1 0.872070 0.596680 0.875977 0.598633 0.875977 0.604492 0.869141 0.604492 0.864258 0.599609
1 0.825195 0.608398 0.827148 0.615234 0.820312 0.618164 0.813477 0.610352 0.818359 0.605469
0 0.285156 0.452148 0.293945 0.456055 0.299805 0.467773 0.291992 0.486328 0.288086 0.500000 0.281250 0.515625 0.272461 0.522461 0.272461 0.540039 0.272461 0.540039 0.272461 0.546875 0.315430 0.561523 0.321289 0.543945 0.324219 0.530273 0.324219 0.530273 0.333984 0.511719 0.333008 0.498047 0.333008 0.498047 0.343750 0.492188 0.355469 0.500977 0.357422 0.518555 0.349609 0.526367 0.348633 0.538086 0.337891 0.548828 0.334961 0.562500 0.347656 0.570312 0.356445 0.579102 0.367188 0.584961 0.374023 0.574219 0.372070 0.560547 0.382812 0.555664 0.382812 0.572266 0.387695 0.583984 0.389648 0.594727 0.389648 0.594727 0.398438 0.602539 0.394531 0.613281 0.375977 0.609375 0.357422 0.598633 0.343750 0.589844 0.325195 0.580078 0.312500 0.583008 0.296875 0.576172 0.282227 0.567383 0.265625 0.570312 0.254883 0.565430 0.255859 0.552734 0.241211 0.547852 0.229492 0.536133 0.208984 0.531250 0.195312 0.511719 0.199219 0.498047 0.199219 0.498047 0.193359 0.485352 0.196289 0.472656 0.203125 0.458984 0.203125 0.458984 0.196289 0.444336 0.205078 0.436523 0.213867 0.441406 0.214844 0.458008 0.226562 0.465820 0.236328 0.474609 0.236328 0.486328 0.253906 0.489258 0.261719 0.492188 0.266602 0.475586
0 0.314453 0.354492 0.328125 0.353516 0.336914 0.367188 0.336914 0.383789 0.328125 0.405273 0.325195 0.417969 0.313477 0.435547 0.303711 0.437500 0.292969 0.432617 0.303711 0.417969 0.306641 0.399414 0.313477 0.377930
1 0.022461 0.235352 0.022461 0.240234 0.022461 0.240234 0.016602 0.237305
1 0.018555 0.243164 0.016602 0.247070 0.012695 0.244141 0.012695 0.240234
1 0.012695 0.253906 0.012695 0.256836 0.007812 0.254883 0.007812 0.250000
1 0.009766 0.261719 0.009766 0.265625 0.003906 0.262695 0.003906 0.257812
1 0.000000 0.265625 0.004883 0.270508 0.002930 0.274414 0.000000 0.271484
1 0.067383 0.243164 0.067383 0.249023 0.067383 0.249023 0.057617 0.248047 0.055664 0.243164 0.060547 0.241211
1 0.152344 0.280273 0.149414 0.291016 0.143555 0.291016 0.140625 0.282227 0.145508 0.278320
1 0.107422 0.284180 0.108398 0.289062 0.104492 0.294922 0.098633 0.289062 0.101562 0.284180
1 0.096680 0.286133 0.098633 0.291992 0.092773 0.293945 0.089844 0.288086 0.093750 0.284180
1 0.037109 0.308594 0.041992 0.309570 0.050781 0.314453 0.048828 0.319336 0.041992 0.321289 0.034180 0.319336 0.029297 0.311523 0.032227 0.307617
0 0.136719 0.397461 0.140625 0.401367 0.140625 0.401367 0.141602 0.405273 0.136719 0.410156 0.136719 0.410156 0.130859 0.416992 0.120117 0.416016 0.111328 0.417969 0.107422 0.420898 0.100586 0.416992 0.103516 0.412109 0.107422 0.408203 0.120117 0.403320 0.126953 0.403320
0 0.000977 0.397461 0.010742 0.392578 0.013672 0.398438 0.011719 0.404297 0.014648 0.408203 0.013672 0.414062 0.017578 0.418945 0.017578 0.416992 0.019531 0.422852 0.026367 0.425781 0.036133 0.430664 0.035156 0.437500 0.026367 0.434570 0.026367 0.434570 0.014648 0.434570 0.006836 0.427734 0.000000 0.424805
1 0.041016 0.434570 0.043945 0.439453 0.041016 0.441406 0.034180 0.439453 0.034180 0.439453 0.035156 0.434570
1 0.097656 0.418945 0.101562 0.421875 0.101562 0.421875 0.101562 0.426758 0.096680 0.426758 0.096680 0.426758 0.092773 0.421875
1 0.121094 0.438477 0.121094 0.447266 0.114258 0.453125 0.108398 0.452148 0.108398 0.452148 0.109375 0.447266 0.110352 0.440430 0.116211 0.436523
0 0.028320 0.353516 0.040039 0.355469 0.044922 0.354492 0.045898 0.345703 0.056641 0.342773 0.053711 0.331055 0.054688 0.326172 0.051758 0.318359 0.052734 0.308594 0.059570 0.308594 0.059570 0.319336 0.069336 0.322266 0.069336 0.322266 0.069336 0.331055 0.066406 0.340820 0.073242 0.345703 0.081055 0.343750 0.081055 0.343750 0.085938 0.339844 0.092773 0.344727 0.096680 0.349609 0.095703 0.358398 0.100586 0.362305 0.104492 0.366211 0.103516 0.374023 0.094727 0.374023 0.082031 0.375977 0.064453 0.377930 0.061523 0.383789 0.044922 0.384766 0.042969 0.375977 0.034180 0.372070 0.028320 0.377930 0.016602 0.379883 0.009766 0.373047 0.009766 0.373047 0.011719 0.363281 0.017578 0.357422
1 0.162109 0.561523 0.171875 0.563477 0.180664 0.571289 0.179688 0.580078 0.166016 0.578125 0.152344 0.572266 0.146484 0.560547
1 0.163086 0.710938 0.167969 0.716797 0.166016 0.723633 0.157227 0.723633 0.150391 0.714844 0.157227 0.709961 0.157227 0.709961
0 0.333008 0.690430 0.342773 0.692383 0.346680 0.699219 0.357422 0.704102 0.364258 0.712891 0.351562 0.710938 0.351562 0.710938 0.343750 0.716797 0.336914 0.725586 0.336914 0.734375 0.337891 0.744141 0.345703 0.749023 0.345703 0.749023 0.356445 0.755859 0.367188 0.751953 0.368164 0.758789 0.367188 0.765625 0.359375 0.765625 0.353516 0.764648 0.344727 0.767578 0.337891 0.772461 0.335938 0.776367 0.331055 0.777344 0.324219 0.781250 0.314453 0.786133 0.308594 0.776367 0.301758 0.777344 0.292969 0.777344 0.295898 0.766602 0.295898 0.766602 0.291992 0.758789 0.291992 0.758789 0.297852 0.748047 0.306641 0.739258 0.302734 0.729492 0.309570 0.723633 0.313477 0.711914 0.313477 0.711914 0.319336 0.713867 0.328125 0.695312 0.328125 0.695312
1 0.295898 0.765625 0.291992 0.777344 0.283203 0.775391 0.281250 0.761719 0.290039 0.760742 0.290039 0.760742
1 0.291016 0.785156 0.290039 0.799805 0.290039 0.799805 0.284180 0.804688 0.275391 0.798828 0.275391 0.787109 0.284180 0.782227
1 0.408203 0.803711 0.411133 0.811523 0.404297 0.815430 0.398438 0.809570 0.398438 0.809570 0.398438 0.799805 0.403320 0.799805
0 0.466797 0.711914 0.481445 0.708008 0.490234 0.714844 0.490234 0.714844 0.499023 0.712891 0.511719 0.713867 0.522461 0.718750 0.524414 0.728516 0.520508 0.740234 0.512695 0.746094 0.512695 0.746094 0.499023 0.741211 0.486328 0.743164 0.473633 0.738281 0.465820 0.728516 0.461914 0.720703 0.461914 0.720703
0 0.413086 0.775391 0.418945 0.773438 0.429688 0.773438 0.429688 0.773438 0.429688 0.782227 0.441406 0.782227 0.453125 0.786133 0.453125 0.786133 0.460938 0.791992 0.460938 0.791992 0.462891 0.800781 0.460938 0.804688 0.447266 0.802734 0.442383 0.810547 0.437500 0.817383 0.428711 0.814453 0.418945 0.808594 0.412109 0.817383 0.403320 0.816406 0.410156 0.807617 0.401367 0.803711 0.395508 0.797852 0.401367 0.790039 0.396484 0.784180 0.404297 0.777344
1 0.381836 0.924805 0.385742 0.930664 0.382812 0.936523 0.382812 0.936523 0.375977 0.936523 0.375977 0.927734
0 0.528320 0.872070 0.538086 0.873047 0.546875 0.878906 0.543945 0.885742 0.543945 0.885742 0.534180 0.891602 0.529297 0.900391 0.525391 0.910156 0.522461 0.918945 0.516602 0.928711 0.516602 0.928711 0.523438 0.930664 0.534180 0.928711 0.540039 0.934570 0.551758 0.929688 0.562500 0.922852 0.563477 0.915039 0.572266 0.911133 0.581055 0.916016 0.581055 0.916016 0.579102 0.923828 0.578125 0.933594 0.578125 0.940430 0.575195 0.946289 0.575195 0.946289 0.560547 0.943359 0.557617 0.948242 0.541016 0.943359 0.534180 0.943359 0.533203 0.950195 0.529297 0.955078 0.519531 0.958984 0.517578 0.949219 0.513672 0.943359 0.505859 0.941406 0.500000 0.951172 0.500000 0.951172 0.498047 0.957031 0.490234 0.961914 0.486328 0.968750 0.479492 0.967773 0.482422 0.958984 0.482422 0.958984 0.491211 0.952148 0.491211 0.940430 0.495117 0.925781 0.495117 0.925781 0.501953 0.923828 0.504883 0.914062 0.509766 0.912109 0.510742 0.904297 0.515625 0.894531 0.511719 0.890625 0.511719 0.890625 0.515625 0.881836 0.519531 0.872070
1 0.590820 0.940430 0.593750 0.950195 0.588867 0.954102 0.581055 0.947266 0.581055 0.947266 0.583984 0.941406 0.583984 0.941406
1 0.527344 0.965820 0.527344 0.971680 0.521484 0.973633 0.519531 0.967773 0.519531 0.967773 0.521484 0.964844
1 0.456055 0.884766 0.459961 0.889648 0.458984 0.895508 0.452148 0.895508 0.452148 0.895508 0.450195 0.887695 0.450195 0.887695
0 0.482422 0.809570 0.485352 0.804688 0.491211 0.804688 0.492188 0.812500 0.490234 0.820312 0.485352 0.829102 0.482422 0.835938 0.482422 0.835938 0.477539 0.844727 0.473633 0.847656 0.471680 0.854492 0.458984 0.850586 0.458008 0.840820 0.458008 0.840820 0.464844 0.835938 0.472656 0.835938 0.475586 0.831055 0.479492 0.829102 0.482422 0.822266 0.483398 0.815430
1 0.649414 0.909180 0.650391 0.918945 0.645508 0.922852 0.645508 0.922852 0.639648 0.916992 0.639648 0.916992 0.641602 0.909180
1 0.546875 0.513672 0.546875 0.521484 0.541016 0.523438 0.541016 0.523438 0.536133 0.516602 0.540039 0.510742
1 0.541992 0.522461 0.541992 0.530273 0.533203 0.534180 0.533203 0.534180 0.531250 0.526367 0.537109 0.518555
1 0.941406 0.411133 0.947266 0.416016 0.947266 0.416016 0.946289 0.420898 0.939453 0.418945 0.939453 0.418945 0.937500 0.412109
0 0.911133 0.398438 0.916992 0.399414 0.923828 0.403320 0.930664 0.407227 0.933594 0.412109 0.931641 0.415039 0.922852 0.411133 0.916992 0.411133 0.913086 0.416016 0.912109 0.424805 0.909180 0.429688 0.908203 0.434570 0.904297 0.440430 0.898438 0.439453 0.896484 0.431641 0.899414 0.423828 0.905273 0.414062 0.905273 0.405273 0.905273 0.399414
1 0.793945 0.431641 0.800781 0.429688 0.805664 0.435547 0.805664 0.444336 0.800781 0.445312 0.795898 0.438477
1 0.798828 0.445312 0.805664 0.454102 0.797852 0.458008 0.791992 0.455078 0.791992 0.455078 0.791992 0.447266 0.791992 0.447266
1 0.800781 0.456055 0.806641 0.458984 0.807617 0.467773 0.806641 0.471680 0.799805 0.469727 0.794922 0.464844 0.794922 0.464844 0.796875 0.458984
1 0.875977 0.546875 0.878906 0.552734 0.878906 0.552734 0.874023 0.555664 0.874023 0.555664 0.869141 0.552734 0.864258 0.551758 0.867188 0.545898
0 0.886719 0.607422 0.887695 0.611328 0.883789 0.613281 0.883789 0.617188 0.881836 0.622070 0.879883 0.625000 0.878906 0.629883 0.876953 0.631836 0.875977 0.637695 0.873047 0.641602 0.867188 0.641602 0.871094 0.636719 0.872070 0.629883 0.874023 0.618164 0.874023 0.609375
1 0.856445 0.676758 0.856445 0.685547 0.849609 0.689453 0.849609 0.689453 0.845703 0.683594 0.845703 0.683594 0.852539 0.678711
0 0.845703 0.662109 0.851562 0.663086 0.855469 0.666992 0.861328 0.667969 0.859375 0.673828 0.853516 0.673828 0.853516 0.673828 0.846680 0.669922 0.841797 0.671875 0.839844 0.666016
1 0.739258 0.881836 0.736328 0.875000 0.736328 0.875000 0.731445 0.874023 0.727539 0.880859 0.730469 0.888672
1 0.828125 0.845703 0.837891 0.848633 0.842773 0.852539 0.842773 0.861328 0.832031 0.864258 0.832031 0.864258 0.823242 0.856445 0.823242 0.856445 0.823242 0.847656 0.823242 0.847656