1 0.152344 0.005859 0.160156 0.013672 0.157227 0.020508 0.144531 0.024414 0.136719 0.016602 0.146484 0.009766
1 0.177734 0.000000 0.179688 0.008789 0.186523 0.016602 0.197266 0.012695 0.202148 0.000000
1 0.110352 0.007812 0.115234 0.011719 0.107422 0.015625 0.105469 0.009766
1 0.114258 0.011719 0.117188 0.020508 0.117188 0.020508 0.114258 0.027344 0.107422 0.020508 0.110352 0.013672
0 0.071289 0.007812 0.076172 0.017578 0.081055 0.028320 0.085938 0.037109 0.090820 0.046875 0.091797 0.052734 0.096680 0.056641 0.103516 0.047852 0.110352 0.043945 0.120117 0.042969 0.120117 0.042969 0.131836 0.043945 0.141602 0.051758 0.140625 0.062500 0.132812 0.060547 0.126953 0.066406 0.125000 0.054688 0.115234 0.054688 0.107422 0.059570 0.103516 0.068359 0.103516 0.077148 0.094727 0.080078 0.089844 0.073242 0.089844 0.073242 0.083008 0.079102 0.074219 0.074219 0.067383 0.069336 0.059570 0.062500 0.063477 0.052734 0.069336 0.046875 0.074219 0.047852 0.081055 0.041016 0.075195 0.033203 0.066406 0.032227 0.070312 0.023438 0.065430 0.014648
1 0.059570 0.064453 0.065430 0.070312 0.066406 0.079102 0.056641 0.075195 0.048828 0.069336 0.049805 0.057617
1 0.049805 0.068359 0.050781 0.076172 0.041992 0.077148 0.041992 0.068359
1 0.070312 0.076172 0.074219 0.083984 0.068359 0.085938 0.065430 0.077148
1 0.099609 0.087891 0.102539 0.096680 0.096680 0.099609 0.096680 0.099609 0.089844 0.092773 0.092773 0.086914
1 0.074219 0.129883 0.078125 0.139648 0.075195 0.144531 0.062500 0.141602 0.061523 0.130859 0.070312 0.129883
1 0.148438 0.121094 0.148438 0.121094 0.135742 0.120117 0.134766 0.110352 0.145508 0.103516 0.151367 0.111328
1 0.144531 0.124023 0.142578 0.128906 0.135742 0.126953 0.135742 0.120117
1 0.161133 0.057617 0.163086 0.069336 0.156250 0.076172 0.145508 0.073242 0.143555 0.060547 0.153320 0.056641
1 0.186523 0.041016 0.185547 0.051758 0.175781 0.055664 0.169922 0.045898 0.177734 0.037109
1 0.182617 0.083984 0.188477 0.088867 0.188477 0.101562 0.176758 0.104492 0.172852 0.094727
1 0.175781 0.104492 0.173828 0.112305 0.163086 0.119141 0.153320 0.114258 0.158203 0.102539 0.167969 0.099609
1 0.226562 0.059570 0.231445 0.063477 0.234375 0.071289 0.225586 0.078125 0.217773 0.072266 0.221680 0.062500
1 0.249023 0.031250 0.249023 0.039062 0.244141 0.042969 0.240234 0.033203
1 0.254883 0.000000 0.252930 0.007812 0.255859 0.018555 0.271484 0.018555 0.280273 0.007812 0.281250 0.000000
1 0.249023 0.076172 0.250000 0.081055 0.245117 0.083008 0.242188 0.076172
1 0.270508 0.072266 0.279297 0.074219 0.276367 0.082031 0.269531 0.077148
1 0.270508 0.078125 0.271484 0.085938 0.263672 0.084961 0.260742 0.079102 0.264648 0.074219
1 0.258789 0.106445 0.269531 0.104492 0.274414 0.115234 0.266602 0.121094 0.255859 0.117188
1 0.260742 0.118164 0.264648 0.122070 0.256836 0.130859 0.247070 0.126953 0.249023 0.117188
1 0.346680 0.123047 0.343750 0.132812 0.333008 0.127930 0.333008 0.120117
1 0.333008 0.113281 0.333984 0.119141 0.326172 0.120117 0.326172 0.113281
1 0.338867 0.131836 0.339844 0.140625 0.331055 0.146484 0.320312 0.141602 0.321289 0.131836 0.321289 0.131836 0.329102 0.125977
1 0.318359 0.160156 0.314453 0.167969 0.314453 0.167969 0.305664 0.168945 0.305664 0.168945 0.306641 0.159180 0.310547 0.159180
1 0.284180 0.146484 0.286133 0.153320 0.280273 0.156250 0.274414 0.149414 0.278320 0.144531
1 0.199219 0.140625 0.202148 0.148438 0.199219 0.154297 0.189453 0.152344 0.186523 0.142578
1 0.246094 0.117188 0.244141 0.128906 0.233398 0.126953 0.234375 0.118164
1 0.193359 0.162109 0.188477 0.173828 0.180664 0.178711 0.177734 0.168945 0.186523 0.162109
1 0.153320 0.157227 0.157227 0.165039 0.154297 0.177734 0.142578 0.179688 0.131836 0.173828 0.132812 0.161133 0.143555 0.156250
1 0.157227 0.170898 0.166992 0.175781 0.169922 0.183594 0.165039 0.188477 0.157227 0.183594 0.154297 0.174805
1 0.359375 0.171875 0.366211 0.177734 0.362305 0.187500 0.352539 0.181641 0.351562 0.173828
1 0.353516 0.181641 0.356445 0.195312 0.350586 0.198242 0.343750 0.204102 0.332031 0.196289 0.332031 0.185547 0.339844 0.177734 0.339844 0.177734 0.345703 0.176758
1 0.363281 0.202148 0.367188 0.212891 0.367188 0.212891 0.360352 0.217773 0.351562 0.211914 0.351562 0.211914 0.354492 0.204102
1 0.187500 0.201172 0.191406 0.206055 0.187500 0.211914 0.182617 0.213867 0.179688 0.203125
1 0.151367 0.237305 0.148438 0.246094 0.140625 0.244141 0.140625 0.236328 0.146484 0.234375
1 0.102539 0.234375 0.108398 0.237305 0.105469 0.246094 0.098633 0.240234
1 0.106445 0.239258 0.114258 0.242188 0.114258 0.242188 0.112305 0.249023 0.105469 0.250000
1 0.117188 0.247070 0.119141 0.252930 0.113281 0.255859 0.113281 0.247070
1 0.121094 0.250977 0.127930 0.253906 0.127930 0.253906 0.127930 0.259766 0.125000 0.261719 0.120117 0.265625 0.115234 0.258789
1 0.100586 0.259766 0.092773 0.266602 0.085938 0.266602 0.082031 0.259766 0.090820 0.252930 0.097656 0.252930
1 0.101562 0.259766 0.110352 0.261719 0.114258 0.268555 0.109375 0.274414 0.103516 0.279297 0.094727 0.275391 0.095703 0.265625 0.095703 0.265625
1 0.038086 0.302734 0.040039 0.309570 0.037109 0.312500 0.032227 0.309570 0.032227 0.304688
1 0.109375 0.291016 0.114258 0.289062 0.114258 0.299805 0.107422 0.304688 0.102539 0.299805 0.104492 0.293945
1 0.102539 0.303711 0.101562 0.309570 0.097656 0.312500 0.093750 0.306641
1 0.083984 0.330078 0.085938 0.337891 0.082031 0.341797 0.076172 0.337891 0.077148 0.332031
1 0.066406 0.324219 0.064453 0.333984 0.055664 0.333984 0.054688 0.325195
0 0.262695 0.248047 0.261719 0.255859 0.267578 0.263672 0.264648 0.267578 0.257812 0.269531 0.251953 0.275391 0.254883 0.279297 0.254883 0.291016 0.249023 0.297852 0.241211 0.300781 0.239258 0.307617 0.230469 0.309570 0.215820 0.304688 0.220703 0.293945 0.224609 0.294922 0.225586 0.286133 0.235352 0.275391 0.242188 0.261719 0.248047 0.251953 0.248047 0.251953 0.254883 0.246094
1 0.340820 0.219727 0.338867 0.225586 0.333008 0.225586 0.332031 0.218750
1 0.344727 0.229492 0.339844 0.239258 0.333984 0.240234 0.333984 0.230469 0.333984 0.230469
1 0.369141 0.254883 0.369141 0.261719 0.361328 0.262695 0.359375 0.254883
1 0.344727 0.281250 0.343750 0.293945 0.334961 0.296875 0.334961 0.296875 0.329102 0.290039 0.331055 0.282227
1 0.102539 0.346680 0.104492 0.353516 0.094727 0.353516 0.094727 0.345703
1 0.127930 0.357422 0.131836 0.362305 0.130859 0.369141 0.125977 0.373047 0.117188 0.373047 0.114258 0.364258 0.122070 0.360352
1 0.000977 0.333984 0.005859 0.334961 0.007812 0.342773 0.005859 0.346680 0.000000 0.346680
1 0.011719 0.349609 0.021484 0.348633 0.027344 0.359375 0.021484 0.362305 0.013672 0.365234 0.007812 0.356445
1 0.262695 0.390625 0.267578 0.396484 0.267578 0.405273 0.259766 0.408203 0.259766 0.408203 0.253906 0.399414
1 0.299805 0.359375 0.297852 0.365234 0.291016 0.364258 0.291016 0.355469
0 0.305664 0.369141 0.312500 0.371094 0.321289 0.371094 0.321289 0.375977 0.316406 0.383789 0.322266 0.388672 0.321289 0.400391 0.317383 0.409180 0.323242 0.414062 0.318359 0.419922 0.313477 0.418945 0.309570 0.422852 0.302734 0.419922 0.304688 0.408203 0.312500 0.401367 0.312500 0.393555 0.306641 0.398438 0.304688 0.386719 0.299805 0.384766 0.297852 0.377930
1 0.115234 0.419922 0.121094 0.426758 0.122070 0.437500 0.111328 0.444336 0.100586 0.434570 0.100586 0.434570 0.104492 0.423828
1 0.135742 0.429688 0.139648 0.432617 0.136719 0.437500 0.130859 0.433594
1 0.151367 0.449219 0.157227 0.445312 0.162109 0.449219 0.157227 0.455078 0.151367 0.453125
1 0.005859 0.494141 0.016602 0.491211 0.025391 0.498047 0.035156 0.503906 0.036133 0.512695 0.036133 0.512695 0.025391 0.514648 0.013672 0.512695 0.007812 0.504883
0 0.095703 0.438477 0.099609 0.440430 0.090820 0.456055 0.096680 0.461914 0.094727 0.466797 0.087891 0.463867 0.080078 0.470703 0.075195 0.478516 0.070312 0.483398 0.061523 0.485352 0.061523 0.485352 0.060547 0.475586 0.066406 0.477539
1 0.325195 0.416016 0.335938 0.417969 0.335938 0.425781 0.329102 0.427734 0.321289 0.421875
1 0.351562 0.419922 0.361328 0.420898 0.361328 0.428711 0.354492 0.431641 0.348633 0.427734
0 0.291992 0.437500 0.302734 0.433594 0.305664 0.439453 0.298828 0.448242 0.305664 0.452148 0.314453 0.457031 0.317383 0.463867 0.315430 0.472656 0.303711 0.474609 0.305664 0.481445 0.301758 0.492188 0.301758 0.492188 0.294922 0.500000 0.286133 0.494141 0.285156 0.501953 0.275391 0.504883 0.266602 0.500000 0.269531 0.493164 0.260742 0.486328 0.265625 0.472656 0.268555 0.463867 0.273438 0.458008 0.282227 0.455078
1 0.257812 0.453125 0.260742 0.462891 0.256836 0.471680 0.245117 0.467773 0.238281 0.457031 0.240234 0.450195
1 0.232422 0.431641 0.236328 0.440430 0.234375 0.446289 0.225586 0.452148 0.217773 0.445312 0.213867 0.436523 0.219727 0.431641
1 0.325195 0.493164 0.331055 0.503906 0.324219 0.511719 0.309570 0.510742 0.297852 0.501953 0.307617 0.490234 0.307617 0.490234 0.316406 0.488281
0 0.368164 0.485352 0.374023 0.486328 0.375977 0.496094 0.372070 0.507812 0.362305 0.512695 0.359375 0.517578 0.359375 0.517578 0.356445 0.525391 0.347656 0.528320 0.337891 0.521484 0.340820 0.511719 0.340820 0.511719 0.347656 0.511719 0.347656 0.502930 0.358398 0.493164
1 0.240234 0.478516 0.246094 0.490234 0.239258 0.500977 0.225586 0.500977 0.216797 0.490234 0.222656 0.479492 0.230469 0.479492
1 0.224609 0.502930 0.230469 0.510742 0.224609 0.522461 0.213867 0.518555 0.207031 0.504883
1 0.059570 0.527344 0.059570 0.534180 0.052734 0.533203 0.052734 0.527344
1 0.056641 0.535156 0.052734 0.542969 0.045898 0.540039 0.046875 0.532227
1 0.103516 0.535156 0.111328 0.539062 0.114258 0.546875 0.107422 0.552734 0.098633 0.548828 0.098633 0.540039
1 0.164062 0.530273 0.175781 0.525391 0.180664 0.535156 0.177734 0.542969 0.167969 0.545898 0.160156 0.539062
1 0.014648 0.547852 0.016602 0.555664 0.008789 0.552734 0.007812 0.546875
1 0.051758 0.579102 0.060547 0.579102 0.064453 0.587891 0.061523 0.591797 0.052734 0.590820
1 0.025391 0.572266 0.024414 0.578125 0.018555 0.574219 0.021484 0.570312
1 0.018555 0.576172 0.021484 0.580078 0.018555 0.584961 0.013672 0.581055
1 0.007812 0.590820 0.014648 0.585938 0.018555 0.589844 0.018555 0.595703 0.009766 0.598633
1 0.018555 0.595703 0.023438 0.601562 0.023438 0.606445 0.013672 0.602539
1 0.069336 0.610352 0.077148 0.610352 0.077148 0.617188 0.072266 0.623047 0.066406 0.616211
1 0.062500 0.622070 0.070312 0.622070 0.070312 0.622070 0.070312 0.629883 0.062500 0.629883
1 0.197266 0.552734 0.202148 0.552734 0.203125 0.562500 0.203125 0.562500 0.193359 0.569336 0.182617 0.563477
1 0.219727 0.556641 0.226562 0.563477 0.222656 0.570312 0.212891 0.569336 0.208984 0.559570
1 0.216797 0.567383 0.222656 0.575195 0.223633 0.584961 0.215820 0.590820 0.204102 0.589844 0.201172 0.578125 0.203125 0.570312
1 0.225586 0.564453 0.232422 0.570312 0.233398 0.581055 0.225586 0.580078 0.220703 0.572266
1 0.258789 0.554688 0.268555 0.552734 0.272461 0.560547 0.267578 0.565430 0.259766 0.561523
0 0.284180 0.557617 0.290039 0.559570 0.293945 0.563477 0.294922 0.573242 0.294922 0.573242 0.290039 0.583008 0.285156 0.590820 0.279297 0.586914 0.280273 0.577148 0.284180 0.568359
0 0.306641 0.573242 0.318359 0.569336 0.329102 0.577148 0.338867 0.578125 0.348633 0.586914 0.348633 0.586914 0.350586 0.593750 0.356445 0.598633 0.354492 0.606445 0.354492 0.606445 0.349609 0.611328 0.340820 0.613281 0.332031 0.604492 0.323242 0.600586 0.322266 0.589844 0.314453 0.585938 0.306641 0.582031
1 0.320312 0.650391 0.327148 0.644531 0.320312 0.641602 0.317383 0.645508
1 0.229492 0.582031 0.233398 0.585938 0.229492 0.596680 0.222656 0.595703 0.221680 0.588867
1 0.227539 0.595703 0.234375 0.600586 0.234375 0.605469 0.226562 0.608398 0.222656 0.599609
1 0.227539 0.607422 0.238281 0.606445 0.237305 0.619141 0.236328 0.627930 0.227539 0.632812 0.222656 0.619141
1 0.270508 0.615234 0.276367 0.609375 0.279297 0.613281 0.273438 0.621094
1 0.248047 0.664062 0.257812 0.668945 0.255859 0.676758 0.251953 0.679688 0.251953 0.679688 0.243164 0.672852
1 0.241211 0.663086 0.246094 0.664062 0.244141 0.671875 0.238281 0.669922
1 0.233398 0.636719 0.237305 0.642578 0.231445 0.644531 0.228516 0.639648
1 0.237305 0.657227 0.238281 0.663086 0.231445 0.666016 0.232422 0.657227
1 0.235352 0.675781 0.244141 0.675781 0.247070 0.684570 0.240234 0.693359 0.232422 0.691406 0.232422 0.681641
1 0.205078 0.653320 0.215820 0.649414 0.221680 0.657227 0.218750 0.667969 0.218750 0.667969 0.208008 0.670898 0.202148 0.661133
1 0.192383 0.639648 0.201172 0.641602 0.201172 0.648438 0.195312 0.653320 0.190430 0.646484
1 0.167969 0.610352 0.176758 0.609375 0.179688 0.615234 0.171875 0.621094 0.166016 0.616211
1 0.134766 0.616211 0.137695 0.623047 0.137695 0.623047 0.132812 0.629883 0.125000 0.624023 0.127930 0.618164
1 0.000000 0.688477 0.009766 0.691406 0.010742 0.701172 0.002930 0.705078 0.000000 0.702148
1 0.079102 0.713867 0.078125 0.721680 0.070312 0.722656 0.068359 0.713867
0 0.214844 0.725586 0.213867 0.739258 0.223633 0.743164 0.228516 0.753906 0.237305 0.758789 0.248047 0.764648 0.254883 0.772461 0.262695 0.781250 0.259766 0.785156 0.253906 0.784180 0.244141 0.785156 0.240234 0.777344 0.229492 0.769531 0.212891 0.762695 0.203125 0.767578 0.194336 0.779297 0.185547 0.786133 0.186523 0.794922 0.173828 0.808594 0.161133 0.811523 0.152344 0.802734 0.142578 0.795898 0.134766 0.787109 0.133789 0.777344 0.140625 0.780273 0.145508 0.786133 0.155273 0.784180 0.162109 0.779297 0.175781 0.778320 0.186523 0.763672 0.186523 0.752930 0.199219 0.747070 0.192383 0.739258 0.201172 0.730469 0.201172 0.730469 0.205078 0.721680 0.210938 0.719727
1 0.216797 0.789062 0.227539 0.790039 0.241211 0.795898 0.241211 0.795898 0.249023 0.802734 0.242188 0.810547 0.234375 0.818359 0.234375 0.818359 0.225586 0.822266 0.212891 0.815430 0.208984 0.801758 0.214844 0.792969
1 0.127930 0.770508 0.128906 0.777344 0.123047 0.780273 0.118164 0.773438 0.118164 0.773438 0.123047 0.767578
1 0.177734 0.680664 0.179688 0.683594 0.176758 0.691406 0.170898 0.691406 0.169922 0.686523
1 0.048828 0.768555 0.055664 0.765625 0.059570 0.768555 0.052734 0.777344 0.047852 0.774414
1 0.038086 0.786133 0.040039 0.792969 0.033203 0.795898 0.033203 0.795898 0.032227 0.789062
1 0.038086 0.792969 0.041992 0.793945 0.043945 0.800781 0.040039 0.804688 0.034180 0.798828
0 0.101562 0.803711 0.110352 0.804688 0.112305 0.798828 0.121094 0.794922 0.125977 0.798828 0.125977 0.798828 0.123047 0.808594 0.117188 0.817383 0.107422 0.827148 0.099609 0.832031 0.094727 0.823242 0.101562 0.817383 0.096680 0.809570
1 0.214844 0.830078 0.213867 0.837891 0.213867 0.837891 0.205078 0.846680 0.196289 0.838867 0.201172 0.829102 0.208008 0.829102
0 0.157227 0.812500 0.167969 0.814453 0.176758 0.821289 0.173828 0.829102 0.167969 0.832031 0.155273 0.838867 0.151367 0.847656 0.145508 0.858398 0.137695 0.852539 0.138672 0.845703 0.136719 0.835938 0.149414 0.833984 0.147461 0.818359
0 0.121094 0.866211 0.129883 0.868164 0.128906 0.877930 0.123047 0.883789 0.123047 0.891602 0.130859 0.894531 0.140625 0.900391 0.148438 0.908203 0.148438 0.908203 0.150391 0.914062 0.160156 0.921875 0.164062 0.929688 0.164062 0.929688 0.171875 0.933594 0.183594 0.941406 0.194336 0.945312 0.197266 0.952148 0.197266 0.952148 0.193359 0.957031 0.181641 0.955078 0.181641 0.955078 0.170898 0.958984 0.162109 0.946289 0.159180 0.941406 0.150391 0.940430 0.140625 0.928711 0.131836 0.924805 0.116211 0.913086 0.105469 0.917969 0.094727 0.916992 0.092773 0.904297 0.091797 0.896484 0.100586 0.893555 0.104492 0.884766 0.111328 0.876953
0 0.383789 1.000000 0.397461 0.982422 0.406250 0.969727 0.415039 0.966797 0.417969 0.974609 0.417969 0.974609 0.411133 0.979492 0.404297 0.993164 0.395508 1.000000
1 0.578125 0.674805 0.586914 0.674805 0.591797 0.680664 0.591797 0.680664 0.590820 0.689453 0.583984 0.695312 0.574219 0.691406
1 0.573242 0.676758 0.577148 0.681641 0.577148 0.681641 0.572266 0.689453 0.562500 0.684570 0.565430 0.677734
1 0.462891 0.671875 0.463867 0.679688 0.463867 0.679688 0.458984 0.678711 0.454102 0.677734 0.454102 0.671875
1 0.530273 0.590820 0.524414 0.597656 0.519531 0.591797 0.523438 0.587891 0.523438 0.587891
0 0.601562 0.550781 0.608398 0.557617 0.605469 0.562500 0.605469 0.562500 0.585938 0.563477 0.584961 0.568359 0.575195 0.570312 0.577148 0.587891 0.576172 0.595703 0.567383 0.603516 0.559570 0.612305 0.553711 0.606445 0.553711 0.606445 0.559570 0.593750 0.549805 0.591797 0.553711 0.579102 0.563477 0.573242 0.571289 0.564453 0.583984 0.555664 0.591797 0.553711
1 0.507812 0.506836 0.516602 0.509766 0.516602 0.518555 0.516602 0.518555 0.506836 0.521484 0.497070 0.513672
1 0.475586 0.503906 0.477539 0.511719 0.477539 0.511719 0.472656 0.519531 0.464844 0.519531 0.465820 0.508789
1 0.454102 0.534180 0.458984 0.536133 0.455078 0.543945 0.449219 0.539062 0.449219 0.539062
1 0.460938 0.553711 0.465820 0.559570 0.461914 0.565430 0.454102 0.557617
1 0.430664 0.497070 0.436523 0.500000 0.434570 0.508789 0.425781 0.503906
1 0.452148 0.478516 0.447266 0.484375 0.443359 0.478516 0.448242 0.474609
1 0.526367 0.469727 0.535156 0.468750 0.541016 0.477539 0.540039 0.482422 0.540039 0.482422 0.532227 0.476562 0.532227 0.476562
1 0.464844 0.457031 0.458008 0.454102 0.450195 0.459961 0.453125 0.465820 0.459961 0.464844 0.459961 0.464844
1 0.461914 0.444336 0.470703 0.441406 0.471680 0.449219 0.466797 0.452148 0.460938 0.450195
1 0.587891 0.450195 0.595703 0.450195 0.600586 0.456055 0.596680 0.461914 0.585938 0.461914
1 0.511719 0.393555 0.515625 0.386719 0.510742 0.385742 0.505859 0.387695 0.506836 0.394531
1 0.533203 0.380859 0.539062 0.377930 0.544922 0.379883 0.544922 0.379883 0.546875 0.386719 0.546875 0.386719 0.543945 0.391602 0.532227 0.387695
1 0.424805 0.414062 0.425781 0.423828 0.418945 0.422852 0.414062 0.418945 0.417969 0.412109
1 0.473633 0.344727 0.474609 0.350586 0.469727 0.356445 0.469727 0.356445 0.462891 0.353516 0.463867 0.344727 0.463867 0.344727
1 0.606445 0.389648 0.614258 0.394531 0.612305 0.400391 0.604492 0.398438 0.602539 0.391602
1 0.475586 0.250977 0.482422 0.257812 0.482422 0.263672 0.473633 0.265625 0.464844 0.257812 0.466797 0.250000 0.466797 0.250000
0 0.512695 0.263672 0.519531 0.264648 0.525391 0.262695 0.532227 0.265625 0.531250 0.270508 0.531250 0.270508 0.524414 0.282227 0.513672 0.284180 0.510742 0.289062 0.513672 0.295898 0.506836 0.302734 0.504883 0.312500 0.497070 0.318359 0.493164 0.324219 0.483398 0.317383 0.488281 0.312500 0.502930 0.292969 0.494141 0.282227 0.492188 0.274414 0.500977 0.279297 0.505859 0.278320 0.509766 0.272461 0.511719 0.268555
1 0.585938 0.305664 0.585938 0.300781 0.580078 0.297852 0.577148 0.302734 0.579102 0.306641
1 0.533203 0.242188 0.543945 0.249023 0.542969 0.255859 0.535156 0.259766 0.528320 0.252930
1 0.400391 0.293945 0.400391 0.293945 0.399414 0.298828 0.393555 0.297852 0.392578 0.291992
1 0.375977 0.212891 0.384766 0.215820 0.385742 0.222656 0.377930 0.231445 0.372070 0.225586 0.367188 0.220703 0.369141 0.214844 0.369141 0.214844
1 0.380859 0.193359 0.387695 0.199219 0.394531 0.202148 0.390625 0.208008 0.380859 0.212891 0.375000 0.209961 0.373047 0.200195
1 0.440430 0.215820 0.448242 0.224609 0.448242 0.228516 0.440430 0.233398 0.440430 0.233398 0.433594 0.238281 0.433594 0.238281 0.426758 0.232422 0.424805 0.221680 0.433594 0.219727
1 0.459961 0.208008 0.464844 0.199219 0.471680 0.202148 0.472656 0.208008 0.465820 0.213867
1 0.474609 0.203125 0.480469 0.205078 0.486328 0.211914 0.482422 0.215820 0.482422 0.215820 0.473633 0.212891
1 0.391602 0.189453 0.400391 0.187500 0.408203 0.193359 0.408203 0.193359 0.403320 0.200195
1 0.430664 0.149414 0.440430 0.141602 0.448242 0.142578 0.448242 0.142578 0.450195 0.152344 0.444336 0.163086 0.432617 0.164062 0.426758 0.157227 0.426758 0.157227
1 0.365234 0.172852 0.371094 0.168945 0.376953 0.171875 0.380859 0.180664 0.376953 0.183594 0.366211 0.181641 0.366211 0.181641
1 0.503906 0.228516 0.511719 0.226562 0.518555 0.231445 0.516602 0.239258 0.510742 0.241211 0.503906 0.235352
1 0.464844 0.132812 0.468750 0.137695 0.464844 0.141602 0.458984 0.136719 0.458984 0.136719
0 0.468750 0.138672 0.475586 0.142578 0.479492 0.143555 0.479492 0.146484 0.474609 0.148438 0.469727 0.145508 0.464844 0.142578
0 0.592773 0.167969 0.598633 0.170898 0.598633 0.170898 0.594727 0.180664 0.586914 0.191406 0.580078 0.199219 0.572266 0.199219 0.573242 0.193359 0.582031 0.183594
1 0.475586 0.083008 0.481445 0.086914 0.479492 0.095703 0.470703 0.094727 0.471680 0.085938
1 0.544922 0.081055 0.554688 0.077148 0.554688 0.077148 0.556641 0.086914 0.556641 0.086914 0.549805 0.089844
1 0.570312 0.000000 0.571289 0.004883 0.581055 0.010742 0.595703 0.010742 0.595703 0.010742 0.612305 0.000000
1 0.663086 0.006836 0.663086 0.018555 0.661133 0.028320 0.651367 0.031250 0.646484 0.020508 0.647461 0.007812 0.656250 0.003906
1 0.673828 0.031250 0.682617 0.036133 0.686523 0.044922 0.680664 0.048828 0.680664 0.048828 0.672852 0.041992 0.664062 0.036133 0.666016 0.031250
1 0.800781 0.005859 0.800781 0.013672 0.800781 0.013672 0.793945 0.017578 0.786133 0.013672 0.788086 0.004883
1 0.821289 0.000977 0.822266 0.010742 0.829102 0.019531 0.837891 0.023438 0.846680 0.018555 0.855469 0.010742 0.850586 0.002930 0.839844 0.001953 0.835938 0.001953
1 0.865234 0.014648 0.864258 0.022461 0.853516 0.025391 0.848633 0.015625 0.855469 0.010742
1 0.798828 0.048828 0.798828 0.055664 0.788086 0.055664 0.788086 0.047852 0.791016 0.045898
1 0.782227 0.036133 0.782227 0.041992 0.775391 0.043945 0.771484 0.038086 0.776367 0.034180
1 0.821289 0.057617 0.823242 0.065430 0.815430 0.069336 0.808594 0.061523 0.812500 0.054688
1 0.736328 0.081055 0.739258 0.089844 0.734375 0.096680 0.734375 0.096680 0.726562 0.089844 0.729492 0.083008
1 0.774414 0.116211 0.782227 0.126953 0.782227 0.126953 0.775391 0.133789 0.764648 0.133789 0.762695 0.122070
1 0.792969 0.109375 0.797852 0.118164 0.791016 0.127930 0.780273 0.124023 0.780273 0.124023 0.774414 0.113281 0.774414 0.113281 0.783203 0.108398
1 0.858398 0.102539 0.858398 0.112305 0.850586 0.118164 0.844727 0.109375 0.849609 0.102539
1 0.858398 0.158203 0.860352 0.149414 0.853516 0.149414 0.853516 0.149414 0.848633 0.153320 0.848633 0.159180
1 0.845703 0.164062 0.852539 0.168945 0.849609 0.173828 0.849609 0.173828 0.842773 0.175781 0.837891 0.168945
1 0.831055 0.138672 0.833984 0.146484 0.826172 0.155273 0.819336 0.148438 0.825195 0.138672
1 0.766602 0.096680 0.767578 0.103516 0.759766 0.106445 0.754883 0.098633
1 0.749023 0.102539 0.750000 0.108398 0.745117 0.110352 0.741211 0.104492
1 0.725586 0.118164 0.724609 0.126953 0.714844 0.131836 0.714844 0.131836 0.711914 0.125000 0.719727 0.114258
1 0.642578 0.115234 0.642578 0.125977 0.634766 0.130859 0.630859 0.119141
1 0.682617 0.133789 0.690430 0.138672 0.688477 0.148438 0.677734 0.150391 0.674805 0.138672
1 0.794922 0.170898 0.797852 0.174805 0.789062 0.181641 0.789062 0.181641 0.781250 0.180664 0.783203 0.169922
1 0.654297 0.185547 0.655273 0.198242 0.652344 0.208008 0.642578 0.209961 0.632812 0.203125 0.630859 0.191406 0.642578 0.181641
1 0.640625 0.212891 0.640625 0.224609 0.632812 0.229492 0.632812 0.229492 0.625000 0.223633 0.626953 0.213867
1 0.674805 0.221680 0.669922 0.227539 0.666016 0.222656 0.666992 0.219727
1 0.802734 0.190430 0.801758 0.199219 0.791992 0.199219 0.790039 0.190430 0.796875 0.184570
1 0.806641 0.186523 0.817383 0.184570 0.817383 0.184570 0.821289 0.190430 0.812500 0.196289 0.803711 0.196289
1 0.816406 0.192383 0.825195 0.197266 0.823242 0.208008 0.815430 0.213867 0.804688 0.208008 0.804688 0.200195
1 0.798828 0.209961 0.800781 0.218750 0.792969 0.223633 0.788086 0.215820 0.788086 0.215820
1 0.839844 0.211914 0.844727 0.207031 0.852539 0.211914 0.848633 0.217773 0.848633 0.217773
1 0.832031 0.212891 0.843750 0.214844 0.843750 0.222656 0.833984 0.223633 0.825195 0.217773
1 0.832031 0.221680 0.832031 0.227539 0.825195 0.229492 0.817383 0.224609 0.817383 0.224609 0.823242 0.218750
1 0.861328 0.264648 0.868164 0.270508 0.868164 0.276367 0.856445 0.282227 0.850586 0.270508
0 0.780273 0.282227 0.788086 0.286133 0.788086 0.286133 0.783203 0.291992 0.786133 0.299805 0.793945 0.299805 0.797852 0.291992 0.797852 0.291992 0.793945 0.286133 0.795898 0.278320 0.795898 0.278320 0.803711 0.276367 0.812500 0.283203 0.815430 0.290039 0.818359 0.297852 0.818359 0.297852 0.807617 0.302734 0.798828 0.310547 0.792969 0.313477 0.782227 0.322266 0.769531 0.315430 0.771484 0.303711 0.768555 0.294922 0.774414 0.289062
1 0.863281 0.237305 0.862305 0.247070 0.860352 0.248047 0.850586 0.242188
1 0.679688 0.280273 0.680664 0.286133 0.676758 0.289062 0.671875 0.281250
1 0.636719 0.280273 0.647461 0.278320 0.659180 0.283203 0.654297 0.294922 0.646484 0.304688 0.638672 0.306641 0.627930 0.297852 0.623047 0.289062 0.629883 0.285156
1 0.637695 0.350586 0.632812 0.358398 0.627930 0.351562 0.628906 0.348633 0.635742 0.345703
0 0.673828 0.341797 0.688477 0.346680 0.698242 0.353516 0.698242 0.359375 0.706055 0.361328 0.714844 0.368164 0.714844 0.372070 0.708984 0.374023 0.700195 0.373047 0.687500 0.375000 0.680664 0.366211 0.677734 0.359375 0.670898 0.361328 0.670898 0.361328 0.663086 0.371094 0.655273 0.372070 0.655273 0.372070 0.660156 0.359375
1 0.698242 0.376953 0.700195 0.384766 0.690430 0.389648 0.688477 0.381836 0.688477 0.381836
1 0.716797 0.375000 0.721680 0.380859 0.716797 0.387695 0.716797 0.387695 0.709961 0.383789
1 0.701172 0.389648 0.702148 0.397461 0.695312 0.401367 0.689453 0.395508 0.692383 0.394531
0 0.693359 0.400391 0.698242 0.409180 0.690430 0.419922 0.690430 0.419922 0.698242 0.427734 0.694336 0.432617 0.705078 0.442383 0.707031 0.452148 0.698242 0.456055 0.684570 0.446289 0.673828 0.440430 0.668945 0.429688 0.678711 0.422852 0.679688 0.416016 0.683594 0.404297
1 0.639648 0.440430 0.644531 0.449219 0.644531 0.458008 0.628906 0.458008 0.624023 0.446289
1 0.620117 0.472656 0.624023 0.478516 0.621094 0.484375 0.614258 0.479492
1 0.628906 0.478516 0.635742 0.482422 0.635742 0.494141 0.625000 0.487305 0.624023 0.481445
1 0.772461 0.406250 0.774414 0.416992 0.769531 0.423828 0.769531 0.423828 0.758789 0.418945 0.760742 0.403320
1 0.797852 0.421875 0.797852 0.434570 0.794922 0.443359 0.784180 0.445312 0.778320 0.432617 0.790039 0.426758 0.792969 0.418945
1 0.818359 0.435547 0.825195 0.437500 0.828125 0.447266 0.824219 0.450195 0.813477 0.444336 0.813477 0.435547
1 0.795898 0.443359 0.804688 0.448242 0.804688 0.456055 0.795898 0.458984 0.788086 0.450195
1 0.761719 0.466797 0.769531 0.470703 0.770508 0.479492 0.761719 0.487305 0.750977 0.483398 0.752930 0.471680
1 0.767578 0.495117 0.777344 0.501953 0.777344 0.508789 0.766602 0.508789 0.763672 0.498047
1 0.752930 0.517578 0.751953 0.527344 0.751953 0.527344 0.743164 0.525391 0.743164 0.517578
1 0.807617 0.500977 0.818359 0.501953 0.818359 0.501953 0.818359 0.510742 0.818359 0.510742 0.811523 0.516602 0.805664 0.509766
1 0.840820 0.473633 0.845703 0.478516 0.840820 0.483398 0.840820 0.483398 0.835938 0.479492
1 0.833984 0.483398 0.833008 0.492188 0.823242 0.493164 0.823242 0.484375
1 0.834961 0.495117 0.843750 0.497070 0.836914 0.509766 0.836914 0.509766 0.830078 0.506836 0.830078 0.506836 0.831055 0.497070
1 0.665039 0.512695 0.666992 0.519531 0.655273 0.521484 0.656250 0.513672
1 0.664062 0.520508 0.664062 0.530273 0.664062 0.530273 0.657227 0.524414
1 0.659180 0.527344 0.658203 0.535156 0.658203 0.535156 0.653320 0.536133 0.647461 0.532227
1 0.738281 0.476562 0.746094 0.480469 0.744141 0.487305 0.734375 0.487305 0.734375 0.487305 0.731445 0.479492 0.731445 0.479492
1 0.622070 0.420898 0.627930 0.430664 0.629883 0.436523 0.622070 0.439453 0.612305 0.428711 0.610352 0.416016 0.614258 0.412109
1 0.781250 0.527344 0.786133 0.529297 0.786133 0.529297 0.788086 0.535156 0.783203 0.538086 0.779297 0.533203
1 0.781250 0.537109 0.782227 0.543945 0.773438 0.541992 0.774414 0.536133
1 0.833008 0.528320 0.839844 0.536133 0.837891 0.542969 0.829102 0.541992 0.821289 0.536133 0.823242 0.526367
1 0.825195 0.554688 0.833984 0.557617 0.833984 0.564453 0.827148 0.571289 0.818359 0.566406 0.818359 0.556641
1 0.811523 0.564453 0.814453 0.573242 0.810547 0.578125 0.800781 0.574219 0.800781 0.574219 0.803711 0.564453
1 0.734375 0.599609 0.736328 0.607422 0.728516 0.604492
1 0.733398 0.605469 0.735352 0.613281 0.730469 0.617188 0.723633 0.612305 0.725586 0.607422
1 0.719727 0.618164 0.724609 0.623047 0.722656 0.630859 0.722656 0.630859 0.711914 0.633789 0.708984 0.627930
1 0.721680 0.631836 0.726562 0.638672 0.728516 0.644531 0.728516 0.644531 0.722656 0.648438 0.711914 0.645508 0.706055 0.636719
1 0.729492 0.644531 0.736328 0.650391 0.731445 0.658203 0.724609 0.658203 0.723633 0.651367
1 0.736328 0.650391 0.748047 0.653320 0.750000 0.664062 0.750000 0.664062 0.741211 0.668945 0.733398 0.668945 0.730469 0.660156
1 0.719727 0.654297 0.720703 0.662109 0.709961 0.665039 0.707031 0.658203 0.713867 0.652344
1 0.628906 0.647461 0.635742 0.655273 0.629883 0.661133 0.622070 0.654297 0.623047 0.647461
1 0.628906 0.659180 0.628906 0.666016 0.623047 0.668945 0.618164 0.661133 0.618164 0.661133
1 0.698242 0.572266 0.704102 0.577148 0.704102 0.584961 0.693359 0.584961 0.689453 0.576172
1 0.705078 0.578125 0.711914 0.581055 0.712891 0.586914 0.705078 0.585938 0.705078 0.585938
1 0.625000 0.710938 0.628906 0.720703 0.623047 0.727539 0.623047 0.727539 0.613281 0.721680 0.612305 0.711914
0 0.676758 0.686523 0.679688 0.692383 0.679688 0.692383 0.671875 0.699219 0.667969 0.705078 0.658203 0.705078 0.661133 0.698242 0.667969 0.693359 0.671875 0.684570
1 0.823242 0.655273 0.821289 0.663086 0.821289 0.663086 0.812500 0.667969 0.803711 0.666016 0.800781 0.657227 0.809570 0.656250 0.816406 0.650391
1 0.763672 0.679688 0.762695 0.685547 0.753906 0.684570 0.753906 0.677734 0.758789 0.675781
1 0.757812 0.685547 0.761719 0.692383 0.761719 0.692383 0.754883 0.702148 0.746094 0.698242 0.746094 0.688477
1 0.839844 0.730469 0.845703 0.733398 0.843750 0.741211 0.837891 0.741211 0.834961 0.747070 0.828125 0.741211 0.829102 0.732422
1 0.825195 0.756836 0.827148 0.760742 0.822266 0.767578 0.814453 0.764648 0.815430 0.757812
1 0.700195 0.766602 0.702148 0.775391 0.702148 0.775391 0.697266 0.780273 0.697266 0.780273 0.688477 0.775391 0.690430 0.768555
1 0.702148 0.770508 0.710938 0.775391 0.715820 0.779297 0.709961 0.790039 0.703125 0.783203 0.699219 0.779297
1 0.729492 0.764648 0.735352 0.766602 0.736328 0.772461 0.731445 0.781250 0.721680 0.780273 0.722656 0.772461
1 0.615234 0.778320 0.624023 0.781250 0.629883 0.788086 0.642578 0.791016 0.644531 0.797852 0.636719 0.804688 0.627930 0.797852 0.618164 0.792969 0.612305 0.786133
1 0.659180 0.803711 0.663086 0.811523 0.661133 0.818359 0.651367 0.812500
1 0.893555 0.766602 0.905273 0.767578 0.905273 0.767578 0.907227 0.775391 0.900391 0.781250 0.900391 0.781250 0.890625 0.776367
1 0.868164 0.809570 0.862305 0.808594 0.856445 0.811523 0.856445 0.817383 0.863281 0.818359
1 0.872070 0.833008 0.875977 0.838867 0.870117 0.846680 0.870117 0.846680 0.864258 0.842773
1 0.856445 0.856445 0.858398 0.862305 0.855469 0.864258 0.848633 0.859375
1 0.855469 0.864258 0.854492 0.871094 0.848633 0.873047 0.847656 0.864258 0.847656 0.864258
1 0.842773 0.863281 0.836914 0.874023 0.827148 0.876953 0.825195 0.866211 0.833984 0.859375
0 0.918945 0.842773 0.928711 0.837891 0.935547 0.833984 0.935547 0.833984 0.939453 0.838867 0.935547 0.843750 0.936523 0.852539 0.929688 0.863281 0.956055 0.880859 0.963867 0.879883 0.968750 0.890625 0.969727 0.899414 0.963867 0.910156 0.954102 0.918945 0.943359 0.910156 0.948242 0.900391 0.942383 0.894531 0.945312 0.888672 0.930664 0.877930 0.930664 0.877930 0.916992 0.889648 0.909180 0.897461 0.906250 0.906250 0.918945 0.912109 0.918945 0.912109 0.933594 0.920898 0.940430 0.913086 0.951172 0.922852 0.951172 0.922852 0.951172 0.929688 0.945312 0.935547 0.936523 0.939453 0.936523 0.939453 0.929688 0.946289 0.917969 0.941406 0.912109 0.931641 0.905273 0.926758 0.893555 0.920898 0.885742 0.926758 0.875000 0.927734 0.868164 0.917969 0.869141 0.904297 0.885742 0.889648 0.895508 0.883789 0.903320 0.875000 0.901367 0.866211 0.909180 0.855469 0.916016 0.853516
1 0.973633 0.875977 0.976562 0.884766 0.970703 0.889648 0.970703 0.889648 0.964844 0.879883
1 0.972656 0.860352 0.981445 0.863281 0.981445 0.863281 0.981445 0.870117 0.975586 0.874023 0.969727 0.868164
1 0.967773 0.819336 0.975586 0.825195 0.975586 0.825195 0.972656 0.834961 0.962891 0.834961 0.952148 0.832031 0.949219 0.823242 0.955078 0.816406
1 0.981445 0.838867 0.988281 0.842773 0.988281 0.848633 0.982422 0.847656 0.975586 0.850586 0.976562 0.841797
0 0.998047 0.750977 0.993164 0.754883 0.993164 0.759766 0.987305 0.764648 0.987305 0.764648 0.981445 0.769531 0.976562 0.783203 0.973633 0.788086 0.970703 0.792969 0.973633 0.797852 0.981445 0.791992 0.986328 0.791016 0.993164 0.784180 0.993164 0.784180 0.988281 0.776367 1.000000 0.762695
0 0.931641 0.661133 0.939453 0.657227 0.947266 0.647461 0.954102 0.646484 0.957031 0.655273 0.947266 0.665039 0.941406 0.671875 0.943359 0.679688 0.958984 0.691406 0.963867 0.694336 0.969727 0.697266 0.979492 0.697266 0.981445 0.688477 0.981445 0.688477 0.988281 0.687500 0.993164 0.693359 0.994141 0.703125 0.989258 0.708984 0.985352 0.714844 0.973633 0.706055 0.962891 0.705078 0.951172 0.698242 0.937500 0.688477 0.937500 0.688477 0.931641 0.683594 0.925781 0.687500 0.924805 0.695312 0.915039 0.696289 0.913086 0.690430 0.922852 0.682617 0.916016 0.678711 0.922852 0.668945 0.928711 0.666992 0.928711 0.666992
1 0.837891 0.627930 0.840820 0.632812 0.836914 0.636719 0.829102 0.632812
1 0.914062 0.594727 0.916992 0.600586 0.915039 0.609375 0.915039 0.609375 0.905273 0.607422 0.905273 0.607422 0.904297 0.597656
1 0.972656 0.595703 0.976562 0.599609 0.976562 0.599609 0.972656 0.604492 0.968750 0.600586
0 0.874023 0.575195 0.884766 0.578125 0.891602 0.574219 0.902344 0.573242 0.905273 0.583008 0.909180 0.587891 0.907227 0.594727 0.907227 0.594727 0.899414 0.594727 0.899414 0.594727 0.881836 0.586914 0.875000 0.581055
1 0.809570 0.586914 0.817383 0.587891 0.822266 0.591797 0.812500 0.602539 0.808594 0.594727
0 0.837891 0.549805 0.844727 0.551758 0.852539 0.553711 0.859375 0.546875 0.866211 0.537109 0.869141 0.532227 0.875977 0.526367 0.874023 0.520508 0.880859 0.515625 0.887695 0.510742 0.894531 0.508789 0.904297 0.509766 0.904297 0.509766 0.906250 0.516602 0.905273 0.526367 0.897461 0.529297 0.883789 0.531250 0.870117 0.556641 0.870117 0.556641 0.860352 0.554688 0.855469 0.565430 0.845703 0.562500 0.836914 0.557617 0.833984 0.551758
1 0.912109 0.523438 0.917969 0.529297 0.917969 0.529297 0.916016 0.534180 0.908203 0.534180 0.908203 0.534180 0.906250 0.524414
1 0.938477 0.522461 0.943359 0.528320 0.939453 0.532227 0.932617 0.535156 0.928711 0.528320
1 0.940430 0.515625 0.948242 0.511719 0.954102 0.515625 0.949219 0.522461 0.942383 0.524414
1 0.991211 0.558594 0.996094 0.561523 0.994141 0.567383 0.994141 0.567383 0.989258 0.570312
1 0.953125 0.518555 0.962891 0.522461 0.960938 0.528320 0.955078 0.525391 0.955078 0.525391 0.949219 0.523438
1 0.938477 0.437500 0.945312 0.442383 0.945312 0.442383 0.945312 0.448242 0.935547 0.445312
1 0.947266 0.446289 0.954102 0.450195 0.954102 0.450195 0.954102 0.456055 0.952148 0.460938 0.942383 0.459961 0.940430 0.449219
1 0.957031 0.458984 0.961914 0.463867 0.964844 0.473633 0.959961 0.477539 0.951172 0.469727
1 0.974609 0.459961 0.981445 0.456055 0.986328 0.457031 0.990234 0.465820 0.989258 0.471680 0.984375 0.467773 0.977539 0.473633 0.977539 0.473633 0.968750 0.466797
1 0.971680 0.474609 0.976562 0.478516 0.974609 0.485352 0.967773 0.483398 0.967773 0.476562
1 0.926758 0.453125 0.930664 0.460938 0.930664 0.460938 0.927734 0.467773 0.918945 0.469727 0.915039 0.457031
1 0.913086 0.425781 0.916992 0.430664 0.916992 0.430664 0.916992 0.436523 0.910156 0.438477 0.910156 0.438477 0.908203 0.428711
0 0.862305 0.397461 0.869141 0.398438 0.877930 0.403320 0.886719 0.408203 0.895508 0.414062 0.898438 0.422852 0.898438 0.428711 0.892578 0.434570 0.888672 0.444336 0.882812 0.450195 0.875000 0.449219 0.875000 0.440430 0.888672 0.427734 0.892578 0.419922 0.875977 0.407227 0.867188 0.408203 0.857422 0.411133 0.851562 0.405273 0.859375 0.399414
1 0.974609 0.482422 0.980469 0.486328 0.980469 0.486328 0.975586 0.493164 0.967773 0.489258
1 0.817383 0.372070 0.826172 0.369141 0.826172 0.369141 0.833008 0.366211 0.838867 0.368164 0.838867 0.368164 0.840820 0.374023 0.837891 0.377930 0.831055 0.381836 0.823242 0.386719 0.823242 0.386719 0.818359 0.391602 0.812500 0.382812
1 0.771484 0.353516 0.781250 0.351562 0.781250 0.356445 0.775391 0.362305 0.767578 0.359375
0 0.857422 0.324219 0.860352 0.333984 0.865234 0.333008 0.868164 0.326172 0.873047 0.326172 0.880859 0.326172 0.887695 0.333008 0.898438 0.335938 0.894531 0.341797 0.887695 0.346680 0.885742 0.353516 0.881836 0.361328 0.881836 0.361328 0.874023 0.369141 0.869141 0.364258 0.874023 0.357422 0.882812 0.343750 0.881836 0.335938 0.875000 0.336914 0.864258 0.341797 0.857422 0.342773 0.851562 0.346680 0.844727 0.350586 0.839844 0.352539 0.839844 0.352539 0.839844 0.345703 0.848633 0.339844 0.850586 0.331055 0.851562 0.326172 0.851562 0.326172
1 0.837891 0.351562 0.840820 0.355469 0.836914 0.359375 0.836914 0.359375 0.833984 0.354492
1 0.758789 0.243164 0.763672 0.248047 0.759766 0.257812 0.751953 0.256836 0.751953 0.256836 0.749023 0.246094
1 0.924805 0.275391 0.927734 0.279297 0.925781 0.284180 0.919922 0.282227 0.918945 0.275391
1 0.915039 0.268555 0.917969 0.273438 0.916992 0.277344 0.911133 0.276367 0.912109 0.269531
1 0.908203 0.272461 0.909180 0.276367 0.906250 0.279297 0.901367 0.275391
1 0.951172 0.245117 0.958008 0.241211 0.962891 0.245117 0.961914 0.250000 0.955078 0.253906 0.948242 0.250977
1 0.853516 0.223633 0.859375 0.230469 0.859375 0.230469 0.855469 0.235352 0.847656 0.231445 0.843750 0.220703
1 0.862305 0.218750 0.865234 0.224609 0.860352 0.229492 0.857422 0.222656 0.857422 0.222656
1 0.929688 0.216797 0.935547 0.221680 0.935547 0.221680 0.937500 0.226562 0.928711 0.230469 0.924805 0.222656 0.923828 0.216797
0 0.963867 0.079102 0.967773 0.085938 0.970703 0.092773 0.964844 0.099609 0.958008 0.102539 0.951172 0.096680 0.937500 0.090820 0.930664 0.096680 0.924805 0.089844 0.924805 0.089844 0.929688 0.083008 0.929688 0.083008 0.931641 0.072266 0.929688 0.064453 0.936523 0.060547 0.937500 0.070312 0.943359 0.077148 0.948242 0.069336 0.956055 0.068359 0.956055 0.068359 0.956055 0.075195 0.954102 0.084961
0 1.000000 0.101562 0.991211 0.101562 0.983398 0.104492 0.975586 0.108398 0.975586 0.108398 0.970703 0.113281 0.967773 0.105469 0.967773 0.105469 0.962891 0.110352 0.955078 0.118164 0.948242 0.125977 0.948242 0.125977 0.948242 0.132812 0.946289 0.139648 0.954102 0.142578 0.965820 0.135742 0.964844 0.126953 0.973633 0.116211 0.985352 0.125000 0.995117 0.129883 1.000000 0.127930
1 0.902344 0.086914 0.907227 0.090820 0.906250 0.101562 0.906250 0.101562 0.900391 0.099609 0.894531 0.096680 0.894531 0.089844
1 0.911133 0.086914 0.917969 0.088867 0.917969 0.088867 0.919922 0.095703 0.919922 0.095703 0.914062 0.101562 0.908203 0.100586 0.905273 0.091797 0.905273 0.091797
0 0.867188 0.022461 0.875977 0.024414 0.875977 0.024414 0.879883 0.033203 0.879883 0.033203 0.884766 0.039062 0.884766 0.039062 0.888672 0.045898 0.893555 0.051758 0.900391 0.060547 0.896484 0.068359 0.896484 0.068359 0.885742 0.073242 0.885742 0.073242 0.881836 0.080078 0.879883 0.085938 0.874023 0.088867 0.866211 0.086914 0.862305 0.077148 0.869141 0.071289 0.867188 0.063477 0.870117 0.055664 0.863281 0.050781 0.868164 0.041992 0.868164 0.041992 0.864258 0.034180 0.864258 0.025391
1 0.913086 0.065430 0.918945 0.071289 0.916016 0.076172 0.916016 0.076172 0.909180 0.074219 0.909180 0.074219 0.906250 0.068359 0.907227 0.063477
1 0.921875 0.066406 0.929688 0.065430 0.932617 0.072266 0.927734 0.081055 0.920898 0.078125 0.917969 0.072266
0 0.961914 0.002930 0.970703 0.004883 0.980469 0.013672 0.977539 0.026367 0.969727 0.031250 0.969727 0.031250 0.958984 0.029297 0.955078 0.036133 0.946289 0.038086 0.939453 0.027344 0.951172 0.026367
1 0.989258 0.044922 0.992188 0.040039 0.998047 0.041992 1.000000 0.051758 0.996094 0.054688 0.996094 0.054688 0.989258 0.051758
1 0.895508 0.019531 0.893555 0.027344 0.888672 0.030273 0.882812 0.024414 0.890625 0.016602
1 0.916016 0.018555 0.924805 0.020508 0.924805 0.020508 0.926758 0.026367 0.925781 0.029297 0.915039 0.023438 0.905273 0.016602 0.909180 0.010742
1 0.860352 0.000000 0.860352 0.004883 0.869141 0.007812 0.882812 0.000000