1 0.010742 0.000000 0.024414 0.000977 0.028320 0.013672 0.022461 0.024414 0.006836 0.020508 0.006836 0.007812
1 0.043945 0.000977 0.056641 0.012695 0.053711 0.027344 0.053711 0.027344 0.041992 0.033203 0.032227 0.031250 0.026367 0.025391 0.025391 0.003906
1 0.033203 0.059570 0.034180 0.045898 0.024414 0.048828 0.025391 0.055664
1 0.026367 0.060547 0.029297 0.069336 0.022461 0.078125 0.010742 0.074219 0.010742 0.074219 0.012695 0.059570
1 0.002930 0.147461 0.022461 0.161133 0.030273 0.179688 0.024414 0.189453 0.010742 0.189453 0.000000 0.180664
1 0.184570 0.033203 0.190430 0.045898 0.180664 0.058594 0.166992 0.060547 0.164062 0.046875 0.168945 0.035156
1 0.154297 0.057617 0.158203 0.065430 0.158203 0.065430 0.149414 0.072266 0.144531 0.061523
1 0.158203 0.078125 0.169922 0.077148 0.172852 0.093750 0.161133 0.094727 0.153320 0.085938 0.153320 0.085938
1 0.148438 0.119141 0.151367 0.132812 0.138672 0.136719 0.129883 0.126953 0.134766 0.117188
1 0.153320 0.110352 0.164062 0.109375 0.164062 0.125000 0.155273 0.132812 0.150391 0.121094
1 0.171875 0.149414 0.184570 0.146484 0.187500 0.157227 0.187500 0.157227 0.172852 0.163086
1 0.223633 0.052734 0.230469 0.065430 0.219727 0.077148 0.210938 0.064453 0.211914 0.055664
1 0.258789 0.029297 0.267578 0.034180 0.262695 0.041016 0.249023 0.041016 0.248047 0.031250
1 0.277344 0.040039 0.287109 0.041992 0.287109 0.050781 0.278320 0.056641 0.268555 0.056641 0.266602 0.045898 0.266602 0.045898
1 0.244141 0.079102 0.261719 0.075195 0.272461 0.085938 0.272461 0.098633 0.261719 0.105469 0.249023 0.097656
1 0.272461 0.099609 0.287109 0.104492 0.289062 0.117188 0.278320 0.123047 0.266602 0.115234
1 0.307617 0.067383 0.322266 0.072266 0.326172 0.086914 0.318359 0.091797 0.302734 0.083984 0.301758 0.072266
1 0.344727 0.005859 0.344727 0.013672 0.335938 0.019531 0.331055 0.009766
1 0.360352 0.059570 0.363281 0.070312 0.363281 0.070312 0.354492 0.077148 0.345703 0.066406 0.345703 0.066406
1 0.383789 0.037109 0.378906 0.044922 0.374023 0.041016 0.374023 0.034180
1 0.390625 0.060547 0.398438 0.069336 0.398438 0.069336 0.394531 0.077148 0.386719 0.076172 0.383789 0.068359
1 0.376953 0.102539 0.378906 0.112305 0.366211 0.120117 0.360352 0.108398 0.368164 0.102539
1 0.408203 0.133789 0.420898 0.143555 0.416016 0.149414 0.405273 0.146484 0.400391 0.137695
1 0.439453 0.149414 0.446289 0.163086 0.454102 0.168945 0.448242 0.177734 0.448242 0.177734 0.434570 0.174805 0.423828 0.162109 0.423828 0.149414
1 0.475586 0.177734 0.467773 0.183594 0.462891 0.175781 0.469727 0.169922
1 0.296875 0.115234 0.305664 0.119141 0.297852 0.128906 0.290039 0.121094 0.290039 0.121094
1 0.316406 0.126953 0.309570 0.135742 0.309570 0.135742 0.304688 0.128906 0.308594 0.124023
1 0.318359 0.129883 0.324219 0.135742 0.319336 0.140625 0.313477 0.136719
1 0.333984 0.140625 0.337891 0.150391 0.337891 0.150391 0.332031 0.154297 0.325195 0.150391 0.325195 0.142578
1 0.346680 0.157227 0.344727 0.149414 0.339844 0.145508 0.334961 0.152344 0.333984 0.158203
1 0.349609 0.151367 0.358398 0.155273 0.358398 0.155273 0.357422 0.162109 0.351562 0.166016 0.345703 0.162109
1 0.362305 0.157227 0.371094 0.162109 0.367188 0.169922 0.360352 0.171875 0.356445 0.164062
1 0.381836 0.172852 0.385742 0.178711 0.380859 0.184570 0.374023 0.180664
1 0.388672 0.126953 0.390625 0.134766 0.382812 0.134766 0.380859 0.126953
1 0.437500 0.128906 0.440430 0.132812 0.437500 0.141602 0.428711 0.143555 0.423828 0.139648 0.428711 0.130859
1 0.399414 0.183594 0.395508 0.190430 0.389648 0.185547 0.392578 0.180664
1 0.410156 0.195312 0.409180 0.203125 0.402344 0.204102 0.400391 0.195312 0.403320 0.190430
1 0.427734 0.197266 0.434570 0.203125 0.443359 0.207031 0.441406 0.217773 0.437500 0.221680 0.428711 0.224609 0.422852 0.215820 0.416016 0.207031 0.418945 0.199219
1 0.458984 0.226562 0.458984 0.235352 0.452148 0.236328 0.452148 0.236328 0.448242 0.228516
1 0.477539 0.482422 0.485352 0.497070 0.478516 0.504883 0.465820 0.498047 0.459961 0.486328 0.467773 0.484375
1 0.458008 0.489258 0.458984 0.500000 0.458984 0.500000 0.447266 0.503906 0.441406 0.492188 0.452148 0.487305
1 0.435547 0.505859 0.439453 0.512695 0.432617 0.516602 0.426758 0.509766
1 0.433594 0.517578 0.435547 0.525391 0.425781 0.522461 0.425781 0.515625
1 0.421875 0.535156 0.420898 0.527344 0.420898 0.527344 0.433594 0.529297 0.432617 0.534180
1 0.484375 0.537109 0.488281 0.544922 0.480469 0.549805 0.473633 0.544922 0.476562 0.538086
1 0.375977 0.568359 0.374023 0.578125 0.364258 0.583008 0.357422 0.575195 0.365234 0.567383 0.365234 0.567383
1 0.484375 0.590820 0.478516 0.602539 0.478516 0.602539 0.473633 0.600586 0.471680 0.593750 0.476562 0.592773
1 0.351562 0.588867 0.343750 0.602539 0.339844 0.608398 0.324219 0.608398 0.314453 0.604492 0.314453 0.592773 0.330078 0.583008
1 0.269531 0.636719 0.265625 0.649414 0.265625 0.649414 0.252930 0.647461 0.258789 0.637695 0.258789 0.637695
1 0.263672 0.649414 0.264648 0.658203 0.264648 0.658203 0.258789 0.662109 0.253906 0.655273 0.255859 0.646484
1 0.305664 0.640625 0.312500 0.646484 0.311523 0.654297 0.302734 0.652344 0.294922 0.645508 0.298828 0.639648
1 0.313477 0.649414 0.325195 0.648438 0.331055 0.658203 0.320312 0.665039 0.311523 0.660156
1 0.329102 0.655273 0.339844 0.656250 0.345703 0.667969 0.335938 0.674805 0.323242 0.668945
1 0.346680 0.665039 0.356445 0.668945 0.361328 0.676758 0.355469 0.687500 0.343750 0.681641 0.341797 0.670898
0 0.455078 0.623047 0.458008 0.628906 0.454102 0.639648 0.454102 0.649414 0.450195 0.660156 0.458008 0.666016 0.465820 0.670898 0.459961 0.678711 0.459961 0.687500 0.452148 0.686523 0.452148 0.676758 0.442383 0.674805 0.439453 0.665039 0.439453 0.665039 0.432617 0.668945 0.430664 0.660156 0.436523 0.657227 0.437500 0.645508 0.443359 0.637695 0.444336 0.625977
0 0.407227 0.638672 0.409180 0.643555 0.417969 0.644531 0.417969 0.648438 0.425781 0.650391 0.424805 0.656250 0.416992 0.654297 0.410156 0.651367 0.404297 0.648438 0.404297 0.648438 0.401367 0.639648
1 0.443359 0.676758 0.444336 0.684570 0.435547 0.687500 0.432617 0.679688
0 0.372070 0.686523 0.376953 0.687500 0.386719 0.692383 0.386719 0.692383 0.398438 0.700195 0.413086 0.705078 0.413086 0.705078 0.419922 0.716797 0.416016 0.722656 0.407227 0.718750 0.404297 0.710938 0.404297 0.710938 0.390625 0.710938 0.375000 0.702148 0.375000 0.702148 0.369141 0.699219 0.365234 0.694336
1 0.413086 0.723633 0.415039 0.731445 0.408203 0.734375 0.402344 0.726562
1 0.382812 0.708984 0.394531 0.715820 0.389648 0.721680 0.382812 0.716797 0.376953 0.719727 0.373047 0.713867 0.373047 0.713867
1 0.377930 0.704102 0.373047 0.711914 0.367188 0.711914 0.367188 0.703125
1 0.350586 0.721680 0.349609 0.729492 0.342773 0.729492 0.341797 0.722656
1 0.284180 0.657227 0.290039 0.662109 0.289062 0.667969 0.280273 0.665039 0.278320 0.657227
1 0.238281 0.673828 0.237305 0.682617 0.230469 0.683594 0.228516 0.676758
1 0.226562 0.679688 0.228516 0.686523 0.228516 0.686523 0.222656 0.689453 0.218750 0.682617
1 0.307617 0.738281 0.302734 0.747070 0.296875 0.750000 0.289062 0.745117 0.291016 0.736328 0.291016 0.736328 0.300781 0.731445
0 0.268555 0.763672 0.266602 0.782227 0.255859 0.790039 0.247070 0.784180 0.244141 0.770508 0.250000 0.771484 0.255859 0.760742
1 0.190430 0.710938 0.190430 0.703125 0.181641 0.708008 0.176758 0.714844 0.184570 0.716797
1 0.180664 0.715820 0.186523 0.716797 0.186523 0.716797 0.187500 0.725586 0.183594 0.728516 0.180664 0.723633
0 0.171875 0.711914 0.172852 0.721680 0.166992 0.726562 0.161133 0.735352 0.161133 0.743164 0.155273 0.747070 0.152344 0.752930 0.146484 0.750000 0.146484 0.739258 0.151367 0.730469 0.151367 0.720703 0.156250 0.724609 0.161133 0.713867
1 0.307617 0.791016 0.305664 0.799805 0.297852 0.802734 0.293945 0.794922 0.298828 0.788086
1 0.171875 0.765625 0.174805 0.770508 0.166016 0.776367 0.165039 0.766602
0 0.136719 0.757812 0.144531 0.750977 0.154297 0.754883 0.162109 0.766602 0.162109 0.766602 0.156250 0.772461 0.147461 0.774414 0.149414 0.784180 0.149414 0.784180 0.144531 0.788086 0.134766 0.790039 0.123047 0.783203 0.130859 0.775391 0.135742 0.766602
0 0.227539 0.822266 0.231445 0.833008 0.220703 0.841797 0.211914 0.848633 0.207031 0.856445 0.199219 0.853516 0.193359 0.845703 0.194336 0.838867 0.200195 0.840820 0.214844 0.820312 0.221680 0.818359
1 0.280273 0.821289 0.276367 0.831055 0.269531 0.832031 0.267578 0.824219
0 0.268555 0.842773 0.261719 0.836914 0.254883 0.842773 0.250977 0.851562 0.261719 0.855469 0.268555 0.861328 0.278320 0.861328 0.288086 0.865234 0.296875 0.865234 0.304688 0.866211 0.303711 0.861328 0.287109 0.852539 0.282227 0.845703
1 0.322266 0.867188 0.320312 0.875000 0.320312 0.875000 0.311523 0.874023 0.309570 0.864258 0.309570 0.864258 0.314453 0.863281
1 0.336914 0.867188 0.344727 0.872070 0.344727 0.878906 0.337891 0.877930 0.332031 0.873047
0 0.023438 0.857422 0.027344 0.850586 0.042969 0.843750 0.051758 0.843750 0.059570 0.839844 0.065430 0.843750 0.057617 0.853516 0.047852 0.854492 0.041016 0.862305 0.029297 0.865234 0.023438 0.871094 0.019531 0.864258
0 0.090820 0.855469 0.081055 0.856445 0.070312 0.852539 0.070312 0.842773 0.069336 0.836914 0.079102 0.834961 0.079102 0.834961
1 0.186523 0.889648 0.185547 0.876953 0.173828 0.876953 0.173828 0.876953 0.163086 0.884766 0.171875 0.895508
1 0.154297 0.873047 0.158203 0.880859 0.150391 0.883789 0.147461 0.875000
1 0.140625 0.866211 0.139648 0.875977 0.130859 0.876953 0.123047 0.870117 0.130859 0.863281
1 0.196289 0.910156 0.199219 0.901367 0.192383 0.899414 0.184570 0.901367 0.175781 0.904297 0.176758 0.910156 0.187500 0.910156
1 0.113281 0.890625 0.118164 0.896484 0.116211 0.901367 0.110352 0.901367 0.107422 0.893555
1 0.128906 0.887695 0.133789 0.888672 0.133789 0.895508 0.127930 0.898438 0.123047 0.891602
1 0.150391 0.893555 0.152344 0.903320 0.152344 0.903320 0.145508 0.904297 0.145508 0.904297 0.139648 0.899414 0.142578 0.893555
1 0.065430 0.958008 0.075195 0.961914 0.085938 0.966797 0.085938 0.966797 0.086914 0.979492 0.086914 0.979492 0.074219 0.980469 0.069336 0.984375 0.058594 0.973633 0.059570 0.963867
1 0.031250 0.942383 0.025391 0.952148 0.016602 0.951172 0.018555 0.942383
0 0.111328 0.924805 0.112305 0.934570 0.105469 0.939453 0.106445 0.947266 0.097656 0.951172 0.091797 0.947266 0.101562 0.938477 0.101562 0.928711 0.105469 0.923828 0.105469 0.923828 0.107422 0.913086 0.113281 0.912109 0.117188 0.919922
1 0.154297 0.967773 0.163086 0.975586 0.164062 0.992188 0.164062 1.000000 0.143555 1.000000 0.142578 0.989258 0.131836 0.982422 0.131836 0.982422 0.137695 0.972656 0.144531 0.968750
1 0.152344 0.957031 0.152344 0.964844 0.145508 0.962891 0.145508 0.957031
1 0.165039 0.998047 0.165039 0.990234 0.172852 0.986328 0.177734 0.990234 0.181641 0.999023
1 0.031250 0.892578 0.030273 0.899414 0.030273 0.899414 0.020508 0.898438 0.020508 0.898438 0.023438 0.889648
1 0.368164 0.988281 0.367188 0.994141 0.360352 0.995117 0.356445 0.987305
1 0.416992 0.907227 0.426758 0.906250 0.432617 0.910156 0.433594 0.917969 0.424805 0.919922 0.424805 0.919922 0.416016 0.913086
0 0.360352 0.878906 0.367188 0.883789 0.375000 0.888672 0.381836 0.890625 0.389648 0.893555 0.397461 0.895508 0.397461 0.895508 0.400391 0.899414 0.397461 0.902344 0.388672 0.900391 0.378906 0.900391 0.370117 0.895508 0.359375 0.890625 0.352539 0.885742 0.352539 0.879883
0 0.339844 0.918945 0.351562 0.920898 0.354492 0.925781 0.363281 0.928711 0.375977 0.929688 0.378906 0.935547 0.384766 0.934570 0.393555 0.939453 0.398438 0.933594 0.405273 0.927734 0.411133 0.931641 0.411133 0.940430 0.406250 0.946289 0.397461 0.946289 0.390625 0.949219 0.378906 0.942383 0.369141 0.940430 0.358398 0.937500 0.347656 0.933594 0.338867 0.929688 0.334961 0.922852
1 0.430664 0.882812 0.428711 0.888672 0.423828 0.885742 0.426758 0.879883
1 0.373047 0.845703 0.376953 0.853516 0.375000 0.859375 0.365234 0.858398 0.361328 0.848633
1 0.389648 0.827148 0.387695 0.833008 0.387695 0.833008 0.382812 0.831055 0.382812 0.825195
1 0.389648 0.832031 0.397461 0.837891 0.404297 0.843750 0.402344 0.848633 0.402344 0.848633 0.394531 0.850586 0.384766 0.846680 0.387695 0.838867
1 0.358398 0.797852 0.354492 0.805664 0.347656 0.803711 0.346680 0.795898
0 0.463867 0.808594 0.466797 0.812500 0.459961 0.822266 0.470703 0.830078 0.478516 0.833984 0.482422 0.840820 0.474609 0.844727 0.473633 0.836914 0.465820 0.835938 0.454102 0.832031 0.443359 0.828125 0.449219 0.818359 0.455078 0.813477 0.458984 0.807617
1 0.450195 0.759766 0.459961 0.756836 0.467773 0.761719 0.468750 0.769531 0.468750 0.769531 0.462891 0.775391 0.457031 0.774414 0.447266 0.777344 0.442383 0.768555
1 0.503906 0.762695 0.508789 0.767578 0.504883 0.771484 0.497070 0.772461 0.489258 0.768555 0.494141 0.760742
1 0.540039 0.756836 0.537109 0.767578 0.537109 0.767578 0.527344 0.768555 0.524414 0.759766 0.529297 0.753906 0.529297 0.753906
1 0.521484 0.765625 0.524414 0.775391 0.530273 0.780273 0.525391 0.788086 0.525391 0.788086 0.512695 0.785156 0.504883 0.776367 0.510742 0.767578
1 0.482422 0.653320 0.482422 0.662109 0.474609 0.666016 0.474609 0.666016 0.468750 0.661133 0.471680 0.651367
0 0.499023 0.660156 0.501953 0.668945 0.495117 0.675781 0.495117 0.675781 0.491211 0.681641 0.485352 0.681641 0.483398 0.667969 0.490234 0.664062 0.494141 0.659180
0 0.464844 0.682617 0.473633 0.689453 0.480469 0.682617 0.492188 0.687500 0.490234 0.694336 0.493164 0.699219 0.501953 0.697266 0.504883 0.708008 0.502930 0.712891 0.502930 0.712891 0.494141 0.713867 0.487305 0.718750 0.479492 0.712891 0.472656 0.708984 0.472656 0.708984 0.469727 0.698242 0.460938 0.690430 0.460938 0.683594
1 0.583008 0.690430 0.583008 0.699219 0.579102 0.704102 0.573242 0.701172 0.575195 0.692383 0.575195 0.692383
1 0.541016 0.680664 0.545898 0.684570 0.545898 0.690430 0.539062 0.689453
1 0.547852 0.685547 0.553711 0.690430 0.552734 0.695312 0.547852 0.694336
1 0.529297 0.678711 0.523438 0.681641 0.523438 0.674805
1 0.506836 0.610352 0.509766 0.608398 0.515625 0.610352 0.516602 0.616211 0.507812 0.617188
1 0.517578 0.616211 0.525391 0.618164 0.527344 0.624023 0.527344 0.624023 0.523438 0.628906 0.516602 0.625000
1 0.523438 0.585938 0.522461 0.595703 0.516602 0.601562 0.507812 0.595703 0.512695 0.585938
1 0.513672 0.581055 0.511719 0.592773 0.501953 0.594727 0.499023 0.586914 0.504883 0.580078 0.504883 0.580078
1 0.507812 0.546875 0.502930 0.558594 0.502930 0.558594 0.493164 0.558594 0.488281 0.554688 0.495117 0.548828 0.500000 0.544922
1 0.542969 0.593750 0.552734 0.595703 0.555664 0.605469 0.556641 0.618164 0.556641 0.625977 0.546875 0.622070 0.535156 0.613281 0.533203 0.599609 0.540039 0.595703
0 0.592773 0.596680 0.603516 0.603516 0.615234 0.612305 0.621094 0.613281 0.633789 0.615234 0.636719 0.620117 0.632812 0.625977 0.625000 0.626953 0.625000 0.626953 0.615234 0.620117 0.600586 0.613281 0.586914 0.604492 0.573242 0.595703 0.572266 0.586914 0.578125 0.589844
1 0.608398 0.630859 0.617188 0.631836 0.617188 0.631836 0.621094 0.637695 0.618164 0.645508 0.609375 0.649414 0.604492 0.654297 0.604492 0.654297 0.597656 0.653320 0.595703 0.644531 0.595703 0.644531
1 0.564453 0.515625 0.568359 0.533203 0.559570 0.538086 0.546875 0.533203 0.544922 0.521484 0.544922 0.521484 0.553711 0.515625
1 0.571289 0.525391 0.581055 0.524414 0.581055 0.524414 0.589844 0.530273 0.583008 0.541016 0.572266 0.540039 0.565430 0.530273
1 0.572266 0.550781 0.571289 0.560547 0.560547 0.561523 0.559570 0.553711 0.563477 0.547852
1 0.561523 0.573242 0.555664 0.579102 0.548828 0.575195 0.552734 0.565430
1 0.505859 0.446289 0.516602 0.445312 0.520508 0.456055 0.520508 0.456055 0.513672 0.462891 0.505859 0.462891 0.498047 0.454102
1 0.499023 0.468750 0.502930 0.461914 0.497070 0.452148 0.489258 0.457031 0.489258 0.457031 0.482422 0.463867 0.482422 0.469727
0 0.644531 0.533203 0.651367 0.539062 0.660156 0.544922 0.660156 0.551758 0.655273 0.553711 0.652344 0.547852 0.645508 0.546875 0.638672 0.541992 0.631836 0.538086 0.633789 0.530273
0 0.578125 0.392578 0.582031 0.396484 0.577148 0.402344 0.577148 0.402344 0.569336 0.410156 0.578125 0.412109 0.581055 0.416992 0.589844 0.422852 0.595703 0.429688 0.595703 0.429688 0.602539 0.433594 0.610352 0.433594 0.614258 0.438477 0.614258 0.438477 0.612305 0.444336 0.603516 0.440430 0.596680 0.437500 0.590820 0.441406 0.592773 0.447266 0.592773 0.447266 0.587891 0.454102 0.579102 0.459961 0.579102 0.467773 0.571289 0.471680 0.565430 0.462891 0.563477 0.454102 0.571289 0.445312 0.570312 0.431641 0.570312 0.431641 0.564453 0.427734 0.564453 0.427734 0.557617 0.421875 0.550781 0.417969 0.550781 0.417969 0.557617 0.406250
1 0.608398 0.458008 0.618164 0.458984 0.623047 0.466797 0.618164 0.470703 0.610352 0.464844
1 0.684570 0.488281 0.697266 0.495117 0.695312 0.501953 0.695312 0.501953 0.687500 0.501953 0.679688 0.493164
1 0.694336 0.496094 0.703125 0.500000 0.708008 0.507812 0.703125 0.509766 0.692383 0.503906
0 0.724609 0.464844 0.729492 0.466797 0.735352 0.456055 0.747070 0.451172 0.754883 0.458984 0.751953 0.470703 0.744141 0.482422 0.738281 0.488281 0.725586 0.486328 0.725586 0.486328 0.716797 0.480469 0.714844 0.470703
1 0.653320 0.416992 0.655273 0.426758 0.649414 0.431641 0.640625 0.433594 0.638672 0.423828 0.645508 0.418945
0 0.655273 0.406250 0.665039 0.401367 0.677734 0.394531 0.680664 0.397461 0.678711 0.406250 0.682617 0.411133 0.682617 0.418945 0.675781 0.423828 0.676758 0.429688 0.682617 0.430664 0.681641 0.440430 0.674805 0.440430 0.667969 0.433594 0.657227 0.433594 0.657227 0.433594 0.653320 0.419922
1 0.735352 0.428711 0.737305 0.432617 0.734375 0.437500 0.730469 0.433594 0.730469 0.433594
1 0.744141 0.435547 0.745117 0.440430 0.741211 0.443359 0.738281 0.439453
1 0.610352 0.357422 0.625977 0.365234 0.621094 0.375977 0.618164 0.382812 0.606445 0.378906 0.603516 0.364258
1 0.627930 0.368164 0.633789 0.374023 0.640625 0.379883 0.635742 0.389648 0.623047 0.389648 0.619141 0.379883
0 0.618164 0.349609 0.628906 0.344727 0.640625 0.335938 0.650391 0.327148 0.654297 0.322266 0.648438 0.319336 0.648438 0.310547 0.656250 0.303711 0.663086 0.313477 0.662109 0.318359 0.666992 0.326172 0.673828 0.326172 0.681641 0.332031 0.687500 0.339844 0.681641 0.343750 0.671875 0.339844 0.665039 0.336914 0.651367 0.351562 0.650391 0.359375 0.644531 0.362305 0.634766 0.357422 0.628906 0.365234 0.618164 0.362305 0.614258 0.355469
1 0.708008 0.347656 0.714844 0.355469 0.712891 0.362305 0.703125 0.365234 0.694336 0.358398 0.698242 0.348633
1 0.704102 0.368164 0.707031 0.372070 0.706055 0.376953 0.706055 0.376953 0.697266 0.373047
1 0.705078 0.377930 0.708008 0.382812 0.702148 0.387695 0.695312 0.380859 0.697266 0.375977
1 0.746094 0.358398 0.749023 0.366211 0.742188 0.371094 0.734375 0.370117 0.733398 0.361328 0.733398 0.361328 0.739258 0.357422
1 0.749023 0.368164 0.751953 0.374023 0.750000 0.381836 0.741211 0.379883 0.737305 0.371094
1 0.780273 0.388672 0.788086 0.391602 0.791992 0.396484 0.787109 0.406250 0.781250 0.407227 0.774414 0.398438 0.773438 0.391602
1 0.602539 0.263672 0.613281 0.263672 0.621094 0.269531 0.621094 0.280273 0.612305 0.283203 0.603516 0.280273 0.596680 0.268555
1 0.620117 0.279297 0.625977 0.286133 0.625977 0.294922 0.621094 0.297852 0.612305 0.294922 0.612305 0.284180
1 0.634766 0.274414 0.644531 0.277344 0.646484 0.286133 0.640625 0.292969 0.634766 0.292969 0.629883 0.291992 0.629883 0.281250
1 0.671875 0.302734 0.681641 0.301758 0.681641 0.309570 0.671875 0.315430 0.666016 0.314453 0.665039 0.308594
1 0.683594 0.292969 0.680664 0.300781 0.680664 0.300781 0.673828 0.300781 0.673828 0.292969
1 0.689453 0.288086 0.699219 0.284180 0.700195 0.291016 0.697266 0.300781 0.690430 0.299805 0.686523 0.293945
1 0.707031 0.295898 0.715820 0.291992 0.715820 0.291992 0.717773 0.296875 0.717773 0.296875 0.706055 0.314453 0.699219 0.309570 0.701172 0.299805
1 0.570312 0.181641 0.566406 0.187500 0.557617 0.185547 0.561523 0.178711
1 0.487305 0.000000 0.491211 0.005859 0.496094 0.010742 0.496094 0.010742 0.504883 0.010742 0.510742 0.000000
1 0.467773 0.026367 0.466797 0.032227 0.459961 0.037109 0.457031 0.025391
1 0.488281 0.125977 0.486328 0.132812 0.480469 0.135742 0.473633 0.129883 0.473633 0.129883 0.479492 0.122070
1 0.548828 0.099609 0.545898 0.106445 0.540039 0.107422 0.539062 0.101562 0.541992 0.097656
1 0.563477 0.094727 0.565430 0.099609 0.561523 0.103516 0.561523 0.103516 0.555664 0.098633 0.558594 0.093750
1 0.521484 0.157227 0.517578 0.166992 0.507812 0.166992 0.507812 0.166992 0.506836 0.157227 0.514648 0.154297
1 0.518555 0.178711 0.516602 0.185547 0.510742 0.182617 0.511719 0.177734
1 0.467773 0.093750 0.462891 0.101562 0.458008 0.097656 0.462891 0.091797
1 0.541016 0.025391 0.540039 0.032227 0.540039 0.032227 0.533203 0.030273 0.533203 0.023438
1 0.560547 0.033203 0.561523 0.040039 0.555664 0.042969 0.551758 0.038086 0.553711 0.032227
1 0.578125 0.034180 0.580078 0.038086 0.574219 0.042969 0.570312 0.038086
1 0.569336 0.039062 0.571289 0.045898 0.571289 0.045898 0.567383 0.047852 0.562500 0.044922 0.562500 0.044922
1 0.590820 0.049805 0.595703 0.057617 0.588867 0.064453 0.583008 0.059570 0.584961 0.053711
1 0.592773 0.060547 0.599609 0.062500 0.602539 0.070312 0.595703 0.072266 0.590820 0.066406
1 0.611328 0.042969 0.609375 0.051758 0.603516 0.052734 0.602539 0.044922
1 0.606445 0.074219 0.614258 0.074219 0.616211 0.082031 0.610352 0.083984 0.607422 0.077148
1 0.621094 0.068359 0.625000 0.072266 0.625000 0.072266 0.622070 0.078125 0.622070 0.078125 0.616211 0.074219 0.618164 0.070312
1 0.662109 0.001953 0.666992 0.009766 0.666992 0.009766 0.669922 0.015625 0.664062 0.022461 0.657227 0.023438 0.656250 0.014648 0.651367 0.010742 0.653320 0.000000
1 0.644531 0.046875 0.644531 0.052734 0.639648 0.056641 0.634766 0.051758 0.634766 0.051758 0.640625 0.046875
1 0.626953 0.005859 0.627930 0.012695 0.622070 0.014648 0.617188 0.007812 0.621094 0.003906
0 0.743164 0.003906 0.745117 0.008789 0.739258 0.013672 0.729492 0.014648 0.716797 0.016602 0.714844 0.008789 0.726562 0.006836 0.734375 0.005859
1 0.727539 0.029297 0.727539 0.036133 0.720703 0.036133 0.719727 0.030273 0.723633 0.030273
1 0.747070 0.044922 0.749023 0.050781 0.742188 0.054688 0.736328 0.047852 0.736328 0.047852 0.741211 0.043945
1 0.711914 0.081055 0.714844 0.083984 0.699219 0.110352 0.695312 0.117188 0.700195 0.125000 0.700195 0.125000 0.702148 0.133789 0.705078 0.140625 0.705078 0.140625 0.700195 0.145508 0.692383 0.142578 0.692383 0.142578 0.686523 0.135742 0.677734 0.133789 0.674805 0.128906 0.674805 0.128906 0.681641 0.123047 0.686523 0.116211
1 0.751953 0.124023 0.755859 0.131836 0.748047 0.139648 0.742188 0.140625 0.740234 0.135742 0.733398 0.135742 0.728516 0.131836 0.733398 0.125000 0.744141 0.120117
1 0.737305 0.139648 0.737305 0.145508 0.731445 0.150391 0.724609 0.146484 0.725586 0.137695 0.733398 0.136719
1 0.753906 0.144531 0.752930 0.154297 0.746094 0.157227 0.740234 0.152344 0.744141 0.144531
0 0.666992 0.167969 0.673828 0.170898 0.680664 0.174805 0.684570 0.180664 0.695312 0.184570 0.697266 0.195312 0.687500 0.205078 0.677734 0.221680 0.669922 0.218750 0.669922 0.218750 0.668945 0.208984 0.657227 0.209961 0.644531 0.214844 0.634766 0.207031 0.645508 0.197266 0.658203 0.180664 0.646484 0.173828 0.646484 0.173828 0.639648 0.166992 0.646484 0.158203 0.646484 0.158203 0.655273 0.157227 0.658203 0.160156
1 0.723633 0.207031 0.728516 0.214844 0.721680 0.217773 0.716797 0.210938
1 0.745117 0.230469 0.753906 0.230469 0.753906 0.230469 0.753906 0.236328 0.753906 0.236328 0.747070 0.238281 0.742188 0.240234 0.738281 0.235352
1 0.626953 0.310547 0.619141 0.317383 0.614258 0.314453 0.614258 0.314453 0.619141 0.305664
1 0.727539 0.282227 0.732422 0.275391 0.726562 0.273438 0.722656 0.278320 0.722656 0.283203
1 0.814453 0.273438 0.821289 0.278320 0.816406 0.288086 0.806641 0.289062 0.802734 0.280273
1 0.830078 0.285156 0.837891 0.291016 0.832031 0.297852 0.825195 0.292969
1 0.815430 0.009766 0.814453 0.022461 0.814453 0.022461 0.806641 0.027344 0.796875 0.023438 0.794922 0.013672 0.802734 0.006836
1 0.838867 0.047852 0.844727 0.050781 0.844727 0.050781 0.856445 0.047852 0.856445 0.047852 0.860352 0.057617 0.854492 0.063477 0.842773 0.060547 0.833984 0.054688
1 0.869141 0.054688 0.874023 0.061523 0.868164 0.069336 0.861328 0.066406 0.861328 0.055664
1 0.879883 0.047852 0.890625 0.048828 0.890625 0.048828 0.893555 0.056641 0.887695 0.060547 0.875000 0.059570 0.872070 0.051758
1 0.844727 0.000977 0.846680 0.008789 0.855469 0.009766 0.863281 0.000000
0 0.975586 0.045898 0.981445 0.045898 0.976562 0.034180 0.984375 0.030273 0.984375 0.030273 0.992188 0.047852 1.000000 0.066406 0.995117 0.071289 0.984375 0.081055 0.970703 0.077148 0.965820 0.069336 0.958008 0.064453 0.965820 0.051758
1 0.976562 0.079102 0.977539 0.083984 0.970703 0.087891 0.963867 0.081055 0.967773 0.076172
1 0.976562 0.132812 0.979492 0.141602 0.968750 0.145508 0.959961 0.143555 0.959961 0.143555 0.961914 0.132812
1 0.929688 0.093750 0.931641 0.100586 0.923828 0.103516 0.921875 0.096680
0 0.903320 0.125977 0.906250 0.133789 0.903320 0.142578 0.893555 0.157227 0.897461 0.164062 0.892578 0.171875 0.884766 0.166016 0.884766 0.166016 0.879883 0.158203 0.884766 0.152344 0.881836 0.140625 0.891602 0.130859 0.896484 0.124023
1 0.781250 0.096680 0.781250 0.089844 0.772461 0.090820 0.772461 0.096680
1 0.755859 0.107422 0.767578 0.100586 0.767578 0.100586 0.762695 0.095703 0.754883 0.100586
1 0.912109 0.181641 0.911133 0.190430 0.901367 0.188477 0.902344 0.182617
1 0.999023 0.251953 0.990234 0.253906 0.990234 0.253906 0.983398 0.259766 0.982422 0.266602 0.988281 0.267578 1.000000 0.265625
1 0.896484 0.278320 0.906250 0.283203 0.905273 0.291016 0.894531 0.294922 0.888672 0.286133
1 0.964844 0.326172 0.964844 0.333008 0.957031 0.334961 0.956055 0.326172
1 0.986328 0.330078 0.987305 0.339844 0.977539 0.341797 0.976562 0.332031
1 0.892578 0.330078 0.900391 0.335938 0.893555 0.342773 0.886719 0.339844 0.886719 0.333008 0.886719 0.333008
1 0.902344 0.334961 0.908203 0.339844 0.908203 0.347656 0.901367 0.349609 0.901367 0.349609 0.895508 0.344727 0.896484 0.336914
1 0.922852 0.352539 0.923828 0.359375 0.917969 0.364258 0.910156 0.364258 0.909180 0.355469
1 0.821289 0.412109 0.830078 0.414062 0.834961 0.416016 0.830078 0.425781 0.818359 0.426758
0 0.803711 0.433594 0.815430 0.429688 0.815430 0.429688 0.825195 0.433594 0.825195 0.433594 0.829102 0.439453 0.823242 0.447266 0.812500 0.452148 0.803711 0.456055 0.791992 0.454102 0.790039 0.438477
0 0.794922 0.460938 0.810547 0.468750 0.810547 0.477539 0.810547 0.477539 0.802734 0.479492 0.798828 0.470703 0.792969 0.478516 0.781250 0.488281 0.773438 0.485352 0.772461 0.472656 0.784180 0.466797 0.784180 0.462891
1 0.854492 0.454102 0.873047 0.458984 0.873047 0.458984 0.875977 0.468750 0.875977 0.468750 0.867188 0.468750 0.853516 0.461914
1 0.875000 0.462891 0.884766 0.462891 0.891602 0.468750 0.890625 0.478516 0.882812 0.479492 0.872070 0.471680
1 0.878906 0.473633 0.885742 0.483398 0.877930 0.484375 0.865234 0.484375 0.866211 0.473633
1 0.880859 0.485352 0.890625 0.493164 0.887695 0.503906 0.876953 0.510742 0.869141 0.514648 0.860352 0.505859 0.858398 0.494141 0.867188 0.485352
1 0.858398 0.506836 0.861328 0.515625 0.857422 0.521484 0.847656 0.516602 0.851562 0.505859 0.851562 0.505859
1 0.873047 0.518555 0.886719 0.522461 0.894531 0.534180 0.890625 0.539062 0.885742 0.538086 0.878906 0.541016 0.871094 0.528320
1 0.908203 0.494141 0.926758 0.496094 0.926758 0.496094 0.938477 0.507812 0.938477 0.507812 0.935547 0.514648 0.924805 0.514648 0.910156 0.506836 0.907227 0.500000
1 0.956055 0.525391 0.961914 0.529297 0.961914 0.529297 0.961914 0.534180 0.954102 0.533203 0.951172 0.527344
1 0.955078 0.535156 0.956055 0.541016 0.950195 0.545898 0.943359 0.541992 0.946289 0.531250
0 1.000000 0.433594 0.989258 0.444336 0.988281 0.451172 0.982422 0.452148 0.981445 0.457031 0.977539 0.461914 0.971680 0.474609 0.963867 0.477539 0.959961 0.483398 0.959961 0.483398 0.965820 0.485352 0.973633 0.480469 0.978516 0.471680 0.989258 0.457031 1.000000 0.445312
1 0.756836 0.537109 0.767578 0.541992 0.767578 0.541992 0.763672 0.550781 0.752930 0.548828 0.750977 0.539062
1 0.776367 0.546875 0.789062 0.560547 0.780273 0.564453 0.780273 0.564453 0.771484 0.556641 0.770508 0.547852
1 0.834961 0.535156 0.843750 0.542969 0.843750 0.547852 0.836914 0.547852 0.833008 0.551758 0.823242 0.549805 0.818359 0.540039 0.826172 0.534180
1 0.850586 0.584961 0.841797 0.592773 0.840820 0.583984 0.845703 0.581055
0 0.924805 0.573242 0.918945 0.588867 0.919922 0.595703 0.925781 0.604492 0.925781 0.604492 0.923828 0.609375 0.912109 0.600586 0.905273 0.605469 0.894531 0.606445 0.888672 0.597656 0.897461 0.595703 0.906250 0.593750 0.912109 0.587891 0.911133 0.580078 0.911133 0.580078 0.916016 0.581055 0.919922 0.572266
1 0.959961 0.580078 0.965820 0.584961 0.962891 0.593750 0.956055 0.590820 0.956055 0.590820 0.950195 0.586914 0.952148 0.580078
1 0.970703 0.624023 0.970703 0.631836 0.961914 0.632812 0.959961 0.624023
1 0.839844 0.601562 0.847656 0.603516 0.847656 0.603516 0.848633 0.614258 0.839844 0.616211 0.839844 0.616211 0.832031 0.612305
1 0.881836 0.567383 0.887695 0.573242 0.886719 0.582031 0.879883 0.584961 0.872070 0.578125 0.872070 0.578125 0.875000 0.570312
1 0.869141 0.564453 0.874023 0.570312 0.874023 0.570312 0.873047 0.576172 0.864258 0.575195 0.861328 0.567383
1 0.716797 0.581055 0.722656 0.586914 0.722656 0.586914 0.720703 0.592773 0.720703 0.592773 0.712891 0.592773 0.708984 0.583984
1 0.706055 0.591797 0.709961 0.599609 0.709961 0.599609 0.706055 0.603516 0.706055 0.603516 0.698242 0.600586 0.693359 0.597656 0.699219 0.591797
1 0.717773 0.597656 0.720703 0.602539 0.717773 0.608398 0.710938 0.607422 0.710938 0.599609
1 0.679688 0.615234 0.688477 0.607422 0.695312 0.617188 0.695312 0.627930 0.695312 0.627930 0.685547 0.632812 0.685547 0.632812 0.676758 0.638672 0.665039 0.630859 0.669922 0.618164
1 0.686523 0.632812 0.696289 0.640625 0.696289 0.640625 0.694336 0.645508 0.687500 0.643555 0.687500 0.643555
1 0.756836 0.644531 0.766602 0.645508 0.777344 0.650391 0.777344 0.650391 0.776367 0.658203 0.767578 0.660156 0.767578 0.660156 0.760742 0.655273 0.753906 0.652344
0 0.820312 0.621094 0.824219 0.617188 0.824219 0.617188 0.830078 0.622070 0.824219 0.629883 0.824219 0.629883 0.830078 0.636719 0.825195 0.645508 0.825195 0.645508 0.818359 0.649414 0.818359 0.649414 0.808594 0.648438 0.798828 0.656250 0.793945 0.651367 0.795898 0.638672 0.804688 0.639648 0.804688 0.639648 0.813477 0.627930 0.815430 0.623047
1 0.661133 0.651367 0.664062 0.661133 0.657227 0.672852 0.649414 0.678711 0.649414 0.678711 0.635742 0.675781 0.635742 0.660156 0.645508 0.657227 0.649414 0.648438 0.649414 0.648438
1 0.673828 0.675781 0.684570 0.676758 0.684570 0.676758 0.686523 0.683594 0.679688 0.687500 0.669922 0.679688
0 0.779297 0.650391 0.790039 0.645508 0.793945 0.648438 0.795898 0.655273 0.788086 0.666992 0.789062 0.673828 0.789062 0.673828 0.785156 0.679688 0.789062 0.689453 0.789062 0.689453 0.779297 0.693359 0.765625 0.690430 0.752930 0.686523 0.750000 0.676758 0.759766 0.667969 0.767578 0.675781 0.768555 0.665039
1 0.907227 0.702148 0.908203 0.692383 0.902344 0.688477 0.892578 0.693359 0.888672 0.698242 0.893555 0.704102
1 0.776367 0.700195 0.775391 0.707031 0.768555 0.711914 0.765625 0.705078 0.765625 0.705078 0.770508 0.696289
1 0.732422 0.714844 0.741211 0.721680 0.741211 0.721680 0.739258 0.728516 0.727539 0.728516 0.727539 0.728516 0.724609 0.719727
0 0.761719 0.730469 0.775391 0.741211 0.770508 0.751953 0.757812 0.758789 0.757812 0.758789 0.744141 0.759766 0.739258 0.755859 0.727539 0.756836 0.723633 0.746094 0.731445 0.740234 0.737305 0.731445 0.747070 0.725586 0.755859 0.726562 0.755859 0.726562
1 0.864258 0.757812 0.865234 0.764648 0.860352 0.768555 0.856445 0.760742 0.856445 0.760742
1 0.859375 0.768555 0.857422 0.777344 0.849609 0.778320 0.847656 0.767578
1 0.845703 0.796875 0.840820 0.807617 0.832031 0.807617 0.831055 0.802734 0.827148 0.798828 0.833984 0.791992
1 0.817383 0.833008 0.822266 0.840820 0.812500 0.849609 0.803711 0.854492 0.797852 0.847656 0.797852 0.847656 0.801758 0.835938 0.809570 0.831055
1 0.706055 0.791992 0.706055 0.802734 0.697266 0.800781 0.690430 0.797852 0.698242 0.791992 0.698242 0.791992
1 0.701172 0.799805 0.704102 0.808594 0.704102 0.808594 0.697266 0.814453 0.689453 0.812500 0.688477 0.804688
0 0.573242 0.777344 0.573242 0.789062 0.564453 0.796875 0.572266 0.800781 0.579102 0.811523 0.589844 0.816406 0.609375 0.823242 0.607422 0.835938 0.599609 0.839844 0.592773 0.831055 0.582031 0.825195 0.568359 0.819336 0.559570 0.814453 0.551758 0.811523 0.551758 0.795898 0.560547 0.780273
1 0.673828 0.839844 0.672852 0.831055 0.667969 0.827148 0.664062 0.819336 0.657227 0.819336 0.657227 0.819336 0.654297 0.826172 0.656250 0.835938 0.657227 0.843750 0.666016 0.843750
1 0.707031 0.827148 0.717773 0.829102 0.723633 0.840820 0.722656 0.847656 0.715820 0.849609 0.715820 0.849609 0.707031 0.842773 0.704102 0.833984
1 0.768555 0.875977 0.777344 0.877930 0.777344 0.891602 0.769531 0.896484 0.769531 0.896484 0.760742 0.885742
1 0.640625 0.838867 0.652344 0.844727 0.652344 0.844727 0.648438 0.851562 0.638672 0.845703 0.635742 0.840820
1 0.633789 0.839844 0.633789 0.847656 0.628906 0.852539 0.622070 0.847656 0.623047 0.840820
1 0.638672 0.846680 0.641602 0.852539 0.639648 0.860352 0.630859 0.856445
1 0.543945 0.819336 0.539062 0.826172 0.539062 0.826172 0.531250 0.822266 0.533203 0.815430 0.541992 0.815430
0 0.614258 0.849609 0.621094 0.857422 0.623047 0.865234 0.617188 0.865234 0.608398 0.863281 0.597656 0.874023 0.597656 0.874023 0.590820 0.883789 0.581055 0.894531 0.581055 0.894531 0.575195 0.903320 0.575195 0.903320 0.571289 0.909180 0.561523 0.911133 0.561523 0.911133 0.561523 0.902344 0.565430 0.894531 0.558594 0.889648 0.557617 0.881836 0.564453 0.883789 0.564453 0.883789 0.572266 0.886719 0.577148 0.879883 0.566406 0.875977 0.564453 0.867188 0.571289 0.865234 0.580078 0.869141 0.580078 0.869141 0.587891 0.871094 0.587891 0.871094 0.595703 0.864258 0.604492 0.851562
1 0.502930 0.883789 0.504883 0.890625 0.504883 0.890625 0.497070 0.893555 0.493164 0.885742
1 0.497070 0.895508 0.495117 0.906250 0.481445 0.907227 0.481445 0.907227 0.479492 0.894531 0.488281 0.889648
1 0.477539 0.917969 0.480469 0.928711 0.480469 0.928711 0.467773 0.932617 0.465820 0.919922
1 0.460938 1.000000 0.466797 0.989258 0.476562 0.987305 0.476562 0.987305 0.481445 0.995117 0.481445 0.995117 0.481445 1.000000
0 0.507812 0.909180 0.517578 0.911133 0.517578 0.911133 0.525391 0.918945 0.525391 0.918945 0.534180 0.922852 0.534180 0.922852 0.539062 0.929688 0.539062 0.929688 0.537109 0.938477 0.526367 0.941406 0.518555 0.928711 0.511719 0.921875
0 0.525391 0.950195 0.536133 0.945312 0.540039 0.949219 0.534180 0.958984 0.526367 0.970703 0.513672 0.968750 0.514648 0.955078 0.514648 0.955078
1 0.569336 0.988281 0.569336 0.998047 0.561523 1.000000 0.553711 1.000000 0.552734 0.993164 0.564453 0.984375
1 0.597656 0.933594 0.607422 0.939453 0.608398 0.949219 0.608398 0.949219 0.603516 0.953125 0.595703 0.963867 0.584961 0.958984 0.587891 0.947266 0.595703 0.936523
1 0.627930 0.949219 0.630859 0.959961 0.621094 0.961914 0.621094 0.961914 0.616211 0.953125 0.616211 0.953125
1 0.642578 0.958008 0.646484 0.964844 0.646484 0.964844 0.638672 0.966797 0.633789 0.959961
0 0.666992 0.981445 0.680664 0.988281 0.699219 1.000000 0.674805 1.000000 0.662109 0.989258 0.659180 0.980469 0.659180 0.980469
1 0.685547 0.920898 0.680664 0.925781 0.673828 0.921875 0.676758 0.915039
0 0.687500 0.938477 0.694336 0.945312 0.688477 0.947266 0.669922 0.935547 0.672852 0.925781 0.677734 0.927734
1 0.641602 0.869141 0.650391 0.871094 0.659180 0.876953 0.657227 0.888672 0.644531 0.891602 0.631836 0.895508 0.626953 0.883789 0.626953 0.883789 0.629883 0.875000
1 0.959961 0.770508 0.952148 0.779297 0.947266 0.772461 0.953125 0.766602 0.953125 0.766602
1 0.942383 0.788086 0.937500 0.793945 0.928711 0.784180 0.933594 0.781250