1 0.000000 0.000000 0.008789 0.001953 0.015625 0.015625 0.008789 0.025391 0.000000 0.027344
1 0.037109 0.000000 0.040039 0.010742 0.034180 0.017578 0.026367 0.020508 0.019531 0.017578 0.015625 0.008789 0.022461 0.000000
1 0.060547 0.005859 0.065430 0.014648 0.058594 0.020508 0.047852 0.018555 0.047852 0.005859
1 0.083008 0.006836 0.093750 0.010742 0.092773 0.017578 0.083008 0.018555 0.075195 0.012695 0.075195 0.006836
1 0.119141 0.002930 0.125977 0.008789 0.125000 0.020508 0.109375 0.021484 0.101562 0.021484 0.100586 0.010742 0.108398 0.000000
1 0.147461 0.000977 0.151367 0.008789 0.146484 0.016602 0.135742 0.015625 0.135742 0.002930
1 0.169922 0.002930 0.172852 0.009766 0.168945 0.018555 0.162109 0.016602 0.159180 0.007812
1 0.196289 0.003906 0.198242 0.008789 0.197266 0.015625 0.187500 0.013672 0.184570 0.003906
1 0.221680 0.004883 0.225586 0.012695 0.221680 0.017578 0.213867 0.012695 0.213867 0.005859
1 0.309570 0.000000 0.314453 0.009766 0.326172 0.009766 0.335938 0.000000
1 0.294922 0.000000 0.294922 0.005859 0.299805 0.006836 0.304688 0.000977
1 0.280273 0.000000 0.280273 0.006836 0.270508 0.009766 0.270508 0.001953
1 0.250000 0.003906 0.252930 0.009766 0.245117 0.011719 0.243164 0.004883
1 0.078125 0.051758 0.078125 0.062500 0.077148 0.074219 0.059570 0.081055 0.051758 0.079102 0.049805 0.066406 0.062500 0.055664 0.074219 0.046875
1 0.085938 0.029297 0.097656 0.025391 0.104492 0.032227 0.104492 0.032227 0.103516 0.044922 0.094727 0.057617 0.083008 0.055664 0.078125 0.041016
1 0.100586 0.036133 0.108398 0.034180 0.120117 0.039062 0.124023 0.052734 0.124023 0.052734 0.119141 0.061523 0.103516 0.061523 0.096680 0.044922
1 0.151367 0.030273 0.145508 0.039062 0.136719 0.042969 0.132812 0.033203 0.141602 0.025391
1 0.146484 0.037109 0.152344 0.041016 0.152344 0.045898 0.144531 0.048828 0.140625 0.040039
1 0.138672 0.054688 0.137695 0.061523 0.130859 0.063477 0.130859 0.055664
1 0.188477 0.046875 0.191406 0.055664 0.180664 0.061523 0.174805 0.052734 0.180664 0.044922
1 0.207031 0.044922 0.208984 0.052734 0.199219 0.057617 0.193359 0.048828 0.197266 0.042969
1 0.227539 0.039062 0.232422 0.046875 0.226562 0.056641 0.214844 0.053711 0.214844 0.040039
1 0.240234 0.040039 0.246094 0.045898 0.241211 0.051758 0.233398 0.049805 0.234375 0.041992
1 0.262695 0.036133 0.264648 0.041992 0.257812 0.045898 0.255859 0.039062
1 0.277344 0.032227 0.282227 0.033203 0.282227 0.041992 0.275391 0.044922 0.272461 0.035156
1 0.289062 0.028320 0.304688 0.024414 0.304688 0.024414 0.308594 0.031250 0.308594 0.031250 0.296875 0.039062 0.290039 0.034180
1 0.367188 0.079102 0.372070 0.085938 0.370117 0.091797 0.361328 0.091797 0.359375 0.083008
1 0.276367 0.094727 0.288086 0.099609 0.287109 0.112305 0.279297 0.113281 0.276367 0.120117 0.265625 0.113281 0.268555 0.100586
1 0.249023 0.114258 0.253906 0.117188 0.253906 0.124023 0.249023 0.124023 0.244141 0.118164
1 0.325195 0.099609 0.322266 0.108398 0.311523 0.106445 0.316406 0.097656
1 0.117188 0.202148 0.127930 0.205078 0.125000 0.215820 0.116211 0.218750 0.114258 0.208008
1 0.125977 0.192383 0.129883 0.196289 0.129883 0.202148 0.124023 0.202148 0.121094 0.196289
1 0.165039 0.177734 0.171875 0.180664 0.180664 0.184570 0.179688 0.194336 0.170898 0.205078 0.158203 0.202148 0.152344 0.189453 0.158203 0.177734
1 0.224609 0.138672 0.235352 0.141602 0.235352 0.149414 0.230469 0.161133 0.218750 0.162109 0.210938 0.150391 0.213867 0.140625
1 0.203125 0.151367 0.216797 0.155273 0.221680 0.166992 0.216797 0.176758 0.203125 0.176758 0.187500 0.169922 0.184570 0.159180 0.193359 0.155273
1 0.192383 0.172852 0.183594 0.180664 0.171875 0.175781 0.175781 0.162109 0.181641 0.162109
1 0.203125 0.175781 0.208008 0.180664 0.207031 0.188477 0.196289 0.191406 0.185547 0.186523 0.187500 0.172852
1 0.209961 0.183594 0.222656 0.180664 0.228516 0.187500 0.227539 0.196289 0.219727 0.203125 0.210938 0.201172 0.205078 0.191406
1 0.208984 0.206055 0.220703 0.208008 0.223633 0.218750 0.223633 0.218750 0.222656 0.225586 0.207031 0.228516 0.202148 0.214844
1 0.283203 0.142578 0.291992 0.147461 0.292969 0.158203 0.288086 0.168945 0.272461 0.176758 0.264648 0.173828 0.262695 0.161133 0.267578 0.147461
1 0.261719 0.181641 0.264648 0.195312 0.255859 0.200195 0.247070 0.193359 0.251953 0.183594
1 0.287109 0.185547 0.294922 0.188477 0.293945 0.196289 0.288086 0.200195 0.280273 0.198242 0.280273 0.188477
1 0.282227 0.209961 0.286133 0.214844 0.283203 0.218750 0.277344 0.215820
1 0.275391 0.226562 0.278320 0.230469 0.273438 0.235352 0.267578 0.232422
1 0.275391 0.234375 0.277344 0.238281 0.276367 0.242188 0.267578 0.243164 0.267578 0.235352
1 0.275391 0.244141 0.277344 0.249023 0.273438 0.251953 0.270508 0.246094
1 0.269531 0.248047 0.274414 0.252930 0.271484 0.256836 0.264648 0.252930 0.263672 0.248047
1 0.223633 0.235352 0.227539 0.243164 0.224609 0.249023 0.216797 0.251953 0.210938 0.248047 0.210938 0.239258
1 0.142578 0.241211 0.145508 0.249023 0.139648 0.250000 0.133789 0.244141
1 0.165039 0.262695 0.176758 0.260742 0.181641 0.266602 0.181641 0.266602 0.177734 0.275391 0.166992 0.279297 0.160156 0.270508
1 0.304688 0.262695 0.304688 0.271484 0.298828 0.275391 0.292969 0.269531 0.296875 0.261719
1 0.258789 0.273438 0.267578 0.274414 0.279297 0.282227 0.279297 0.291992 0.278320 0.303711 0.265625 0.305664 0.255859 0.294922 0.251953 0.286133 0.251953 0.278320
1 0.244141 0.290039 0.244141 0.300781 0.240234 0.305664 0.232422 0.304688 0.228516 0.293945
1 0.248047 0.329102 0.255859 0.331055 0.255859 0.336914 0.248047 0.339844 0.243164 0.333984
1 0.225586 0.360352 0.234375 0.358398 0.236328 0.364258 0.233398 0.369141 0.224609 0.368164
1 0.269531 0.379883 0.275391 0.378906 0.279297 0.381836 0.277344 0.389648 0.266602 0.392578 0.261719 0.385742
1 0.284180 0.347656 0.288086 0.358398 0.288086 0.358398 0.281250 0.364258 0.271484 0.365234 0.268555 0.354492 0.275391 0.348633
1 0.285156 0.342773 0.295898 0.341797 0.297852 0.348633 0.292969 0.355469 0.285156 0.354492 0.282227 0.346680
1 0.301758 0.355469 0.304688 0.358398 0.306641 0.364258 0.299805 0.368164 0.294922 0.362305
1 0.366211 0.312500 0.373047 0.312500 0.374023 0.319336 0.369141 0.325195 0.361328 0.318359
1 0.000000 0.385742 0.005859 0.382812 0.016602 0.383789 0.018555 0.395508 0.015625 0.405273 0.003906 0.405273 0.000000 0.399414 0.000000 0.389648
1 0.019531 0.371094 0.024414 0.378906 0.017578 0.382812 0.012695 0.374023 0.014648 0.369141
1 0.025391 0.363281 0.031250 0.367188 0.031250 0.374023 0.025391 0.375977 0.016602 0.368164 0.017578 0.362305
1 0.029297 0.347656 0.036133 0.353516 0.040039 0.356445 0.037109 0.365234 0.026367 0.364258 0.023438 0.353516
1 0.041016 0.336914 0.047852 0.344727 0.046875 0.350586 0.038086 0.353516 0.029297 0.347656 0.033203 0.333984
1 0.041016 0.314453 0.053711 0.317383 0.054688 0.327148 0.054688 0.338867 0.048828 0.342773 0.036133 0.335938 0.033203 0.318359
1 0.018555 0.429688 0.024414 0.435547 0.023438 0.441406 0.015625 0.441406 0.013672 0.434570
1 0.086914 0.433594 0.092773 0.440430 0.090820 0.452148 0.079102 0.452148 0.072266 0.444336 0.077148 0.435547
1 0.104492 0.440430 0.110352 0.443359 0.110352 0.450195 0.100586 0.454102 0.097656 0.446289
1 0.142578 0.403320 0.145508 0.408203 0.141602 0.418945 0.132812 0.420898 0.126953 0.414062 0.136719 0.403320
1 0.155273 0.421875 0.166016 0.426758 0.165039 0.434570 0.162109 0.442383 0.148438 0.440430 0.146484 0.427734
1 0.175781 0.428711 0.180664 0.434570 0.177734 0.437500 0.170898 0.438477 0.169922 0.431641
1 0.188477 0.425781 0.188477 0.430664 0.180664 0.433594 0.178711 0.427734
1 0.318359 0.396484 0.318359 0.406250 0.312500 0.412109 0.304688 0.408203 0.308594 0.399414
1 0.107422 0.485352 0.112305 0.491211 0.108398 0.499023 0.100586 0.500977 0.096680 0.490234
1 0.104492 0.516602 0.110352 0.520508 0.111328 0.528320 0.105469 0.532227 0.098633 0.523438 0.098633 0.523438
1 0.167969 0.455078 0.170898 0.460938 0.168945 0.469727 0.160156 0.469727 0.155273 0.463867 0.160156 0.454102
0 0.210938 0.444336 0.220703 0.440430 0.234375 0.435547 0.247070 0.434570 0.257812 0.430664 0.264648 0.439453 0.264648 0.439453 0.258789 0.442383 0.254883 0.449219 0.240234 0.452148 0.225586 0.452148 0.213867 0.452148 0.208984 0.449219
1 0.273438 0.444336 0.280273 0.447266 0.283203 0.454102 0.277344 0.458008 0.269531 0.453125
1 0.282227 0.459961 0.287109 0.463867 0.287109 0.471680 0.281250 0.477539 0.276367 0.468750 0.276367 0.459961
1 0.218750 0.458008 0.223633 0.456055 0.229492 0.459961 0.228516 0.469727 0.221680 0.467773
0 0.228516 0.469727 0.236328 0.471680 0.239258 0.483398 0.243164 0.490234 0.245117 0.498047 0.245117 0.504883 0.251953 0.500977 0.263672 0.500000 0.269531 0.495117 0.279297 0.495117 0.288086 0.499023 0.295898 0.506836 0.294922 0.517578 0.286133 0.526367 0.275391 0.528320 0.275391 0.528320 0.276367 0.538086 0.287109 0.543945 0.297852 0.539062 0.307617 0.534180 0.316406 0.537109 0.322266 0.545898 0.328125 0.555664 0.309570 0.566406 0.293945 0.569336 0.280273 0.563477 0.271484 0.561523 0.260742 0.545898 0.250000 0.552734 0.241211 0.558594 0.236328 0.549805 0.246094 0.541992 0.255859 0.536133 0.253906 0.522461 0.245117 0.528320 0.240234 0.540039 0.228516 0.541992 0.222656 0.529297 0.235352 0.519531 0.243164 0.520508 0.238281 0.512695 0.232422 0.503906 0.224609 0.497070 0.226562 0.486328 0.221680 0.474609
1 0.214844 0.499023 0.221680 0.500000 0.223633 0.506836 0.217773 0.510742 0.212891 0.503906
1 0.301758 0.504883 0.305664 0.508789 0.304688 0.513672 0.296875 0.513672 0.294922 0.508789
1 0.311523 0.520508 0.317383 0.520508 0.323242 0.525391 0.319336 0.530273 0.310547 0.532227 0.306641 0.528320
1 0.198242 0.600586 0.205078 0.607422 0.198242 0.619141 0.185547 0.618164 0.181641 0.610352 0.185547 0.602539
1 0.203125 0.603516 0.210938 0.601562 0.213867 0.611328 0.213867 0.617188 0.205078 0.625000 0.196289 0.621094 0.202148 0.611328
1 0.174805 0.661133 0.188477 0.657227 0.202148 0.659180 0.210938 0.670898 0.207031 0.683594 0.196289 0.693359 0.178711 0.697266 0.168945 0.683594 0.163086 0.671875
1 0.248047 0.644531 0.265625 0.638672 0.273438 0.646484 0.275391 0.655273 0.261719 0.660156 0.253906 0.654297 0.244141 0.654297 0.244141 0.646484
1 0.281250 0.577148 0.283203 0.584961 0.290039 0.589844 0.285156 0.599609 0.271484 0.600586 0.264648 0.597656 0.261719 0.588867 0.272461 0.579102
1 0.312500 0.633789 0.317383 0.636719 0.317383 0.643555 0.308594 0.643555 0.305664 0.634766
1 0.287109 0.661133 0.289062 0.666016 0.283203 0.668945 0.282227 0.662109
1 0.289062 0.666016 0.291992 0.670898 0.291992 0.674805 0.284180 0.674805 0.284180 0.668945
1 0.292969 0.673828 0.293945 0.681641 0.285156 0.679688 0.285156 0.675781
1 0.316406 0.644531 0.320312 0.649414 0.320312 0.658203 0.313477 0.657227 0.310547 0.649414
1 0.313477 0.698242 0.322266 0.697266 0.327148 0.702148 0.329102 0.709961 0.321289 0.713867 0.313477 0.713867 0.310547 0.702148
1 0.332031 0.705078 0.340820 0.701172 0.343750 0.706055 0.342773 0.711914 0.335938 0.715820 0.331055 0.710938
1 0.348633 0.714844 0.353516 0.716797 0.353516 0.725586 0.346680 0.728516 0.343750 0.720703
1 0.358398 0.714844 0.364258 0.715820 0.364258 0.715820 0.364258 0.723633 0.358398 0.724609
1 0.349609 0.727539 0.357422 0.727539 0.359375 0.732422 0.347656 0.738281 0.345703 0.731445
1 0.111328 0.724609 0.119141 0.731445 0.113281 0.737305 0.103516 0.734375 0.100586 0.726562
1 0.122070 0.732422 0.127930 0.735352 0.125977 0.742188 0.118164 0.741211 0.116211 0.736328
0 0.092773 0.741211 0.093750 0.752930 0.100586 0.755859 0.116211 0.748047 0.128906 0.746094 0.133789 0.751953 0.139648 0.752930 0.139648 0.761719 0.129883 0.766602 0.113281 0.775391 0.099609 0.777344 0.085938 0.779297 0.082031 0.777344 0.075195 0.781250 0.059570 0.779297 0.055664 0.766602 0.062500 0.752930 0.071289 0.751953 0.076172 0.743164 0.084961 0.742188
1 0.195312 0.713867 0.200195 0.717773 0.199219 0.723633 0.192383 0.724609 0.188477 0.716797
1 0.183594 0.743164 0.189453 0.744141 0.193359 0.752930 0.184570 0.754883 0.180664 0.748047
1 0.169922 0.749023 0.177734 0.750977 0.178711 0.760742 0.169922 0.764648 0.161133 0.761719 0.163086 0.752930
1 0.150391 0.761719 0.158203 0.763672 0.159180 0.770508 0.152344 0.775391 0.144531 0.768555
1 0.138672 0.770508 0.144531 0.777344 0.143555 0.782227 0.129883 0.779297 0.132812 0.771484
1 0.136719 0.782227 0.145508 0.786133 0.142578 0.792969 0.134766 0.793945 0.130859 0.785156
1 0.114258 0.775391 0.122070 0.780273 0.118164 0.785156 0.108398 0.785156 0.106445 0.777344
1 0.071289 0.784180 0.077148 0.786133 0.077148 0.786133 0.083984 0.790039 0.086914 0.795898 0.080078 0.799805 0.070312 0.795898
1 0.089844 0.781250 0.099609 0.782227 0.100586 0.789062 0.091797 0.791992 0.086914 0.787109
1 0.021484 0.791016 0.028320 0.804688 0.025391 0.806641 0.015625 0.799805
1 0.028320 0.809570 0.033203 0.823242 0.029297 0.829102 0.015625 0.831055 0.013672 0.820312 0.020508 0.810547
1 0.089844 0.814453 0.092773 0.819336 0.088867 0.825195 0.081055 0.822266 0.082031 0.812500
1 0.121094 0.818359 0.133789 0.816406 0.142578 0.820312 0.144531 0.828125 0.135742 0.832031 0.134766 0.842773 0.127930 0.843750 0.119141 0.835938 0.116211 0.822266
1 0.162109 0.812500 0.166016 0.821289 0.166016 0.821289 0.161133 0.829102 0.150391 0.827148 0.148438 0.813477 0.157227 0.812500
1 0.192383 0.811523 0.198242 0.824219 0.189453 0.830078 0.177734 0.827148 0.177734 0.812500
1 0.207031 0.808594 0.208008 0.818359 0.204102 0.823242 0.196289 0.821289 0.193359 0.808594
1 0.260742 0.797852 0.266602 0.799805 0.277344 0.799805 0.277344 0.810547 0.281250 0.815430 0.281250 0.815430 0.280273 0.825195 0.266602 0.826172 0.258789 0.815430
1 0.242188 0.827148 0.250000 0.831055 0.250000 0.831055 0.246094 0.839844 0.238281 0.835938
1 0.235352 0.833984 0.241211 0.836914 0.241211 0.844727 0.233398 0.847656 0.228516 0.840820
1 0.286133 0.828125 0.292969 0.830078 0.292969 0.836914 0.283203 0.836914
1 0.278320 0.846680 0.276367 0.856445 0.269531 0.856445 0.269531 0.847656
1 0.293945 0.864258 0.291992 0.873047 0.286133 0.873047 0.285156 0.864258
1 0.301758 0.867188 0.304688 0.873047 0.294922 0.875977 0.296875 0.868164
1 0.310547 0.871094 0.317383 0.878906 0.314453 0.883789 0.306641 0.881836
1 0.266602 0.865234 0.273438 0.872070 0.277344 0.878906 0.277344 0.878906 0.270508 0.884766 0.263672 0.882812 0.255859 0.873047
1 0.276367 0.876953 0.286133 0.879883 0.286133 0.889648 0.277344 0.890625 0.273438 0.883789
1 0.261719 0.897461 0.272461 0.897461 0.279297 0.908203 0.273438 0.919922 0.258789 0.921875 0.251953 0.911133 0.251953 0.902344
0 0.215820 0.871094 0.226562 0.866211 0.236328 0.867188 0.237305 0.874023 0.222656 0.889648 0.214844 0.903320 0.208008 0.913086 0.201172 0.920898 0.191406 0.917969 0.183594 0.912109 0.177734 0.902344 0.173828 0.893555 0.178711 0.883789 0.167969 0.876953 0.158203 0.884766 0.151367 0.883789 0.155273 0.875000 0.164062 0.866211 0.163086 0.854492 0.174805 0.853516 0.174805 0.860352 0.184570 0.863281 0.186523 0.874023 0.186523 0.882812 0.190430 0.893555 0.193359 0.879883 0.205078 0.872070
1 0.141602 0.828125 0.153320 0.830078 0.164062 0.838867 0.165039 0.852539 0.163086 0.864258 0.149414 0.868164 0.130859 0.858398 0.129883 0.842773 0.134766 0.831055
1 0.166992 0.844727 0.175781 0.843750 0.184570 0.850586 0.187500 0.857422 0.180664 0.859375 0.171875 0.853516 0.166016 0.850586
1 0.118164 0.852539 0.132812 0.856445 0.138672 0.868164 0.134766 0.880859 0.117188 0.883789 0.105469 0.877930 0.105469 0.860352
1 0.149414 0.906250 0.160156 0.906250 0.163086 0.916016 0.152344 0.920898 0.143555 0.926758 0.137695 0.916992 0.140625 0.909180
0 0.075195 0.947266 0.079102 0.947266 0.079102 0.942383 0.078125 0.935547 0.069336 0.934570 0.069336 0.925781 0.079102 0.924805 0.081055 0.929688 0.085938 0.931641 0.089844 0.939453 0.091797 0.949219 0.091797 0.954102 0.097656 0.955078 0.103516 0.951172 0.108398 0.946289 0.114258 0.943359 0.116211 0.937500 0.121094 0.937500 0.121094 0.941406 0.126953 0.943359 0.135742 0.949219 0.141602 0.953125 0.145508 0.959961 0.143555 0.967773 0.143555 0.967773 0.135742 0.964844 0.128906 0.959961 0.124023 0.955078 0.111328 0.958008 0.101562 0.963867 0.102539 0.976562 0.102539 0.976562 0.094727 0.981445 0.080078 0.981445 0.071289 0.973633 0.058594 0.967773 0.063477 0.957031
1 0.113281 0.908203 0.115234 0.912109 0.109375 0.913086 0.106445 0.910156
1 0.113281 0.913086 0.116211 0.918945 0.116211 0.918945 0.112305 0.921875 0.107422 0.919922 0.107422 0.916016
1 0.156250 0.958984 0.159180 0.967773 0.152344 0.972656 0.145508 0.969727 0.145508 0.960938
1 0.166016 0.951172 0.168945 0.958008 0.167969 0.966797 0.161133 0.966797 0.158203 0.957031
1 0.174805 0.941406 0.180664 0.946289 0.181641 0.953125 0.171875 0.958008 0.167969 0.951172 0.169922 0.945312
1 0.045898 0.968750 0.049805 0.972656 0.049805 0.972656 0.048828 0.977539 0.041016 0.976562 0.040039 0.971680
1 0.070312 0.976562 0.074219 0.981445 0.073242 0.987305 0.064453 0.985352 0.065430 0.980469
1 0.094727 0.988281 0.099609 0.989258 0.101562 0.997070 0.096680 1.000000 0.089844 0.996094 0.090820 0.989258
1 0.168945 0.985352 0.172852 0.989258 0.172852 0.996094 0.167969 1.000000 0.156250 1.000000 0.163086 0.989258
1 0.176758 0.978516 0.184570 0.982422 0.185547 0.986328 0.178711 0.989258 0.172852 0.991211 0.169922 0.984375
1 0.170898 0.998047 0.173828 0.989258 0.184570 0.988281 0.184570 0.988281 0.187500 0.994141 0.190430 0.998047 0.190430 1.000000
1 0.225586 0.959961 0.232422 0.963867 0.232422 0.971680 0.228516 0.975586 0.219727 0.976562 0.219727 0.976562 0.217773 0.968750
1 0.245117 0.975586 0.250000 0.976562 0.250977 0.981445 0.244141 0.983398 0.241211 0.978516
1 0.269531 0.974609 0.272461 0.978516 0.272461 0.984375 0.265625 0.986328 0.260742 0.982422 0.262695 0.974609
1 0.274414 0.971680 0.279297 0.975586 0.276367 0.981445 0.270508 0.979492 0.268555 0.973633
1 0.282227 0.953125 0.283203 0.957031 0.277344 0.958984 0.276367 0.954102
1 0.286133 0.943359 0.288086 0.947266 0.284180 0.950195 0.282227 0.944336
1 0.264648 0.815430 0.266602 0.827148 0.257812 0.833008 0.247070 0.830078 0.246094 0.814453 0.254883 0.811523
1 0.286133 0.796875 0.288086 0.803711 0.282227 0.807617 0.279297 0.801758
1 0.288086 0.807617 0.291016 0.807617 0.294922 0.814453 0.288086 0.817383 0.285156 0.811523
1 0.299805 0.812500 0.302734 0.819336 0.300781 0.824219 0.295898 0.824219 0.292969 0.818359
1 0.260742 0.761719 0.260742 0.766602 0.258789 0.771484 0.253906 0.771484 0.251953 0.765625
1 0.264648 0.756836 0.271484 0.757812 0.273438 0.762695 0.269531 0.767578 0.264648 0.762695
1 0.277344 0.752930 0.282227 0.752930 0.284180 0.756836 0.279297 0.759766 0.277344 0.755859
1 0.284180 0.775391 0.289062 0.779297 0.289062 0.779297 0.290039 0.788086 0.284180 0.791992 0.277344 0.789062 0.277344 0.780273
1 0.384766 0.757812 0.386719 0.762695 0.383789 0.766602 0.379883 0.761719
1 0.227539 0.721680 0.232422 0.722656 0.237305 0.725586 0.233398 0.728516 0.226562 0.726562
1 0.537109 0.012695 0.537109 0.016602 0.531250 0.019531 0.532227 0.011719
1 0.572266 0.038086 0.574219 0.045898 0.569336 0.051758 0.564453 0.042969
1 0.579102 0.060547 0.582031 0.067383 0.575195 0.071289 0.573242 0.062500
1 0.554688 0.068359 0.557617 0.075195 0.549805 0.078125 0.548828 0.072266
1 0.447266 0.040039 0.454102 0.042969 0.454102 0.051758 0.448242 0.052734 0.443359 0.046875
1 0.454102 0.059570 0.454102 0.068359 0.446289 0.074219 0.441406 0.064453 0.448242 0.058594
1 0.588867 0.083984 0.585938 0.093750 0.579102 0.093750 0.576172 0.086914
1 0.600586 0.076172 0.615234 0.075195 0.622070 0.083008 0.623047 0.098633 0.618164 0.103516 0.611328 0.101562 0.607422 0.091797 0.600586 0.085938 0.600586 0.085938
1 0.628906 0.099609 0.637695 0.100586 0.639648 0.110352 0.634766 0.113281 0.627930 0.110352
1 0.615234 0.109375 0.617188 0.121094 0.609375 0.123047 0.605469 0.118164 0.607422 0.110352
1 0.594727 0.087891 0.606445 0.088867 0.614258 0.099609 0.610352 0.108398 0.600586 0.109375 0.588867 0.107422 0.586914 0.094727
1 0.577148 0.151367 0.583984 0.155273 0.586914 0.164062 0.586914 0.164062 0.582031 0.166992 0.573242 0.166016 0.570312 0.156250 0.570312 0.156250
1 0.610352 0.159180 0.616211 0.165039 0.616211 0.170898 0.608398 0.171875 0.603516 0.166992
1 0.554688 0.136719 0.560547 0.142578 0.554688 0.146484 0.550781 0.140625
1 0.549805 0.144531 0.553711 0.146484 0.553711 0.152344 0.547852 0.152344 0.545898 0.147461
1 0.545898 0.146484 0.546875 0.152344 0.541992 0.156250 0.535156 0.153320 0.540039 0.147461
1 0.456055 0.171875 0.464844 0.170898 0.465820 0.181641 0.460938 0.188477 0.452148 0.193359 0.448242 0.195312 0.442383 0.190430 0.447266 0.179688 0.452148 0.177734
1 0.470703 0.178711 0.474609 0.180664 0.474609 0.184570 0.468750 0.184570 0.467773 0.181641
1 0.483398 0.175781 0.483398 0.181641 0.475586 0.183594 0.474609 0.178711 0.479492 0.174805
1 0.483398 0.173828 0.487305 0.170898 0.490234 0.174805 0.490234 0.178711 0.485352 0.179688
1 0.541992 0.161133 0.552734 0.158203 0.557617 0.162109 0.558594 0.171875 0.556641 0.179688 0.546875 0.177734 0.537109 0.173828 0.535156 0.166016
1 0.560547 0.194336 0.566406 0.199219 0.565430 0.205078 0.558594 0.206055 0.558594 0.206055 0.553711 0.201172 0.553711 0.195312
1 0.593750 0.208984 0.603516 0.211914 0.610352 0.223633 0.599609 0.232422 0.585938 0.237305 0.573242 0.231445 0.570312 0.224609 0.577148 0.211914 0.586914 0.209961
1 0.567383 0.235352 0.566406 0.240234 0.561523 0.243164 0.558594 0.235352 0.558594 0.235352 0.562500 0.232422
1 0.528320 0.250977 0.533203 0.253906 0.533203 0.259766 0.525391 0.261719 0.524414 0.256836
1 0.484375 0.279297 0.494141 0.281250 0.497070 0.291992 0.497070 0.291992 0.492188 0.299805 0.476562 0.298828 0.473633 0.288086
1 0.428711 0.275391 0.435547 0.280273 0.430664 0.288086 0.422852 0.286133 0.422852 0.280273
1 0.496094 0.297852 0.505859 0.301758 0.506836 0.310547 0.499023 0.317383 0.490234 0.308594 0.491211 0.299805
1 0.416016 0.331055 0.421875 0.331055 0.422852 0.335938 0.416016 0.339844 0.413086 0.334961
1 0.511719 0.333008 0.517578 0.335938 0.520508 0.341797 0.515625 0.344727 0.509766 0.340820
1 0.370117 0.418945 0.376953 0.415039 0.386719 0.416992 0.389648 0.422852 0.389648 0.429688 0.377930 0.435547 0.366211 0.430664
1 0.424805 0.394531 0.428711 0.397461 0.426758 0.404297 0.420898 0.405273 0.416992 0.396484
1 0.437500 0.411133 0.437500 0.415039 0.441406 0.420898 0.434570 0.421875 0.430664 0.416992 0.430664 0.410156
1 0.474609 0.449219 0.480469 0.454102 0.476562 0.460938 0.471680 0.460938 0.469727 0.454102
1 0.570312 0.454102 0.576172 0.453125 0.578125 0.460938 0.573242 0.464844 0.568359 0.460938
1 0.541016 0.462891 0.550781 0.467773 0.547852 0.474609 0.541016 0.472656
1 0.550781 0.473633 0.557617 0.470703 0.564453 0.474609 0.570312 0.477539 0.569336 0.486328 0.559570 0.486328 0.559570 0.486328 0.551758 0.480469
1 0.462891 0.518555 0.467773 0.525391 0.466797 0.535156 0.457031 0.540039 0.457031 0.540039 0.449219 0.533203 0.447266 0.525391 0.455078 0.516602
0 0.521484 0.489258 0.531250 0.489258 0.538086 0.493164 0.545898 0.500000 0.547852 0.507812 0.541992 0.515625 0.535156 0.521484 0.528320 0.520508 0.527344 0.514648 0.530273 0.506836 0.523438 0.500977 0.517578 0.495117
1 0.583008 0.577148 0.588867 0.578125 0.589844 0.583984 0.584961 0.587891 0.579102 0.583008
1 0.577148 0.584961 0.583008 0.587891 0.581055 0.593750 0.575195 0.596680 0.571289 0.591797
1 0.633789 0.600586 0.639648 0.600586 0.642578 0.603516 0.637695 0.611328 0.632812 0.609375 0.631836 0.603516
1 0.622070 0.618164 0.629883 0.619141 0.628906 0.624023 0.622070 0.631836 0.618164 0.627930
1 0.577148 0.637695 0.586914 0.638672 0.596680 0.649414 0.598633 0.661133 0.594727 0.667969 0.585938 0.665039 0.571289 0.655273 0.572266 0.644531
1 0.593750 0.673828 0.597656 0.678711 0.594727 0.686523 0.586914 0.686523 0.585938 0.676758
1 0.385742 0.663086 0.390625 0.671875 0.390625 0.678711 0.386719 0.678711 0.381836 0.665039
1 0.419922 0.703125 0.429688 0.704102 0.439453 0.708008 0.439453 0.708008 0.437500 0.711914 0.428711 0.715820 0.417969 0.716797 0.415039 0.709961
1 0.413086 0.708008 0.416992 0.714844 0.413086 0.720703 0.406250 0.717773 0.407227 0.710938
1 0.502930 0.698242 0.508789 0.705078 0.507812 0.715820 0.500977 0.722656 0.485352 0.719727 0.484375 0.708008
1 0.535156 0.693359 0.540039 0.694336 0.541016 0.700195 0.537109 0.704102 0.530273 0.702148
1 0.575195 0.713867 0.576172 0.719727 0.573242 0.721680 0.569336 0.716797
1 0.526367 0.713867 0.533203 0.713867 0.541016 0.713867 0.541016 0.713867 0.544922 0.719727 0.549805 0.725586 0.544922 0.730469 0.544922 0.730469 0.533203 0.725586 0.523438 0.718750
1 0.458008 0.750000 0.463867 0.743164 0.471680 0.738281 0.479492 0.741211 0.478516 0.753906 0.475586 0.762695 0.458984 0.772461 0.445312 0.774414 0.439453 0.767578 0.441406 0.756836
1 0.487305 0.763672 0.488281 0.771484 0.483398 0.774414 0.479492 0.769531 0.482422 0.762695
1 0.534180 0.773438 0.538086 0.777344 0.536133 0.783203 0.528320 0.778320 0.528320 0.773438
1 0.532227 0.780273 0.534180 0.785156 0.530273 0.790039 0.525391 0.788086 0.525391 0.780273
1 0.556641 0.729492 0.562500 0.733398 0.560547 0.739258 0.554688 0.739258 0.550781 0.733398
1 0.529297 0.829102 0.533203 0.836914 0.530273 0.840820 0.524414 0.838867 0.525391 0.833008
1 0.549805 0.831055 0.553711 0.835938 0.549805 0.842773 0.549805 0.842773 0.543945 0.839844 0.542969 0.832031
1 0.544922 0.842773 0.546875 0.846680 0.545898 0.850586 0.539062 0.848633 0.538086 0.842773
1 0.554688 0.856445 0.561523 0.855469 0.569336 0.860352 0.565430 0.865234 0.558594 0.867188 0.551758 0.862305
1 0.516602 0.885742 0.520508 0.893555 0.520508 0.893555 0.515625 0.897461 0.515625 0.897461 0.508789 0.896484 0.507812 0.890625
1 0.536133 0.901367 0.538086 0.904297 0.535156 0.908203 0.531250 0.908203 0.528320 0.902344
1 0.584961 0.870117 0.598633 0.865234 0.609375 0.867188 0.614258 0.876953 0.618164 0.890625 0.608398 0.902344 0.597656 0.910156 0.585938 0.902344 0.577148 0.893555 0.577148 0.878906
1 0.475586 0.985352 0.480469 0.987305 0.481445 0.996094 0.477539 1.000000 0.470703 0.995117 0.470703 0.987305
1 0.545898 0.979492 0.554688 0.978516 0.557617 0.984375 0.553711 0.988281 0.545898 0.985352
1 0.661133 0.909180 0.660156 0.916992 0.660156 0.923828 0.656250 0.928711 0.649414 0.924805 0.646484 0.913086 0.651367 0.907227
1 0.672852 0.932617 0.682617 0.936523 0.685547 0.943359 0.682617 0.950195 0.682617 0.950195 0.675781 0.948242 0.672852 0.942383 0.665039 0.938477 0.665039 0.931641
1 0.711914 0.868164 0.724609 0.874023 0.726562 0.880859 0.723633 0.886719 0.715820 0.887695 0.710938 0.878906 0.707031 0.873047
1 0.732422 0.867188 0.740234 0.868164 0.745117 0.879883 0.741211 0.882812 0.731445 0.876953
1 0.732422 0.878906 0.738281 0.882812 0.740234 0.887695 0.734375 0.889648 0.725586 0.883789 0.725586 0.883789
1 0.726562 0.884766 0.731445 0.890625 0.731445 0.895508 0.724609 0.895508 0.719727 0.889648
1 0.752930 0.845703 0.755859 0.849609 0.752930 0.859375 0.748047 0.861328 0.739258 0.855469 0.741211 0.845703
1 0.494141 0.807617 0.500000 0.811523 0.500000 0.816406 0.493164 0.819336 0.489258 0.813477
1 0.647461 0.257812 0.659180 0.257812 0.663086 0.266602 0.655273 0.272461 0.643555 0.267578
1 0.668945 0.283203 0.675781 0.284180 0.675781 0.293945 0.667969 0.296875 0.664062 0.288086
1 0.618164 0.186523 0.627930 0.183594 0.627930 0.183594 0.635742 0.189453 0.638672 0.196289 0.629883 0.202148 0.617188 0.199219
0 0.747070 0.238281 0.754883 0.232422 0.768555 0.220703 0.778320 0.214844 0.786133 0.217773 0.784180 0.228516 0.770508 0.242188 0.759766 0.249023 0.748047 0.253906 0.741211 0.248047
1 0.672852 0.114258 0.674805 0.121094 0.666992 0.128906 0.666992 0.128906 0.661133 0.122070 0.665039 0.114258
1 0.700195 0.093750 0.708984 0.091797 0.713867 0.097656 0.708008 0.104492 0.702148 0.101562
1 0.727539 0.089844 0.730469 0.093750 0.730469 0.093750 0.724609 0.097656 0.720703 0.089844
1 0.658203 0.002930 0.667969 0.000000 0.675781 0.001953 0.681641 0.009766 0.674805 0.015625 0.663086 0.019531 0.654297 0.011719
1 0.717773 0.012695 0.721680 0.020508 0.717773 0.027344 0.708008 0.023438 0.708008 0.014648
1 0.824219 0.091797 0.829102 0.095703 0.821289 0.101562 0.818359 0.092773
1 0.875977 0.130859 0.878906 0.133789 0.878906 0.137695 0.873047 0.141602 0.873047 0.141602 0.868164 0.134766
1 0.901367 0.000000 0.905273 0.007812 0.910156 0.009766 0.915039 0.004883 0.913086 0.000000
1 0.922852 0.018555 0.927734 0.025391 0.926758 0.036133 0.926758 0.036133 0.917969 0.040039 0.909180 0.034180 0.911133 0.022461
0 0.966797 0.000000 0.965820 0.011719 0.964844 0.020508 0.968750 0.022461 0.979492 0.012695 0.987305 0.000000
1 0.948242 0.068359 0.953125 0.069336 0.956055 0.074219 0.952148 0.077148 0.947266 0.075195
1 0.967773 0.097656 0.970703 0.091797 0.978516 0.091797 0.983398 0.098633 0.982422 0.106445 0.975586 0.106445
1 0.931641 0.083984 0.942383 0.081055 0.948242 0.083984 0.948242 0.090820 0.940430 0.096680 0.935547 0.100586 0.927734 0.095703 0.927734 0.087891
1 0.932617 0.126953 0.935547 0.130859 0.935547 0.135742 0.929688 0.134766 0.926758 0.127930
1 0.984375 0.161133 0.979492 0.167969 0.971680 0.167969 0.971680 0.161133 0.980469 0.155273
1 0.997070 0.170898 1.000000 0.180664 1.000000 0.184570 0.988281 0.180664 0.986328 0.173828 0.992188 0.167969
1 0.986328 0.188477 0.991211 0.192383 0.990234 0.196289 0.984375 0.200195 0.979492 0.195312 0.979492 0.189453
1 0.863281 0.219727 0.867188 0.226562 0.862305 0.234375 0.856445 0.230469 0.856445 0.221680
1 0.846680 0.239258 0.847656 0.247070 0.841797 0.249023 0.841797 0.249023 0.837891 0.242188
1 0.796875 0.276367 0.800781 0.282227 0.794922 0.287109 0.788086 0.288086 0.786133 0.280273
0 0.945312 0.283203 0.955078 0.284180 0.960938 0.288086 0.964844 0.300781 0.955078 0.308594 0.943359 0.310547 0.944336 0.318359 0.928711 0.325195 0.917969 0.323242 0.905273 0.331055 0.894531 0.337891 0.882812 0.346680 0.881836 0.357422 0.890625 0.359375 0.894531 0.364258 0.905273 0.370117 0.905273 0.370117 0.910156 0.371094 0.915039 0.377930 0.916016 0.387695 0.908203 0.387695 0.896484 0.381836 0.883789 0.369141 0.874023 0.360352 0.862305 0.351562 0.862305 0.351562 0.866211 0.340820 0.875977 0.335938 0.887695 0.327148 0.897461 0.317383 0.907227 0.310547 0.916992 0.308594 0.923828 0.297852 0.935547 0.290039 0.940430 0.295898 0.939453 0.300781 0.943359 0.302734 0.952148 0.296875 0.950195 0.292969 0.944336 0.290039 0.944336 0.290039
1 0.659180 0.310547 0.661133 0.316406 0.656250 0.321289 0.650391 0.315430
0 0.666992 0.414062 0.676758 0.416016 0.682617 0.424805 0.688477 0.425781 0.700195 0.433594 0.701172 0.442383 0.708984 0.450195 0.714844 0.458984 0.713867 0.467773 0.719727 0.475586 0.716797 0.480469 0.710938 0.478516 0.698242 0.458984 0.674805 0.430664 0.665039 0.417969
1 0.731445 0.446289 0.734375 0.454102 0.729492 0.457031 0.729492 0.457031 0.723633 0.453125 0.726562 0.447266
1 0.778320 0.442383 0.784180 0.445312 0.782227 0.453125 0.772461 0.458984 0.767578 0.451172
1 0.759766 0.460938 0.766602 0.460938 0.766602 0.460938 0.766602 0.467773 0.755859 0.469727 0.753906 0.461914
1 0.750000 0.468750 0.755859 0.470703 0.755859 0.476562 0.750000 0.478516 0.744141 0.473633 0.744141 0.473633
1 0.654297 0.503906 0.658203 0.505859 0.658203 0.512695 0.648438 0.515625 0.645508 0.505859
1 0.717773 0.485352 0.723633 0.486328 0.725586 0.491211 0.714844 0.495117 0.714844 0.488281
1 0.710938 0.494141 0.712891 0.498047 0.708984 0.502930 0.703125 0.500000 0.704102 0.493164
1 0.675781 0.530273 0.676758 0.535156 0.671875 0.538086 0.667969 0.532227
1 0.784180 0.517578 0.787109 0.518555 0.787109 0.524414 0.787109 0.524414 0.782227 0.527344 0.778320 0.522461 0.778320 0.518555
1 0.734375 0.563477 0.738281 0.571289 0.738281 0.571289 0.734375 0.581055 0.727539 0.580078 0.716797 0.571289 0.724609 0.562500
1 0.724609 0.584961 0.729492 0.600586 0.722656 0.603516 0.713867 0.610352 0.705078 0.609375 0.697266 0.602539 0.698242 0.594727 0.707031 0.587891 0.715820 0.582031
1 0.787109 0.562500 0.786133 0.568359 0.781250 0.569336 0.779297 0.561523
1 0.819336 0.556641 0.821289 0.562500 0.817383 0.565430 0.812500 0.561523 0.812500 0.554688
1 0.838867 0.583008 0.843750 0.590820 0.836914 0.597656 0.827148 0.594727 0.829102 0.587891
1 0.701172 0.619141 0.706055 0.624023 0.706055 0.629883 0.696289 0.630859 0.693359 0.621094
1 0.644531 0.663086 0.644531 0.672852 0.639648 0.674805 0.631836 0.671875 0.635742 0.662109
1 0.676758 0.647461 0.671875 0.655273 0.666016 0.653320 0.668945 0.646484
1 0.675781 0.651367 0.682617 0.652344 0.686523 0.657227 0.679688 0.659180 0.671875 0.657227
1 0.722656 0.639648 0.726562 0.643555 0.725586 0.650391 0.716797 0.651367 0.713867 0.642578 0.713867 0.642578
1 0.754883 0.649414 0.763672 0.655273 0.769531 0.661133 0.766602 0.665039 0.755859 0.664062 0.755859 0.664062 0.751953 0.655273
1 0.708984 0.675781 0.713867 0.680664 0.712891 0.687500 0.707031 0.684570 0.705078 0.679688
1 0.763672 0.679688 0.763672 0.683594 0.760742 0.688477 0.755859 0.684570 0.756836 0.678711
1 0.666992 0.688477 0.675781 0.696289 0.675781 0.701172 0.664062 0.707031 0.659180 0.700195 0.658203 0.691406
1 0.674805 0.700195 0.682617 0.701172 0.688477 0.712891 0.686523 0.719727 0.675781 0.725586 0.667969 0.721680 0.666016 0.713867 0.666016 0.705078
1 0.716797 0.710938 0.713867 0.719727 0.712891 0.725586 0.704102 0.724609 0.705078 0.714844 0.711914 0.707031
1 0.711914 0.728516 0.717773 0.732422 0.718750 0.747070 0.718750 0.747070 0.710938 0.749023 0.704102 0.741211 0.708008 0.730469
1 0.651367 0.741211 0.657227 0.743164 0.656250 0.750977 0.651367 0.752930 0.645508 0.745117
1 0.605469 0.762695 0.612305 0.765625 0.612305 0.776367 0.604492 0.778320 0.598633 0.773438 0.600586 0.765625
1 0.621094 0.773438 0.629883 0.773438 0.634766 0.779297 0.630859 0.784180 0.623047 0.783203
1 0.637695 0.766602 0.642578 0.766602 0.646484 0.773438 0.639648 0.779297 0.639648 0.779297 0.633789 0.772461
1 0.582031 0.757812 0.588867 0.758789 0.587891 0.765625 0.583984 0.765625
1 0.623047 0.787109 0.630859 0.787109 0.631836 0.794922 0.631836 0.794922 0.625977 0.797852 0.620117 0.791992
1 0.769531 0.818359 0.772461 0.829102 0.766602 0.833984 0.759766 0.828125 0.759766 0.820312
1 0.788086 0.796875 0.793945 0.803711 0.790039 0.810547 0.779297 0.809570 0.779297 0.801758
1 0.772461 0.766602 0.779297 0.767578 0.783203 0.773438 0.779297 0.780273 0.770508 0.780273 0.767578 0.774414
1 0.782227 0.774414 0.790039 0.776367 0.791992 0.784180 0.791992 0.784180 0.783203 0.789062 0.779297 0.783203 0.779297 0.783203
1 0.791992 0.784180 0.798828 0.789062 0.804688 0.791016 0.801758 0.798828 0.795898 0.799805 0.787109 0.791992
1 0.818359 0.767578 0.825195 0.768555 0.826172 0.776367 0.819336 0.779297 0.814453 0.773438
1 0.778320 0.731445 0.784180 0.728516 0.784180 0.728516 0.789062 0.729492 0.788086 0.740234 0.788086 0.740234 0.778320 0.739258
1 0.818359 0.749023 0.824219 0.756836 0.830078 0.762695 0.829102 0.767578 0.818359 0.766602 0.809570 0.760742 0.808594 0.750977
1 0.822266 0.737305 0.831055 0.735352 0.838867 0.739258 0.839844 0.750000 0.833984 0.753906 0.822266 0.747070
1 0.840820 0.721680 0.849609 0.714844 0.859375 0.718750 0.863281 0.727539 0.857422 0.735352 0.843750 0.736328
1 0.811523 0.678711 0.817383 0.686523 0.817383 0.693359 0.808594 0.695312 0.800781 0.688477 0.799805 0.676758 0.805664 0.677734
1 0.804688 0.666016 0.809570 0.659180 0.816406 0.657227 0.822266 0.665039 0.822266 0.665039 0.821289 0.671875 0.814453 0.673828 0.807617 0.672852
1 0.884766 0.677734 0.874023 0.669922 0.868164 0.673828 0.867188 0.680664 0.871094 0.685547 0.880859 0.686523
1 0.880859 0.673828 0.890625 0.672852 0.890625 0.672852 0.898438 0.678711 0.896484 0.687500 0.887695 0.691406 0.875977 0.690430
1 0.888672 0.662109 0.898438 0.662109 0.899414 0.667969 0.893555 0.671875 0.886719 0.667969
1 0.897461 0.641602 0.903320 0.644531 0.903320 0.650391 0.896484 0.648438
1 0.900391 0.633789 0.908203 0.631836 0.910156 0.637695 0.904297 0.640625
1 0.907227 0.625977 0.914062 0.625000 0.918945 0.627930 0.918945 0.635742 0.912109 0.637695
1 0.852539 0.610352 0.858398 0.612305 0.858398 0.620117 0.850586 0.618164 0.847656 0.613281
1 0.918945 0.525391 0.927734 0.531250 0.936523 0.535156 0.933594 0.542969 0.924805 0.545898 0.909180 0.541016 0.905273 0.529297
1 0.918945 0.544922 0.923828 0.549805 0.923828 0.559570 0.923828 0.559570 0.914062 0.559570 0.906250 0.555664 0.907227 0.546875
1 0.918945 0.559570 0.925781 0.562500 0.924805 0.575195 0.917969 0.579102 0.917969 0.579102 0.911133 0.565430 0.905273 0.562500 0.906250 0.557617
1 0.916992 0.585938 0.918945 0.591797 0.911133 0.598633 0.905273 0.591797 0.909180 0.585938
1 0.956055 0.531250 0.963867 0.535156 0.963867 0.535156 0.958984 0.542969 0.949219 0.543945 0.942383 0.537109 0.942383 0.527344 0.942383 0.527344 0.952148 0.522461
1 0.967773 0.528320 0.978516 0.527344 0.983398 0.536133 0.979492 0.547852 0.970703 0.553711 0.960938 0.550781 0.960938 0.537109
1 0.978516 0.562500 0.982422 0.567383 0.982422 0.567383 0.978516 0.577148 0.968750 0.577148 0.968750 0.577148 0.961914 0.566406 0.968750 0.558594
1 0.969727 0.580078 0.982422 0.582031 0.982422 0.593750 0.989258 0.604492 0.982422 0.616211 0.982422 0.616211 0.971680 0.624023 0.958008 0.620117 0.950195 0.608398 0.948242 0.598633 0.953125 0.583984 0.961914 0.575195
1 0.823242 0.426758 0.828125 0.429688 0.828125 0.429688 0.828125 0.433594 0.820312 0.434570 0.819336 0.428711
1 0.830078 0.422852 0.838867 0.422852 0.839844 0.429688 0.833984 0.434570 0.829102 0.429688
1 0.742188 0.449219 0.750977 0.452148 0.747070 0.458984 0.740234 0.457031
0 0.981445 0.433594 1.000000 0.446289 1.000000 0.462891 0.973633 0.439453 0.975586 0.435547
0 0.938477 0.398438 0.943359 0.403320 0.952148 0.408203 0.952148 0.416992 0.947266 0.419922 0.940430 0.422852 0.927734 0.415039 0.929688 0.405273 0.935547 0.401367
0 0.958008 0.416992 0.964844 0.421875 0.970703 0.425781 0.974609 0.431641 0.972656 0.437500 0.967773 0.435547 0.953125 0.426758 0.953125 0.419922
1 0.906250 0.467773 0.911133 0.472656 0.909180 0.478516 0.903320 0.475586
1 0.958008 0.486328 0.949219 0.493164 0.945312 0.488281 0.952148 0.481445
1 0.916016 0.491211 0.920898 0.494141 0.919922 0.499023 0.913086 0.500000 0.910156 0.494141
1 0.943359 0.605469 0.942383 0.613281 0.934570 0.614258 0.932617 0.610352 0.937500 0.604492 0.937500 0.604492
1 0.972656 0.644531 0.978516 0.651367 0.979492 0.662109 0.968750 0.667969 0.957031 0.669922 0.948242 0.661133 0.955078 0.646484 0.963867 0.642578
1 0.892578 0.752930 0.893555 0.763672 0.893555 0.763672 0.882812 0.768555 0.877930 0.763672 0.877930 0.763672 0.878906 0.755859 0.886719 0.750977
1 0.865234 0.765625 0.873047 0.770508 0.872070 0.779297 0.864258 0.783203 0.861328 0.791016 0.854492 0.788086 0.853516 0.781250 0.856445 0.771484
1 0.841797 0.808594 0.847656 0.814453 0.845703 0.822266 0.836914 0.818359 0.834961 0.810547
1 0.847656 0.805664 0.852539 0.806641 0.856445 0.811523 0.852539 0.817383 0.846680 0.816406 0.846680 0.811523
1 0.855469 0.809570 0.863281 0.809570 0.867188 0.815430 0.867188 0.815430 0.862305 0.822266 0.854492 0.821289 0.852539 0.815430
1 0.890625 0.845703 0.894531 0.851562 0.893555 0.855469 0.886719 0.855469 0.884766 0.849609
0 0.824219 0.843750 0.828125 0.848633 0.837891 0.853516 0.839844 0.857422 0.833984 0.860352 0.826172 0.855469 0.822266 0.860352 0.820312 0.865234 0.814453 0.870117 0.806641 0.867188 0.804688 0.860352 0.809570 0.852539 0.809570 0.852539 0.818359 0.842773
1 0.900391 0.864258 0.902344 0.870117 0.895508 0.875977 0.888672 0.875000 0.888672 0.866211 0.888672 0.866211
1 0.921875 0.874023 0.929688 0.876953 0.926758 0.882812 0.920898 0.884766 0.918945 0.877930
1 0.932617 0.880859 0.938477 0.880859 0.939453 0.885742 0.937500 0.890625 0.931641 0.890625 0.928711 0.885742
1 0.969727 0.907227 0.969727 0.916016 0.966797 0.921875 0.958984 0.922852 0.956055 0.916992 0.959961 0.907227 0.966797 0.904297
1 0.867188 0.879883 0.872070 0.885742 0.871094 0.891602 0.865234 0.889648 0.860352 0.884766
1 0.867188 0.891602 0.877930 0.894531 0.883789 0.897461 0.882812 0.903320 0.872070 0.906250 0.862305 0.902344 0.862305 0.894531
1 0.859375 0.913086 0.864258 0.916016 0.857422 0.927734 0.850586 0.922852 0.850586 0.922852 0.851562 0.914062 0.851562 0.914062
1 0.800781 0.881836 0.795898 0.876953 0.790039 0.880859 0.790039 0.880859 0.790039 0.884766 0.793945 0.886719
1 0.792969 0.905273 0.797852 0.904297 0.800781 0.908203 0.800781 0.908203 0.796875 0.915039 0.789062 0.916992 0.786133 0.911133
1 0.823242 0.900391 0.832031 0.902344 0.833984 0.908203 0.829102 0.915039 0.829102 0.915039 0.826172 0.916992 0.820312 0.909180 0.820312 0.909180
1 0.843750 0.893555 0.848633 0.895508 0.848633 0.900391 0.844727 0.902344 0.840820 0.897461
1 0.833008 0.913086 0.836914 0.912109 0.842773 0.918945 0.840820 0.921875 0.832031 0.918945 0.830078 0.915039
1 0.869141 0.922852 0.875000 0.923828 0.877930 0.931641 0.875000 0.937500 0.868164 0.936523 0.863281 0.930664
1 0.885742 0.919922 0.894531 0.918945 0.893555 0.925781 0.888672 0.926758 0.884766 0.923828
1 0.942383 0.924805 0.949219 0.925781 0.953125 0.927734 0.955078 0.932617 0.952148 0.936523 0.941406 0.934570 0.937500 0.928711
1 0.876953 0.933594 0.882812 0.935547 0.884766 0.943359 0.893555 0.950195 0.900391 0.961914 0.892578 0.971680 0.892578 0.971680 0.883789 0.976562 0.875000 0.972656 0.875977 0.960938 0.869141 0.951172 0.870117 0.941406 0.870117 0.932617
1 0.867188 0.977539 0.871094 0.979492 0.873047 0.987305 0.867188 0.991211 0.867188 0.991211 0.863281 0.983398
1 0.781250 0.935547 0.783203 0.937500 0.781250 0.943359 0.775391 0.944336 0.771484 0.938477 0.775391 0.934570
1 0.794922 0.945312 0.800781 0.951172 0.796875 0.956055 0.790039 0.958008 0.788086 0.951172
1 0.817383 0.957031 0.823242 0.961914 0.823242 0.965820 0.816406 0.968750 0.811523 0.963867 0.811523 0.958008
1 0.912109 0.964844 0.917969 0.969727 0.918945 0.975586 0.913086 0.975586 0.906250 0.970703 0.906250 0.965820
1 0.921875 0.965820 0.926758 0.965820 0.929688 0.973633 0.928711 0.980469 0.920898 0.977539 0.920898 0.977539 0.917969 0.970703
1 0.930664 0.971680 0.939453 0.973633 0.942383 0.980469 0.935547 0.983398 0.929688 0.979492
0 0.941406 0.981445 0.947266 0.985352 0.952148 0.990234 0.955078 0.987305 0.960938 0.982422 0.965820 0.980469 0.969727 0.988281 0.970703 0.994141 0.967773 0.999023 0.965820 1.000000 0.953125 1.000000 0.944336 0.995117 0.937500 0.990234 0.932617 0.995117 0.925781 0.997070 0.921875 1.000000 0.889648 1.000000 0.890625 0.991211 0.897461 0.985352 0.906250 0.989258 0.921875 0.989258 0.930664 0.987305 0.930664 0.987305 0.931641 0.982422
1 0.992188 0.943359 1.000000 0.944336 1.000000 0.950195 0.997070 0.953125 0.990234 0.948242
1 0.958008 0.968750 0.960938 0.971680 0.959961 0.973633 0.954102 0.972656 0.954102 0.972656
1 0.248047 0.932617 0.249023 0.940430 0.244141 0.943359 0.239258 0.938477 0.242188 0.933594
1 0.239258 0.942383 0.242188 0.945312 0.241211 0.949219 0.237305 0.951172 0.233398 0.945312
1 0.243164 0.843750 0.249023 0.846680 0.248047 0.854492 0.244141 0.857422 0.240234 0.851562
1 0.057617 0.940430 0.061523 0.946289 0.056641 0.951172 0.049805 0.944336
1 0.115234 0.926758 0.118164 0.931641 0.117188 0.935547 0.112305 0.931641
1 0.110352 0.936523 0.113281 0.941406 0.109375 0.945312 0.103516 0.940430 0.104492 0.935547
0 0.067383 0.806641 0.072266 0.806641 0.079102 0.812500 0.078125 0.824219 0.086914 0.830078 0.088867 0.841797 0.088867 0.841797 0.080078 0.839844 0.071289 0.828125 0.067383 0.814453 0.067383 0.814453
1 0.097656 0.868164 0.108398 0.873047 0.111328 0.882812 0.100586 0.887695 0.093750 0.878906
1 0.467773 0.787109 0.474609 0.788086 0.473633 0.795898 0.467773 0.796875 0.464844 0.790039
1 0.861328 0.693359 0.867188 0.697266 0.867188 0.703125 0.861328 0.702148
1 0.202148 0.698242 0.202148 0.697266 0.200195 0.702148 0.195312 0.699219 0.198242 0.695312
1 0.149414 0.708008 0.148438 0.711914 0.143555 0.711914 0.143555 0.708008
1 0.051758 0.696289 0.056641 0.697266 0.056641 0.703125 0.050781 0.704102 0.046875 0.701172
0 0.332031 0.552734 0.336914 0.549805 0.343750 0.558594 0.338867 0.568359 0.322266 0.575195 0.305664 0.583984 0.297852 0.591797 0.291016 0.592773 0.287109 0.587891 0.291016 0.582031 0.300781 0.575195 0.309570 0.572266 0.309570 0.566406 0.320312 0.559570
1 0.405273 0.500000 0.407227 0.505859 0.400391 0.510742 0.395508 0.505859
1 0.667969 0.203125 0.673828 0.205078 0.673828 0.213867 0.664062 0.213867 0.663086 0.206055
1 0.703125 0.035156 0.702148 0.041016 0.696289 0.044922 0.694336 0.037109
1 0.698242 0.021484 0.700195 0.026367 0.697266 0.032227 0.691406 0.025391
1 0.072266 0.183594 0.078125 0.183594 0.079102 0.191406 0.075195 0.193359 0.069336 0.188477