1 0.022716 0.019380 0.017470 0.020031 0.013454 0.019575 0.009380 0.014234 0.009673 0.005832 0.014422 0.002966 0.019932 0.000816 0.022335 0.001989 0.026267 0.005402 0.027288 0.011720
1 0.040009 0.021854 0.034499 0.022311 0.030513 0.020031 0.029517 0.012280 0.032066 0.006939 0.038162 0.006288 0.044196 0.005997 0.043819 0.010392 0.044200 0.015992
1 0.201135 0.017800 0.197173 0.017386 0.194247 0.014123 0.193562 0.009187 0.196621 0.006252 0.200733 0.006289 0.203685 0.008459 0.203692 0.014164
1 0.192294 0.021893 0.188532 0.021074 0.186710 0.019695 0.184209 0.016938 0.186924 0.013923 0.190452 0.013966 0.193767 0.017559 0.194872 0.019265
1 0.184683 0.026806 0.182610 0.027072 0.180322 0.025454 0.179162 0.022539 0.179858 0.020494 0.181475 0.019250 0.184066 0.019250 0.185507 0.020334 0.186996 0.023188 0.185963 0.025828
1 0.175225 0.033054 0.171416 0.032630 0.168107 0.029510 0.168893 0.026198 0.172368 0.022897 0.174534 0.023532 0.177057 0.025066 0.178437 0.029033
1 0.213473 0.029504 0.210477 0.029181 0.207644 0.027243 0.204557 0.022926 0.204611 0.018244 0.209260 0.017922 0.214671 0.021812 0.215615 0.022740 0.214671 0.028011
1 0.219483 0.040197 0.216596 0.039834 0.214562 0.038543 0.212347 0.035597 0.214436 0.031885 0.216760 0.031158 0.218067 0.032247 0.220628 0.035557 0.220772 0.038180
1 0.116815 0.045787 0.107840 0.045210 0.104205 0.039275 0.103426 0.028726 0.108915 0.019247 0.119745 0.015620 0.127571 0.016114 0.128796 0.021752 0.128796 0.034412 0.126125 0.041501
1 0.113959 0.067794 0.107506 0.070514 0.104205 0.066805 0.101200 0.056831 0.106318 0.050237 0.114887 0.047353 0.123231 0.052084 0.125902 0.055431 0.125431 0.062469 0.118262 0.068063
1 0.056283 0.044193 0.051954 0.044828 0.047481 0.041814 0.045530 0.036634 0.042547 0.030924 0.046422 0.024661 0.052693 0.024453 0.058822 0.027010 0.061594 0.033294 0.061594 0.041310
1 0.062020 0.060074 0.056158 0.064353 0.044477 0.067490 0.037117 0.060265 0.044049 0.052182 0.054104 0.050186 0.064897 0.053266
1 0.086999 0.559120 0.079694 0.556696 0.074951 0.548264 0.083015 0.540886 0.093640 0.540611 0.098715 0.549107 0.093687 0.556802
1 0.073785 0.569484 0.070550 0.568924 0.064296 0.564256 0.063592 0.558370 0.064708 0.553668 0.069156 0.551336 0.074521 0.551706 0.079319 0.556793 0.078970 0.561162 0.078150 0.566493
1 0.062393 0.576956 0.058344 0.577955 0.055195 0.577363 0.052596 0.574253 0.049464 0.569069 0.049913 0.564071 0.053662 0.560480 0.059177 0.559222 0.064561 0.561605 0.066837 0.566789 0.066841 0.572476
1 0.102944 0.580638 0.096445 0.580638 0.091428 0.576922 0.089413 0.567040 0.094583 0.562141 0.102982 0.560451 0.107733 0.565772 0.109558 0.572952
1 0.136298 0.702604 0.130632 0.704224 0.125752 0.701232 0.123593 0.692320 0.128501 0.687584 0.134194 0.686150 0.142075 0.689042 0.142860 0.694065 0.142075 0.698615
1 0.141314 0.683458 0.137429 0.684831 0.134319 0.683724 0.132027 0.680978 0.132167 0.675797 0.137588 0.674025 0.140677 0.676948 0.142331 0.680402
1 0.184346 0.550496 0.177199 0.554218 0.170893 0.553554 0.167603 0.548841 0.166488 0.540806 0.171599 0.534522 0.177662 0.533436 0.182664 0.536456 0.185764 0.540709
1 0.200228 0.570409 0.194518 0.568477 0.189869 0.563945 0.188482 0.557420 0.190603 0.550473 0.195822 0.548962 0.199438 0.552346 0.202619 0.558895 0.202619 0.568174
1 0.136546 0.582000 0.130250 0.580857 0.127895 0.576527 0.130078 0.570816 0.134704 0.569912 0.137809 0.572577 0.139458 0.577479
1 0.146289 0.576385 0.143227 0.576622 0.140379 0.573862 0.138280 0.569198 0.140893 0.566200 0.145261 0.564487 0.147402 0.567438 0.149095 0.572054
1 0.072912 0.150271 0.068402 0.149698 0.064923 0.145288 0.066649 0.137154 0.073016 0.134405 0.078612 0.138381 0.078119 0.145002
1 0.057143 0.158783 0.054084 0.160730 0.050810 0.158681 0.049672 0.154274 0.052162 0.151814 0.055990 0.150653 0.060657 0.151350 0.060663 0.156597
1 0.094161 0.136487 0.090523 0.135748 0.088704 0.130770 0.091987 0.127812 0.098689 0.129061 0.097688 0.135229
1 0.081812 0.129677 0.078958 0.129235 0.077569 0.126507 0.078834 0.123311 0.082107 0.123394 0.084286 0.124590 0.083779 0.128475
1 0.085505 0.135462 0.083459 0.135324 0.080854 0.133644 0.081264 0.129896 0.083905 0.127912 0.086694 0.128078 0.088711 0.129273 0.088716 0.133506
0 0.130658 0.880507 0.125289 0.878618 0.120227 0.871747 0.115231 0.863895 0.115979 0.855135 0.124848 0.850831 0.132459 0.852945 0.139459 0.863245 0.139459 0.874843
1 0.227012 0.912134 0.218086 0.913125 0.211802 0.910895 0.207376 0.903952 0.210463 0.891639 0.219091 0.886763 0.227458 0.887011 0.237026 0.893241 0.239210 0.898211 0.236123 0.909936
1 0.246183 0.988240 0.238347 0.987291 0.232411 0.978215 0.235830 0.965023 0.244948 0.961541 0.256464 0.967265 0.257343 0.973360 0.256488 0.983491
1 0.259337 0.976526 0.253971 0.972306 0.249697 0.960907 0.255538 0.956476 0.264419 0.956581 0.267585 0.959367 0.270545 0.971566 0.267601 0.975577
0 0.308107 0.882714 0.300453 0.881167 0.307680 0.866535 0.301202 0.860587 0.289800 0.854521 0.284447 0.845479 0.295046 0.842981 0.308590 0.848930 0.315603 0.858256 0.315603 0.876527
1 0.209855 0.999929 0.206349 0.998993 0.203801 0.995669 0.202234 0.987564 0.205624 0.982837 0.210183 0.982474 0.217601 0.984104 0.219674 0.989871 0.216775 0.998890
1 0.268473 0.808943 0.263585 0.807283 0.259599 0.804377 0.260471 0.794967 0.265982 0.793583 0.273019 0.795409 0.274763 0.800779 0.273019 0.806037
1 0.259537 0.798426 0.254523 0.797596 0.248919 0.794205 0.246646 0.784104 0.253496 0.780298 0.260471 0.781336 0.263834 0.789915 0.263896 0.794689
1 0.394053 0.297685 0.390215 0.295468 0.386051 0.290649 0.385141 0.284337 0.387525 0.279422 0.392534 0.279133 0.399604 0.283682 0.398879 0.290241 0.398888 0.297636
1 0.295022 0.208452 0.289798 0.204899 0.285281 0.199563 0.284895 0.192399 0.285190 0.184947 0.288958 0.182361 0.294915 0.183062 0.297361 0.190471 0.297021 0.200176 0.297026 0.206909
1 0.312472 0.220312 0.308142 0.219080 0.305347 0.214045 0.309249 0.207387 0.314335 0.209345 0.316626 0.215388
1 0.174990 0.238350 0.170221 0.237542 0.165520 0.233505 0.164679 0.226136 0.167677 0.221392 0.172719 0.219979 0.178510 0.221190 0.183179 0.226913 0.183188 0.234665
1 0.205483 0.278033 0.196910 0.276324 0.191298 0.268038 0.193912 0.257701 0.199794 0.253856 0.210058 0.254369 0.214961 0.261921 0.214979 0.275043
0 0.168311 0.347365 0.163634 0.346531 0.161320 0.341957 0.159371 0.336816 0.153087 0.336994 0.152149 0.343141 0.152158 0.349364 0.148479 0.351632 0.143942 0.351753 0.138770 0.350498 0.135582 0.347624 0.134361 0.340338 0.132649 0.332282 0.136201 0.325847 0.142886 0.319937 0.153803 0.321612 0.162711 0.329262 0.169039 0.334069 0.169039 0.344710
1 0.407293 0.361129 0.399145 0.352700 0.387836 0.333500 0.389101 0.323591 0.395968 0.319612 0.402835 0.323952 0.411134 0.329911 0.412155 0.340832 0.411189 0.350090 0.411199 0.361198
1 0.331837 0.398375 0.327283 0.395922 0.322813 0.389299 0.323778 0.380345 0.329739 0.378259 0.335287 0.379547 0.339773 0.383558 0.339785 0.392979
1 0.373214 0.511522 0.366765 0.511347 0.360673 0.507830 0.353552 0.497192 0.358021 0.487961 0.368269 0.486730 0.376927 0.492920 0.376933 0.506423
1 0.376972 0.542732 0.368110 0.540271 0.359525 0.533765 0.357903 0.521457 0.369060 0.517677 0.378476 0.522600 0.384433 0.526942 0.384449 0.540446
1 0.386586 0.567349 0.378277 0.570865 0.369416 0.567700 0.361662 0.559524 0.358734 0.549502 0.363680 0.542645 0.376774 0.539655 0.390993 0.540682 0.396466 0.548896 0.396466 0.555460 0.394313 0.564819
1 0.418979 0.624886 0.410012 0.622695 0.403579 0.609861 0.408228 0.595880 0.421703 0.591393 0.429691 0.598352 0.429732 0.614348
1 0.448024 0.409885 0.439646 0.408080 0.434516 0.404718 0.432854 0.394711 0.438280 0.388395 0.443882 0.387849 0.449846 0.392482 0.452305 0.398446 0.452305 0.405163
0 0.255373 0.562493 0.245802 0.562086 0.238730 0.556396 0.229159 0.547726 0.225379 0.531875 0.238242 0.525644 0.251654 0.529572 0.263700 0.536942 0.263726 0.557751
1 0.545428 0.685542 0.536389 0.686647 0.527169 0.679918 0.529293 0.664551 0.535304 0.658826 0.544027 0.660434 0.549722 0.666299 0.549722 0.681726
1 0.577520 0.618376 0.570804 0.618619 0.567921 0.614239 0.566242 0.604831 0.569892 0.600127 0.577410 0.601182 0.581644 0.610185
1 0.578761 0.633786 0.573760 0.634029 0.569854 0.630704 0.568688 0.621701 0.574198 0.617483 0.581023 0.619269 0.585293 0.628677
1 0.587032 0.656197 0.579126 0.655375 0.574919 0.645717 0.580005 0.635442 0.588650 0.636265 0.593274 0.642737 0.593413 0.649725
1 0.566054 0.767025 0.558414 0.766774 0.551340 0.762498 0.545681 0.753821 0.554623 0.745270 0.567469 0.744389 0.576668 0.746074 0.576693 0.765391
1 0.591634 0.710434 0.585295 0.705026 0.583994 0.689558 0.592256 0.684275 0.601755 0.687325 0.602669 0.697857 0.601764 0.706661
1 0.422145 0.798879 0.416127 0.798732 0.411393 0.793764 0.411393 0.784265 0.417606 0.783461 0.427852 0.786048 0.427175 0.792668 0.427866 0.797271
1 0.463613 0.460847 0.456828 0.458817 0.453860 0.452366 0.457677 0.442437 0.464787 0.443306 0.470887 0.444060 0.470887 0.455193
1 0.612287 0.802287 0.603451 0.800755 0.591640 0.792804 0.590562 0.779394 0.599270 0.769910 0.613322 0.768761 0.623613 0.779827 0.623624 0.794528
1 0.643181 0.753446 0.648955 0.754591 0.651363 0.760899 0.651366 0.768591 0.647783 0.771444 0.643232 0.771094 0.637509 0.770093 0.636157 0.762281 0.640010 0.755723
1 0.656549 0.762732 0.651479 0.760680 0.648257 0.756323 0.646251 0.749914 0.650825 0.748012 0.656391 0.750265 0.659343 0.756273 0.659635 0.760379
1 0.368724 0.066429 0.362658 0.066429 0.355643 0.060967 0.355404 0.047225 0.363808 0.045287 0.372331 0.049163 0.376532 0.058765
1 0.837013 0.949945 0.832930 0.949048 0.829994 0.943842 0.832288 0.937679 0.836776 0.936970 0.842260 0.938879 0.842795 0.943038 0.841688 0.948764
1 0.550753 0.390126 0.541832 0.390235 0.537248 0.386950 0.536304 0.381256 0.538552 0.375233 0.544761 0.372585 0.550758 0.373653 0.555689 0.379607 0.555697 0.386168
1 0.564016 0.376679 0.559763 0.376520 0.556414 0.373901 0.554158 0.369974 0.556299 0.365790 0.561372 0.363587 0.566962 0.365119 0.567933 0.370178 0.567938 0.375082
0 0.627398 0.398483 0.623045 0.401568 0.616553 0.405905 0.611562 0.401318 0.618805 0.393729 0.626647 0.384223 0.637381 0.377301 0.649293 0.380837 0.647138 0.391478 0.640195 0.398566
1 0.628769 0.336621 0.624986 0.335562 0.620027 0.334113 0.617341 0.329945 0.617913 0.324330 0.621871 0.320056 0.627053 0.319526 0.632974 0.323107 0.632227 0.328724 0.632233 0.334148
1 0.580070 0.430442 0.575329 0.429038 0.572483 0.423242 0.575329 0.417916 0.581098 0.417213 0.585971 0.417939 0.585971 0.426931
1 0.558678 0.481984 0.553207 0.481255 0.549362 0.478271 0.545307 0.471424 0.544438 0.463173 0.549230 0.458667 0.556920 0.457496 0.564267 0.460363 0.567046 0.468755 0.567059 0.477744
1 0.583190 0.524463 0.575083 0.522132 0.570076 0.513865 0.574845 0.503691 0.583000 0.503374 0.591428 0.508715 0.592633 0.519482
1 0.592775 0.535590 0.585003 0.534106 0.582809 0.521495 0.587769 0.517574 0.596639 0.517257 0.600168 0.523403 0.601230 0.530879
1 0.602361 0.555090 0.593968 0.552334 0.590296 0.542373 0.595780 0.532835 0.604316 0.530397 0.613234 0.533725 0.609563 0.552122
1 0.636500 0.484819 0.631685 0.482842 0.629129 0.477720 0.627691 0.466817 0.633396 0.461948 0.641019 0.463977 0.642846 0.471062 0.642867 0.478836
1 0.711157 0.515795 0.706261 0.515254 0.700066 0.510084 0.697442 0.500525 0.699092 0.490967 0.705883 0.488441 0.716974 0.490967 0.724352 0.498926 0.724359 0.508160 0.719977 0.515435
1 0.677263 0.450136 0.667227 0.448433 0.663011 0.439562 0.662115 0.424721 0.669801 0.418751 0.680807 0.421321 0.686093 0.431304 0.686104 0.444038
1 0.621525 0.610702 0.616426 0.608063 0.612060 0.599137 0.613492 0.587338 0.620269 0.583379 0.630153 0.583534 0.634580 0.589997 0.633512 0.606930
1 0.672407 0.643954 0.667067 0.642825 0.664988 0.639750 0.664882 0.633271 0.668895 0.631465 0.673236 0.634463 0.675258 0.636246 0.675260 0.642150
1 0.692018 0.715932 0.686273 0.714271 0.685817 0.707743 0.686303 0.698315 0.694497 0.693457 0.702432 0.694357 0.705298 0.700259 0.705687 0.709759 0.700941 0.716092
1 0.788379 0.666472 0.780114 0.666140 0.773421 0.659242 0.769831 0.649686 0.774954 0.637553 0.784003 0.628827 0.793202 0.625670 0.803262 0.626334 0.814058 0.633016 0.814205 0.642821 0.809320 0.657248
1 0.807188 0.688161 0.799560 0.686000 0.793651 0.678604 0.792754 0.668466 0.796793 0.662981 0.802775 0.660073 0.812648 0.662566 0.816621 0.670328 0.818183 0.678022 0.816649 0.683092
1 0.752746 0.759389 0.746972 0.756606 0.743932 0.752178 0.743353 0.745008 0.746742 0.734065 0.751341 0.732021 0.759364 0.733498 0.764091 0.740084 0.764729 0.744592 0.766102 0.751520 0.759747 0.758196
1 0.835926 0.715402 0.831412 0.715099 0.826739 0.711856 0.823594 0.705728 0.824757 0.698990 0.828427 0.695141 0.835926 0.693976 0.842129 0.696905 0.842126 0.704664 0.841670 0.710286
1 0.717683 0.560595 0.713063 0.559508 0.710427 0.552805 0.715808 0.548457 0.720552 0.550827 0.722520 0.557213
1 0.868045 0.878746 0.863866 0.872473 0.853993 0.871484 0.847611 0.861635 0.851815 0.849746 0.860719 0.838198 0.870959 0.838707 0.878104 0.844906 0.886870 0.851244 0.883704 0.865444 0.883722 0.878447
1 0.951990 0.469875 0.940701 0.464499 0.939424 0.444489 0.950377 0.441802 0.953065 0.442101 0.958643 0.445236 0.962405 0.448073 0.965026 0.455689 0.966235 0.464052
1 0.756585 0.384022 0.753538 0.384856 0.749934 0.382865 0.745830 0.377032 0.747747 0.370968 0.754434 0.369996 0.760004 0.371265 0.760017 0.378375
1 0.766476 0.368862 0.761935 0.367609 0.755357 0.363094 0.759530 0.355011 0.766476 0.353758 0.770801 0.355895 0.770809 0.366026
1 0.783687 0.362815 0.774677 0.362593 0.772541 0.351543 0.779081 0.347020 0.787997 0.350176 0.788425 0.355622 0.787991 0.361555
1 0.730948 0.314479 0.724903 0.312939 0.721119 0.304121 0.724672 0.291713 0.737916 0.294625 0.736624 0.300942 0.737916 0.310376
1 0.719249 0.341783 0.715437 0.339206 0.713946 0.331030 0.718420 0.328821 0.724748 0.328335 0.726143 0.336039 0.724783 0.339647
1 0.705992 0.355482 0.700192 0.354009 0.695221 0.348265 0.697905 0.342299 0.704401 0.340974 0.709207 0.344582 0.710632 0.349369
1 0.698071 0.334860 0.693763 0.331546 0.691045 0.322487 0.697242 0.321088 0.701783 0.323960 0.703175 0.331104
1 0.655791 0.630565 0.646332 0.628654 0.636874 0.622086 0.639185 0.605366 0.648052 0.602142 0.655415 0.608471 0.658209 0.619339
1 0.118164 0.119141 0.116211 0.116211 0.111328 0.108398 0.114258 0.106445 0.118164 0.105469 0.122070 0.109375 0.124023 0.114258 0.125000 0.119141
1 0.110352 0.105469 0.107422 0.102539 0.107422 0.098633 0.111328 0.094727 0.113281 0.093750 0.118164 0.103516 0.115234 0.104492
1 0.105469 0.098633 0.111328 0.092773 0.100586 0.076172 0.097656 0.077148 0.099609 0.082031 0.100586 0.085938 0.100586 0.091797
1 0.090820 0.075195 0.089844 0.069336 0.091797 0.065430 0.099609 0.067383 0.100586 0.071289 0.096680 0.073242
1 0.130859 0.055664 0.125977 0.052734 0.124023 0.046875 0.125977 0.043945 0.131836 0.040039 0.135742 0.041992 0.139648 0.045898 0.139648 0.052734 0.139648 0.052734
1 0.139648 0.044922 0.142578 0.043945 0.142578 0.038086 0.137695 0.037109 0.133789 0.040039
1 0.145508 0.044922 0.150391 0.041992 0.152344 0.036133 0.147461 0.033203 0.143555 0.034180 0.144531 0.037109
0 0.245117 0.000000 0.247070 0.005859 0.251953 0.005859 0.254883 0.012695 0.258789 0.016602 0.263672 0.012695 0.267578 0.009766 0.273438 0.006836 0.275391 0.002930 0.277344 0.000977
1 0.273438 0.006836 0.279297 0.004883 0.285156 0.005859 0.286133 0.012695 0.284180 0.020508 0.278320 0.023438 0.272461 0.016602
0 0.580078 0.018555 0.577148 0.013672 0.582031 0.009766 0.582031 0.009766 0.586914 0.007812 0.592773 0.003906 0.596680 0.000977 0.611328 0.000977 0.614258 0.004883 0.614258 0.013672 0.616211 0.018555 0.608398 0.022461 0.597656 0.024414 0.597656 0.024414 0.591797 0.019531 0.584961 0.019531
1 0.360352 0.133789 0.358398 0.128906 0.357422 0.121094 0.361328 0.116211 0.366211 0.112305 0.371094 0.112305 0.372070 0.117188 0.373047 0.125000 0.371094 0.130859
0 0.334961 0.040039 0.333008 0.033203 0.326172 0.029297 0.326172 0.029297 0.318359 0.031250 0.309570 0.040039 0.309570 0.040039 0.311523 0.047852 0.315430 0.053711 0.323242 0.054688 0.328125 0.052734 0.329102 0.042969
0 0.337891 0.041992 0.337891 0.041992 0.342773 0.043945 0.347656 0.041992 0.351562 0.044922 0.353516 0.049805 0.359375 0.044922 0.369141 0.044922 0.371094 0.039062 0.377930 0.040039 0.379883 0.034180 0.381836 0.030273 0.387695 0.031250 0.392578 0.031250 0.391602 0.024414 0.387695 0.019531 0.379883 0.015625 0.374023 0.013672 0.364258 0.012695 0.356445 0.012695 0.350586 0.015625 0.341797 0.018555 0.331055 0.029297
1 0.364258 0.010742 0.367188 0.002930 0.372070 0.000000 0.386719 0.000000 0.388672 0.005859 0.387695 0.013672 0.382812 0.016602 0.382812 0.016602
1 0.378906 0.061523 0.376953 0.056641 0.376953 0.049805 0.375977 0.042969 0.382812 0.037109 0.389648 0.035156 0.398438 0.033203 0.403320 0.034180 0.406250 0.041016 0.410156 0.050781 0.409180 0.060547 0.399414 0.065430 0.382812 0.066406
1 0.297852 0.085938 0.293945 0.079102 0.296875 0.072266 0.296875 0.072266 0.306641 0.067383 0.313477 0.065430 0.317383 0.075195 0.317383 0.082031 0.310547 0.088867
1 0.291992 0.072266 0.287109 0.066406 0.287109 0.059570 0.291016 0.055664 0.298828 0.054688 0.303711 0.058594 0.305664 0.065430
0 0.434570 0.082031 0.431641 0.077148 0.431641 0.077148 0.436523 0.076172 0.444336 0.077148 0.449219 0.079102 0.449219 0.085938 0.444336 0.087891 0.444336 0.087891 0.439453 0.084961
1 0.174805 0.169922 0.167969 0.166992 0.167969 0.158203 0.171875 0.149414 0.179688 0.144531 0.179688 0.144531 0.188477 0.147461 0.188477 0.159180 0.183594 0.168945
1 0.201172 0.200195 0.188477 0.187500 0.187500 0.177734 0.194336 0.171875 0.200195 0.171875 0.210938 0.184570 0.209961 0.193359
0 0.207031 0.178711 0.201172 0.171875 0.198242 0.166016 0.199219 0.158203 0.199219 0.152344 0.197266 0.144531 0.196289 0.134766 0.196289 0.129883 0.205078 0.122070 0.211914 0.122070 0.216797 0.125977 0.219727 0.134766 0.225586 0.150391 0.225586 0.158203 0.223633 0.164062 0.219727 0.170898 0.211914 0.175781
0 0.194336 0.130859 0.189453 0.125977 0.186523 0.118164 0.190430 0.111328 0.201172 0.105469 0.208008 0.101562 0.213867 0.108398 0.216797 0.117188 0.213867 0.122070 0.200195 0.122070
0 0.216797 0.119141 0.214844 0.108398 0.211914 0.101562 0.216797 0.093750 0.221680 0.088867 0.228516 0.083984 0.237305 0.083008 0.243164 0.084961 0.249023 0.088867 0.249023 0.088867 0.250000 0.095703 0.245117 0.103516 0.224609 0.120117
1 0.245117 0.116211 0.237305 0.114258 0.245117 0.103516 0.252930 0.096680 0.261719 0.099609 0.264648 0.106445 0.255859 0.114258
1 0.238281 0.133789 0.230469 0.128906 0.232422 0.117188 0.237305 0.117188 0.240234 0.121094 0.240234 0.129883
1 0.249023 0.133789 0.242188 0.125977 0.244141 0.119141 0.250000 0.118164 0.254883 0.121094 0.253906 0.128906
1 0.263672 0.127930 0.254883 0.125000 0.253906 0.117188 0.261719 0.111328 0.268555 0.108398 0.270508 0.115234 0.268555 0.124023
1 0.261719 0.148438 0.254883 0.139648 0.260742 0.130859 0.268555 0.125977 0.276367 0.125977 0.283203 0.134766 0.284180 0.144531 0.277344 0.150391
1 0.269531 0.170898 0.259766 0.166016 0.265625 0.158203 0.275391 0.152344 0.284180 0.151367 0.293945 0.152344 0.296875 0.158203 0.295898 0.167969 0.291016 0.173828 0.278320 0.174805
1 0.148438 0.154297 0.144531 0.146484 0.144531 0.141602 0.144531 0.141602 0.151367 0.137695 0.157227 0.140625 0.157227 0.152344
1 0.139648 0.159180 0.132812 0.153320 0.126953 0.150391 0.131836 0.144531 0.138672 0.140625 0.143555 0.149414 0.145508 0.159180
1 0.130859 0.170898 0.124023 0.158203 0.125000 0.152344 0.131836 0.153320 0.137695 0.161133 0.135742 0.166992
0 0.099609 0.178711 0.092773 0.173828 0.096680 0.167969 0.106445 0.164062 0.114258 0.159180 0.114258 0.159180 0.118164 0.158203 0.121094 0.165039 0.106445 0.174805
1 0.078125 0.191406 0.077148 0.184570 0.077148 0.184570 0.082031 0.178711 0.093750 0.179688 0.096680 0.185547 0.094727 0.191406 0.087891 0.194336
1 0.186523 0.264648 0.180664 0.258789 0.183594 0.250000 0.183594 0.250000 0.189453 0.250000 0.196289 0.250977 0.197266 0.256836
1 0.230469 0.257812 0.227539 0.250977 0.229492 0.246094 0.236328 0.247070 0.236328 0.247070 0.240234 0.250977 0.241211 0.256836 0.235352 0.259766 0.235352 0.259766
1 0.213867 0.220703 0.209961 0.215820 0.211914 0.212891 0.216797 0.209961 0.221680 0.210938 0.223633 0.215820 0.218750 0.222656
1 0.226562 0.357422 0.221680 0.350586 0.221680 0.342773 0.226562 0.333984 0.234375 0.331055 0.243164 0.333984 0.248047 0.339844 0.250977 0.347656 0.249023 0.354492 0.243164 0.359375 0.233398 0.361328
1 0.257812 0.349609 0.250000 0.341797 0.247070 0.334961 0.247070 0.329102 0.255859 0.327148 0.260742 0.330078 0.263672 0.336914 0.263672 0.336914 0.264648 0.344727
0 0.347656 0.394531 0.345703 0.388672 0.356445 0.379883 0.369141 0.371094 0.377930 0.367188 0.387695 0.364258 0.387695 0.373047 0.385742 0.377930 0.375000 0.378906 0.365234 0.384766 0.360352 0.390625
1 0.459961 0.344727 0.453125 0.335938 0.452148 0.328125 0.457031 0.323242 0.461914 0.321289 0.472656 0.323242 0.475586 0.333984 0.475586 0.341797 0.464844 0.343750
1 0.426758 0.282227 0.423828 0.276367 0.425781 0.270508 0.429688 0.268555 0.435547 0.268555 0.437500 0.274414 0.431641 0.278320
0 0.439453 0.303711 0.431641 0.296875 0.428711 0.288086 0.428711 0.282227 0.435547 0.279297 0.440430 0.282227 0.444336 0.291992 0.448242 0.297852
0 0.416016 0.220703 0.411133 0.212891 0.407227 0.207031 0.407227 0.207031 0.422852 0.197266 0.440430 0.188477 0.453125 0.178711 0.467773 0.181641 0.468750 0.189453 0.461914 0.199219 0.442383 0.208008 0.431641 0.212891 0.421875 0.221680 0.421875 0.221680
0 0.469727 0.186523 0.465820 0.176758 0.459961 0.173828 0.469727 0.166992 0.475586 0.162109 0.475586 0.162109 0.486328 0.161133 0.491211 0.169922 0.492188 0.176758 0.484375 0.184570
1 0.392578 0.229492 0.387695 0.216797 0.387695 0.216797 0.393555 0.214844 0.402344 0.210938 0.402344 0.210938 0.409180 0.212891 0.413086 0.221680 0.409180 0.228516 0.403320 0.228516
1 0.413086 0.253906 0.407227 0.247070 0.407227 0.240234 0.407227 0.240234 0.416992 0.232422 0.423828 0.233398 0.426758 0.238281 0.426758 0.247070 0.419922 0.250977
0 0.474609 0.234375 0.468750 0.226562 0.471680 0.219727 0.480469 0.211914 0.488281 0.207031 0.498047 0.203125 0.498047 0.203125 0.515625 0.202148 0.517578 0.208008 0.510742 0.216797 0.500977 0.216797 0.493164 0.226562
1 0.767578 0.184570 0.762695 0.176758 0.764648 0.168945 0.767578 0.160156 0.777344 0.160156 0.785156 0.163086 0.791016 0.172852 0.792969 0.179688 0.786133 0.184570 0.779297 0.187500 0.779297 0.187500
1 0.839844 0.321289 0.833984 0.315430 0.835938 0.308594 0.840820 0.307617 0.846680 0.312500 0.845703 0.321289
1 0.857422 0.322266 0.849609 0.316406 0.845703 0.303711 0.852539 0.297852 0.864258 0.300781 0.871094 0.314453 0.871094 0.322266 0.865234 0.324219
1 0.825195 0.296875 0.824219 0.285156 0.824219 0.285156 0.826172 0.273438 0.834961 0.267578 0.851562 0.264648 0.859375 0.270508 0.864258 0.282227 0.865234 0.292969 0.861328 0.299805 0.849609 0.295898 0.844727 0.302734 0.832031 0.302734
1 0.797852 0.241211 0.790039 0.232422 0.791016 0.222656 0.797852 0.219727 0.797852 0.219727 0.805664 0.219727 0.805664 0.219727 0.815430 0.225586 0.815430 0.236328 0.815430 0.236328 0.806641 0.239258
1 0.778320 0.234375 0.773438 0.229492 0.775391 0.222656 0.780273 0.219727 0.787109 0.220703 0.788086 0.227539 0.786133 0.231445
1 0.769531 0.259766 0.766602 0.248047 0.769531 0.240234 0.775391 0.236328 0.783203 0.235352 0.791992 0.242188 0.796875 0.250000 0.797852 0.258789 0.797852 0.258789 0.791016 0.261719 0.780273 0.263672
0 0.810547 0.291992 0.799805 0.292969 0.800781 0.278320 0.800781 0.278320 0.802734 0.261719 0.805664 0.256836 0.807617 0.248047 0.811523 0.242188 0.819336 0.241211 0.826172 0.248047 0.830078 0.258789 0.832031 0.268555 0.823242 0.274414 0.822266 0.283203 0.818359 0.290039
0 0.764648 0.239258 0.759766 0.229492 0.750000 0.228516 0.747070 0.218750 0.750000 0.214844 0.760742 0.209961 0.760742 0.209961 0.769531 0.208984 0.779297 0.207031 0.782227 0.203125 0.785156 0.197266 0.791016 0.195312 0.796875 0.200195 0.799805 0.207031 0.800781 0.212891 0.793945 0.217773 0.790039 0.220703 0.778320 0.219727 0.772461 0.225586 0.770508 0.233398
1 0.747070 0.251953 0.743164 0.247070 0.743164 0.238281 0.747070 0.233398 0.756836 0.231445 0.761719 0.236328 0.764648 0.245117 0.760742 0.251953 0.753906 0.251953
1 0.679688 0.274414 0.676758 0.270508 0.682617 0.263672 0.688477 0.264648 0.690430 0.269531 0.686523 0.275391
0 0.693359 0.283203 0.690430 0.276367 0.691406 0.269531 0.688477 0.261719 0.692383 0.254883 0.700195 0.250977 0.700195 0.250977 0.703125 0.239258 0.712891 0.234375 0.721680 0.230469 0.731445 0.230469 0.740234 0.239258 0.741211 0.248047 0.748047 0.254883 0.750000 0.259766 0.750000 0.269531 0.752930 0.275391 0.749023 0.280273 0.739258 0.285156 0.732422 0.279297 0.727539 0.280273 0.717773 0.289062 0.712891 0.293945 0.707031 0.296875 0.700195 0.297852 0.693359 0.294922 0.691406 0.288086
1 0.703125 0.305664 0.709961 0.301758 0.711914 0.308594 0.708984 0.313477 0.704102 0.311523
1 0.718750 0.359375 0.711914 0.356445 0.711914 0.349609 0.714844 0.345703 0.721680 0.344727 0.721680 0.344727 0.728516 0.344727 0.733398 0.345703 0.735352 0.357422 0.729492 0.358398 0.724609 0.358398
1 0.702148 0.373047 0.698242 0.367188 0.697266 0.360352 0.704102 0.356445 0.709961 0.357422 0.716797 0.361328 0.718750 0.366211 0.714844 0.371094 0.714844 0.371094 0.708008 0.372070
1 0.640625 0.319336 0.636719 0.314453 0.639648 0.305664 0.645508 0.305664 0.647461 0.313477 0.646484 0.318359
1 0.645508 0.298828 0.640625 0.291016 0.645508 0.285156 0.651367 0.279297 0.659180 0.283203 0.661133 0.292969 0.659180 0.297852 0.651367 0.298828
1 0.634766 0.305664 0.632812 0.300781 0.633789 0.295898 0.638672 0.294922 0.641602 0.295898 0.643555 0.302734 0.643555 0.302734 0.640625 0.303711
1 0.623047 0.316406 0.618164 0.310547 0.618164 0.304688 0.628906 0.305664 0.628906 0.311523
1 0.733398 0.393555 0.726562 0.389648 0.723633 0.380859 0.725586 0.371094 0.733398 0.368164 0.742188 0.370117 0.745117 0.379883 0.744141 0.384766
1 0.877930 0.364258 0.870117 0.359375 0.870117 0.359375 0.868164 0.350586 0.866211 0.341797 0.872070 0.331055 0.880859 0.327148 0.890625 0.328125 0.890625 0.328125 0.897461 0.336914 0.900391 0.346680 0.901367 0.351562 0.890625 0.353516 0.881836 0.360352
1 0.888672 0.378906 0.881836 0.372070 0.880859 0.364258 0.888672 0.357422 0.888672 0.357422 0.894531 0.354492 0.904297 0.356445 0.908203 0.363281 0.907227 0.368164 0.901367 0.372070 0.895508 0.375000
1 0.900391 0.401367 0.894531 0.391602 0.890625 0.382812 0.893555 0.376953 0.904297 0.373047 0.916016 0.371094 0.916016 0.371094 0.923828 0.376953 0.925781 0.384766 0.913086 0.392578 0.908203 0.396484
1 0.909180 0.416016 0.908203 0.406250 0.911133 0.396484 0.918945 0.390625 0.918945 0.390625 0.926758 0.390625 0.932617 0.394531 0.934570 0.403320 0.935547 0.409180 0.930664 0.416016 0.930664 0.416016 0.922852 0.418945 0.915039 0.416992
0 0.999023 0.449219 0.993164 0.452148 0.977539 0.454102 0.971680 0.459961 0.973633 0.463867 0.976562 0.468750 0.968750 0.474609 0.959961 0.479492 0.959961 0.479492 0.943359 0.487305 0.927734 0.497070 0.916992 0.505859 0.915039 0.516602 0.916992 0.530273 0.917969 0.538086 0.919922 0.548828 0.924805 0.560547 0.932617 0.572266 0.940430 0.580078 0.948242 0.591797 0.956055 0.600586 0.965820 0.605469 0.975586 0.602539 0.983398 0.601562 0.983398 0.613281 0.977539 0.615234 0.971680 0.619141 0.966797 0.625000 0.965820 0.632812 0.963867 0.638672 0.951172 0.638672 0.945312 0.644531 0.943359 0.654297 0.940430 0.657227 0.935547 0.666016 0.943359 0.670898 0.953125 0.670898 0.965820 0.668945 0.975586 0.665039 0.984375 0.664062 0.987305 0.659180 0.997070 0.657227 1.000000 0.654297
1 0.680664 0.394531 0.674805 0.388672 0.673828 0.381836 0.676758 0.375977 0.682617 0.374023 0.690430 0.375977 0.695312 0.384766 0.695312 0.391602 0.689453 0.392578
1 0.706055 0.607422 0.695312 0.606445 0.694336 0.597656 0.694336 0.597656 0.699219 0.591797 0.708008 0.589844 0.711914 0.596680 0.708984 0.602539
1 0.750000 0.570312 0.742188 0.564453 0.739258 0.554688 0.745117 0.550781 0.753906 0.552734 0.761719 0.560547 0.760742 0.571289
0 0.761719 0.600586 0.756836 0.596680 0.758789 0.588867 0.753906 0.584961 0.750977 0.578125 0.755859 0.573242 0.760742 0.574219 0.763672 0.581055 0.763672 0.581055 0.767578 0.583984 0.769531 0.589844 0.769531 0.597656
0 0.490234 0.498047 0.484375 0.494141 0.480469 0.486328 0.476562 0.481445 0.470703 0.474609 0.471680 0.466797 0.483398 0.462891 0.490234 0.462891 0.495117 0.470703 0.502930 0.483398 0.501953 0.488281
1 0.264648 0.464844 0.256836 0.464844 0.253906 0.458008 0.251953 0.453125 0.252930 0.448242 0.258789 0.443359 0.258789 0.443359 0.265625 0.440430 0.271484 0.440430 0.271484 0.440430 0.275391 0.447266 0.277344 0.458984 0.277344 0.458984 0.276367 0.462891 0.272461 0.463867
1 0.313477 0.496094 0.304688 0.497070 0.300781 0.491211 0.297852 0.481445 0.301758 0.477539 0.308594 0.477539 0.317383 0.481445 0.317383 0.488281 0.317383 0.488281
1 0.319336 0.463867 0.315430 0.460938 0.316406 0.453125 0.317383 0.452148 0.323242 0.451172 0.328125 0.453125 0.330078 0.459961 0.325195 0.464844
1 0.242188 0.520508 0.235352 0.522461 0.227539 0.519531 0.227539 0.510742 0.232422 0.504883 0.241211 0.501953 0.247070 0.500977 0.250000 0.507812 0.250000 0.514648
0 0.299805 0.521484 0.293945 0.526367 0.291992 0.521484 0.291992 0.521484 0.293945 0.512695 0.293945 0.512695 0.305664 0.508789 0.310547 0.503906 0.320312 0.500000 0.324219 0.503906 0.320312 0.510742 0.314453 0.516602 0.314453 0.516602 0.308594 0.515625 0.303711 0.518555
1 0.378906 0.461914 0.370117 0.460938 0.371094 0.450195 0.377930 0.448242 0.381836 0.449219 0.382812 0.457031
1 0.298828 0.475586 0.292969 0.469727 0.292969 0.469727 0.299805 0.466797 0.304688 0.465820 0.304688 0.471680 0.302734 0.472656
1 0.164062 0.426758 0.157227 0.423828 0.157227 0.416992 0.159180 0.412109 0.164062 0.411133 0.170898 0.412109 0.174805 0.418945 0.173828 0.424805 0.167969 0.425781
1 0.000977 0.489258 0.004883 0.493164 0.009766 0.496094 0.011719 0.502930 0.019531 0.506836 0.019531 0.506836 0.022461 0.516602 0.022461 0.516602 0.022461 0.525391 0.020508 0.538086 0.020508 0.538086 0.014648 0.545898 0.004883 0.545898 0.000000 0.543945
1 0.148438 0.530273 0.142578 0.525391 0.141602 0.518555 0.142578 0.512695 0.142578 0.512695 0.153320 0.511719 0.158203 0.517578 0.158203 0.525391 0.154297 0.527344
0 0.093750 0.603516 0.084961 0.605469 0.082031 0.598633 0.082031 0.598633 0.086914 0.593750 0.091797 0.588867 0.094727 0.584961 0.100586 0.582031 0.100586 0.582031 0.107422 0.579102 0.107422 0.579102 0.116211 0.574219 0.121094 0.574219 0.125977 0.578125 0.125000 0.583008 0.112305 0.592773 0.100586 0.595703
1 0.150391 0.614258 0.145508 0.608398 0.144531 0.601562 0.144531 0.601562 0.148438 0.598633 0.153320 0.597656 0.160156 0.599609 0.166016 0.605469 0.159180 0.612305
0 0.174805 0.663086 0.170898 0.659180 0.172852 0.652344 0.176758 0.649414 0.181641 0.645508 0.181641 0.645508 0.184570 0.641602 0.189453 0.636719 0.195312 0.634766 0.201172 0.638672 0.206055 0.643555 0.209961 0.648438 0.213867 0.653320 0.217773 0.658203 0.225586 0.666016 0.230469 0.670898 0.239258 0.682617 0.234375 0.687500 0.230469 0.685547 0.225586 0.683594 0.219727 0.677734 0.215820 0.672852 0.210938 0.668945 0.206055 0.663086 0.202148 0.663086 0.189453 0.666016 0.185547 0.668945 0.182617 0.671875 0.177734 0.669922
1 0.106445 0.684570 0.097656 0.680664 0.099609 0.675781 0.101562 0.670898 0.109375 0.669922 0.111328 0.674805 0.111328 0.674805 0.111328 0.679688
1 0.025391 0.715820 0.019531 0.709961 0.020508 0.703125 0.029297 0.697266 0.034180 0.696289 0.039062 0.700195 0.039062 0.708008 0.038086 0.713867
1 0.058594 0.627930 0.051758 0.624023 0.053711 0.619141 0.059570 0.616211 0.063477 0.619141 0.063477 0.624023
1 0.136719 0.623047 0.133789 0.622070 0.132812 0.618164 0.141602 0.612305 0.146484 0.613281 0.147461 0.619141 0.143555 0.624023
1 0.116211 0.627930 0.111328 0.623047 0.112305 0.618164 0.118164 0.617188 0.122070 0.621094 0.122070 0.626953
1 0.007812 0.742188 0.001953 0.735352 0.002930 0.727539 0.012695 0.726562 0.013672 0.734375 0.012695 0.740234
1 0.020508 0.760742 0.014648 0.756836 0.012695 0.749023 0.013672 0.741211 0.016602 0.738281 0.022461 0.738281 0.030273 0.748047 0.033203 0.750977 0.033203 0.757812 0.028320 0.762695
1 0.165039 0.757812 0.161133 0.751953 0.163086 0.745117 0.168945 0.745117 0.172852 0.750000 0.170898 0.755859
1 0.212891 0.742188 0.208008 0.737305 0.205078 0.729492 0.208008 0.725586 0.213867 0.726562 0.218750 0.736328
1 0.200195 0.726562 0.196289 0.721680 0.198242 0.718750 0.200195 0.716797 0.205078 0.718750 0.206055 0.723633
1 0.191406 0.719727 0.186523 0.715820 0.184570 0.708984 0.193359 0.704102 0.197266 0.708008 0.197266 0.708008 0.197266 0.717773
1 0.182617 0.702148 0.179688 0.697266 0.179688 0.688477 0.186523 0.690430 0.190430 0.694336 0.188477 0.699219
0 0.321289 0.662109 0.317383 0.659180 0.322266 0.651367 0.328125 0.649414 0.333984 0.648438 0.345703 0.646484 0.349609 0.650391 0.348633 0.656250 0.343750 0.662109 0.328125 0.665039
1 0.332031 0.584961 0.324219 0.583008 0.321289 0.577148 0.323242 0.572266 0.333008 0.569336 0.337891 0.572266 0.340820 0.577148 0.340820 0.577148 0.336914 0.583008
1 0.640625 0.588867 0.635742 0.586914 0.632812 0.581055 0.633789 0.576172 0.639648 0.573242 0.639648 0.573242 0.645508 0.575195 0.646484 0.582031 0.644531 0.588867
1 0.720703 0.597656 0.713867 0.596680 0.710938 0.588867 0.712891 0.584961 0.717773 0.584961 0.722656 0.588867 0.724609 0.594727
1 0.688477 0.538086 0.682617 0.535156 0.682617 0.530273 0.691406 0.527344 0.696289 0.532227 0.697266 0.539062 0.697266 0.539062
1 0.832031 0.504883 0.830078 0.501953 0.833008 0.494141 0.837891 0.494141 0.841797 0.499023 0.837891 0.506836
1 0.887695 0.464844 0.882812 0.459961 0.885742 0.450195 0.893555 0.448242 0.903320 0.451172 0.903320 0.459961 0.897461 0.466797
1 0.825195 0.484375 0.821289 0.480469 0.822266 0.475586 0.828125 0.474609 0.828125 0.474609 0.830078 0.483398
1 0.857422 0.579102 0.852539 0.577148 0.852539 0.577148 0.851562 0.569336 0.859375 0.567383 0.861328 0.572266 0.861328 0.572266 0.861328 0.577148
1 0.757812 0.718750 0.750000 0.712891 0.749023 0.700195 0.751953 0.691406 0.759766 0.688477 0.768555 0.691406 0.773438 0.702148 0.770508 0.710938 0.761719 0.715820
1 0.755859 0.688477 0.750000 0.688477 0.749023 0.681641 0.757812 0.677734 0.763672 0.676758 0.763672 0.676758 0.765625 0.682617 0.760742 0.685547
1 0.741211 0.683594 0.736328 0.680664 0.738281 0.670898 0.743164 0.665039 0.743164 0.665039 0.749023 0.665039 0.753906 0.672852 0.753906 0.678711
1 0.730469 0.683594 0.723633 0.681641 0.726562 0.675781 0.726562 0.675781 0.731445 0.672852 0.736328 0.675781 0.734375 0.680664
1 0.722656 0.767578 0.719727 0.760742 0.719727 0.753906 0.725586 0.747070 0.725586 0.747070 0.732422 0.746094 0.738281 0.750977 0.736328 0.756836 0.736328 0.756836 0.734375 0.764648
1 0.771484 0.832031 0.767578 0.829102 0.764648 0.819336 0.764648 0.819336 0.769531 0.814453 0.774414 0.815430 0.777344 0.822266 0.777344 0.829102
1 0.825195 0.743164 0.814453 0.744141 0.810547 0.739258 0.811523 0.731445 0.816406 0.722656 0.827148 0.723633 0.831055 0.731445 0.832031 0.740234
1 0.867188 0.732422 0.861328 0.726562 0.859375 0.719727 0.865234 0.711914 0.873047 0.711914 0.877930 0.714844 0.878906 0.725586 0.877930 0.731445 0.873047 0.731445
1 0.895508 0.702148 0.891602 0.696289 0.891602 0.690430 0.896484 0.687500 0.902344 0.685547 0.907227 0.681641 0.912109 0.685547 0.914062 0.696289 0.909180 0.702148 0.901367 0.702148
1 0.948242 0.685547 0.942383 0.686523 0.940430 0.679688 0.943359 0.675781 0.946289 0.671875 0.952148 0.670898 0.958984 0.674805 0.958984 0.681641 0.955078 0.686523
1 0.978516 0.736328 0.971680 0.728516 0.972656 0.723633 0.977539 0.720703 0.983398 0.721680 0.986328 0.727539 0.984375 0.734375
1 0.834961 0.748047 0.833984 0.741211 0.836914 0.736328 0.841797 0.736328 0.844727 0.742188 0.841797 0.747070
1 0.847656 0.743164 0.844727 0.740234 0.844727 0.734375 0.844727 0.734375 0.848633 0.730469 0.851562 0.733398 0.853516 0.738281 0.853516 0.738281
1 0.864258 0.750977 0.857422 0.745117 0.858398 0.737305 0.864258 0.734375 0.870117 0.734375 0.874023 0.740234 0.873047 0.747070
1 0.869141 0.769531 0.869141 0.761719 0.871094 0.755859 0.875000 0.753906 0.881836 0.750977 0.888672 0.755859 0.887695 0.761719
1 0.886719 0.784180 0.883789 0.776367 0.882812 0.767578 0.890625 0.758789 0.898438 0.763672 0.899414 0.773438 0.894531 0.782227
0 0.829102 0.818359 0.822266 0.814453 0.827148 0.803711 0.827148 0.803711 0.834961 0.799805 0.844727 0.800781 0.849609 0.804688 0.849609 0.811523 0.835938 0.811523
1 0.862305 0.803711 0.855469 0.800781 0.855469 0.795898 0.862305 0.791992 0.868164 0.793945 0.869141 0.799805
1 0.847656 0.799805 0.842773 0.796875 0.845703 0.791992 0.851562 0.791992 0.852539 0.796875 0.852539 0.796875
1 0.852539 0.791992 0.853516 0.788086 0.857422 0.785156 0.867188 0.783203 0.871094 0.789062 0.864258 0.790039
1 0.849609 0.834961 0.844727 0.829102 0.843750 0.821289 0.847656 0.817383 0.856445 0.819336 0.859375 0.827148 0.860352 0.833984 0.857422 0.836914
1 0.934570 0.822266 0.931641 0.814453 0.932617 0.802734 0.938477 0.798828 0.938477 0.786133 0.940430 0.775391 0.940430 0.775391 0.952148 0.771484 0.959961 0.774414 0.972656 0.780273 0.976562 0.788086 0.979492 0.799805 0.981445 0.813477 0.979492 0.821289 0.975586 0.829102 0.962891 0.836914 0.962891 0.836914 0.951172 0.835938 0.937500 0.833008
1 0.982422 0.791016 0.971680 0.777344 0.971680 0.770508 0.975586 0.765625 0.982422 0.757812 0.987305 0.750977 0.998047 0.761719 1.000000 0.766602 1.000000 0.792969 0.990234 0.793945
1 0.709961 0.833008 0.707031 0.829102 0.708984 0.824219 0.708984 0.824219 0.715820 0.822266 0.717773 0.830078
1 0.705078 0.838867 0.696289 0.838867 0.695312 0.831055 0.698242 0.827148 0.704102 0.828125 0.708008 0.833008
1 0.638672 0.853516 0.631836 0.852539 0.625977 0.848633 0.628906 0.844727 0.637695 0.842773 0.644531 0.845703 0.644531 0.851562
1 0.705078 0.917969 0.704102 0.912109 0.703125 0.908203 0.706055 0.904297 0.711914 0.904297 0.714844 0.905273 0.715820 0.911133 0.715820 0.915039 0.710938 0.918945
1 0.731445 0.902344 0.727539 0.896484 0.726562 0.889648 0.735352 0.891602 0.736328 0.898438 0.736328 0.898438
1 0.480469 0.754883 0.478516 0.748047 0.479492 0.742188 0.485352 0.740234 0.485352 0.740234 0.489258 0.744141 0.491211 0.750977 0.487305 0.751953
1 0.454102 0.854492 0.451172 0.848633 0.453125 0.842773 0.458984 0.844727 0.458984 0.844727 0.458984 0.851562
1 0.591797 0.916016 0.586914 0.914062 0.583984 0.905273 0.584961 0.898438 0.593750 0.893555 0.600586 0.892578 0.607422 0.894531 0.609375 0.899414 0.604492 0.904297 0.598633 0.909180 0.600586 0.916016 0.594727 0.918945 0.594727 0.918945
1 0.570312 0.876953 0.565430 0.873047 0.565430 0.867188 0.571289 0.863281 0.577148 0.864258 0.578125 0.867188 0.578125 0.867188 0.575195 0.871094 0.574219 0.875977
1 0.652344 0.960938 0.647461 0.958008 0.646484 0.946289 0.653320 0.944336 0.657227 0.947266 0.660156 0.952148 0.660156 0.958008
1 0.596680 0.938477 0.592773 0.932617 0.595703 0.926758 0.601562 0.925781 0.606445 0.928711 0.607422 0.935547 0.607422 0.935547 0.603516 0.936523
1 0.617188 0.977539 0.610352 0.975586 0.619141 0.967773 0.630859 0.968750 0.633789 0.974609 0.628906 0.979492 0.625000 0.978516
1 0.544922 0.971680 0.539062 0.966797 0.538086 0.959961 0.546875 0.956055 0.550781 0.958008 0.550781 0.965820 0.550781 0.969727
1 0.425781 0.878906 0.418945 0.875000 0.415039 0.871094 0.409180 0.869141 0.406250 0.861328 0.407227 0.858398 0.407227 0.858398 0.411133 0.853516 0.416016 0.851562 0.416016 0.851562 0.420898 0.852539 0.427734 0.858398 0.431641 0.865234 0.431641 0.874023 0.431641 0.874023 0.432617 0.878906 0.432617 0.878906
1 0.387695 0.891602 0.379883 0.885742 0.382812 0.876953 0.390625 0.876953 0.394531 0.881836 0.393555 0.889648
1 0.377930 0.900391 0.372070 0.896484 0.369141 0.890625 0.373047 0.886719 0.375977 0.886719 0.379883 0.889648 0.381836 0.893555
1 0.372070 0.905273 0.361328 0.903320 0.361328 0.903320 0.361328 0.896484 0.363281 0.893555 0.369141 0.892578 0.369141 0.892578 0.373047 0.900391
0 0.395508 0.882812 0.392578 0.876953 0.394531 0.873047 0.398438 0.869141 0.401367 0.865234 0.403320 0.863281 0.407227 0.868164 0.413086 0.872070 0.414062 0.875977 0.410156 0.876953 0.405273 0.878906 0.402344 0.883789
1 0.291992 0.778320 0.286133 0.777344 0.285156 0.769531 0.290039 0.765625 0.296875 0.766602 0.300781 0.771484 0.300781 0.779297
1 0.175781 0.859375 0.173828 0.844727 0.180664 0.840820 0.187500 0.842773 0.190430 0.846680 0.190430 0.853516 0.187500 0.860352
1 0.673828 0.985352 0.671875 0.978516 0.682617 0.969727 0.694336 0.972656 0.695312 0.978516 0.695312 0.978516 0.694336 0.983398 0.689453 0.988281
1 0.713867 0.965820 0.710938 0.959961 0.715820 0.958008 0.715820 0.958008 0.720703 0.957031 0.724609 0.959961 0.723633 0.965820 0.717773 0.968750
1 0.725586 0.959961 0.720703 0.956055 0.725586 0.948242 0.729492 0.953125 0.730469 0.960938
1 0.733398 0.957031 0.729492 0.950195 0.731445 0.943359 0.737305 0.938477 0.742188 0.941406 0.746094 0.950195 0.747070 0.956055 0.741211 0.959961
1 0.751953 0.939453 0.747070 0.934570 0.746094 0.929688 0.751953 0.927734 0.754883 0.931641
1 0.761719 0.941406 0.755859 0.934570 0.755859 0.934570 0.752930 0.924805 0.756836 0.919922 0.756836 0.919922 0.762695 0.917969 0.765625 0.913086 0.765625 0.913086 0.771484 0.913086 0.776367 0.917969 0.778320 0.925781 0.776367 0.931641 0.765625 0.938477
1 0.783203 0.957031 0.776367 0.952148 0.774414 0.944336 0.781250 0.936523 0.786133 0.936523 0.792969 0.944336 0.793945 0.951172 0.793945 0.951172 0.791016 0.956055
1 0.805664 0.973633 0.800781 0.968750 0.802734 0.963867 0.802734 0.963867 0.808594 0.960938 0.810547 0.967773 0.810547 0.972656
1 0.800781 0.944336 0.794922 0.939453 0.794922 0.930664 0.798828 0.927734 0.805664 0.927734 0.805664 0.927734 0.810547 0.935547 0.807617 0.944336 0.807617 0.944336
1 0.794922 0.963867 0.791016 0.959961 0.791992 0.954102 0.797852 0.953125 0.801758 0.957031 0.801758 0.963867
1 0.844727 0.952148 0.842773 0.941406 0.846680 0.933594 0.853516 0.933594 0.853516 0.933594 0.859375 0.932617 0.864258 0.938477 0.865234 0.944336 0.861328 0.949219 0.855469 0.953125 0.849609 0.955078
0 0.855469 0.954102 0.861328 0.949219 0.861328 0.949219 0.869141 0.944336 0.875000 0.942383 0.880859 0.947266 0.877930 0.953125 0.875977 0.959961 0.886719 0.970703 0.877930 0.978516 0.870117 0.974609 0.863281 0.969727 0.857422 0.963867
1 0.877930 0.987305 0.878906 0.980469 0.882812 0.976562 0.889648 0.968750 0.893555 0.970703 0.894531 0.978516 0.894531 0.978516 0.892578 0.985352 0.886719 0.991211
0 0.886719 0.999023 0.887695 0.993164 0.891602 0.987305 0.898438 0.984375 0.904297 0.979492 0.907227 0.973633 0.910156 0.970703 0.915039 0.966797 0.921875 0.963867 0.921875 0.963867 0.923828 0.961914 0.929688 0.957031 0.934570 0.954102 0.934570 0.954102 0.940430 0.950195 0.945312 0.949219 0.948242 0.955078 0.948242 0.955078 0.942383 0.958984 0.940430 0.964844 0.940430 0.964844 0.933594 0.968750 0.931641 0.975586 0.921875 0.983398 0.919922 0.987305 0.913086 0.989258 0.908203 0.991211 0.907227 0.996094 0.905273 1.000000
1 0.956055 0.958984 0.953125 0.954102 0.956055 0.950195 0.961914 0.950195 0.961914 0.955078
1 0.963867 0.952148 0.960938 0.947266 0.960938 0.947266 0.962891 0.941406 0.967773 0.941406 0.970703 0.943359 0.970703 0.949219 0.968750 0.954102 0.968750 0.954102
1 0.958984 0.930664 0.952148 0.925781 0.952148 0.925781 0.953125 0.916992 0.956055 0.912109 0.963867 0.910156 0.969727 0.912109 0.973633 0.915039 0.975586 0.920898 0.975586 0.920898 0.974609 0.927734 0.970703 0.933594 0.964844 0.935547
0 0.878906 0.943359 0.883789 0.948242 0.883789 0.948242 0.888672 0.944336 0.892578 0.942383 0.897461 0.945312 0.899414 0.951172 0.904297 0.957031 0.902344 0.961914 0.907227 0.966797 0.911133 0.963867 0.914062 0.959961 0.914062 0.952148 0.915039 0.950195 0.914062 0.942383 0.910156 0.936523 0.912109 0.932617 0.914062 0.925781 0.908203 0.922852 0.901367 0.924805 0.896484 0.928711
0 0.916016 0.926758 0.910156 0.920898 0.916992 0.914062 0.925781 0.909180 0.933594 0.903320 0.941406 0.896484 0.948242 0.897461 0.949219 0.903320 0.944336 0.907227 0.934570 0.914062 0.924805 0.920898 0.920898 0.923828
1 0.945312 0.896484 0.945312 0.889648 0.951172 0.884766 0.958008 0.882812 0.964844 0.881836 0.967773 0.885742 0.968750 0.892578 0.963867 0.899414 0.957031 0.902344 0.952148 0.902344
1 0.969727 0.886719 0.964844 0.879883 0.963867 0.872070 0.971680 0.870117 0.971680 0.870117 0.977539 0.872070 0.981445 0.876953 0.982422 0.884766 0.976562 0.890625
1 0.982422 0.872070 0.979492 0.866211 0.982422 0.857422 0.987305 0.857422 0.991211 0.863281 0.992188 0.870117 0.988281 0.875000
1 0.839844 0.923828 0.836914 0.916016 0.838867 0.910156 0.845703 0.908203 0.845703 0.908203 0.851562 0.911133 0.851562 0.919922 0.845703 0.924805
1 0.862305 0.906250 0.858398 0.900391 0.859375 0.893555 0.865234 0.891602 0.870117 0.894531 0.873047 0.902344 0.868164 0.908203 0.868164 0.908203
1 0.809570 0.912109 0.804688 0.903320 0.804688 0.893555 0.808594 0.883789 0.813477 0.879883 0.824219 0.879883 0.830078 0.881836 0.833008 0.890625 0.833984 0.901367 0.829102 0.905273 0.821289 0.910156
1 0.795898 0.867188 0.792969 0.861328 0.797852 0.858398 0.797852 0.858398 0.805664 0.861328 0.802734 0.867188
1 0.805664 0.887695 0.810547 0.879883 0.815430 0.877930 0.823242 0.879883 0.829102 0.876953 0.821289 0.870117 0.815430 0.864258 0.807617 0.865234 0.807617 0.865234 0.798828 0.868164 0.797852 0.875977 0.797852 0.875977 0.801758 0.881836
1 0.891602 0.852539 0.887695 0.845703 0.888672 0.838867 0.886719 0.833008 0.893555 0.827148 0.901367 0.826172 0.907227 0.830078 0.907227 0.830078 0.911133 0.838867 0.911133 0.838867 0.909180 0.847656 0.904297 0.852539 0.899414 0.852539
1 0.915039 0.838867 0.908203 0.831055 0.904297 0.822266 0.909180 0.817383 0.915039 0.813477 0.915039 0.813477 0.921875 0.814453 0.928711 0.818359 0.930664 0.827148 0.928711 0.835938 0.928711 0.835938 0.922852 0.836914
1 0.906250 0.811523 0.897461 0.806641 0.900391 0.801758 0.906250 0.798828 0.910156 0.799805 0.912109 0.804688 0.910156 0.810547
1 0.540039 0.723633 0.533203 0.716797 0.531250 0.708984 0.535156 0.705078 0.541016 0.706055 0.544922 0.713867 0.543945 0.720703
1 0.569336 0.712891 0.562500 0.708984 0.556641 0.711914 0.551758 0.708984 0.550781 0.703125 0.554688 0.699219 0.561523 0.695312 0.567383 0.695312 0.567383 0.695312 0.574219 0.700195 0.579102 0.707031 0.579102 0.707031 0.578125 0.711914
1 0.576172 0.698242 0.570312 0.695312 0.566406 0.689453 0.566406 0.689453 0.570312 0.684570 0.576172 0.683594 0.581055 0.685547 0.583008 0.692383 0.582031 0.699219
1 0.583008 0.684570 0.581055 0.678711 0.583984 0.673828 0.583984 0.673828 0.586914 0.671875 0.591797 0.675781 0.591797 0.680664 0.588867 0.685547 0.588867 0.685547
1 0.596680 0.672852 0.588867 0.671875 0.587891 0.664062 0.592773 0.660156 0.599609 0.661133 0.602539 0.665039 0.603516 0.671875
1 0.602539 0.664062 0.598633 0.659180 0.599609 0.650391 0.602539 0.649414 0.608398 0.651367 0.612305 0.659180 0.610352 0.665039
1 0.589844 0.612305 0.585938 0.609375 0.583984 0.602539 0.590820 0.598633 0.595703 0.599609 0.597656 0.608398
1 0.649414 0.744141 0.646484 0.736328 0.648438 0.731445 0.653320 0.730469 0.658203 0.731445 0.663086 0.739258 0.663086 0.746094 0.663086 0.746094 0.659180 0.749023 0.653320 0.746094
1 0.682617 0.760742 0.679688 0.754883 0.680664 0.750000 0.687500 0.750000 0.691406 0.754883 0.686523 0.762695
1 0.625977 0.707031 0.622070 0.702148 0.625000 0.698242 0.630859 0.698242 0.630859 0.698242 0.631836 0.703125 0.631836 0.703125
0 0.683594 0.820312 0.688477 0.816406 0.691406 0.811523 0.695312 0.802734 0.700195 0.797852 0.700195 0.797852 0.707031 0.799805 0.710938 0.805664 0.711914 0.814453 0.706055 0.823242 0.700195 0.826172 0.692383 0.829102 0.686523 0.827148
0 0.671875 0.830078 0.666016 0.827148 0.661133 0.820312 0.666016 0.810547 0.669922 0.806641 0.673828 0.801758 0.677734 0.795898 0.678711 0.791016 0.686523 0.788086 0.690430 0.791016 0.693359 0.795898 0.693359 0.802734 0.690430 0.809570 0.690430 0.809570 0.687500 0.815430 0.679688 0.822266 0.677734 0.824219
1 0.536133 0.793945 0.531250 0.788086 0.533203 0.780273 0.540039 0.780273 0.544922 0.781250 0.545898 0.789062 0.541992 0.793945
1 0.181641 0.903320 0.182617 0.899414 0.190430 0.895508 0.196289 0.893555 0.200195 0.899414 0.196289 0.904297 0.190430 0.906250
1 0.078125 0.908203 0.075195 0.904297 0.076172 0.896484 0.082031 0.892578 0.085938 0.897461 0.087891 0.904297 0.083984 0.909180
1 0.028320 0.937500 0.024414 0.930664 0.028320 0.926758 0.028320 0.926758 0.033203 0.926758 0.033203 0.926758 0.038086 0.932617 0.037109 0.938477 0.031250 0.940430 0.031250 0.940430
1 0.016602 0.951172 0.007812 0.948242 0.005859 0.941406 0.007812 0.932617 0.014648 0.931641 0.018555 0.934570 0.020508 0.941406 0.020508 0.941406 0.021484 0.949219
0 0.158203 0.957031 0.162109 0.950195 0.162109 0.950195 0.167969 0.945312 0.173828 0.950195 0.177734 0.957031 0.182617 0.961914 0.188477 0.965820 0.190430 0.971680 0.190430 0.978516 0.192383 0.984375 0.192383 0.984375 0.190430 0.989258 0.184570 0.993164 0.175781 0.989258 0.173828 0.977539 0.169922 0.972656 0.163086 0.967773 0.158203 0.962891
0 0.156250 0.954102 0.149414 0.950195 0.143555 0.943359 0.142578 0.934570 0.148438 0.931641 0.158203 0.930664 0.163086 0.932617 0.165039 0.938477 0.164062 0.946289 0.160156 0.950195
1 0.240234 0.940430 0.236328 0.936523 0.238281 0.929688 0.241211 0.925781 0.247070 0.927734 0.250000 0.933594 0.247070 0.941406 0.247070 0.941406
1 0.227539 0.881836 0.219727 0.878906 0.219727 0.871094 0.224609 0.867188 0.229492 0.867188 0.229492 0.867188 0.238281 0.870117 0.238281 0.876953 0.236328 0.882812
1 0.257812 0.886719 0.254883 0.877930 0.254883 0.868164 0.260742 0.869141 0.265625 0.871094 0.266602 0.878906 0.264648 0.885742
1 0.246094 0.875977 0.240234 0.872070 0.238281 0.861328 0.245117 0.857422 0.251953 0.858398 0.253906 0.864258 0.251953 0.873047 0.251953 0.873047
1 0.259766 0.867188 0.252930 0.858398 0.254883 0.852539 0.254883 0.852539 0.262695 0.848633 0.268555 0.852539 0.271484 0.857422 0.270508 0.865234 0.270508 0.865234
1 0.279297 0.880859 0.270508 0.875977 0.268555 0.869141 0.273438 0.861328 0.282227 0.858398 0.290039 0.861328 0.293945 0.865234 0.293945 0.874023 0.290039 0.879883
1 0.290039 0.836914 0.286133 0.832031 0.288086 0.827148 0.293945 0.827148 0.298828 0.830078 0.299805 0.835938 0.294922 0.839844
1 0.275391 0.823242 0.274414 0.817383 0.274414 0.817383 0.278320 0.814453 0.285156 0.815430 0.285156 0.821289 0.279297 0.822266
1 0.002930 0.998047 0.000000 0.992188 0.000000 0.982422 0.004883 0.981445 0.009766 0.986328 0.011719 0.993164 0.009766 0.997070
1 0.044922 0.798828 0.041016 0.793945 0.046875 0.785156 0.051758 0.786133 0.055664 0.791016 0.052734 0.796875
1 0.128906 0.380859 0.125000 0.373047 0.126953 0.367188 0.134766 0.365234 0.134766 0.365234 0.139648 0.366211 0.141602 0.372070 0.138672 0.377930
0 0.290039 0.384766 0.289062 0.375000 0.291016 0.370117 0.291016 0.370117 0.296875 0.368164 0.303711 0.370117 0.308594 0.375000 0.310547 0.383789 0.301758 0.392578 0.297852 0.399414 0.296875 0.406250 0.292969 0.411133 0.292969 0.411133 0.289062 0.397461
0 0.307617 0.388672 0.301758 0.394531 0.299805 0.401367 0.299805 0.416016 0.304688 0.417969 0.309570 0.416992 0.314453 0.415039 0.317383 0.410156 0.321289 0.403320 0.320312 0.397461 0.318359 0.388672 0.312500 0.385742
0 0.283203 0.388672 0.279297 0.383789 0.274414 0.374023 0.272461 0.364258 0.276367 0.360352 0.284180 0.359375 0.290039 0.359375 0.294922 0.360352 0.294922 0.360352 0.301758 0.359375 0.313477 0.363281 0.312500 0.368164 0.310547 0.373047 0.304688 0.368164 0.295898 0.367188 0.289062 0.369141 0.286133 0.378906
1 0.154297 0.083984 0.148438 0.079102 0.149414 0.071289 0.154297 0.070312 0.159180 0.072266 0.160156 0.079102
1 0.664062 0.418945 0.662109 0.409180 0.666992 0.404297 0.672852 0.403320 0.679688 0.405273 0.684570 0.408203 0.685547 0.415039 0.683594 0.419922 0.674805 0.419922
1 0.663086 0.403320 0.655273 0.399414 0.655273 0.390625 0.660156 0.383789 0.666016 0.383789 0.671875 0.387695 0.675781 0.393555 0.674805 0.400391 0.667969 0.402344
1 0.540039 0.450195 0.538086 0.443359 0.546875 0.437500 0.550781 0.441406 0.550781 0.441406 0.550781 0.446289 0.548828 0.452148
1 0.555664 0.424805 0.552734 0.419922 0.550781 0.412109 0.550781 0.412109 0.554688 0.408203 0.554688 0.408203 0.561523 0.410156 0.563477 0.416016 0.561523 0.423828
1 0.511719 0.406250 0.501953 0.406250 0.500000 0.400391 0.502930 0.392578 0.502930 0.392578 0.513672 0.390625 0.516602 0.397461
1 0.495117 0.418945 0.490234 0.413086 0.492188 0.407227 0.498047 0.407227 0.500000 0.412109
1 0.478516 0.439453 0.474609 0.433594 0.475586 0.425781 0.480469 0.423828 0.485352 0.424805 0.488281 0.429688 0.486328 0.437500 0.486328 0.437500
0 0.536133 0.309570 0.530273 0.306641 0.531250 0.299805 0.536133 0.295898 0.547852 0.291016 0.552734 0.287109 0.552734 0.287109 0.557617 0.286133 0.560547 0.290039 0.559570 0.295898 0.549805 0.301758 0.541016 0.306641
1 0.545898 0.599609 0.540039 0.596680 0.541992 0.588867 0.547852 0.587891 0.552734 0.589844 0.554688 0.594727 0.554688 0.594727 0.552734 0.599609
1 0.536133 0.608398 0.528320 0.601562 0.530273 0.594727 0.530273 0.594727 0.535156 0.594727 0.540039 0.597656 0.542969 0.602539 0.541992 0.609375 0.541992 0.609375
1 0.533203 0.654297 0.528320 0.647461 0.533203 0.643555 0.533203 0.643555 0.539062 0.644531 0.539062 0.650391 0.539062 0.650391
1 0.562500 0.639648 0.557617 0.634766 0.559570 0.627930 0.565430 0.625977 0.571289 0.627930 0.569336 0.636719