1 0.040617 0.082750 0.036721 0.083738 0.032068 0.083622 0.026370 0.079552 0.026312 0.072166 0.038116 0.066235 0.043350 0.069317 0.044164 0.074783 0.045734 0.078562
1 0.116758 0.054456 0.112233 0.053237 0.106665 0.046799 0.106056 0.038186 0.109710 0.033923 0.120325 0.033574 0.124153 0.043232
1 0.106074 0.131643 0.097724 0.129073 0.086375 0.124897 0.084555 0.110123 0.089052 0.104235 0.098901 0.097918 0.107680 0.096205 0.115389 0.108518 0.117315 0.116226 0.117209 0.123720
1 0.146770 0.134067 0.140494 0.134758 0.135349 0.133063 0.133718 0.126099 0.136854 0.122522 0.142251 0.119887 0.149342 0.121016 0.153672 0.127229 0.150974 0.130365
1 0.161900 0.159624 0.157573 0.158205 0.153111 0.151106 0.154328 0.145766 0.158182 0.142250 0.164469 0.144008 0.166971 0.148740 0.166902 0.154283
1 0.126616 0.126748 0.120923 0.123508 0.115580 0.113960 0.117507 0.094603 0.127580 0.095304 0.130470 0.100209 0.131959 0.106778 0.132397 0.114661 0.132135 0.121581
1 0.057500 0.132289 0.050796 0.132879 0.044238 0.129637 0.039817 0.119175 0.040775 0.106429 0.047627 0.101565 0.055731 0.102671 0.061994 0.104733 0.065089 0.114165 0.063395 0.121754
1 0.000000 0.186637 0.011386 0.188695 0.016223 0.190548 0.020958 0.196003 0.023428 0.206707 0.019723 0.217308 0.014885 0.224924 0.009121 0.229762 0.000373 0.230894 0.000000 0.231408
1 0.052621 0.298238 0.045971 0.301600 0.038662 0.300796 0.032962 0.296923 0.029893 0.289907 0.032670 0.281575 0.039539 0.273609 0.051964 0.272879 0.058468 0.276387 0.060368 0.282818 0.058321 0.289979
1 0.079419 0.302799 0.075101 0.303300 0.069218 0.304864 0.061896 0.301234 0.059268 0.292223 0.063773 0.288217 0.074287 0.283148 0.083300 0.286402 0.087993 0.289031 0.087931 0.295164 0.087055 0.298043
1 0.067003 0.318825 0.063605 0.324092 0.057942 0.328509 0.049449 0.333152 0.040615 0.332699 0.036312 0.329584 0.034047 0.324035 0.034669 0.314975 0.040332 0.303593 0.053470 0.298553 0.058792 0.300025 0.061397 0.303479 0.064908 0.307783 0.066606 0.313390
1 0.047601 0.355520 0.042941 0.355642 0.040061 0.351596 0.036259 0.342093 0.037302 0.337925 0.040244 0.333266 0.044720 0.333020 0.046190 0.337557 0.048582 0.345895
1 0.046447 0.394520 0.041618 0.391045 0.040887 0.385155 0.042898 0.380546 0.046923 0.377766 0.049520 0.379814 0.051239 0.385118 0.050105 0.391265
1 0.045926 0.379083 0.042932 0.380409 0.039521 0.379992 0.037891 0.370290 0.039672 0.365326 0.041416 0.361649 0.046835 0.359830 0.050019 0.364871 0.050170 0.369760 0.048768 0.373246
1 0.072443 0.409536 0.067582 0.408853 0.063327 0.405055 0.061200 0.394647 0.063403 0.389861 0.067886 0.385380 0.073583 0.389634 0.075406 0.398294 0.075254 0.404446
1 0.132869 0.241618 0.127668 0.239520 0.123014 0.234135 0.119638 0.225922 0.126481 0.220265 0.134329 0.217892 0.140353 0.221998 0.142907 0.231945 0.140170 0.237512
1 0.147754 0.299475 0.142881 0.298828 0.136598 0.294365 0.134308 0.285088 0.144524 0.279921 0.152687 0.282328 0.155564 0.290314 0.155564 0.296068 0.152275 0.299592
1 0.159873 0.281552 0.156999 0.281871 0.153049 0.280993 0.150734 0.275805 0.150654 0.268063 0.154884 0.266666 0.160910 0.269580 0.162427 0.275726 0.163225 0.279396
1 0.159103 0.253728 0.154489 0.253167 0.151299 0.250278 0.148712 0.243078 0.149444 0.239413 0.151988 0.234498 0.155782 0.232127 0.160051 0.234412 0.161689 0.240060 0.162250 0.246010 0.161344 0.251012
1 0.226205 0.024981 0.221879 0.023193 0.215881 0.018349 0.214093 0.009755 0.214554 0.003063 0.219398 0.000000 0.226263 0.000180 0.230012 0.002775 0.230762 0.008255 0.232377 0.015868 0.231339 0.021060
1 0.303794 0.000000 0.304981 0.006282 0.309731 0.010404 0.315250 0.010544 0.321328 0.006213 0.322935 0.000000
1 0.246664 0.092218 0.245983 0.096508 0.242987 0.099231 0.237063 0.099095 0.230663 0.095759 0.225079 0.093035 0.222016 0.087043 0.225965 0.081187 0.234203 0.078940 0.238901 0.084252 0.240060 0.088882 0.244894 0.089563
1 0.257169 0.093718 0.264498 0.090520 0.268562 0.089854 0.267629 0.083990 0.271561 0.080393 0.278089 0.081726 0.280021 0.087521 0.278355 0.092318 0.275225 0.097915 0.269562 0.100313 0.262299 0.099847 0.257969 0.097582
1 0.286226 0.121562 0.279857 0.121388 0.274885 0.119206 0.273401 0.108389 0.277677 0.100886 0.286400 0.102021 0.291198 0.108389 0.293467 0.115892 0.292158 0.118771
1 0.365302 0.114214 0.360072 0.115608 0.352925 0.115695 0.347695 0.112383 0.348044 0.101750 0.353535 0.095735 0.363035 0.096782 0.369659 0.098874 0.369834 0.105585
1 0.383082 0.115695 0.379770 0.117264 0.373669 0.114562 0.370793 0.106021 0.374802 0.100878 0.383953 0.096956 0.392757 0.099396 0.393628 0.107764 0.390316 0.112819
1 0.394777 0.098081 0.388884 0.097456 0.382811 0.095312 0.380399 0.083346 0.382097 0.076022 0.389241 0.075041 0.396386 0.082453 0.399422 0.088794
1 0.279543 0.189714 0.274682 0.188914 0.269087 0.184252 0.266889 0.174195 0.270619 0.171664 0.278078 0.171198 0.284672 0.176793 0.284805 0.183853 0.284072 0.186649
1 0.272018 0.198838 0.266955 0.198904 0.261761 0.195042 0.260628 0.187449 0.264624 0.182986 0.272150 0.184252 0.276413 0.189979 0.275813 0.193909
1 0.281462 0.213931 0.276513 0.212281 0.272526 0.205958 0.272526 0.198879 0.276101 0.194479 0.281668 0.193174 0.286548 0.197504 0.286204 0.205339 0.285173 0.210082
1 0.447910 0.000000 0.451021 0.008244 0.451876 0.018821 0.450787 0.026365 0.446666 0.028776 0.439821 0.027920 0.435233 0.020766 0.430800 0.013222 0.429944 0.005289 0.432278 0.000000
1 0.447062 0.076291 0.442258 0.077070 0.435572 0.076486 0.429146 0.072072 0.427913 0.063114 0.431029 0.054937 0.444205 0.052534 0.450696 0.059220 0.449103 0.068474
1 0.458823 0.116492 0.453106 0.115384 0.447448 0.111125 0.442432 0.100158 0.443248 0.086857 0.447798 0.080091 0.455207 0.078107 0.463549 0.084466 0.466523 0.096717 0.467341 0.105875 0.466174 0.112642 0.461915 0.114917
1 0.455031 0.172424 0.451104 0.170535 0.445894 0.163663 0.440003 0.156941 0.443250 0.148785 0.449670 0.141687 0.459261 0.143272 0.463641 0.151882 0.462055 0.163814
0 0.446246 0.198367 0.446139 0.185393 0.449706 0.177933 0.463222 0.173500 0.471979 0.181501 0.480088 0.187663 0.487873 0.193610 0.494468 0.200313 0.495225 0.212855 0.495009 0.223992 0.497712 0.230912 0.498007 0.266479 0.498978 0.277159 0.496793 0.286383 0.493517 0.297306 0.506474 0.303859 0.512546 0.319089 0.518907 0.331908 0.520064 0.342704 0.524466 0.358827 0.533566 0.369210 0.538310 0.381387 0.555533 0.423978 0.549505 0.433370 0.539690 0.440801 0.523988 0.436875 0.504642 0.423136 0.500689 0.400176 0.503122 0.386042 0.504050 0.372255 0.500689 0.364493 0.496403 0.356962 0.486671 0.350475 0.487830 0.342364 0.474211 0.324667 0.465255 0.302883 0.460050 0.281944 0.463439 0.268752
0 0.504711 0.167493 0.502657 0.152597 0.501116 0.138729 0.513059 0.131409 0.526798 0.131794 0.531807 0.140397 0.533604 0.152212 0.533989 0.170703 0.534118 0.188039 0.539383 0.206530 0.555833 0.246742 0.657494 0.306254 0.666094 0.319630 0.662590 0.323240 0.650594 0.317507 0.637322 0.309120 0.629042 0.305086 0.619593 0.301688 0.609401 0.304768 0.600377 0.306784 0.588911 0.300309 0.581373 0.297548 0.576648 0.287849 0.561790 0.280282 0.550646 0.275055 0.535926 0.269139 0.526158 0.260059 0.523682 0.246576 0.506379 0.214283
1 0.540399 0.072435 0.532038 0.071893 0.525922 0.069338 0.519883 0.062061 0.520657 0.054086 0.526464 0.049131 0.531883 0.047351 0.541174 0.052306 0.544735 0.057260 0.545818 0.062370
1 0.567538 0.000000 0.567022 0.004673 0.570778 0.010491 0.576007 0.012773 0.582783 0.012259 0.585287 0.000622 0.587055 0.000000 0.584992 0.000000
1 0.604758 0.081642 0.599992 0.079751 0.592679 0.072932 0.589638 0.060935 0.598488 0.055356 0.607177 0.057059 0.611463 0.060111 0.611286 0.068213 0.610054 0.075669
1 0.616746 0.084357 0.611815 0.084416 0.607529 0.076960 0.607001 0.068154 0.609995 0.062577 0.618801 0.062400 0.623557 0.069328 0.623791 0.080658
0 0.662070 0.060144 0.666975 0.053787 0.673604 0.045796 0.684570 0.048828 0.692383 0.057617 0.701172 0.063477 0.711108 0.065684 0.718918 0.073221 0.717465 0.086297 0.710019 0.099011 0.704207 0.108001 0.695943 0.110181 0.688496 0.108909 0.679597 0.106729 0.671696 0.102461 0.661435 0.101281 0.650356 0.097285 0.645997 0.090475 0.652717 0.084480 0.664341 0.088749 0.669335 0.083936 0.665703 0.074311
1 0.590035 0.000522 0.587530 0.005760 0.589275 0.013046 0.596031 0.014943 0.600889 0.006975 0.601799 0.000000 0.599901 0.000000
1 0.639030 0.007847 0.645370 0.016890 0.643604 0.029778 0.636120 0.031961 0.622503 0.028635 0.612005 0.022398 0.604625 0.014083 0.600884 0.004624 0.605769 0.000000 0.621672 0.000000 0.629987 0.004104 0.637159 0.005353
1 0.769597 0.110249 0.763080 0.109058 0.754419 0.103892 0.749730 0.096423 0.749492 0.085457 0.755531 0.073854 0.768563 0.070835 0.777065 0.077033 0.779927 0.086728 0.780403 0.097614 0.776112 0.104846
1 0.800801 0.116518 0.793568 0.117342 0.785969 0.109102 0.785420 0.096650 0.789174 0.088136 0.801991 0.086854 0.806111 0.096468 0.807484 0.105715
1 0.380876 0.352680 0.374576 0.353811 0.365529 0.350338 0.360603 0.341938 0.361329 0.331194 0.367952 0.322310 0.379019 0.321583 0.387015 0.327156 0.388953 0.336202 0.388469 0.341291 0.388550 0.347349
1 0.336602 0.360284 0.330722 0.360976 0.322905 0.355995 0.317440 0.347279 0.319585 0.343198 0.325396 0.336488 0.335771 0.335589 0.342205 0.339324 0.343865 0.350600 0.342966 0.357794 0.341858 0.361875
1 0.312437 0.364559 0.306467 0.363509 0.299578 0.361803 0.295313 0.356357 0.294789 0.347501 0.303252 0.338119 0.314668 0.338709 0.320507 0.345532 0.321229 0.353930 0.319326 0.359835
1 0.309639 0.336958 0.302487 0.335672 0.295657 0.330288 0.289871 0.323217 0.290996 0.314056 0.295335 0.307226 0.305380 0.306582 0.312050 0.316145 0.314140 0.328198
1 0.314299 0.307881 0.309951 0.308869 0.304221 0.305246 0.300137 0.299910 0.302112 0.293982 0.309424 0.290030 0.317131 0.292468 0.319371 0.299187 0.318909 0.304258
1 0.290783 0.315291 0.285236 0.314136 0.277454 0.310360 0.273217 0.301730 0.274064 0.292100 0.280305 0.283933 0.292710 0.283239 0.300800 0.291329 0.301031 0.300344 0.297872 0.308434
1 0.276093 0.311841 0.267180 0.313349 0.257238 0.308755 0.251685 0.303545 0.245720 0.292644 0.248394 0.287158 0.253193 0.278246 0.267591 0.278794 0.272527 0.282908 0.274241 0.291478 0.275818 0.302174 0.275476 0.308344
1 0.630444 0.330535 0.622102 0.329549 0.613381 0.324544 0.609437 0.316354 0.609589 0.309301 0.618538 0.300201 0.631126 0.302173 0.636890 0.312335 0.638027 0.321359 0.635979 0.325605
1 0.650844 0.341531 0.644474 0.339787 0.638179 0.331748 0.634918 0.317491 0.639848 0.312714 0.651450 0.314609 0.658427 0.321132 0.659337 0.329321 0.658503 0.336602 0.656304 0.339104
1 0.624682 0.362412 0.618105 0.361490 0.612145 0.357372 0.610116 0.351534 0.615340 0.344651 0.623514 0.343483 0.629290 0.347479 0.629782 0.356389 0.629536 0.359339
1 0.752668 0.418439 0.746938 0.418273 0.740628 0.414620 0.736892 0.408144 0.735397 0.394858 0.743700 0.387469 0.756321 0.386058 0.763794 0.396852 0.765123 0.405321 0.762217 0.413707
1 0.792340 0.356508 0.787015 0.356204 0.779635 0.351562 0.773776 0.345780 0.772179 0.338934 0.779026 0.328587 0.786710 0.325544 0.795535 0.328891 0.797894 0.336575 0.797438 0.345020
1 0.807161 0.375957 0.800394 0.377674 0.793223 0.371917 0.791606 0.359492 0.794131 0.344745 0.797565 0.335957 0.806151 0.334947 0.811909 0.344846 0.813223 0.356159 0.812111 0.364038
1 0.753691 0.327605 0.748328 0.328136 0.740313 0.325778 0.732475 0.318059 0.736836 0.301793 0.743555 0.297903 0.752807 0.298492 0.758111 0.306566 0.758170 0.316880 0.756638 0.324011
1 0.455428 0.355217 0.450979 0.356221 0.445024 0.354499 0.440218 0.346966 0.440218 0.338142 0.446675 0.329245 0.453132 0.334339 0.457293 0.341657 0.458154 0.348687
1 0.464347 0.417544 0.457685 0.417607 0.449229 0.414085 0.446026 0.407038 0.447756 0.395572 0.454289 0.391088 0.461399 0.388333 0.467678 0.390447 0.471905 0.397813 0.471457 0.406590 0.467421 0.412996
1 0.380825 0.379555 0.374542 0.379889 0.369648 0.377053 0.368759 0.371548 0.375933 0.359703 0.383661 0.361761 0.386887 0.366766 0.385941 0.376052 0.383772 0.379276
1 0.482097 0.440998 0.476615 0.442707 0.471134 0.441646 0.467774 0.437638 0.466831 0.429976 0.473196 0.421665 0.483275 0.421724 0.487166 0.427205 0.486458 0.432923
1 0.363379 0.421468 0.358068 0.420919 0.350866 0.416891 0.348975 0.403035 0.352453 0.399373 0.364600 0.398519 0.370764 0.408834 0.368078 0.419393
1 0.361748 0.397898 0.356891 0.398870 0.350025 0.396474 0.344520 0.386240 0.350154 0.378986 0.357604 0.375165 0.365764 0.379958 0.368808 0.388378 0.366994 0.396862
1 0.751046 0.486125 0.747296 0.486466 0.743376 0.482887 0.741274 0.477092 0.742524 0.471070 0.749626 0.467945 0.755137 0.468286 0.758488 0.475331 0.757295 0.482717
1 0.743263 0.507680 0.738351 0.506298 0.733898 0.502512 0.732876 0.496423 0.734257 0.489157 0.741676 0.486292 0.748379 0.488287 0.749044 0.496423 0.746486 0.502665
1 0.626657 0.594954 0.620877 0.593458 0.615098 0.586046 0.614894 0.576458 0.618157 0.570271 0.627065 0.571290 0.630193 0.578362 0.631961 0.586250
1 0.686707 0.605057 0.679117 0.604298 0.669250 0.599527 0.665455 0.591069 0.667841 0.579468 0.671636 0.571444 0.685948 0.571878 0.692345 0.580986 0.693104 0.592696
1 0.655818 0.666175 0.648718 0.665541 0.643899 0.659201 0.644597 0.649374 0.651253 0.643098 0.657276 0.643605 0.661017 0.649882 0.659749 0.659835
1 0.684984 0.671646 0.678880 0.672009 0.673197 0.668805 0.670296 0.661733 0.673923 0.655266 0.680330 0.651095 0.688249 0.653089 0.691634 0.663123 0.689820 0.667536
1 0.699498 0.680043 0.693109 0.679302 0.686892 0.675423 0.687006 0.668977 0.687918 0.663614 0.696189 0.659964 0.702807 0.663044 0.704062 0.669661 0.703148 0.674453
1 0.711684 0.709469 0.704815 0.711542 0.696393 0.709663 0.688747 0.705970 0.682332 0.693076 0.687063 0.681413 0.697688 0.677007 0.709027 0.676813 0.715247 0.682968 0.717969 0.692881 0.717320 0.700786
1 0.742816 0.707861 0.736803 0.705901 0.727141 0.696238 0.730789 0.689887 0.739168 0.685157 0.748088 0.685292 0.751466 0.693874 0.748493 0.700834
1 0.737141 0.726173 0.732208 0.725768 0.725789 0.722524 0.725181 0.714146 0.727748 0.707320 0.738897 0.707658 0.744371 0.714348 0.742411 0.720564
1 0.763729 0.703319 0.756552 0.699533 0.753949 0.691489 0.752846 0.681395 0.760969 0.674928 0.772641 0.673508 0.777925 0.680448 0.777609 0.686994 0.774849 0.695038
1 0.709852 0.679837 0.704345 0.677344 0.701644 0.673084 0.702891 0.665915 0.709384 0.664771 0.715047 0.668876 0.714631 0.674850 0.714060 0.677967
1 0.738716 0.688720 0.731153 0.688586 0.723189 0.686846 0.719509 0.681626 0.715226 0.673996 0.718170 0.666567 0.724527 0.662619 0.737846 0.664961 0.745810 0.670516 0.748019 0.677543 0.745073 0.684035
1 0.775001 0.741889 0.767113 0.741494 0.761296 0.737944 0.757155 0.730648 0.760605 0.722661 0.767311 0.716746 0.777368 0.720887 0.781114 0.727296 0.780720 0.733212
1 0.810201 0.747312 0.802511 0.745537 0.797384 0.740113 0.797778 0.731043 0.804877 0.725226 0.813455 0.730057 0.817202 0.735479 0.816216 0.740508
1 0.844775 0.700045 0.838580 0.700314 0.832788 0.695668 0.831307 0.687788 0.836155 0.681862 0.845449 0.680583 0.851847 0.686441 0.850230 0.696004
1 0.845584 0.712773 0.841610 0.715736 0.836088 0.717218 0.828007 0.715534 0.825852 0.710079 0.828209 0.702335 0.838513 0.698766 0.844910 0.703816 0.844978 0.709069
1 0.826593 0.711292 0.821340 0.710281 0.814471 0.708665 0.809353 0.701729 0.811710 0.692704 0.816896 0.686576 0.826660 0.689001 0.833260 0.694052 0.833058 0.699305 0.833934 0.702537
1 0.806229 0.706413 0.799735 0.704892 0.800648 0.688556 0.810084 0.693629 0.810287 0.701543
1 0.794881 0.699890 0.789058 0.700164 0.784003 0.695439 0.783729 0.688353 0.785761 0.684178 0.793672 0.682529 0.797902 0.686540 0.799935 0.692198
1 0.783563 0.718403 0.779443 0.717635 0.771752 0.714118 0.768676 0.710657 0.765874 0.701428 0.770104 0.698077 0.782904 0.696978 0.790156 0.702362 0.790705 0.710822 0.788179 0.717140
1 0.982438 0.052557 0.972589 0.056935 0.965038 0.052885 0.959348 0.042051 0.962083 0.025964 0.973574 0.016005 0.988348 0.018303 0.992835 0.032311 0.988677 0.045006
1 0.858063 0.131237 0.849783 0.133164 0.842074 0.129524 0.839076 0.122672 0.839076 0.114392 0.846071 0.104255 0.859990 0.105896 0.866771 0.110894 0.865915 0.122743
1 0.839739 0.167328 0.833848 0.167898 0.827005 0.166061 0.823014 0.157762 0.823711 0.146928 0.829539 0.144964 0.840183 0.147244 0.843983 0.153960 0.843794 0.161816
1 0.878886 0.143204 0.871175 0.143798 0.865639 0.141623 0.862673 0.132627 0.866133 0.123631 0.877402 0.124026 0.883136 0.131638 0.884224 0.137668
1 0.911212 0.148938 0.905479 0.148543 0.896581 0.146467 0.890254 0.136877 0.890946 0.125904 0.897471 0.117402 0.908147 0.116216 0.915265 0.124026 0.920702 0.136482 0.918626 0.143698
1 0.924025 0.073706 0.917716 0.074170 0.908621 0.069345 0.907508 0.060528 0.905837 0.053847 0.910105 0.046052 0.920499 0.047630 0.927181 0.056909 0.928479 0.067303
1 0.934326 0.059786 0.928479 0.061271 0.923005 0.055146 0.923098 0.047073 0.930614 0.041969 0.938966 0.049207 0.939430 0.055425
0 1.000000 0.115870 0.997478 0.114453 0.985274 0.114998 0.977211 0.119466 0.973288 0.127093 0.970564 0.138533 0.968712 0.152808 0.975468 0.166428 0.986800 0.175472 1.000000 0.178850 1.000000 0.174817
1 0.966032 0.182069 0.960204 0.184228 0.953657 0.182357 0.946605 0.177177 0.942360 0.166959 0.947325 0.158973 0.959054 0.156958 0.969198 0.165160 0.972508 0.173363 0.971285 0.178328
1 0.958405 0.207756 0.954521 0.209626 0.944951 0.205957 0.942864 0.198330 0.947253 0.190056 0.958981 0.188185 0.963370 0.195164 0.961140 0.202071
0 1.000000 0.182029 0.993160 0.181229 0.981031 0.186294 0.971835 0.193758 0.967437 0.203087 0.961972 0.216948 0.964104 0.231477 0.964904 0.245737 0.962505 0.255067 0.956374 0.266130 0.945312 0.271728 0.934516 0.281724 0.928159 0.302319 0.929631 0.317771 0.937724 0.340211 0.946911 0.361975 0.957399 0.376808 0.971782 0.392390 0.984368 0.399132 0.996056 0.394338 1.000000 0.388943
1 0.955670 0.231521 0.949454 0.232896 0.942103 0.230026 0.936065 0.222196 0.936484 0.216937 0.942581 0.209585 0.950291 0.208629 0.957045 0.215383 0.959974 0.221658 0.960332 0.225962
1 0.937942 0.257028 0.931902 0.258538 0.921332 0.257947 0.916736 0.255453 0.913520 0.244816 0.917064 0.235888 0.923695 0.229322 0.935185 0.230308 0.942670 0.239302 0.942670 0.248690
1 0.920317 0.284153 0.912197 0.285246 0.900251 0.281811 0.895410 0.275721 0.893224 0.267054 0.899938 0.258543 0.907824 0.251672 0.918678 0.251828 0.924299 0.254795 0.924846 0.271114 0.924846 0.276657
0 0.532262 0.473362 0.533890 0.461639 0.539101 0.452629 0.553430 0.457297 0.568084 0.471191 0.574706 0.484001 0.577202 0.499524 0.575683 0.518738 0.567541 0.523731 0.548653 0.526228 0.542791 0.522429 0.537038 0.511139
1 0.203166 0.437737 0.197771 0.437677 0.193097 0.435040 0.190040 0.430365 0.188962 0.425211 0.190040 0.419637 0.195555 0.414482 0.201967 0.414123 0.205683 0.419697 0.205623 0.429586 0.205683 0.433901
1 0.120749 0.416620 0.113101 0.416133 0.105290 0.415237 0.098050 0.411657 0.099921 0.404254 0.103175 0.398559 0.114972 0.396769 0.123515 0.401895 0.125955 0.407183 0.125386 0.411414
1 0.181891 0.358821 0.176805 0.359447 0.170857 0.359604 0.165224 0.356630 0.165693 0.349588 0.170388 0.341763 0.177665 0.343015 0.181499 0.348101 0.184473 0.349588
1 0.223216 0.319162 0.216731 0.320699 0.210716 0.319897 0.207105 0.313613 0.207641 0.308065 0.212721 0.300512 0.221210 0.299041 0.227627 0.305993 0.228162 0.312478 0.227627 0.315151
1 0.180206 0.294807 0.172270 0.294417 0.165830 0.292271 0.162643 0.285830 0.167131 0.280757 0.177214 0.277049 0.185604 0.280562 0.186060 0.288303 0.184174 0.291880
1 0.228160 0.298884 0.220416 0.299886 0.213219 0.300614 0.207024 0.298063 0.206204 0.287404 0.213492 0.278021 0.226794 0.281027 0.232624 0.286949 0.234355 0.293690
0 0.708395 0.546447 0.713360 0.529536 0.723158 0.515176 0.739666 0.511149 0.751610 0.513297 0.756710 0.526853 0.760469 0.540810 0.758724 0.556110 0.757516 0.569128 0.764897 0.577718 0.777403 0.577704 0.784651 0.586431 0.795448 0.590720 0.799294 0.602108 0.800033 0.613793 0.796188 0.623259 0.783172 0.624442 0.766311 0.624591 0.754773 0.619562 0.741019 0.612758 0.728742 0.604327 0.717501 0.605511 0.712620 0.602257 0.709070 0.588058 0.704485 0.568830
1 0.774753 0.539034 0.768778 0.540088 0.763419 0.536926 0.758411 0.529194 0.760695 0.520936 0.774313 0.515577 0.779673 0.518124 0.781166 0.526822 0.778970 0.533235
1 0.796329 0.513639 0.791783 0.515047 0.783011 0.514983 0.777312 0.509604 0.778528 0.499872 0.787108 0.492572 0.798122 0.489563 0.801836 0.493597 0.803309 0.500256 0.800619 0.508196
1 0.781797 0.502011 0.775520 0.503091 0.770119 0.499445 0.769512 0.490468 0.773359 0.483988 0.779502 0.481896 0.786387 0.484056 0.787939 0.490198 0.787265 0.494181
1 0.790830 0.581478 0.782396 0.581478 0.772726 0.578804 0.768714 0.570060 0.770565 0.560288 0.777767 0.553499 0.790521 0.553087 0.796076 0.559054 0.796179 0.572426
1 0.812979 0.545470 0.805557 0.547466 0.796298 0.547466 0.788316 0.540441 0.785922 0.531901 0.793105 0.526554 0.806514 0.526234 0.813937 0.531104 0.816491 0.537409
1 0.852280 0.542058 0.845730 0.542447 0.835672 0.543071 0.829355 0.540966 0.821792 0.526463 0.829434 0.515547 0.838322 0.506424 0.851500 0.505332 0.860467 0.515547 0.860545 0.528334 0.858752 0.536210
1 0.833616 0.492698 0.825055 0.492621 0.818050 0.490520 0.811355 0.484604 0.812445 0.474952 0.819373 0.468959 0.832526 0.467091 0.839454 0.473629 0.838754 0.484760 0.835874 0.489663
0 0.846261 0.567573 0.846830 0.556877 0.839320 0.549141 0.829763 0.545727 0.817815 0.549026 0.810762 0.555739 0.807803 0.570645 0.809737 0.583502 0.820660 0.596132 0.835680 0.599659 0.846375 0.604211 0.907690 0.626251 0.912149 0.636371 0.897227 0.650094 0.882476 0.665188 0.880417 0.694347 0.886249 0.704639 0.925808 0.736796 0.939187 0.757922 0.960549 0.741491 0.972755 0.722712 0.994350 0.738909 1.000000 0.743369 1.000000 0.612076 0.997838 0.614951 0.993525 0.628605 0.980382 0.653039 0.977159 0.657694 0.959792 0.627973 0.953704 0.612217 0.940634 0.603801 0.910374 0.596460
1 0.879596 0.573101 0.871575 0.572432 0.865847 0.565558 0.864128 0.557250 0.871099 0.549611 0.881602 0.552858 0.885038 0.559351
1 0.958782 0.597405 0.950715 0.597043 0.942375 0.591150 0.939475 0.583627 0.944187 0.574835 0.952346 0.570937 0.957785 0.569577 0.963405 0.574926 0.965853 0.582268 0.964312 0.592964
1 0.952350 0.464313 0.943947 0.464931 0.938140 0.459247 0.933320 0.449115 0.940363 0.440219 0.953461 0.438612 0.958774 0.449980 0.959393 0.457394
1 0.937121 0.592637 0.932042 0.592025 0.927392 0.589026 0.925127 0.582785 0.929288 0.577400 0.934122 0.575687 0.939263 0.580153 0.940241 0.587436
1 0.875665 0.513928 0.870995 0.513524 0.867211 0.508693 0.866728 0.501850 0.871800 0.497019 0.878805 0.499998 0.880496 0.506439
1 0.863266 0.499837 0.858998 0.501125 0.853201 0.498227 0.851993 0.490577 0.853926 0.485907 0.863990 0.483492 0.867774 0.489611 0.868579 0.494442
1 0.980110 0.828893 0.974071 0.827215 0.968416 0.822949 0.969806 0.816335 0.974216 0.810775 0.981069 0.811303 0.984185 0.816000 0.984664 0.822662 0.983609 0.826305
1 0.895655 0.809721 0.890420 0.808996 0.886312 0.802955 0.884943 0.797155 0.891709 0.791438 0.898797 0.793450 0.900649 0.802553
1 0.925785 0.828502 0.922151 0.828041 0.919184 0.823282 0.918774 0.817858 0.922459 0.814071 0.926194 0.814071 0.929214 0.817756 0.929214 0.823691
1 0.817642 0.864523 0.811215 0.863499 0.804974 0.856699 0.805160 0.848037 0.816804 0.843193 0.822393 0.848596 0.824535 0.856233 0.825373 0.860146
1 0.801674 0.788162 0.796313 0.786878 0.792182 0.783694 0.790785 0.779954 0.792349 0.773867 0.797430 0.770573 0.801506 0.771578 0.805415 0.777943 0.804856 0.783918
1 0.722886 0.770262 0.718808 0.771105 0.712479 0.764987 0.712619 0.753174 0.716064 0.750572 0.724081 0.750431 0.727105 0.758307 0.726754 0.764636
1 0.684479 0.758655 0.679403 0.758866 0.674751 0.755589 0.673746 0.749614 0.677235 0.743482 0.683738 0.743218 0.687016 0.746549 0.687915 0.753263
1 0.687016 0.768224 0.683844 0.767801 0.678028 0.766268 0.674646 0.760980 0.677553 0.757175 0.684161 0.757122 0.688549 0.761298 0.688813 0.763994
1 0.707504 0.892611 0.702153 0.891901 0.696475 0.888297 0.694782 0.881472 0.693854 0.875957 0.699041 0.870225 0.706903 0.870771 0.711708 0.876504 0.714548 0.884476 0.712909 0.889116
1 0.725264 0.892548 0.720797 0.893144 0.716182 0.889868 0.714196 0.884210 0.719011 0.880041 0.726753 0.878949 0.732212 0.883416 0.731518 0.888330 0.729979 0.891754
1 0.684979 0.888149 0.677011 0.888576 0.671177 0.887224 0.665912 0.880109 0.668260 0.870860 0.677509 0.868156 0.686758 0.870789 0.690315 0.877690 0.686474 0.883738
1 0.695952 0.802834 0.689118 0.804970 0.680063 0.800784 0.679379 0.791729 0.682882 0.783527 0.693646 0.780623 0.700907 0.785578 0.701676 0.796171
1 0.658050 0.794262 0.652094 0.795680 0.648804 0.791879 0.647612 0.784959 0.650563 0.776450 0.656121 0.775600 0.660432 0.779627 0.660489 0.788419
1 0.668480 0.902634 0.662262 0.901965 0.656846 0.898822 0.655575 0.891467 0.661125 0.884779 0.666742 0.882104 0.671557 0.887521 0.672292 0.894142 0.671155 0.900093
1 0.717602 0.960073 0.709035 0.959816 0.701498 0.957761 0.698157 0.948853 0.703211 0.938831 0.713661 0.936433 0.721198 0.944569 0.721970 0.954935
1 0.682965 0.991884 0.675846 0.992115 0.669500 0.988865 0.667102 0.983448 0.671977 0.976793 0.681495 0.974395 0.685364 0.978883 0.686215 0.986312
1 0.693335 0.979502 0.687376 0.979502 0.681495 0.976871 0.679173 0.971531 0.682888 0.964489 0.690395 0.963793 0.696585 0.968281 0.697049 0.973930
1 0.546195 0.909566 0.540877 0.909566 0.533115 0.906267 0.531037 0.899481 0.534582 0.894348 0.545645 0.895447 0.549984 0.901315 0.549679 0.905899
1 0.529826 0.889228 0.524139 0.889615 0.519485 0.889228 0.517417 0.882765 0.519743 0.875525 0.529503 0.871777 0.533575 0.876172 0.532929 0.882441
0 0.641527 0.896538 0.640625 0.898438 0.638467 0.900680 0.634325 0.906892 0.631444 0.914273 0.631354 0.922017 0.626953 0.924805 0.623047 0.930664 0.621722 0.939302 0.615510 0.944253 0.609479 0.944073 0.605697 0.938401 0.607048 0.928048 0.608038 0.921386 0.603896 0.921566 0.596334 0.913823 0.593543 0.902030 0.604437 0.902750 0.609208 0.901670 0.610469 0.889156 0.616590 0.885915 0.626224 0.884475 0.631895 0.885375 0.639614 0.876524 0.642918 0.876437 0.646396 0.880003 0.645874 0.885914
0 0.058627 0.525932 0.063814 0.518994 0.068127 0.515245 0.077813 0.516308 0.085876 0.520182 0.089313 0.525119 0.089188 0.532494 0.086438 0.538993 0.084001 0.546243 0.084438 0.551431 0.081438 0.557055 0.075876 0.556181 0.068689 0.553181 0.062502 0.548306 0.057439 0.542181 0.054314 0.537057 0.058502 0.528932
1 0.082737 0.514037 0.077521 0.513754 0.069922 0.508707 0.067428 0.502584 0.068901 0.495949 0.074005 0.490733 0.081093 0.490790 0.087613 0.496120 0.089371 0.502187 0.089484 0.508027 0.086252 0.511600
1 0.151733 0.483547 0.144592 0.480586 0.140673 0.472835 0.139367 0.464127 0.145725 0.456376 0.154694 0.456725 0.159049 0.463691 0.157481 0.474838 0.156610 0.476929
1 0.218466 0.610894 0.211973 0.612284 0.205294 0.609688 0.197687 0.601432 0.200007 0.591136 0.206036 0.583808 0.213921 0.584086 0.221527 0.593547 0.224866 0.600968
1 0.189613 0.599390 0.183513 0.598620 0.178300 0.595836 0.175693 0.590387 0.177293 0.582567 0.184993 0.579429 0.190680 0.581620 0.193582 0.588847 0.193286 0.596073
1 0.282582 0.571676 0.276344 0.570156 0.269066 0.563519 0.273385 0.553842 0.281382 0.550403 0.288340 0.553362 0.290179 0.560239 0.287860 0.566237
1 0.297937 0.579513 0.291618 0.579593 0.286580 0.576474 0.282662 0.565518 0.289300 0.559680 0.297297 0.559680 0.302895 0.567117 0.302895 0.573515
0 0.285493 0.603294 0.289702 0.608064 0.289235 0.616296 0.282781 0.622001 0.274270 0.628269 0.264073 0.626585 0.256311 0.621721 0.246956 0.612367 0.245647 0.600862 0.244618 0.591228 0.251914 0.582529 0.264541 0.579536 0.270435 0.585055 0.276701 0.589450 0.281098 0.594221
1 0.309573 0.626075 0.303236 0.626075 0.296750 0.621603 0.298092 0.615266 0.305622 0.610196 0.311735 0.610792 0.313077 0.618023
1 0.538295 0.593959 0.531739 0.592742 0.526940 0.587470 0.527414 0.581522 0.532618 0.579900 0.537822 0.581455 0.540661 0.586659 0.541742 0.590917
1 0.497876 0.643677 0.487528 0.642745 0.478525 0.637675 0.478008 0.627947 0.481216 0.617807 0.491563 0.616669 0.499635 0.624016 0.504499 0.632294 0.504085 0.636847
0 0.002117 0.508676 0.015674 0.514857 0.032483 0.515508 0.043111 0.520821 0.051354 0.525702 0.050160 0.533076 0.042786 0.535570 0.033784 0.539258 0.030640 0.546524 0.021747 0.551296 0.012637 0.553140 0.000000 0.551729 0.000000 0.548042
0 0.033865 0.706810 0.037533 0.694979 0.041082 0.683385 0.049245 0.673803 0.055396 0.675222 0.063087 0.699356 0.061667 0.712725 0.057408 0.723135 0.050901 0.727985 0.040964 0.731416 0.033747 0.718994
1 0.067075 0.759875 0.060525 0.758765 0.058639 0.738896 0.068074 0.737229 0.071959 0.744001 0.073181 0.751328
1 0.068154 0.805613 0.063320 0.806053 0.056218 0.804809 0.050358 0.797852 0.053142 0.790089 0.062369 0.786428 0.069032 0.793604 0.070644 0.799682
1 0.075989 0.799462 0.068594 0.794189 0.064639 0.787672 0.063467 0.780788 0.069838 0.775955 0.075257 0.778812 0.077381 0.784816 0.078187 0.794336
1 0.101227 0.806621 0.094562 0.806823 0.089311 0.802447 0.081838 0.799754 0.084060 0.791204 0.091061 0.787771 0.098668 0.790464 0.104256 0.793628 0.105333 0.800966 0.104458 0.804332
1 0.071890 0.830203 0.063529 0.830621 0.054835 0.828196 0.051574 0.820756 0.053580 0.811894 0.062860 0.806125 0.072308 0.808884 0.074649 0.820003 0.073980 0.827276
1 0.066623 0.852107 0.059099 0.851773 0.052410 0.849767 0.051825 0.841071 0.053831 0.835638 0.064533 0.834467 0.069215 0.841573 0.069215 0.846255
1 0.002401 0.876314 0.015198 0.877709 0.023237 0.882549 0.026602 0.892312 0.026766 0.903960 0.020202 0.909702 0.010440 0.909128 0.001827 0.906257 0.000000 0.901499
1 0.237118 0.976863 0.225728 0.974997 0.220817 0.970578 0.221211 0.961839 0.228183 0.958206 0.236431 0.957616 0.239278 0.964785 0.241635 0.970382
1 0.193848 0.999827 0.194177 0.992360 0.196099 0.987254 0.203841 0.986155 0.208618 0.990493 0.209771 0.995654 0.210814 0.999938
0 0.198530 0.954181 0.196348 0.960104 0.192061 0.969848 0.191125 0.972888 0.185201 0.975850 0.177251 0.971641 0.173042 0.961819 0.170392 0.950596 0.162285 0.946230 0.160181 0.934616 0.168677 0.931967 0.180524 0.931265 0.188163 0.936565 0.193229 0.941397 0.196815 0.945062
0 0.256836 0.870117 0.255859 0.878906 0.256836 0.889648 0.261753 0.897317 0.257731 0.906933 0.246718 0.907632 0.224166 0.903786 0.207559 0.895220 0.190430 0.885742 0.185706 0.870570 0.188477 0.863281 0.195312 0.854492 0.198468 0.837180 0.214726 0.824941 0.237452 0.820746 0.259479 0.823893 0.268221 0.828613 0.277344 0.836914 0.293035 0.834216 0.314686 0.842407 0.325195 0.851562 0.335165 0.851965 0.346680 0.861328 0.364258 0.869141 0.367188 0.876953 0.360214 0.876302 0.344408 0.872563 0.302599 0.863215 0.288323 0.860156 0.272857 0.860496 0.263672 0.863281
1 0.373467 0.811449 0.367026 0.811980 0.360784 0.806934 0.364968 0.795845 0.370545 0.795048 0.374861 0.796442 0.377252 0.804344 0.376721 0.808660
1 0.362369 0.837993 0.357986 0.841376 0.354219 0.841761 0.348990 0.837993 0.350375 0.830535 0.353296 0.824691 0.357679 0.821847 0.362446 0.824076 0.362984 0.830228
1 0.451152 0.729255 0.446416 0.732011 0.440904 0.732270 0.437804 0.726585 0.439612 0.720126 0.447622 0.715906 0.453134 0.719954 0.452789 0.724949
1 0.359471 0.738879 0.357683 0.742640 0.353244 0.746462 0.348313 0.749113 0.344983 0.747202 0.345785 0.741345 0.345785 0.735735 0.350594 0.732591 0.355710 0.733454 0.358423 0.735797
1 0.371197 0.692818 0.366407 0.693716 0.363354 0.691262 0.361318 0.684915 0.365210 0.678868 0.370957 0.677910 0.372693 0.682400 0.373472 0.688088
1 0.417771 0.768082 0.412448 0.768132 0.407772 0.764054 0.406479 0.756692 0.410657 0.752465 0.416825 0.750873 0.419511 0.754951 0.419859 0.760870
1 0.456433 0.851013 0.452851 0.851559 0.449633 0.849069 0.446719 0.845002 0.448055 0.839295 0.452607 0.838810 0.457768 0.842088 0.459164 0.845185
1 0.464155 0.899466 0.457419 0.898894 0.456030 0.894770 0.454969 0.889340 0.458072 0.885257 0.463054 0.885216 0.465013 0.889993 0.465830 0.896444
0 0.425629 0.831910 0.423718 0.838141 0.419397 0.851184 0.416075 0.860072 0.411506 0.862481 0.405524 0.863063 0.400955 0.856334 0.404444 0.846033 0.407103 0.837892 0.410675 0.830747 0.416324 0.822356 0.420894 0.813135 0.425047 0.808150 0.427872 0.815129 0.431361 0.820528 0.432523 0.826676 0.429533 0.829501
1 0.317383 0.056641 0.325195 0.061523 0.325195 0.068359 0.316406 0.070312 0.312500 0.061523 0.312500 0.061523
1 0.322266 0.104492 0.327148 0.110352 0.323242 0.117188 0.315430 0.115234 0.315430 0.115234 0.313477 0.107422 0.317383 0.100586
1 0.345703 0.100586 0.349609 0.108398 0.349609 0.108398 0.347656 0.113281 0.347656 0.113281 0.333984 0.112305 0.334961 0.101562
1 0.094727 0.247070 0.093750 0.258789 0.086914 0.261719 0.086914 0.261719 0.082031 0.255859 0.073242 0.257812 0.073242 0.257812 0.066406 0.252930 0.072266 0.244141 0.085938 0.243164
1 0.238281 0.281250 0.242188 0.290039 0.240234 0.294922 0.240234 0.294922 0.233398 0.295898 0.229492 0.288086 0.229492 0.288086 0.233398 0.283203
1 0.361328 0.337891 0.360352 0.347656 0.356445 0.356445 0.356445 0.356445 0.344727 0.351562 0.337891 0.338867 0.347656 0.329102 0.355469 0.330078
1 0.192383 0.335938 0.198242 0.342773 0.195312 0.352539 0.195312 0.352539 0.185547 0.351562 0.184570 0.340820 0.186523 0.333984
1 0.217773 0.338867 0.218750 0.346680 0.218750 0.346680 0.209961 0.348633 0.205078 0.349609 0.202148 0.339844 0.202148 0.339844 0.208008 0.335938
1 0.216797 0.333008 0.221680 0.325195 0.228516 0.323242 0.228516 0.331055 0.232422 0.334961 0.232422 0.334961 0.230469 0.340820 0.223633 0.339844 0.223633 0.339844 0.215820 0.340820 0.215820 0.340820 0.211914 0.335938 0.211914 0.335938
1 0.201172 0.325195 0.201172 0.331055 0.198242 0.336914 0.193359 0.333008 0.193359 0.326172
1 0.113281 0.278320 0.115234 0.286133 0.113281 0.291016 0.107422 0.290039 0.104492 0.281250
1 0.169922 0.416992 0.168945 0.425781 0.164062 0.428711 0.157227 0.428711 0.157227 0.418945 0.157227 0.418945 0.160156 0.409180 0.166016 0.409180 0.167969 0.413086
1 0.177734 0.416016 0.185547 0.416992 0.185547 0.416992 0.187500 0.428711 0.186523 0.435547 0.186523 0.435547 0.177734 0.436523 0.177734 0.436523 0.167969 0.431641 0.165039 0.425781 0.171875 0.420898
1 0.111328 0.504883 0.112305 0.514648 0.112305 0.514648 0.106445 0.515625 0.102539 0.510742 0.105469 0.501953 0.105469 0.501953
1 0.125000 0.501953 0.126953 0.507812 0.126953 0.507812 0.125000 0.513672 0.125000 0.513672 0.116211 0.510742 0.118164 0.502930 0.123047 0.500977
1 0.134766 0.504883 0.137695 0.509766 0.131836 0.512695 0.129883 0.506836
0 0.227539 0.490234 0.232422 0.496094 0.229492 0.502930 0.229492 0.502930 0.223633 0.504883 0.220703 0.507812 0.214844 0.508789 0.209961 0.501953 0.209961 0.501953 0.212891 0.490234 0.212891 0.490234 0.219727 0.486328
1 0.169922 0.468750 0.170898 0.474609 0.167969 0.478516 0.167969 0.478516 0.161133 0.477539 0.163086 0.469727 0.163086 0.469727
1 0.165039 0.477539 0.166016 0.485352 0.164062 0.489258 0.159180 0.486328 0.159180 0.479492
1 0.162109 0.489258 0.163086 0.495117 0.159180 0.500977 0.154297 0.500000 0.154297 0.491211 0.159180 0.487305
1 0.154297 0.505859 0.160156 0.511719 0.160156 0.517578 0.153320 0.515625 0.148438 0.518555 0.148438 0.518555 0.144531 0.515625 0.145508 0.508789 0.148438 0.505859
1 0.138672 0.510742 0.143555 0.511719 0.142578 0.517578 0.139648 0.519531 0.133789 0.517578 0.128906 0.511719
1 0.121094 0.549805 0.124023 0.557617 0.123047 0.564453 0.114258 0.563477 0.104492 0.560547 0.104492 0.560547 0.107422 0.551758 0.107422 0.551758 0.116211 0.548828
1 0.145508 0.551758 0.148438 0.556641 0.148438 0.556641 0.147461 0.561523 0.139648 0.562500 0.136719 0.556641 0.139648 0.551758
1 0.050781 0.488281 0.053711 0.495117 0.053711 0.495117 0.051758 0.501953 0.051758 0.501953 0.042969 0.500977 0.042969 0.500977 0.041992 0.493164 0.044922 0.488281
1 0.050781 0.473633 0.054688 0.477539 0.054688 0.477539 0.053711 0.483398 0.049805 0.484375 0.046875 0.480469 0.048828 0.475586
1 0.000000 0.563477 0.007812 0.567383 0.007812 0.567383 0.011719 0.572266 0.009766 0.578125 0.000000 0.577148 0.000000 0.577148
1 0.031250 0.572266 0.034180 0.582031 0.030273 0.586914 0.023438 0.582031 0.023438 0.582031 0.022461 0.574219 0.022461 0.574219
1 0.027344 0.584961 0.028320 0.590820 0.018555 0.590820 0.015625 0.583008 0.018555 0.577148 0.018555 0.577148 0.022461 0.576172
1 0.057617 0.598633 0.060547 0.603516 0.060547 0.603516 0.057617 0.606445 0.051758 0.606445 0.051758 0.601562
1 0.159180 0.537109 0.152344 0.544922 0.149414 0.544922 0.148438 0.537109 0.152344 0.534180
1 0.122070 0.589844 0.124023 0.594727 0.122070 0.598633 0.119141 0.598633 0.116211 0.593750 0.116211 0.588867
1 0.050781 0.633789 0.052734 0.643555 0.046875 0.647461 0.043945 0.644531 0.040039 0.639648 0.044922 0.632812
1 0.020508 0.710938 0.023438 0.716797 0.027344 0.723633 0.027344 0.723633 0.023438 0.727539 0.016602 0.726562 0.012695 0.721680 0.007812 0.715820 0.012695 0.710938
1 0.028320 0.723633 0.036133 0.725586 0.039062 0.736328 0.036133 0.742188 0.036133 0.742188 0.029297 0.742188 0.026367 0.738281 0.022461 0.727539
1 0.022461 0.743164 0.025391 0.749023 0.023438 0.756836 0.015625 0.756836 0.012695 0.748047 0.012695 0.748047 0.016602 0.742188
1 0.040039 0.744141 0.043945 0.749023 0.040039 0.756836 0.030273 0.753906 0.030273 0.745117 0.033203 0.742188
1 0.121094 0.764648 0.120117 0.773438 0.120117 0.773438 0.116211 0.778320 0.116211 0.778320 0.112305 0.773438 0.104492 0.768555 0.106445 0.762695 0.114258 0.757812 0.114258 0.757812 0.120117 0.757812
1 0.145508 0.800781 0.144531 0.811523 0.141602 0.820312 0.134766 0.822266 0.134766 0.822266 0.127930 0.815430 0.128906 0.809570 0.134766 0.806641 0.137695 0.799805 0.141602 0.797852
1 0.131836 0.826172 0.133789 0.833008 0.132812 0.839844 0.124023 0.840820 0.120117 0.834961 0.123047 0.826172 0.123047 0.826172
1 0.091797 0.858398 0.086914 0.863281 0.086914 0.863281 0.081055 0.860352 0.081055 0.860352 0.079102 0.855469 0.082031 0.850586 0.088867 0.850586
1 0.096680 0.858398 0.101562 0.860352 0.100586 0.867188 0.093750 0.866211 0.087891 0.863281 0.088867 0.858398
1 0.104492 0.861328 0.110352 0.862305 0.110352 0.862305 0.111328 0.866211 0.107422 0.870117 0.099609 0.865234 0.098633 0.861328
1 0.124023 0.867188 0.124023 0.875000 0.119141 0.878906 0.114258 0.876953 0.108398 0.872070 0.111328 0.865234 0.111328 0.865234 0.117188 0.867188
1 0.135742 0.875977 0.144531 0.879883 0.147461 0.884766 0.142578 0.887695 0.135742 0.893555 0.129883 0.890625 0.126953 0.882812 0.129883 0.876953 0.129883 0.876953
1 0.146484 0.884766 0.152344 0.886719 0.157227 0.889648 0.159180 0.894531 0.156250 0.899414 0.154297 0.901367 0.148438 0.898438 0.143555 0.895508 0.138672 0.891602 0.139648 0.885742 0.139648 0.885742
0 0.026367 0.893555 0.032227 0.895508 0.039062 0.895508 0.044922 0.893555 0.049805 0.894531 0.051758 0.896484 0.056641 0.897461 0.063477 0.894531 0.063477 0.894531 0.070312 0.890625 0.076172 0.893555 0.079102 0.896484 0.084961 0.893555 0.089844 0.893555 0.094727 0.896484 0.099609 0.900391 0.099609 0.900391 0.098633 0.907227 0.096680 0.915039 0.081055 0.913086 0.073242 0.912109 0.075195 0.917969 0.073242 0.926758 0.064453 0.929688 0.056641 0.925781 0.055664 0.914062 0.051758 0.910156 0.041016 0.910156 0.032227 0.904297 0.025391 0.900391
1 0.065430 0.946289 0.071289 0.953125 0.069336 0.958984 0.062500 0.962891 0.057617 0.956055 0.058594 0.948242
1 0.186523 0.910156 0.189453 0.915039 0.189453 0.915039 0.187500 0.919922 0.182617 0.919922 0.182617 0.919922 0.179688 0.916016 0.179688 0.916016 0.181641 0.910156 0.181641 0.910156
1 0.179688 0.909180 0.179688 0.915039 0.170898 0.916992 0.170898 0.910156
1 0.176758 0.921875 0.181641 0.924805 0.183594 0.929688 0.181641 0.933594 0.173828 0.933594 0.167969 0.930664 0.167969 0.924805 0.167969 0.924805 0.174805 0.922852
1 0.207031 0.960938 0.208984 0.965820 0.208984 0.965820 0.205078 0.968750 0.199219 0.963867 0.200195 0.958984 0.203125 0.957031
1 0.213867 0.955078 0.209961 0.958984 0.205078 0.956055 0.207031 0.952148 0.210938 0.951172
1 0.220703 0.956055 0.222656 0.962891 0.222656 0.962891 0.218750 0.968750 0.211914 0.969727 0.211914 0.969727 0.208008 0.961914 0.208008 0.961914 0.211914 0.956055
1 0.245117 0.942383 0.248047 0.949219 0.244141 0.954102 0.244141 0.954102 0.237305 0.954102 0.236328 0.948242 0.238281 0.944336
1 0.264648 0.957031 0.265625 0.962891 0.260742 0.965820 0.257812 0.961914 0.260742 0.957031
1 0.257812 0.937500 0.259766 0.942383 0.259766 0.948242 0.253906 0.949219 0.249023 0.946289 0.250000 0.939453 0.254883 0.938477
1 0.270508 0.915039 0.271484 0.919922 0.271484 0.919922 0.266602 0.922852 0.258789 0.921875 0.252930 0.915039 0.255859 0.910156 0.262695 0.911133
0 0.273438 0.914062 0.285156 0.916016 0.285156 0.916016 0.290039 0.918945 0.297852 0.919922 0.301758 0.923828 0.296875 0.925781 0.290039 0.926758 0.285156 0.929688 0.276367 0.929688 0.276367 0.929688 0.275391 0.934570 0.270508 0.938477 0.272461 0.943359 0.273438 0.948242 0.269531 0.951172 0.268555 0.957031 0.261719 0.955078 0.263672 0.945312 0.264648 0.940430 0.268555 0.933594 0.268555 0.927734 0.268555 0.927734 0.271484 0.921875 0.271484 0.916992
1 0.201172 0.690430 0.203125 0.697266 0.203125 0.697266 0.200195 0.703125 0.195312 0.701172 0.193359 0.694336
1 0.199219 0.674805 0.204102 0.677734 0.204102 0.677734 0.205078 0.684570 0.205078 0.684570 0.200195 0.686523 0.200195 0.686523 0.195312 0.683594
1 0.214844 0.665039 0.219727 0.668945 0.220703 0.676758 0.223633 0.681641 0.219727 0.687500 0.212891 0.689453 0.207031 0.682617 0.208008 0.669922 0.208008 0.669922
1 0.188477 0.639648 0.189453 0.650391 0.186523 0.655273 0.180664 0.652344 0.180664 0.652344 0.179688 0.644531 0.179688 0.637695 0.183594 0.636719
1 0.284180 0.582031 0.280273 0.587891 0.275391 0.587891 0.268555 0.582031 0.269531 0.576172 0.269531 0.576172 0.273438 0.572266 0.280273 0.575195
1 0.267578 0.504883 0.273438 0.504883 0.276367 0.508789 0.273438 0.512695 0.266602 0.511719 0.260742 0.507812
1 0.333008 0.475586 0.332031 0.481445 0.327148 0.482422 0.324219 0.478516 0.325195 0.473633 0.330078 0.472656
1 0.351562 0.480469 0.352539 0.486328 0.347656 0.488281 0.345703 0.483398 0.346680 0.478516
1 0.358398 0.480469 0.361328 0.483398 0.360352 0.487305 0.354492 0.488281 0.353516 0.482422
1 0.384766 0.395508 0.387695 0.403320 0.386719 0.412109 0.390625 0.415039 0.388672 0.417969 0.382812 0.417969 0.376953 0.416016 0.372070 0.413086 0.367188 0.412109 0.365234 0.403320 0.365234 0.396484 0.369141 0.390625 0.372070 0.385742 0.376953 0.386719 0.382812 0.389648
1 0.320312 0.409180 0.320312 0.415039 0.313477 0.416992 0.310547 0.412109 0.312500 0.407227
1 0.315430 0.422852 0.315430 0.430664 0.312500 0.434570 0.305664 0.433594 0.306641 0.424805 0.309570 0.420898
1 0.243164 0.139648 0.245117 0.145508 0.238281 0.148438 0.238281 0.148438 0.236328 0.141602 0.240234 0.138672
1 0.217773 0.087891 0.218750 0.093750 0.218750 0.093750 0.213867 0.095703 0.211914 0.089844
1 0.260742 0.143555 0.263672 0.147461 0.261719 0.152344 0.258789 0.150391 0.257812 0.146484 0.259766 0.144531
1 0.269531 0.144531 0.270508 0.146484 0.268555 0.149414 0.265625 0.150391 0.263672 0.144531
1 0.273438 0.146484 0.275391 0.150391 0.274414 0.154297 0.270508 0.154297 0.268555 0.151367 0.270508 0.146484
1 0.437500 0.014648 0.439453 0.026367 0.429688 0.032227 0.422852 0.020508 0.422852 0.020508 0.429688 0.012695
1 0.424805 0.270508 0.425781 0.277344 0.417969 0.282227 0.411133 0.277344 0.413086 0.270508 0.413086 0.270508 0.417969 0.268555
1 0.441406 0.297852 0.443359 0.302734 0.443359 0.302734 0.440430 0.308594 0.434570 0.303711
1 0.416992 0.452148 0.414062 0.460938 0.414062 0.460938 0.408203 0.460938 0.403320 0.459961 0.402344 0.454102 0.409180 0.451172 0.409180 0.451172
1 0.397461 0.460938 0.402344 0.466797 0.402344 0.466797 0.401367 0.471680 0.392578 0.471680 0.389648 0.467773 0.389648 0.467773 0.393555 0.462891
1 0.390625 0.453125 0.393555 0.453125 0.397461 0.455078 0.397461 0.458984 0.391602 0.462891 0.386719 0.465820 0.383789 0.459961 0.385742 0.453125
1 0.500000 0.483398 0.501953 0.489258 0.498047 0.492188 0.493164 0.492188 0.491211 0.486328 0.493164 0.482422
1 0.478516 0.522461 0.479492 0.527344 0.472656 0.530273 0.472656 0.530273 0.465820 0.526367 0.464844 0.520508 0.470703 0.516602 0.474609 0.519531
1 0.364258 0.656250 0.365234 0.663086 0.365234 0.663086 0.361328 0.666016 0.357422 0.661133 0.358398 0.656250
1 0.387695 0.645508 0.392578 0.647461 0.391602 0.653320 0.387695 0.655273 0.384766 0.650391 0.384766 0.650391
1 0.394531 0.647461 0.398438 0.651367 0.397461 0.656250 0.394531 0.657227 0.390625 0.653320 0.390625 0.653320 0.391602 0.648438
1 0.384766 0.644531 0.384766 0.649414 0.380859 0.651367 0.376953 0.647461 0.379883 0.643555 0.379883 0.643555
1 0.377930 0.643555 0.377930 0.647461 0.373047 0.649414 0.370117 0.647461 0.373047 0.642578
1 0.373047 0.641602 0.370117 0.646484 0.364258 0.647461 0.363281 0.642578 0.367188 0.638672 0.367188 0.638672
1 0.364258 0.634766 0.360352 0.633789 0.357422 0.638672 0.358398 0.643555 0.362305 0.642578 0.364258 0.638672
1 0.365234 0.620117 0.368164 0.621094 0.369141 0.625977 0.368164 0.628906 0.363281 0.629883 0.363281 0.629883 0.361328 0.624023
1 0.371094 0.612305 0.372070 0.617188 0.368164 0.619141 0.365234 0.617188 0.366211 0.611328
1 0.373047 0.605469 0.374023 0.609375 0.371094 0.610352 0.367188 0.610352 0.367188 0.605469 0.369141 0.603516
1 0.382812 0.696289 0.384766 0.702148 0.381836 0.708008 0.373047 0.704102 0.375000 0.696289
0 0.381836 0.706055 0.395508 0.706055 0.405273 0.712891 0.409180 0.716797 0.416016 0.717773 0.421875 0.716797 0.426758 0.717773 0.427734 0.727539 0.425781 0.730469 0.426758 0.736328 0.426758 0.736328 0.423828 0.741211 0.419922 0.738281 0.416992 0.742188 0.414062 0.738281 0.414062 0.732422 0.410156 0.731445 0.405273 0.728516 0.402344 0.722656 0.396484 0.720703 0.388672 0.717773 0.384766 0.721680 0.380859 0.720703 0.380859 0.714844 0.377930 0.709961
1 0.503906 0.735352 0.504883 0.741211 0.501953 0.743164 0.497070 0.740234 0.500000 0.735352
1 0.506836 0.725586 0.510742 0.720703 0.507812 0.717773 0.503906 0.718750 0.501953 0.722656
1 0.413086 0.769531 0.412109 0.776367 0.412109 0.776367 0.405273 0.776367 0.406250 0.771484 0.406250 0.771484
1 0.433594 0.747070 0.434570 0.751953 0.430664 0.753906 0.426758 0.749023 0.429688 0.746094
1 0.351562 0.900391 0.351562 0.907227 0.351562 0.907227 0.345703 0.910156 0.342773 0.903320
1 0.438477 0.923828 0.440430 0.930664 0.440430 0.930664 0.441406 0.938477 0.434570 0.940430 0.428711 0.935547 0.424805 0.929688 0.429688 0.927734 0.430664 0.922852
1 0.629883 0.969727 0.629883 0.973633 0.627930 0.975586 0.625000 0.970703
1 0.626953 0.967773 0.625000 0.974609 0.621094 0.975586 0.619141 0.971680 0.620117 0.966797
1 0.645508 0.976562 0.644531 0.981445 0.639648 0.980469 0.639648 0.980469 0.637695 0.973633 0.642578 0.971680
1 0.649414 0.975586 0.658203 0.975586 0.660156 0.981445 0.649414 0.984375 0.645508 0.979492
1 0.659180 0.915039 0.666992 0.920898 0.667969 0.927734 0.665039 0.931641 0.655273 0.929688 0.654297 0.921875 0.653320 0.917969
1 0.757812 0.974609 0.758789 0.982422 0.754883 0.985352 0.750000 0.983398 0.748047 0.976562 0.752930 0.972656
1 0.748047 0.963867 0.754883 0.963867 0.757812 0.968750 0.757812 0.968750 0.750000 0.972656 0.744141 0.968750
1 0.753906 0.958984 0.754883 0.962891 0.750000 0.964844 0.745117 0.965820 0.742188 0.960938 0.742188 0.960938 0.748047 0.956055
1 0.671875 0.858398 0.672852 0.864258 0.668945 0.869141 0.663086 0.867188 0.663086 0.858398 0.663086 0.858398 0.668945 0.854492
1 0.690430 0.840820 0.690430 0.847656 0.684570 0.851562 0.679688 0.849609 0.679688 0.849609 0.679688 0.841797 0.684570 0.837891
1 0.681641 0.855469 0.684570 0.864258 0.681641 0.869141 0.673828 0.866211 0.672852 0.859375
1 0.641602 0.837891 0.641602 0.850586 0.638672 0.857422 0.630859 0.856445 0.630859 0.846680 0.631836 0.840820 0.634766 0.834961 0.638672 0.832031
1 0.648438 0.832031 0.647461 0.836914 0.642578 0.836914 0.640625 0.832031 0.644531 0.829102
1 0.696289 0.819336 0.683594 0.814453 0.683594 0.814453 0.679688 0.822266 0.683594 0.825195 0.692383 0.829102
1 0.682617 0.828125 0.688477 0.830078 0.692383 0.833984 0.690430 0.838867 0.682617 0.838867 0.682617 0.838867 0.679688 0.831055
1 0.612305 0.691406 0.619141 0.696289 0.617188 0.704102 0.611328 0.707031 0.604492 0.704102 0.603516 0.695312
1 0.663086 0.465820 0.666992 0.472656 0.665039 0.482422 0.665039 0.482422 0.659180 0.485352 0.650391 0.481445 0.650391 0.481445 0.651367 0.471680 0.651367 0.471680 0.655273 0.465820
1 0.687500 0.467773 0.687500 0.475586 0.687500 0.475586 0.683594 0.477539 0.679688 0.474609 0.680664 0.466797
1 0.700195 0.475586 0.708008 0.479492 0.709961 0.486328 0.706055 0.490234 0.697266 0.488281 0.694336 0.480469
1 0.719727 0.486328 0.723633 0.497070 0.717773 0.501953 0.709961 0.495117 0.709961 0.495117 0.711914 0.485352
1 0.700195 0.507812 0.700195 0.515625 0.695312 0.515625 0.693359 0.510742
0 0.732422 0.320312 0.728516 0.324219 0.725586 0.330078 0.722656 0.338867 0.718750 0.344727 0.718750 0.350586 0.714844 0.355469 0.713867 0.365234 0.704102 0.369141 0.700195 0.379883 0.699219 0.384766 0.699219 0.384766 0.694336 0.390625 0.691406 0.397461 0.691406 0.397461 0.682617 0.402344 0.682617 0.402344 0.681641 0.412109 0.678711 0.421875 0.677734 0.426758 0.670898 0.430664 0.665039 0.438477 0.665039 0.446289 0.665039 0.446289 0.673828 0.450195 0.681641 0.447266 0.683594 0.438477 0.683594 0.438477 0.688477 0.438477 0.692383 0.432617 0.693359 0.424805 0.701172 0.419922 0.701172 0.419922 0.700195 0.408203 0.706055 0.407227 0.709961 0.399414 0.720703 0.388672 0.720703 0.388672 0.725586 0.380859 0.726562 0.373047 0.722656 0.368164 0.722656 0.368164 0.726562 0.363281 0.733398 0.355469 0.737305 0.348633 0.737305 0.348633 0.739258 0.337891 0.739258 0.337891 0.740234 0.327148
1 0.669922 0.343750 0.668945 0.352539 0.661133 0.352539 0.661133 0.352539 0.660156 0.343750 0.665039 0.341797
1 0.678711 0.310547 0.679688 0.319336 0.674805 0.322266 0.669922 0.317383 0.669922 0.317383 0.672852 0.309570 0.672852 0.309570
1 0.563477 0.344727 0.560547 0.350586 0.560547 0.350586 0.555664 0.348633 0.555664 0.342773 0.560547 0.339844 0.560547 0.339844
1 0.699219 0.285156 0.696289 0.293945 0.687500 0.302734 0.682617 0.295898 0.685547 0.286133 0.685547 0.286133 0.691406 0.280273 0.691406 0.280273
1 0.701172 0.277344 0.701172 0.277344 0.694336 0.281250 0.689453 0.275391 0.688477 0.265625 0.691406 0.262695 0.700195 0.268555
1 0.908203 0.051758 0.909180 0.066406 0.905273 0.072266 0.898438 0.064453 0.898438 0.064453 0.895508 0.056641 0.898438 0.048828
1 0.895508 0.055664 0.896484 0.062500 0.896484 0.062500 0.893555 0.066406 0.887695 0.064453 0.882812 0.055664 0.888672 0.055664
1 0.878906 0.080078 0.876953 0.089844 0.876953 0.089844 0.869141 0.084961 0.868164 0.079102 0.868164 0.079102 0.873047 0.077148 0.873047 0.077148
1 0.875977 0.090820 0.874023 0.097656 0.866211 0.098633 0.859375 0.093750 0.860352 0.086914 0.866211 0.083984
1 0.948242 0.093750 0.949219 0.101562 0.942383 0.105469 0.936523 0.099609 0.940430 0.092773
1 0.919922 0.106445 0.923828 0.113281 0.916992 0.120117 0.910156 0.116211 0.910156 0.106445
1 0.824219 0.166016 0.825195 0.172852 0.817383 0.176758 0.814453 0.170898 0.816406 0.165039 0.816406 0.165039
1 0.816406 0.200195 0.815430 0.211914 0.815430 0.217773 0.815430 0.217773 0.808594 0.220703 0.800781 0.215820 0.795898 0.207031 0.798828 0.200195 0.803711 0.201172 0.807617 0.195312 0.813477 0.197266
1 0.965820 0.397461 0.963867 0.379883 0.954102 0.375977 0.954102 0.375977 0.944336 0.379883 0.945312 0.391602 0.953125 0.397461
1 0.927734 0.352539 0.936523 0.349609 0.939453 0.361328 0.935547 0.375977 0.936523 0.387695 0.930664 0.392578 0.921875 0.387695 0.923828 0.376953 0.925781 0.364258
1 0.916016 0.408203 0.918945 0.424805 0.918945 0.424805 0.909180 0.430664 0.899414 0.427734 0.898438 0.414062 0.905273 0.406250
0 0.864258 0.351562 0.871094 0.358398 0.878906 0.363281 0.888672 0.375000 0.895508 0.388672 0.898438 0.402344 0.890625 0.412109 0.894531 0.427734 0.905273 0.424805 0.916016 0.433594 0.916992 0.442383 0.907227 0.450195 0.907227 0.450195 0.914062 0.458984 0.916016 0.470703 0.909180 0.472656 0.909180 0.472656 0.911133 0.480469 0.923828 0.476562 0.933594 0.478516 0.941406 0.487305 0.941406 0.497070 0.935547 0.502930 0.934570 0.513672 0.934570 0.513672 0.934570 0.530273 0.926758 0.541016 0.926758 0.554688 0.917969 0.561523 0.916992 0.575195 0.906250 0.584961 0.895508 0.589844 0.883789 0.584961 0.883789 0.584961 0.885742 0.573242 0.897461 0.570312 0.897461 0.570312 0.895508 0.559570 0.897461 0.550781 0.901367 0.541992 0.890625 0.536133 0.892578 0.525391 0.888672 0.519531 0.896484 0.511719 0.886719 0.507812 0.879883 0.497070 0.880859 0.487305 0.870117 0.487305 0.858398 0.483398 0.844727 0.472656 0.843750 0.454102 0.842773 0.438477 0.842773 0.438477 0.842773 0.423828 0.845703 0.414062 0.846680 0.398438 0.842773 0.383789 0.844727 0.374023 0.855469 0.370117 0.853516 0.359375
1 0.958984 0.447266 0.966797 0.440430 0.966797 0.440430 0.980469 0.442383 0.991211 0.446289 0.996094 0.455078 0.991211 0.460938 0.972656 0.461914 0.972656 0.461914 0.959961 0.458984
1 1.000000 0.482422 0.993164 0.478516 0.990234 0.474609 0.990234 0.474609 0.993164 0.468750 1.000000 0.467773
0 1.000000 0.492188 0.990234 0.480469 0.979492 0.480469 0.970703 0.473633 0.960938 0.466797 0.951172 0.462891 0.948242 0.469727 0.945312 0.483398 0.945312 0.483398 0.944336 0.494141 0.950195 0.500000 0.952148 0.510742 0.951172 0.519531 0.954102 0.533203 0.959961 0.541992 0.966797 0.549805 0.967773 0.565430 0.965820 0.576172 0.965820 0.576172 0.974609 0.579102 0.980469 0.581055 0.986328 0.590820 0.995117 0.591797 1.000000 0.597656
1 0.949219 0.524414 0.950195 0.515625 0.947266 0.512695 0.942383 0.513672 0.942383 0.513672 0.942383 0.520508 0.942383 0.520508
1 0.943359 0.522461 0.941406 0.529297 0.934570 0.527344 0.934570 0.527344 0.934570 0.520508 0.940430 0.517578
1 0.936523 0.541016 0.940430 0.545898 0.939453 0.551758 0.933594 0.551758 0.930664 0.544922
1 0.891602 0.541992 0.893555 0.549805 0.889648 0.553711 0.881836 0.548828 0.883789 0.543945
1 0.860352 0.740234 0.863281 0.755859 0.850586 0.761719 0.843750 0.752930 0.843750 0.752930 0.846680 0.741211 0.851562 0.735352
1 0.925781 0.755859 0.927734 0.767578 0.917969 0.772461 0.917969 0.772461 0.913086 0.761719 0.916992 0.753906
1 0.990234 0.764648 1.000000 0.762695 1.000000 0.762695 1.000000 0.784180 1.000000 0.784180 0.994141 0.792969 0.983398 0.788086 0.983398 0.771484
1 0.769531 0.913086 0.769531 0.922852 0.769531 0.922852 0.763672 0.923828 0.760742 0.916992 0.761719 0.910156
1 0.775391 0.912109 0.780273 0.913086 0.777344 0.917969 0.778320 0.926758 0.772461 0.922852 0.772461 0.922852 0.770508 0.915039
1 0.999023 0.875977 0.993164 0.878906 0.993164 0.878906 0.993164 0.885742 0.997070 0.888672 1.000000 0.892578
1 1.000000 0.920898 0.995117 0.923828 0.994141 0.929688 0.994141 0.929688 0.996094 0.933594 1.000000 0.936523