1 0.906168 0.934531 0.882683 0.932896 0.862170 0.921796 0.849779 0.889183 0.850239 0.860355 0.863468 0.845469 0.887288 0.843317 0.910187 0.851051 0.910187 0.866293 0.918434 0.888666 0.931913 0.903887 0.931913 0.919128 0.925802 0.929282 0.914540 0.935392
1 0.912045 0.851889 0.899496 0.846433 0.895837 0.835933 0.899818 0.828161 0.913131 0.827665 0.923388 0.831623 0.923388 0.846268
1 0.889882 0.823746 0.876252 0.818775 0.869814 0.804611 0.874317 0.792559 0.884593 0.791378 0.893539 0.794981 0.899735 0.805722 0.899735 0.816726
1 0.911643 0.809705 0.901549 0.804984 0.898314 0.794236 0.901972 0.786532 0.911099 0.782433 0.917778 0.787278 0.921889 0.796286 0.919652 0.803865
1 0.892239 0.795105 0.884079 0.793490 0.879485 0.785290 0.881934 0.769821 0.884079 0.760191 0.890668 0.753606 0.901911 0.764346 0.902153 0.775467 0.900672 0.783294 0.900672 0.794298
1 0.918966 0.831520 0.906467 0.826682 0.905736 0.814670 0.913649 0.805077 0.922374 0.806912 0.926270 0.813492 0.926270 0.828267
1 0.990694 0.882482 0.978117 0.877864 0.971970 0.869954 0.976696 0.858327 0.982172 0.850099 0.993794 0.849462 0.999270 0.864214 0.999270 0.873617
1 0.986458 0.839843 0.979723 0.840528 0.973536 0.838187 0.972633 0.830114 0.977522 0.825513 0.984298 0.825473 0.989993 0.829222 0.989993 0.836371
1 0.906420 0.717138 0.898197 0.714930 0.894807 0.706566 0.899949 0.700061 0.908596 0.699247 0.915265 0.701912 0.915265 0.712200
1 0.926821 0.696693 0.919051 0.697439 0.920229 0.679539 0.927032 0.679912 0.935257 0.682577 0.935257 0.693586
1 0.946354 0.690229 0.937917 0.686500 0.929633 0.673448 0.933201 0.662262 0.941152 0.655052 0.949528 0.655922 0.957964 0.667475 0.957964 0.678482 0.954336 0.686065
1 0.973726 0.674290 0.965932 0.667913 0.961343 0.653368 0.966342 0.641563 0.975648 0.634133 0.985545 0.637769 0.993391 0.647143 0.991852 0.656049 0.991852 0.665384 0.985647 0.671866
1 0.949933 0.650164 0.940604 0.651551 0.931071 0.646004 0.926173 0.634005 0.926583 0.621403 0.936937 0.610852 0.953276 0.608982 0.968705 0.610482 0.967238 0.621215 0.967238 0.631895 0.961196 0.642024
1 0.911840 0.691460 0.905743 0.690635 0.902987 0.684332 0.905671 0.676266 0.913628 0.679904 0.916640 0.681926 0.916640 0.688571
1 0.916895 0.682006 0.911767 0.681067 0.907350 0.676115 0.907240 0.669138 0.913281 0.665761 0.918994 0.666924 0.921658 0.671459 0.921658 0.678104
1 0.929765 0.663885 0.923001 0.661034 0.917266 0.653080 0.916409 0.645479 0.921512 0.640902 0.928172 0.641044 0.931511 0.642769 0.935448 0.644946 0.935877 0.652267 0.935877 0.658500
1 0.637050 0.531698 0.627813 0.529280 0.622134 0.519315 0.626694 0.506521 0.635443 0.500034 0.648926 0.499437 0.647750 0.510346 0.647750 0.520790
1 0.741317 0.511547 0.728989 0.512119 0.719378 0.503744 0.717011 0.488641 0.724915 0.474825 0.742361 0.473895 0.755072 0.484479 0.755072 0.497158 0.750302 0.507538
1 0.672713 0.513968 0.656385 0.511726 0.643802 0.497821 0.647002 0.479282 0.657948 0.461641 0.674932 0.458128 0.685223 0.463809 0.690133 0.484132 0.690133 0.497373 0.685696 0.507165
1 0.771306 0.389362 0.763054 0.388464 0.757578 0.381595 0.760123 0.371555 0.769814 0.368015 0.776575 0.370921 0.780123 0.375723 0.780123 0.385082
1 0.753070 0.357179 0.746011 0.356608 0.741767 0.349024 0.744710 0.338021 0.752409 0.334294 0.761474 0.336217 0.761559 0.343538 0.761559 0.351304
1 0.743902 0.311689 0.735648 0.309778 0.730521 0.302829 0.733563 0.290264 0.751987 0.282445 0.760523 0.290314 0.758326 0.299348 0.758326 0.309604
1 0.463712 0.785982 0.455477 0.780812 0.448296 0.772723 0.449270 0.761966 0.455517 0.757630 0.465456 0.762216 0.471541 0.772473 0.473083 0.781479
1 0.401524 0.747794 0.391039 0.746693 0.383136 0.738732 0.381624 0.729218 0.386662 0.723457 0.396172 0.725075 0.405303 0.729469 0.405303 0.740933
0 0.232120 0.764506 0.258445 0.730712 0.296672 0.713711 0.323299 0.713711 0.353053 0.730297 0.379176 0.758493 0.401869 0.783372 0.439311 0.845343 0.431524 0.868484 0.410322 0.880826 0.384054 0.877548 0.349624 0.864435 0.321761 0.841679 0.281983 0.811981
1 0.832882 0.152030 0.824578 0.152180 0.819625 0.147464 0.820135 0.137208 0.827200 0.128673 0.836050 0.125903 0.844973 0.125828 0.851711 0.128523 0.849744 0.134962 0.844391 0.143571
1 0.082031 0.027344 0.066406 0.018555 0.071289 0.004883 0.081055 0.001953 0.091797 0.001953 0.100586 0.012695
0 0.104492 0.080078 0.093750 0.071289 0.107422 0.063477 0.116211 0.057617 0.120117 0.046875 0.130859 0.036133 0.148438 0.028320 0.147461 0.015625 0.155273 0.002930 0.169922 0.000977 0.198242 0.000977 0.214844 0.001953 0.222656 0.006836 0.211914 0.021484 0.186523 0.039062 0.183594 0.055664 0.183594 0.055664 0.188477 0.064453 0.190430 0.086914 0.183594 0.097656 0.153320 0.099609 0.130859 0.094727 0.121094 0.088867
0 0.195312 0.093750 0.213867 0.113281 0.231445 0.142578 0.250000 0.183594 0.260742 0.209961 0.267578 0.220703 0.261719 0.236328 0.260742 0.253906 0.261719 0.271484 0.268555 0.276367 0.280273 0.284180 0.294922 0.281250 0.303711 0.281250 0.315430 0.281250 0.335938 0.275391 0.349609 0.268555 0.350586 0.254883 0.347656 0.246094 0.338867 0.244141 0.339844 0.227539 0.341797 0.214844 0.347656 0.208008 0.347656 0.208008 0.359375 0.208008 0.367188 0.217773 0.379883 0.235352 0.379883 0.235352 0.388672 0.239258 0.397461 0.234375 0.397461 0.234375 0.409180 0.236328 0.420898 0.232422 0.430664 0.232422 0.441406 0.229492 0.441406 0.229492 0.449219 0.221680 0.461914 0.219727 0.472656 0.214844 0.465820 0.204102 0.445312 0.196289 0.440430 0.186523 0.440430 0.178711 0.440430 0.178711 0.424805 0.173828 0.413086 0.159180 0.406250 0.157227 0.393555 0.146484 0.380859 0.148438 0.370117 0.155273 0.370117 0.162109 0.381836 0.165039 0.384766 0.172852 0.375977 0.176758 0.360352 0.180664 0.356445 0.165039 0.354492 0.152344 0.356445 0.141602 0.368164 0.135742 0.378906 0.120117 0.384766 0.104492 0.395508 0.091797 0.400391 0.083008 0.396484 0.079102 0.383789 0.075195 0.364258 0.066406 0.317383 0.060547 0.296875 0.060547 0.279297 0.048828 0.252930 0.052734 0.229492 0.056641 0.229492 0.056641 0.205078 0.065430 0.191406 0.077148 0.191406 0.077148
0 0.244141 0.004883 0.241211 0.017578 0.238281 0.028320 0.236328 0.044922 0.238281 0.052734 0.276367 0.044922 0.291992 0.053711 0.302734 0.058594 0.343750 0.060547 0.369141 0.064453 0.387695 0.072266 0.400391 0.080078 0.400391 0.080078 0.429688 0.083984 0.429688 0.083984 0.450195 0.091797 0.473633 0.100586 0.494141 0.118164 0.509766 0.136719 0.526367 0.153320 0.518555 0.166016 0.527344 0.171875 0.543945 0.177734 0.551758 0.169922 0.556641 0.152344 0.561523 0.123047 0.549805 0.110352 0.529297 0.098633 0.502930 0.078125 0.502930 0.078125 0.475586 0.061523 0.455078 0.052734 0.455078 0.052734 0.431641 0.047852 0.375977 0.030273 0.355469 0.026367 0.351562 0.016602 0.351562 0.002930
0 0.355469 0.000977 0.357422 0.016602 0.357422 0.016602 0.385742 0.032227 0.440430 0.041992 0.474609 0.057617 0.502930 0.075195 0.540039 0.105469 0.558594 0.117188 0.566406 0.122070 0.566406 0.132812 0.583984 0.140625 0.583984 0.140625 0.618164 0.147461 0.631836 0.149414 0.631836 0.149414 0.637695 0.134766 0.639648 0.113281 0.635742 0.092773 0.614258 0.076172 0.606445 0.062500 0.602539 0.031250 0.599609 0.007812 0.601562 0.001953
0 0.399414 0.085938 0.392578 0.104492 0.378906 0.124023 0.366211 0.140625 0.372070 0.151367 0.372070 0.151367 0.387695 0.144531 0.404297 0.148438 0.419922 0.161133 0.439453 0.178711 0.460938 0.200195 0.475586 0.216797 0.454102 0.226562 0.430664 0.235352 0.384766 0.242188 0.364258 0.227539 0.352539 0.213867 0.342773 0.234375 0.342773 0.234375 0.347656 0.243164 0.351562 0.256836 0.349609 0.273438 0.340820 0.279297 0.307617 0.283203 0.302734 0.307617 0.306641 0.328125 0.328125 0.338867 0.355469 0.342773 0.366211 0.327148 0.367188 0.318359 0.379883 0.318359 0.393555 0.328125 0.400391 0.338867 0.409180 0.347656 0.414062 0.349609 0.424805 0.355469 0.439453 0.358398 0.446289 0.359375 0.456055 0.350586 0.464844 0.355469 0.490234 0.352539 0.500977 0.364258 0.514648 0.364258 0.536133 0.346680 0.560547 0.327148 0.572266 0.281250 0.564453 0.252930 0.546875 0.206055 0.540039 0.184570 0.517578 0.168945 0.511719 0.150391 0.493164 0.127930 0.473633 0.108398 0.445312 0.094727
0 0.558594 0.164062 0.557617 0.148438 0.566406 0.135742 0.566406 0.135742 0.601562 0.149414 0.630859 0.149414 0.656250 0.153320 0.681641 0.162109 0.691406 0.191406 0.684570 0.209961 0.670898 0.220703 0.652344 0.233398 0.635742 0.244141 0.628906 0.260742 0.615234 0.269531 0.602539 0.272461 0.583984 0.265625 0.572266 0.252930 0.570312 0.224609 0.582031 0.195312 0.609375 0.187500 0.619141 0.180664 0.607422 0.170898 0.566406 0.169922
0 0.262695 0.226562 0.256836 0.253906 0.261719 0.277344 0.277344 0.289062 0.285156 0.299805 0.294922 0.309570 0.306641 0.333008 0.306641 0.333008 0.337891 0.348633 0.362305 0.360352 0.372070 0.375000 0.375977 0.396484 0.366211 0.413086 0.366211 0.413086 0.360352 0.428711 0.355469 0.441406 0.333984 0.445312 0.310547 0.446289 0.305664 0.446289 0.282227 0.442383 0.263672 0.431641 0.261719 0.426758 0.244141 0.418945 0.222656 0.410156 0.208008 0.385742 0.205078 0.374023 0.216797 0.365234 0.216797 0.365234 0.214844 0.331055 0.206055 0.322266 0.189453 0.318359 0.185547 0.294922 0.200195 0.265625 0.214844 0.247070 0.214844 0.247070 0.226562 0.247070
1 0.044922 0.359375 0.067383 0.375977 0.093750 0.353516 0.115234 0.334961 0.122070 0.316406 0.095703 0.309570 0.074219 0.319336 0.044922 0.342773
1 0.195312 0.362305 0.181641 0.350586 0.182617 0.332031 0.182617 0.332031 0.199219 0.328125 0.208008 0.339844 0.208984 0.354492
1 0.166992 0.341797 0.149414 0.336914 0.142578 0.315430 0.159180 0.307617 0.172852 0.314453 0.181641 0.334961
0 0.130859 0.333984 0.155273 0.343750 0.177734 0.347656 0.189453 0.366211 0.201172 0.379883 0.209961 0.397461 0.198242 0.409180 0.180664 0.414062 0.150391 0.406250 0.150391 0.406250 0.119141 0.414062 0.094727 0.435547 0.094727 0.435547 0.070312 0.461914 0.051758 0.489258 0.035156 0.514648 0.020508 0.527344 0.003906 0.536133 0.000000 0.458984 0.015625 0.413086 0.034180 0.373047 0.037109 0.368164 0.046875 0.365234 0.061523 0.376953 0.082031 0.372070 0.098633 0.351562
0 0.000000 0.560547 0.017578 0.542969 0.038086 0.528320 0.069336 0.541992 0.092773 0.540039 0.097656 0.541992 0.126953 0.545898 0.151367 0.559570 0.166992 0.576172 0.164062 0.600586 0.154297 0.616211 0.145508 0.636719 0.140625 0.659180 0.141602 0.686523 0.129883 0.714844 0.125000 0.732422 0.121094 0.735352 0.102539 0.747070 0.098633 0.750977 0.090820 0.764648 0.082031 0.787109 0.084961 0.808594 0.079102 0.823242 0.046875 0.822266 0.028320 0.838867 0.013672 0.849609 0.000000 0.855469
0 0.042969 0.525391 0.050781 0.517578 0.079102 0.505859 0.119141 0.486328 0.161133 0.471680 0.188477 0.467773 0.222656 0.471680 0.250977 0.478516 0.282227 0.479492 0.305664 0.484375 0.338867 0.500000 0.343750 0.521484 0.324219 0.539062 0.292969 0.555664 0.265625 0.566406 0.243164 0.583984 0.229492 0.598633 0.213867 0.616211 0.194336 0.637695 0.175781 0.659180 0.161133 0.693359 0.168945 0.720703 0.170898 0.744141 0.168945 0.749023 0.157227 0.750977 0.125000 0.732422 0.142578 0.683594 0.143555 0.647461 0.145508 0.642578 0.165039 0.604492 0.167969 0.564453 0.115234 0.535156 0.109375 0.534180 0.064453 0.535156
0 0.172852 0.738281 0.167969 0.700195 0.177734 0.667969 0.202148 0.636719 0.229492 0.604492 0.233398 0.601562 0.265625 0.575195 0.270508 0.572266 0.312500 0.550781 0.352539 0.517578 0.336914 0.495117 0.303711 0.479492 0.281250 0.475586 0.286133 0.454102 0.303711 0.448242 0.330078 0.448242 0.365234 0.441406 0.389648 0.432617 0.395508 0.431641 0.415039 0.423828 0.445312 0.416992 0.475586 0.407227 0.486328 0.427734 0.497070 0.437500 0.501953 0.464844 0.506836 0.491211 0.489258 0.523438 0.473633 0.539062 0.450195 0.529297 0.424805 0.528320 0.402344 0.562500 0.404297 0.579102 0.394531 0.597656 0.373047 0.599609 0.358398 0.609375 0.336914 0.624023 0.311523 0.632812 0.288086 0.640625 0.244141 0.690430 0.232422 0.714844 0.225586 0.742188 0.203125 0.754883 0.184570 0.749023
0 0.250977 0.708984 0.249023 0.695312 0.257812 0.682617 0.267578 0.677734 0.277344 0.677734 0.276367 0.691406 0.265625 0.703125
0 0.241211 0.741211 0.233398 0.732422 0.245117 0.720703 0.277344 0.702148 0.291992 0.690430 0.309570 0.692383 0.317383 0.699219 0.314453 0.712891 0.281250 0.714844
0 0.291992 0.674805 0.277344 0.674805 0.273438 0.660156 0.273438 0.660156 0.284180 0.650391 0.295898 0.655273 0.307617 0.668945
0 0.305664 0.661133 0.294922 0.651367 0.292969 0.639648 0.306641 0.635742 0.313477 0.644531 0.312500 0.657227
0 0.341797 0.652344 0.332031 0.640625 0.332031 0.640625 0.339844 0.624023 0.364258 0.619141 0.376953 0.624023 0.369141 0.639648 0.360352 0.648438
0 0.319336 0.658203 0.313477 0.644531 0.327148 0.635742 0.332031 0.651367 0.329102 0.652344
0 0.387695 0.714844 0.382812 0.693359 0.362305 0.697266 0.360352 0.678711 0.367188 0.649414 0.380859 0.637695 0.400391 0.608398 0.410156 0.594727 0.416992 0.577148 0.455078 0.564453 0.429688 0.611328 0.433594 0.629883 0.420898 0.636719 0.416992 0.646484 0.403320 0.654297 0.400391 0.665039 0.405273 0.679688 0.405273 0.694336 0.415039 0.695312 0.415039 0.704102 0.400391 0.715820
0 0.380859 0.624023 0.358398 0.617188 0.369141 0.604492 0.378906 0.603516 0.392578 0.599609 0.401367 0.603516
0 0.367188 0.422852 0.381836 0.381836 0.389648 0.369141 0.404297 0.378906 0.422852 0.372070 0.442383 0.361328 0.458984 0.359375 0.469727 0.375977 0.462891 0.393555 0.464844 0.404297 0.458984 0.413086 0.443359 0.414062 0.436523 0.409180 0.406250 0.417969 0.406250 0.417969 0.391602 0.423828 0.374023 0.434570 0.374023 0.434570 0.364258 0.436523
0 0.361328 0.338867 0.367188 0.360352 0.372070 0.373047 0.377930 0.379883 0.389648 0.366211 0.401367 0.370117 0.401367 0.370117 0.425781 0.365234 0.421875 0.354492 0.390625 0.337891 0.386719 0.330078 0.375000 0.324219 0.367188 0.332031
0 0.506836 0.475586 0.502930 0.454102 0.493164 0.427734 0.482422 0.413086 0.476562 0.395508 0.506836 0.380859 0.506836 0.380859 0.526367 0.368164 0.542969 0.344727 0.564453 0.336914 0.573242 0.327148 0.592773 0.303711 0.617188 0.274414 0.634766 0.267578 0.664062 0.239258 0.683594 0.225586 0.707031 0.207031 0.727539 0.194336 0.742188 0.185547 0.767578 0.181641 0.788086 0.165039 0.802734 0.165039 0.811523 0.177734 0.805664 0.198242 0.758789 0.221680 0.750977 0.238281 0.740234 0.249023 0.725586 0.255859 0.716797 0.278320 0.702148 0.291992 0.700195 0.305664 0.686523 0.330078 0.658203 0.333008 0.638672 0.337891 0.621094 0.351562 0.612305 0.372070 0.610352 0.385742 0.607422 0.410156 0.608398 0.431641 0.602539 0.452148 0.585938 0.464844 0.548828 0.470703 0.538086 0.477539
1 0.562500 0.502930 0.546875 0.489258 0.552734 0.473633 0.573242 0.469727 0.573242 0.469727 0.582031 0.485352 0.578125 0.500000
1 0.652344 0.363281 0.633789 0.352539 0.637695 0.340820 0.649414 0.336914 0.649414 0.336914 0.663086 0.337891 0.667969 0.351562 0.667969 0.351562
0 0.469727 0.384766 0.470703 0.367188 0.468750 0.357422 0.486328 0.355469 0.494141 0.364258 0.500000 0.375000 0.490234 0.385742 0.475586 0.394531 0.475586 0.394531
0 0.607422 0.000000 0.618164 0.012695 0.639648 0.010742 0.656250 0.014648 0.676758 0.020508 0.676758 0.020508 0.699219 0.024414 0.724609 0.029297 0.753906 0.035156 0.753906 0.035156 0.775391 0.034180 0.798828 0.034180 0.820312 0.034180 0.843750 0.026367 0.853516 0.021484 0.854492 0.005859 0.836914 0.000000
0 0.889648 0.034180 0.875977 0.024414 0.878906 0.006836 0.885742 0.000000 0.904297 0.000977 0.921875 0.009766 0.927734 0.010742 0.938477 0.007812 0.950195 0.007812 0.962891 0.028320 0.966797 0.031250 0.974609 0.024414 0.973633 0.011719 0.984375 0.010742 0.990234 0.009766 1.000000 0.012695 1.000000 0.066406 0.989258 0.076172 0.970703 0.085938 0.943359 0.062500 0.911133 0.051758 0.900391 0.042969
0 0.884766 0.155273 0.871094 0.142578 0.865234 0.129883 0.874023 0.123047 0.874023 0.123047 0.888672 0.122070 0.902344 0.129883 0.923828 0.128906 0.931641 0.133789 0.931641 0.148438 0.897461 0.153320
1 0.624023 0.595703 0.614258 0.586914 0.616211 0.564453 0.628906 0.561523 0.628906 0.561523 0.643555 0.575195 0.646484 0.588867