1 0.029124 0.460719 0.020595 0.460511 0.014354 0.455103 0.018098 0.443452 0.027875 0.442620 0.037029 0.445324 0.038277 0.453229
1 0.097721 0.609896 0.087103 0.606477 0.080084 0.600357 0.073425 0.589560 0.078104 0.583440 0.084224 0.581280 0.092861 0.585420 0.100061 0.590100 0.107259 0.598918 0.104380 0.608815
1 0.080991 0.675552 0.073827 0.671799 0.067174 0.665999 0.063933 0.658493 0.066491 0.652181 0.075532 0.650816 0.082186 0.655764 0.088668 0.660711 0.091057 0.666852 0.087815 0.673163
1 0.019807 0.649785 0.015032 0.648714 0.012693 0.644036 0.015909 0.640527 0.021172 0.640527 0.022633 0.646180
1 0.033818 0.638834 0.032210 0.638441 0.030798 0.636715 0.030366 0.634439 0.032288 0.633224 0.034407 0.632713 0.036094 0.634282 0.036329 0.636754 0.035191 0.638323
1 0.042836 0.631541 0.040053 0.631541 0.037795 0.629440 0.036588 0.625766 0.038793 0.623140 0.042889 0.621723 0.045304 0.624452 0.046563 0.627551 0.045356 0.630229
1 0.065511 0.631381 0.063260 0.630336 0.059804 0.629934 0.057955 0.625674 0.062938 0.625513 0.066717 0.628567 0.067119 0.631301
1 0.081567 0.642080 0.077073 0.639693 0.073844 0.636885 0.075669 0.629723 0.080865 0.630706 0.085499 0.634638 0.085640 0.641378
1 0.024639 0.741221 0.013682 0.740167 0.010731 0.727523 0.016421 0.719095 0.024850 0.721624 0.032856 0.726260 0.032856 0.735531
1 0.065097 0.766838 0.056366 0.762822 0.053224 0.754966 0.055319 0.744141 0.062826 0.738379 0.072778 0.740998 0.079763 0.749553 0.078540 0.760378 0.071731 0.764045
1 0.111898 0.706444 0.104648 0.706825 0.102068 0.707033 0.099047 0.703235 0.098874 0.697624 0.103018 0.694861 0.109578 0.694171 0.117089 0.694688 0.122441 0.697192 0.124341 0.701768 0.121492 0.704357
1 0.144256 0.685551 0.141673 0.684725 0.140329 0.680487 0.143430 0.676974 0.147047 0.676457 0.147253 0.680694 0.146427 0.683691
1 0.107843 0.770645 0.102072 0.772614 0.098835 0.768814 0.096865 0.760651 0.102354 0.756570 0.107983 0.757415 0.112205 0.762622 0.111783 0.766703
1 0.040508 0.838440 0.031181 0.838201 0.024962 0.833179 0.021136 0.821221 0.028071 0.814284 0.036681 0.817154 0.045052 0.821698 0.047204 0.833418
1 0.126595 0.769911 0.124251 0.768739 0.122859 0.766322 0.123592 0.763026 0.126009 0.762074 0.129158 0.763612 0.129817 0.767421
1 0.137591 0.781989 0.134280 0.780388 0.131397 0.776437 0.133426 0.770351 0.138231 0.768749 0.142396 0.771312 0.143784 0.776224 0.142396 0.779747
1 0.160711 0.826300 0.154879 0.828383 0.150875 0.828059 0.146330 0.825786 0.144166 0.819510 0.145789 0.814531 0.150551 0.811177 0.156069 0.813233 0.160289 0.816588 0.161047 0.823297
1 0.139542 0.802006 0.133508 0.799013 0.130515 0.793151 0.130889 0.786417 0.136999 0.781554 0.144856 0.781304 0.150094 0.787165 0.150344 0.794149 0.147226 0.799637
1 0.167304 0.791530 0.161317 0.788911 0.158948 0.781554 0.161068 0.776689 0.168302 0.774195 0.174412 0.776565 0.175909 0.783300 0.171544 0.789909
1 0.222882 0.751830 0.218636 0.748608 0.216440 0.743924 0.220686 0.738507 0.226835 0.738799 0.228299 0.744217 0.225811 0.749194
1 0.187859 0.673258 0.181453 0.670997 0.178062 0.666287 0.179945 0.651591 0.187482 0.647258 0.195396 0.648953 0.200105 0.656866
1 0.205957 0.826532 0.200713 0.829154 0.194754 0.830823 0.186888 0.833684 0.181167 0.827486 0.188795 0.819144 0.201189 0.816760 0.204527 0.822004
1 0.227931 0.836602 0.222795 0.837318 0.219211 0.833974 0.218137 0.827763 0.222795 0.825852 0.226259 0.828002 0.228767 0.832540
1 0.235098 0.831824 0.229125 0.830391 0.225900 0.824776 0.228289 0.819879 0.232231 0.817132 0.236292 0.818326 0.239278 0.821790 0.239039 0.827165
1 0.170898 0.996094 0.164675 0.991503 0.159825 0.983115 0.163495 0.973155 0.172669 0.968699 0.181318 0.971976 0.186036 0.980363 0.183284 0.990586
1 0.265864 0.989593 0.260030 0.989186 0.255417 0.983622 0.254738 0.975481 0.261115 0.971683 0.265729 0.973718 0.269257 0.978467 0.268850 0.985386
1 0.260439 0.942641 0.257457 0.941987 0.255686 0.939190 0.257923 0.935648 0.261186 0.935275 0.262864 0.938072 0.263609 0.940683
1 0.271721 0.936114 0.269834 0.935550 0.268725 0.933598 0.269435 0.931512 0.272464 0.930576 0.273703 0.933674
1 0.307237 0.915838 0.305028 0.914981 0.304081 0.912592 0.303855 0.909706 0.306426 0.907723 0.308905 0.908038 0.310799 0.910022 0.311656 0.912952 0.309762 0.915162
1 0.243320 0.770280 0.239402 0.767400 0.236292 0.761755 0.235024 0.756340 0.238827 0.753690 0.246085 0.753460 0.248504 0.757031 0.248619 0.763944 0.246085 0.768092
1 0.259562 0.784962 0.255629 0.785399 0.253517 0.783214 0.253881 0.778990 0.256794 0.777388 0.260873 0.778626 0.261455 0.781685
1 0.215255 0.768435 0.210001 0.766842 0.206180 0.760792 0.209046 0.754424 0.216529 0.751876 0.221783 0.756016 0.223057 0.762543 0.218280 0.766523
1 0.192328 0.774644 0.186756 0.772097 0.184367 0.767798 0.188666 0.763977 0.194239 0.762225 0.196149 0.766364 0.195035 0.772733
1 0.273137 0.812832 0.271708 0.811721 0.270755 0.809127 0.272025 0.806851 0.274354 0.806427 0.275730 0.808227 0.275837 0.810450
1 0.277266 0.820137 0.274566 0.819343 0.274195 0.816432 0.275783 0.814155 0.278695 0.814155 0.280124 0.815373 0.278642 0.818813
1 0.282121 0.828466 0.279066 0.827349 0.278173 0.823623 0.280929 0.821239 0.283238 0.822431 0.283983 0.824666
1 0.287411 0.834649 0.285102 0.834202 0.283313 0.831521 0.284654 0.828093 0.287933 0.828689 0.289646 0.832638
1 0.419768 0.975705 0.414702 0.973039 0.412436 0.969706 0.413769 0.962641 0.417102 0.960107 0.424167 0.961707 0.425767 0.969173 0.423900 0.974238
1 0.369722 0.936237 0.364622 0.934610 0.362451 0.929076 0.363211 0.922999 0.368854 0.919526 0.373520 0.921696 0.375147 0.926037 0.374714 0.930595 0.374496 0.932548
1 0.433390 0.653711 0.429373 0.652372 0.427426 0.647139 0.424262 0.644947 0.427305 0.640444 0.431686 0.640932 0.436067 0.645435 0.436676 0.652737
1 0.511532 0.712086 0.505762 0.710933 0.500338 0.703200 0.501262 0.694430 0.508070 0.691083 0.516264 0.692237 0.519956 0.699046 0.517187 0.707009
1 0.498148 0.684741 0.492373 0.684978 0.488366 0.680263 0.486952 0.671895 0.494259 0.669538 0.499563 0.670009 0.503923 0.673073 0.502745 0.679791
1 0.479996 0.657510 0.476608 0.655512 0.473480 0.650994 0.472091 0.644739 0.476000 0.640569 0.481387 0.641959 0.483731 0.645695 0.484601 0.650212 0.483818 0.653514
1 0.466217 0.630893 0.462232 0.629462 0.458350 0.625376 0.455591 0.618633 0.457328 0.612502 0.462641 0.611889 0.468056 0.614750 0.471938 0.618326 0.472449 0.625069 0.469384 0.628850
1 0.417169 0.529155 0.411575 0.526470 0.403966 0.524009 0.401694 0.522419 0.398732 0.515839 0.400158 0.509696 0.405423 0.507283 0.410140 0.507832 0.413101 0.512438 0.415952 0.516277 0.418365 0.519458 0.419682 0.524832
1 0.432185 0.557955 0.425165 0.553896 0.418256 0.544684 0.416281 0.535471 0.420229 0.534374 0.424288 0.537007 0.429113 0.541503 0.432952 0.547097 0.434159 0.554226
1 0.437358 0.579475 0.433544 0.578744 0.429892 0.575741 0.428674 0.571034 0.430378 0.566083 0.433949 0.564622 0.437927 0.565434 0.441092 0.567139 0.443283 0.572251 0.443771 0.577202
1 0.369163 0.445176 0.360673 0.443712 0.354816 0.438149 0.349546 0.431122 0.347644 0.422338 0.352182 0.417360 0.358623 0.417946 0.364625 0.420581 0.374141 0.432732 0.375751 0.439467
1 0.321860 0.220674 0.314454 0.245712 0.302465 0.253822 0.288006 0.243596 0.285185 0.230900 0.288358 0.211505 0.315513 0.198104
1 0.451813 0.281415 0.446360 0.281834 0.443005 0.276242 0.445941 0.271210 0.451253 0.272049 0.453351 0.277360
1 0.441335 0.257903 0.432629 0.250252 0.439488 0.237852 0.448195 0.240490 0.449515 0.252362
1 0.470885 0.230728 0.459804 0.224660 0.450569 0.210677 0.465080 0.209885 0.475106 0.221494 0.476689 0.231520
0 0.562797 0.185138 0.550875 0.183548 0.537629 0.177984 0.533920 0.163943 0.541603 0.150432 0.551140 0.154406 0.566241 0.149637 0.583991 0.144604 0.590614 0.152816 0.587965 0.163943 0.573129 0.175070
1 0.641860 0.039098 0.623912 0.036105 0.620174 0.016288 0.635878 0.006940 0.651956 0.011428 0.659061 0.026010
0 0.657666 0.229962 0.647216 0.237178 0.633283 0.225235 0.621092 0.208067 0.615618 0.189158 0.636518 0.170996 0.644306 0.178958 0.646932 0.189625 0.649885 0.201769 0.653824 0.218508 0.657599 0.228683
1 0.670727 0.222774 0.665476 0.221298 0.660389 0.214897 0.664491 0.209646 0.672532 0.207513 0.680245 0.211451 0.676963 0.219656
1 0.853071 0.238985 0.849937 0.237147 0.850585 0.231094 0.853937 0.231526 0.855882 0.234985 0.855882 0.236932
1 0.858551 0.250694 0.855311 0.248348 0.852964 0.243207 0.857992 0.239743 0.863021 0.241979 0.863468 0.247565
1 0.841720 0.272709 0.838523 0.273055 0.837228 0.267700 0.839905 0.264504 0.843533 0.263727 0.844915 0.267613
1 0.832514 0.283535 0.828142 0.281834 0.826320 0.276369 0.829356 0.273576 0.833850 0.274791 0.835308 0.280256
1 0.999960 0.338354 0.994531 0.337044 0.987793 0.330118 0.993222 0.321695 1.000000 0.319823
1 0.993408 0.322069 0.983487 0.317951 0.978060 0.306720 0.980680 0.294179 0.988916 0.288002 0.999960 0.284445 1.000000 0.319823
1 0.807153 0.351615 0.803850 0.348312 0.801734 0.343818 0.802792 0.337343 0.808871 0.335625 0.810985 0.341439 0.811910 0.347122
1 0.836860 0.426894 0.828143 0.422199 0.824790 0.412812 0.832390 0.405211 0.841107 0.408788 0.845131 0.418623
1 0.819338 0.398632 0.816031 0.398632 0.813523 0.395212 0.815461 0.389283 0.820706 0.388029 0.824696 0.390879 0.824924 0.394983
1 0.884186 0.084663 0.875749 0.080770 0.872288 0.073198 0.878345 0.068655 0.885916 0.071900 0.888079 0.078174
1 0.772945 0.172015 0.768436 0.170962 0.764828 0.166302 0.766030 0.159236 0.771142 0.155929 0.777154 0.159387 0.778508 0.167805
1 0.803475 0.303931 0.797415 0.302720 0.793578 0.294438 0.800243 0.289793 0.808726 0.291813 0.810543 0.300296
1 0.912829 0.580231 0.908284 0.579096 0.904875 0.573288 0.906896 0.566723 0.914345 0.563314 0.917753 0.568364 0.918258 0.574677
1 0.867024 0.612304 0.853347 0.610302 0.845340 0.595957 0.853681 0.581612 0.870027 0.577942 0.885706 0.585615 0.886373 0.599960
1 0.869035 0.631819 0.860087 0.630767 0.855350 0.622521 0.859561 0.614099 0.867632 0.613572 0.872720 0.619537 0.873246 0.626556
1 0.891399 0.624771 0.884963 0.624294 0.882222 0.617500 0.885439 0.612018 0.891995 0.612256 0.895810 0.617857
1 0.911599 0.493092 0.903617 0.492745 0.901361 0.485458 0.905179 0.477997 0.911945 0.476089 0.917844 0.481120 0.917671 0.488928
1 0.953820 0.712876 0.945592 0.710524 0.940744 0.704060 0.938980 0.696566 0.940009 0.688339 0.944711 0.683344 0.953380 0.684372 0.961754 0.690983 0.963518 0.702591 0.959403 0.710524
1 0.969415 0.761156 0.960882 0.757228 0.957631 0.750727 0.955870 0.737589 0.960204 0.730410 0.970092 0.728649 0.978625 0.731630 0.982959 0.741110 0.981062 0.752353 0.975916 0.757363
1 0.876854 0.742099 0.869953 0.741037 0.864820 0.736790 0.868183 0.723516 0.875970 0.721569 0.882164 0.723516 0.884288 0.732188 0.881103 0.738205
1 0.892783 0.732896 0.885704 0.730064 0.883580 0.721569 0.889774 0.716968 0.898978 0.718207 0.898801 0.728117
1 0.860003 0.756478 0.852816 0.754635 0.848947 0.746528 0.849500 0.737500 0.857607 0.735473 0.864978 0.739526 0.865530 0.751135
1 0.844157 0.767349 0.834760 0.763663 0.832181 0.753898 0.837893 0.747081 0.846184 0.747081 0.851343 0.756846 0.850237 0.762374
1 0.838998 0.737500 0.834760 0.733814 0.831628 0.726997 0.835865 0.720917 0.845631 0.720732 0.853369 0.724971 0.849500 0.733077
1 0.880916 0.791101 0.871883 0.786446 0.867503 0.771117 0.877357 0.764000 0.889129 0.768106 0.891866 0.782614
1 0.890854 0.824978 0.884661 0.823866 0.882914 0.814654 0.888632 0.810684 0.894190 0.813066 0.895143 0.818783
1 0.820860 0.772715 0.816556 0.770191 0.819228 0.762325 0.824423 0.763066 0.826946 0.768410
1 0.843972 0.665019 0.837141 0.661044 0.836146 0.652847 0.839624 0.648251 0.845089 0.646016 0.850306 0.648748 0.853783 0.653592 0.851548 0.661292
1 0.791205 0.666231 0.787950 0.662977 0.787819 0.656596 0.791205 0.654643 0.796023 0.658028 0.794852 0.663106
1 0.798534 0.646825 0.795713 0.644005 0.795008 0.638833 0.797985 0.636639 0.801198 0.637657 0.801669 0.641811 0.800102 0.644866
1 0.660937 0.522998 0.654102 0.518931 0.650521 0.511771 0.649546 0.501845 0.652638 0.493221 0.663540 0.490454 0.672652 0.496149 0.676069 0.508190 0.672978 0.516815 0.670049 0.519907
1 0.655096 0.644863 0.650276 0.641774 0.649164 0.634854 0.656578 0.632136 0.660903 0.633742 0.660409 0.639303
1 0.661892 0.656850 0.656208 0.655119 0.654725 0.647705 0.658309 0.641279 0.665352 0.639179 0.671160 0.642392 0.670542 0.649806 0.666341 0.653390
1 0.663498 0.670565 0.657196 0.670071 0.654354 0.664635 0.656578 0.657097 0.663375 0.654749 0.667453 0.657838 0.668441 0.663275 0.666711 0.668712
1 0.680667 0.658502 0.676829 0.653384 0.675976 0.645564 0.682089 0.641158 0.689481 0.642722 0.691613 0.649119 0.690050 0.654521
1 0.709645 0.635098 0.699932 0.630241 0.694555 0.621049 0.700104 0.610816 0.710338 0.607000 0.719010 0.609081 0.721959 0.616887 0.718490 0.622957 0.715715 0.631803
1 0.739477 0.622264 0.732712 0.618968 0.730631 0.606307 0.738609 0.603185 0.744507 0.608562 0.749189 0.613070 0.747108 0.618447
1 0.761330 0.606827 0.756994 0.603705 0.753005 0.599716 0.749710 0.593646 0.755434 0.590003 0.763064 0.589309 0.770696 0.593472 0.770003 0.601450 0.766360 0.603185
0 0.783568 0.587459 0.775086 0.585390 0.779017 0.573390 0.792673 0.567182 0.809433 0.558492 0.820812 0.557871 0.822468 0.565113 0.814605 0.570492 0.796604 0.578769
1 0.929349 0.606549 0.923608 0.602360 0.918799 0.595689 0.924694 0.592587 0.931055 0.597086 0.932296 0.602671
1 0.690086 0.890091 0.680986 0.888453 0.675526 0.878989 0.675709 0.870254 0.681714 0.863339 0.691359 0.864066 0.698821 0.870982 0.696273 0.883539
1 0.739759 0.881891 0.737159 0.878858 0.738242 0.873876 0.742142 0.872792 0.744416 0.876476 0.743333 0.880050
1 0.721844 0.987521 0.708023 0.985505 0.697657 0.974276 0.693339 0.960168 0.698810 0.951242 0.710614 0.952394 0.719252 0.960743 0.725586 0.975716
1 0.746617 0.963933 0.743060 0.959916 0.742142 0.952570 0.743978 0.949700 0.748798 0.947749 0.754078 0.951192 0.754996 0.958424 0.752815 0.962097
1 0.655630 0.866940 0.647734 0.868188 0.641086 0.862370 0.645864 0.853644 0.658331 0.853436 0.663110 0.861746
1 0.562884 0.812878 0.557775 0.810446 0.553884 0.807040 0.551572 0.800595 0.558019 0.795729 0.564465 0.795852 0.567991 0.800352 0.568356 0.805824
1 0.559167 0.795743 0.555704 0.792520 0.555227 0.785355 0.561196 0.783564 0.566092 0.785355 0.567883 0.790132
0 0.464811 0.942160 0.473596 0.945144 0.475253 0.957078 0.482878 0.971333 0.494480 0.977963 0.504757 0.980780 0.512713 0.991223 0.512382 0.999345 0.483872 0.998185 0.474425 0.988571 0.461661 0.968184
1 0.458379 0.955963 0.454592 0.953624 0.454703 0.947163 0.460606 0.943822 0.464171 0.947721 0.464060 0.953513
1 0.638752 0.846646 0.637446 0.846171 0.636536 0.844707 0.636496 0.842529 0.637961 0.841184 0.639702 0.841382 0.640811 0.842728 0.640771 0.844509 0.640454 0.845894
1 0.644333 0.846132 0.642789 0.844944 0.642473 0.842569 0.642987 0.840828 0.644570 0.840234 0.646113 0.840393 0.646628 0.841896 0.646826 0.843994 0.646074 0.845538
1 0.553195 0.856396 0.551259 0.856276 0.549887 0.853748 0.550327 0.851156 0.552589 0.850771 0.554188 0.852260 0.554630 0.854906
1 0.871580 0.883696 0.861056 0.884632 0.851935 0.879721 0.848193 0.867560 0.860354 0.862414 0.871580 0.866624 0.877660 0.874342
1 0.861523 0.911994 0.851467 0.911292 0.841411 0.905212 0.840943 0.893284 0.853104 0.884632 0.862225 0.891882 0.869007 0.902172
1 0.939194 0.965781 0.934546 0.966103 0.930938 0.961052 0.933984 0.957605 0.940237 0.956402 0.941920 0.961132
1 0.051491 0.730166 0.046270 0.727555 0.043859 0.717713 0.049282 0.712893 0.055910 0.718114 0.056714 0.726952
1 0.127930 0.030273 0.123047 0.025391 0.119141 0.019531 0.118164 0.014648 0.120117 0.009766 0.127930 0.006836 0.127930 0.006836 0.133789 0.004883 0.142578 0.004883 0.146484 0.007812 0.148438 0.013672 0.147461 0.019531 0.145508 0.024414 0.145508 0.024414
1 0.152344 0.011719 0.147461 0.009766 0.144531 0.004883 0.143555 0.000000 0.167969 0.000000 0.168945 0.003906 0.166016 0.007812 0.161133 0.011719
1 0.062500 0.083984 0.054688 0.082031 0.054688 0.082031 0.048828 0.077148 0.041016 0.067383 0.034180 0.058594 0.034180 0.053711 0.041992 0.048828 0.052734 0.044922 0.061523 0.040039 0.070312 0.033203 0.077148 0.030273 0.077148 0.030273 0.085938 0.029297 0.093750 0.033203 0.101562 0.032227 0.105469 0.038086 0.109375 0.041992 0.116211 0.043945 0.118164 0.045898 0.122070 0.049805 0.122070 0.057617 0.125000 0.061523 0.129883 0.070312 0.129883 0.070312 0.129883 0.077148 0.133789 0.082031 0.134766 0.089844 0.134766 0.089844 0.130859 0.095703 0.129883 0.103516 0.126953 0.106445 0.114258 0.107422 0.105469 0.110352 0.096680 0.112305 0.086914 0.112305 0.081055 0.101562 0.075195 0.092773
1 0.450195 0.053711 0.443359 0.047852 0.436523 0.038086 0.436523 0.028320 0.440430 0.019531 0.444336 0.014648 0.455078 0.011719 0.463867 0.010742 0.471680 0.007812 0.475586 0.010742 0.481445 0.016602 0.486328 0.021484 0.486328 0.021484 0.488281 0.027344 0.489258 0.032227 0.485352 0.037109 0.473633 0.040039 0.469727 0.046875 0.463867 0.051758 0.463867 0.051758 0.457031 0.052734
1 0.452148 0.061523 0.458984 0.053711 0.469727 0.049805 0.472656 0.043945 0.476562 0.040039 0.482422 0.038086 0.490234 0.037109 0.495117 0.038086 0.499023 0.042969 0.505859 0.046875 0.508789 0.052734 0.509766 0.059570 0.509766 0.061523 0.504883 0.068359 0.504883 0.068359 0.499023 0.073242 0.495117 0.076172 0.484375 0.083008 0.474609 0.084961 0.466797 0.085938 0.458984 0.082031 0.454102 0.075195 0.453125 0.069336
1 0.481445 0.094727 0.475586 0.087891 0.489258 0.080078 0.502930 0.071289 0.510742 0.062500 0.517578 0.067383 0.523438 0.073242 0.526367 0.078125 0.526367 0.083984 0.523438 0.090820 0.516602 0.094727 0.508789 0.097656 0.508789 0.097656 0.501953 0.099609 0.495117 0.101562 0.487305 0.100586
0 0.567383 0.077148 0.561523 0.071289 0.558594 0.062500 0.551758 0.051758 0.546875 0.038086 0.544922 0.027344 0.551758 0.022461 0.560547 0.011719 0.561523 0.007812 0.570312 0.007812 0.580078 0.005859 0.587891 0.006836 0.591797 0.011719 0.591797 0.011719 0.596680 0.015625 0.596680 0.015625 0.602539 0.014648 0.610352 0.017578 0.617188 0.020508 0.622070 0.030273 0.618164 0.040039 0.622070 0.041992 0.625000 0.050781 0.627930 0.056641 0.627930 0.056641 0.624023 0.060547 0.624023 0.065430 0.620117 0.071289 0.611328 0.075195 0.607422 0.078125 0.602539 0.081055 0.592773 0.083008 0.584961 0.081055 0.581055 0.080078 0.575195 0.078125
1 0.536133 0.123047 0.529297 0.119141 0.524414 0.113281 0.520508 0.103516 0.517578 0.098633 0.521484 0.093750 0.526367 0.092773 0.526367 0.092773 0.533203 0.093750 0.541016 0.095703 0.544922 0.095703 0.547852 0.100586 0.547852 0.100586 0.545898 0.107422 0.543945 0.117188 0.541016 0.120117
1 0.515625 0.131836 0.510742 0.130859 0.508789 0.125000 0.513672 0.118164 0.517578 0.121094 0.522461 0.125000 0.519531 0.129883
1 0.524414 0.152344 0.519531 0.147461 0.520508 0.141602 0.525391 0.137695 0.529297 0.138672 0.533203 0.140625 0.534180 0.146484 0.531250 0.150391
1 0.550781 0.120117 0.547852 0.116211 0.545898 0.112305 0.547852 0.107422 0.550781 0.102539 0.555664 0.102539 0.561523 0.108398 0.562500 0.115234 0.558594 0.119141
1 0.567383 0.115234 0.563477 0.111328 0.563477 0.106445 0.564453 0.103516 0.568359 0.100586 0.575195 0.100586 0.578125 0.103516 0.579102 0.107422 0.578125 0.113281 0.573242 0.116211
1 0.559570 0.104492 0.551758 0.100586 0.548828 0.094727 0.551758 0.091797 0.556641 0.086914 0.559570 0.084961 0.564453 0.083008 0.564453 0.083008 0.570312 0.083008 0.577148 0.086914 0.579102 0.090820 0.579102 0.096680 0.574219 0.098633 0.564453 0.102539
1 0.547852 0.083008 0.541992 0.083008 0.535156 0.079102 0.535156 0.075195 0.542969 0.068359 0.542969 0.068359 0.547852 0.066406 0.553711 0.067383 0.558594 0.069336 0.561523 0.072266 0.560547 0.077148 0.557617 0.081055 0.553711 0.082031
1 0.598633 0.159180 0.594727 0.154297 0.596680 0.145508 0.599609 0.142578 0.603516 0.139648 0.608398 0.139648 0.615234 0.141602 0.618164 0.144531 0.619141 0.151367 0.614258 0.155273 0.609375 0.159180 0.604492 0.159180
0 0.629883 0.109375 0.628906 0.102539 0.626953 0.097656 0.622070 0.090820 0.618164 0.084961 0.625977 0.079102 0.631836 0.079102 0.634766 0.083984 0.642578 0.093750 0.651367 0.095703 0.656250 0.099609 0.661133 0.106445 0.662109 0.110352 0.658203 0.116211 0.649414 0.118164 0.643555 0.115234 0.642578 0.109375 0.635742 0.109375
1 0.672852 0.122070 0.668945 0.119141 0.666992 0.111328 0.669922 0.108398 0.678711 0.105469 0.682617 0.109375 0.684570 0.114258 0.683594 0.121094 0.678711 0.123047
1 0.702148 0.105469 0.696289 0.105469 0.694336 0.098633 0.694336 0.094727 0.697266 0.091797 0.701172 0.090820 0.705078 0.090820 0.710938 0.091797 0.712891 0.096680 0.712891 0.101562 0.708984 0.105469
1 0.662109 0.096680 0.655273 0.094727 0.654297 0.091797 0.653320 0.083008 0.658203 0.081055 0.668945 0.083984 0.667969 0.089844 0.666016 0.095703
1 0.641602 0.000977 0.642578 0.007812 0.655273 0.014648 0.659180 0.012695 0.661133 0.008789 0.663086 0.004883 0.661133 0.000977
1 0.663086 0.006836 0.662109 0.000977 0.670898 0.000977 0.670898 0.004883 0.668945 0.008789 0.666016 0.009766
1 0.726562 0.017578 0.722656 0.014648 0.719727 0.009766 0.716797 0.003906 0.716797 0.001953 0.719727 0.000000 0.730469 0.000000 0.736328 0.003906 0.740234 0.006836 0.741211 0.012695 0.739258 0.017578 0.733398 0.020508
1 0.713867 0.053711 0.708008 0.047852 0.708984 0.041992 0.712891 0.038086 0.719727 0.037109 0.722656 0.040039 0.724609 0.044922 0.724609 0.049805 0.720703 0.052734 0.720703 0.052734
1 0.678711 0.060547 0.674805 0.053711 0.674805 0.048828 0.681641 0.045898 0.686523 0.043945 0.692383 0.043945 0.698242 0.044922 0.703125 0.050781 0.704102 0.057617 0.695312 0.061523 0.685547 0.063477
1 0.754883 0.068359 0.750000 0.064453 0.740234 0.055664 0.736328 0.043945 0.740234 0.040039 0.751953 0.036133 0.761719 0.037109 0.770508 0.044922 0.774414 0.055664 0.770508 0.066406 0.762695 0.070312
1 0.708984 0.143555 0.704102 0.136719 0.705078 0.130859 0.709961 0.126953 0.718750 0.125977 0.718750 0.125977 0.721680 0.129883 0.724609 0.135742 0.720703 0.141602
1 0.697266 0.155273 0.692383 0.150391 0.685547 0.144531 0.683594 0.137695 0.690430 0.133789 0.697266 0.131836 0.700195 0.136719 0.705078 0.142578 0.707031 0.149414 0.702148 0.155273
0 0.685547 0.178711 0.679688 0.176758 0.673828 0.170898 0.669922 0.160156 0.670898 0.157227 0.672852 0.154297 0.677734 0.154297 0.680664 0.158203 0.687500 0.160156 0.691406 0.160156 0.699219 0.163086 0.699219 0.169922 0.697266 0.174805 0.693359 0.178711
1 0.687500 0.188477 0.681641 0.187500 0.678711 0.183594 0.680664 0.179688 0.683594 0.178711 0.689453 0.179688 0.694336 0.179688 0.695312 0.183594 0.694336 0.187500
1 0.666992 0.162109 0.663086 0.157227 0.663086 0.151367 0.666016 0.147461 0.670898 0.146484 0.670898 0.146484 0.675781 0.149414 0.681641 0.154297 0.681641 0.154297 0.671875 0.153320 0.669922 0.156250
1 0.715820 0.284180 0.709961 0.282227 0.707031 0.276367 0.708984 0.268555 0.712891 0.262695 0.718750 0.260742 0.725586 0.263672 0.732422 0.267578 0.735352 0.275391 0.737305 0.283203 0.732422 0.285156 0.726562 0.288086 0.720703 0.286133
1 0.739258 0.275391 0.734375 0.271484 0.726562 0.261719 0.731445 0.253906 0.735352 0.253906 0.741211 0.253906 0.745117 0.257812 0.748047 0.261719 0.749023 0.268555 0.746094 0.270508
1 0.762695 0.254883 0.758789 0.251953 0.758789 0.251953 0.752930 0.246094 0.750977 0.239258 0.756836 0.235352 0.761719 0.234375 0.771484 0.234375 0.775391 0.237305 0.779297 0.243164 0.780273 0.247070 0.778320 0.251953 0.774414 0.254883 0.766602 0.254883
1 0.787109 0.238281 0.781250 0.234375 0.778320 0.227539 0.780273 0.216797 0.786133 0.214844 0.791016 0.216797 0.791016 0.216797 0.796875 0.219727 0.801758 0.224609 0.804688 0.229492 0.801758 0.236328 0.794922 0.240234
1 0.811523 0.236328 0.806641 0.234375 0.807617 0.230469 0.809570 0.229492 0.812500 0.229492 0.816406 0.229492 0.819336 0.232422 0.817383 0.236328
1 0.812500 0.224609 0.805664 0.220703 0.802734 0.212891 0.805664 0.207031 0.812500 0.202148 0.812500 0.202148 0.820312 0.200195 0.827148 0.202148 0.833008 0.206055 0.835938 0.209961 0.836914 0.215820 0.833008 0.219727 0.828125 0.223633 0.822266 0.226562 0.817383 0.227539
1 0.836914 0.205078 0.830078 0.203125 0.827148 0.197266 0.828125 0.186523 0.833984 0.182617 0.839844 0.181641 0.845703 0.184570 0.845703 0.184570 0.852539 0.194336 0.850586 0.201172 0.843750 0.203125
1 0.841797 0.224609 0.836914 0.222656 0.836914 0.217773 0.838867 0.213867 0.847656 0.212891 0.850586 0.217773 0.850586 0.223633
0 0.851562 0.266602 0.847656 0.268555 0.845703 0.265625 0.845703 0.260742 0.848633 0.257812 0.853516 0.254883 0.853516 0.254883 0.857422 0.251953 0.862305 0.250000 0.872070 0.247070 0.877930 0.246094 0.883789 0.251953 0.883789 0.251953 0.876953 0.254883 0.871094 0.257812 0.868164 0.261719 0.865234 0.267578 0.859375 0.267578
1 0.849609 0.284180 0.844727 0.282227 0.843750 0.279297 0.845703 0.276367 0.848633 0.272461 0.852539 0.268555 0.855469 0.269531 0.857422 0.275391 0.855469 0.281250
1 0.838867 0.296875 0.832031 0.294922 0.833008 0.287109 0.836914 0.283203 0.841797 0.282227 0.844727 0.284180 0.847656 0.288086 0.846680 0.292969 0.844727 0.293945
1 0.816406 0.293945 0.809570 0.290039 0.803711 0.286133 0.803711 0.282227 0.807617 0.280273 0.813477 0.279297 0.817383 0.282227 0.820312 0.287109 0.821289 0.292969
1 0.819336 0.284180 0.816406 0.279297 0.820312 0.275391 0.824219 0.275391 0.826172 0.279297 0.827148 0.284180 0.823242 0.286133
1 0.764648 0.333008 0.756836 0.330078 0.753906 0.322266 0.755859 0.316406 0.760742 0.311523 0.766602 0.309570 0.770508 0.309570 0.774414 0.312500 0.776367 0.318359 0.778320 0.325195 0.776367 0.330078 0.771484 0.331055
1 0.788086 0.323242 0.777344 0.321289 0.773438 0.311523 0.773438 0.306641 0.777344 0.302734 0.785156 0.301758 0.792969 0.303711 0.794922 0.307617 0.798828 0.315430 0.798828 0.315430 0.796875 0.320312 0.793945 0.322266
0 0.723633 0.369141 0.716797 0.369141 0.707031 0.359375 0.701172 0.351562 0.704102 0.343750 0.712891 0.338867 0.723633 0.333008 0.734375 0.326172 0.743164 0.324219 0.751953 0.325195 0.751953 0.325195 0.756836 0.331055 0.761719 0.338867 0.757812 0.348633 0.750977 0.354492 0.743164 0.358398
1 0.732422 0.389648 0.727539 0.388672 0.721680 0.383789 0.721680 0.383789 0.720703 0.374023 0.724609 0.371094 0.738281 0.364258 0.743164 0.369141 0.744141 0.375977 0.745117 0.380859 0.743164 0.386719 0.740234 0.387695
0 0.836914 0.356445 0.831055 0.355469 0.825195 0.350586 0.825195 0.350586 0.831055 0.345703 0.837891 0.338867 0.833984 0.332031 0.835938 0.324219 0.835938 0.319336 0.839844 0.318359 0.843750 0.321289 0.845703 0.326172 0.848633 0.333984 0.849609 0.340820 0.850586 0.346680 0.846680 0.353516 0.846680 0.353516 0.842773 0.354492
1 0.820312 0.362305 0.817383 0.361328 0.813477 0.355469 0.817383 0.352539 0.822266 0.349609 0.826172 0.352539 0.831055 0.357422 0.827148 0.362305 0.825195 0.362305
1 0.857422 0.343750 0.851562 0.342773 0.849609 0.335938 0.849609 0.329102 0.849609 0.329102 0.853516 0.324219 0.858398 0.322266 0.864258 0.321289 0.868164 0.328125 0.871094 0.334961 0.870117 0.339844 0.865234 0.343750
1 0.875000 0.334961 0.870117 0.331055 0.867188 0.323242 0.871094 0.317383 0.876953 0.310547 0.876953 0.310547 0.882812 0.306641 0.882812 0.306641 0.887695 0.305664 0.893555 0.306641 0.899414 0.311523 0.901367 0.316406 0.897461 0.322266 0.896484 0.327148 0.891602 0.332031 0.884766 0.334961
1 0.904297 0.342773 0.897461 0.339844 0.896484 0.333008 0.898438 0.325195 0.901367 0.318359 0.906250 0.314453 0.913086 0.314453 0.917969 0.318359 0.920898 0.325195 0.920898 0.333008 0.916992 0.337891 0.912109 0.342773
1 0.901367 0.298828 0.893555 0.296875 0.889648 0.290039 0.890625 0.283203 0.896484 0.279297 0.904297 0.278320 0.911133 0.283203 0.911133 0.291016 0.907227 0.293945
1 0.882812 0.269531 0.877930 0.265625 0.875000 0.260742 0.875977 0.256836 0.879883 0.253906 0.884766 0.252930 0.888672 0.255859 0.891602 0.261719 0.891602 0.266602 0.886719 0.268555
0 0.914062 0.374023 0.910156 0.367188 0.911133 0.361328 0.914062 0.354492 0.916016 0.344727 0.916992 0.338867 0.921875 0.334961 0.926758 0.334961 0.932617 0.338867 0.936523 0.343750 0.938477 0.350586 0.936523 0.358398 0.933594 0.364258 0.928711 0.370117 0.921875 0.374023
1 0.895508 0.386719 0.890625 0.385742 0.889648 0.378906 0.892578 0.372070 0.897461 0.367188 0.903320 0.365234 0.908203 0.366211 0.911133 0.370117 0.912109 0.375000 0.912109 0.375000 0.908203 0.380859 0.908203 0.380859 0.904297 0.382812 0.899414 0.384766
1 0.937500 0.371094 0.932617 0.369141 0.935547 0.359375 0.939453 0.354492 0.945312 0.354492 0.949219 0.359375 0.950195 0.366211 0.945312 0.371094 0.945312 0.371094
1 0.871094 0.409180 0.864258 0.404297 0.860352 0.400391 0.858398 0.393555 0.861328 0.387695 0.866211 0.385742 0.872070 0.384766 0.877930 0.386719 0.877930 0.386719 0.881836 0.390625 0.881836 0.396484 0.880859 0.402344 0.876953 0.405273
1 0.845703 0.415039 0.841797 0.408203 0.841797 0.400391 0.845703 0.398438 0.850586 0.400391 0.854492 0.407227 0.855469 0.414062 0.850586 0.415039
1 0.819336 0.413086 0.814453 0.411133 0.812500 0.405273 0.814453 0.401367 0.821289 0.399414 0.821289 0.399414 0.826172 0.399414 0.827148 0.405273 0.825195 0.407227 0.823242 0.414062
1 0.834961 0.462891 0.827148 0.456055 0.823242 0.449219 0.819336 0.434570 0.823242 0.432617 0.832031 0.433594 0.838867 0.441406 0.845703 0.448242 0.847656 0.457031 0.843750 0.462891
0 0.882812 0.524414 0.873047 0.511719 0.867188 0.500977 0.864258 0.495117 0.860352 0.489258 0.856445 0.483398 0.849609 0.476562 0.845703 0.470703 0.845703 0.466797 0.854492 0.460938 0.861328 0.462891 0.863281 0.468750 0.868164 0.475586 0.881836 0.479492 0.883789 0.500000 0.886719 0.505859 0.886719 0.505859 0.890625 0.512695 0.890625 0.518555
1 0.873047 0.475586 0.866211 0.472656 0.861328 0.462891 0.861328 0.457031 0.866211 0.452148 0.871094 0.449219 0.877930 0.449219 0.882812 0.450195 0.887695 0.455078 0.888672 0.461914 0.885742 0.470703 0.881836 0.475586
1 0.898438 0.456055 0.889648 0.456055 0.884766 0.450195 0.884766 0.450195 0.889648 0.443359 0.895508 0.439453 0.895508 0.439453 0.901367 0.436523 0.906250 0.436523 0.910156 0.443359 0.910156 0.448242 0.905273 0.452148
0 0.917969 0.449219 0.913086 0.448242 0.911133 0.442383 0.910156 0.437500 0.916016 0.431641 0.916016 0.431641 0.919922 0.427734 0.919922 0.427734 0.926758 0.425781 0.932617 0.423828 0.936523 0.418945 0.943359 0.415039 0.943359 0.415039 0.951172 0.408203 0.951172 0.408203 0.955078 0.403320 0.959961 0.400391 0.967773 0.405273 0.969727 0.428711 0.960938 0.429688 0.960938 0.429688 0.950195 0.429688 0.935547 0.438477 0.932617 0.445312 0.932617 0.445312 0.924805 0.447266
1 0.982422 0.438477 0.977539 0.435547 0.977539 0.435547 0.973633 0.427734 0.972656 0.421875 0.976562 0.416992 0.981445 0.415039 0.986328 0.416016 0.989258 0.421875 0.991211 0.427734 0.991211 0.427734 0.990234 0.435547
1 0.975586 0.481445 0.967773 0.478516 0.965820 0.467773 0.966797 0.460938 0.977539 0.460938 0.981445 0.459961 0.988281 0.460938 0.988281 0.460938 0.991211 0.464844 0.991211 0.474609 0.987305 0.479492
1 0.789062 0.654297 0.784180 0.652344 0.781250 0.648438 0.780273 0.643555 0.780273 0.639648 0.782227 0.635742 0.784180 0.631836 0.787109 0.631836 0.791016 0.633789 0.794922 0.637695 0.793945 0.644531 0.793945 0.649414
1 0.793945 0.633789 0.791016 0.631836 0.791016 0.628906 0.791992 0.626953 0.799805 0.625000 0.802734 0.630859 0.799805 0.634766
1 0.767578 0.657227 0.765625 0.654297 0.765625 0.649414 0.772461 0.647461 0.776367 0.650391 0.779297 0.653320 0.781250 0.655273 0.783203 0.658203 0.782227 0.661133 0.773438 0.661133 0.770508 0.658203
1 0.778320 0.672852 0.774414 0.668945 0.773438 0.666016 0.774414 0.663086 0.775391 0.661133 0.783203 0.661133 0.786133 0.664062 0.786133 0.667969 0.784180 0.670898 0.782227 0.671875
1 0.754883 0.666016 0.751953 0.662109 0.751953 0.658203 0.753906 0.656250 0.755859 0.655273 0.759766 0.659180 0.759766 0.663086 0.758789 0.666016
1 0.755859 0.676758 0.752930 0.673828 0.753906 0.669922 0.757812 0.666992 0.761719 0.666016 0.765625 0.667969 0.764648 0.673828 0.762695 0.675781
1 0.766602 0.685547 0.762695 0.682617 0.767578 0.674805 0.770508 0.672852 0.773438 0.673828 0.776367 0.674805 0.777344 0.678711 0.774414 0.680664 0.771484 0.683594
1 0.799805 0.673828 0.792969 0.674805 0.791016 0.667969 0.791016 0.667969 0.794922 0.665039 0.799805 0.662109 0.799805 0.662109 0.805664 0.663086 0.806641 0.666016 0.805664 0.669922
1 0.801758 0.679688 0.799805 0.676758 0.801758 0.673828 0.808594 0.668945 0.812500 0.668945 0.813477 0.671875 0.810547 0.675781 0.807617 0.679688
1 0.819336 0.675781 0.814453 0.667969 0.816406 0.665039 0.821289 0.665039 0.825195 0.665039 0.829102 0.669922 0.829102 0.675781 0.828125 0.677734
1 0.815430 0.684570 0.810547 0.682617 0.810547 0.677734 0.812500 0.674805 0.813477 0.672852 0.816406 0.672852 0.820312 0.678711 0.818359 0.682617
0 0.857422 0.657227 0.855469 0.649414 0.857422 0.643555 0.862305 0.640625 0.868164 0.639648 0.868164 0.639648 0.874023 0.638672 0.883789 0.639648 0.882812 0.644531 0.880859 0.647461 0.876953 0.651367 0.873047 0.656250 0.874023 0.661133 0.880859 0.667969 0.878906 0.675781 0.874023 0.678711 0.869141 0.675781 0.867188 0.665039 0.866211 0.661133
1 0.878906 0.691406 0.875000 0.684570 0.875000 0.679688 0.880859 0.674805 0.883789 0.674805 0.887695 0.678711 0.886719 0.684570 0.886719 0.684570 0.883789 0.690430
0 0.888672 0.699219 0.883789 0.694336 0.883789 0.689453 0.886719 0.684570 0.890625 0.681641 0.890625 0.681641 0.894531 0.682617 0.897461 0.684570 0.899414 0.689453 0.899414 0.695312 0.899414 0.702148 0.903320 0.707031 0.898438 0.710938 0.892578 0.708008 0.892578 0.708008
0 0.906250 0.718750 0.902344 0.711914 0.904297 0.706055 0.900391 0.701172 0.900391 0.692383 0.899414 0.684570 0.893555 0.680664 0.894531 0.672852 0.898438 0.668945 0.910156 0.666016 0.913086 0.667969 0.915039 0.670898 0.916992 0.672852 0.920898 0.673828 0.923828 0.672852 0.928711 0.674805 0.932617 0.679688 0.934570 0.685547 0.932617 0.691406 0.931641 0.699219 0.930664 0.706055 0.924805 0.711914 0.920898 0.714844 0.915039 0.718750 0.914062 0.721680
0 0.905273 0.665039 0.896484 0.664062 0.893555 0.666992 0.884766 0.661133 0.884766 0.644531 0.889648 0.638672 0.893555 0.631836 0.893555 0.631836 0.894531 0.624023 0.896484 0.616211 0.904297 0.614258 0.914062 0.613281 0.918945 0.614258 0.927734 0.618164 0.930664 0.622070 0.930664 0.622070 0.935547 0.629883 0.936523 0.636719 0.940430 0.643555 0.944336 0.649414 0.939453 0.655273 0.928711 0.658203 0.923828 0.656250 0.919922 0.660156 0.915039 0.662109
1 0.990234 0.754883 0.984375 0.751953 0.985352 0.746094 0.988281 0.742188 0.991211 0.742188 0.997070 0.744141 1.000000 0.749023 0.999023 0.752930 0.993164 0.753906
1 0.987305 0.743164 0.980469 0.738281 0.978516 0.728516 0.984375 0.724609 0.991211 0.724609 0.997070 0.729492 0.998047 0.735352 0.996094 0.740234 0.996094 0.740234
1 0.983398 0.766602 0.976562 0.763672 0.976562 0.758789 0.980469 0.755859 0.983398 0.754883 0.988281 0.756836 0.990234 0.759766 0.991211 0.763672 0.988281 0.764648
1 0.955078 0.780273 0.949219 0.777344 0.948242 0.771484 0.951172 0.765625 0.956055 0.763672 0.956055 0.763672 0.960938 0.764648 0.964844 0.768555 0.966797 0.774414 0.964844 0.778320 0.959961 0.781250
1 0.933594 0.761719 0.929688 0.755859 0.928711 0.746094 0.928711 0.746094 0.930664 0.740234 0.939453 0.737305 0.944336 0.737305 0.950195 0.739258 0.956055 0.744141 0.956055 0.750977 0.957031 0.755859 0.953125 0.760742 0.947266 0.762695 0.941406 0.763672
1 0.923828 0.754883 0.916016 0.750977 0.917969 0.742188 0.918945 0.734375 0.921875 0.731445 0.928711 0.732422 0.937500 0.733398 0.938477 0.737305 0.930664 0.738281 0.929688 0.745117 0.925781 0.750977
1 0.910156 0.741211 0.901367 0.735352 0.901367 0.735352 0.902344 0.727539 0.908203 0.724609 0.913086 0.724609 0.917969 0.728516 0.917969 0.728516 0.917969 0.736328 0.916016 0.739258
1 0.968750 0.794922 0.963867 0.791016 0.963867 0.786133 0.965820 0.784180 0.967773 0.781250 0.971680 0.781250 0.975586 0.784180 0.977539 0.790039 0.975586 0.792969
0 0.973633 0.833008 0.966797 0.831055 0.966797 0.823242 0.967773 0.817383 0.973633 0.812500 0.981445 0.800781 0.981445 0.800781 0.985352 0.796875 0.990234 0.799805 0.997070 0.803711 0.999023 0.813477 1.000000 0.823242 0.999023 0.830078 0.994141 0.834961 0.994141 0.834961 0.982422 0.835938
0 0.961914 0.815430 0.956055 0.809570 0.951172 0.801758 0.947266 0.793945 0.944336 0.788086 0.940430 0.784180 0.934570 0.778320 0.931641 0.771484 0.935547 0.768555 0.941406 0.766602 0.946289 0.770508 0.952148 0.781250 0.956055 0.785156 0.958008 0.790039 0.962891 0.797852 0.962891 0.797852 0.965820 0.802734 0.967773 0.809570 0.965820 0.814453
1 0.856445 0.825195 0.851562 0.823242 0.849609 0.817383 0.848633 0.812500 0.851562 0.807617 0.857422 0.805664 0.857422 0.805664 0.865234 0.808594 0.868164 0.812500 0.869141 0.818359 0.866211 0.823242 0.861328 0.826172
1 0.843750 0.808594 0.837891 0.804688 0.834961 0.798828 0.838867 0.793945 0.843750 0.792969 0.850586 0.791016 0.856445 0.791016 0.864258 0.796875 0.864258 0.801758 0.864258 0.801758 0.860352 0.805664 0.855469 0.806641 0.848633 0.808594
1 0.835938 0.793945 0.830078 0.786133 0.831055 0.779297 0.831055 0.770508 0.836914 0.765625 0.836914 0.765625 0.845703 0.767578 0.854492 0.772461 0.860352 0.779297 0.860352 0.786133 0.852539 0.790039 0.845703 0.791992
1 0.957031 0.897461 0.953125 0.888672 0.948242 0.879883 0.948242 0.879883 0.951172 0.870117 0.960938 0.865234 0.971680 0.866211 0.981445 0.872070 0.981445 0.872070 0.987305 0.876953 0.991211 0.881836 0.995117 0.892578 0.988281 0.898438 0.977539 0.903320 0.964844 0.901367 0.964844 0.901367
1 0.989258 0.925781 0.987305 0.920898 0.986328 0.911133 0.993164 0.910156 0.995117 0.918945 0.993164 0.924805
1 0.980469 0.923828 0.973633 0.920898 0.974609 0.911133 0.978516 0.910156 0.981445 0.910156 0.984375 0.913086 0.984375 0.917969 0.983398 0.922852
1 0.969727 0.938477 0.965820 0.933594 0.963867 0.926758 0.968750 0.921875 0.968750 0.921875 0.973633 0.921875 0.976562 0.930664 0.974609 0.935547
1 0.958008 0.924805 0.954102 0.919922 0.954102 0.919922 0.955078 0.910156 0.958008 0.905273 0.963867 0.906250 0.965820 0.911133 0.965820 0.911133 0.964844 0.917969 0.962891 0.922852
1 0.950195 0.910156 0.943359 0.905273 0.945312 0.900391 0.948242 0.899414 0.952148 0.900391 0.954102 0.902344 0.955078 0.905273
1 0.947266 0.921875 0.942383 0.918945 0.943359 0.913086 0.946289 0.911133 0.950195 0.912109 0.953125 0.914062 0.952148 0.918945
1 0.947266 0.932617 0.943359 0.929688 0.943359 0.929688 0.943359 0.923828 0.948242 0.921875 0.952148 0.921875 0.954102 0.924805 0.953125 0.929688
1 0.928711 0.888672 0.923828 0.884766 0.922852 0.877930 0.926758 0.874023 0.936523 0.875000 0.938477 0.880859 0.937500 0.886719 0.933594 0.891602
1 0.916992 0.882812 0.913086 0.877930 0.915039 0.873047 0.919922 0.873047 0.922852 0.873047 0.923828 0.877930 0.920898 0.881836
1 0.903320 0.881836 0.899414 0.879883 0.899414 0.875000 0.903320 0.873047 0.908203 0.875000 0.908203 0.881836
1 0.900391 0.901367 0.897461 0.895508 0.898438 0.885742 0.900391 0.883789 0.906250 0.883789 0.909180 0.888672 0.908203 0.893555 0.906250 0.895508 0.904297 0.900391
1 0.914062 0.998047 0.913086 0.991211 0.915039 0.987305 0.918945 0.986328 0.924805 0.987305 0.929688 0.988281 0.930664 0.997070
1 0.935547 0.987305 0.930664 0.981445 0.932617 0.971680 0.937500 0.970703 0.937500 0.970703 0.943359 0.970703 0.947266 0.974609 0.948242 0.980469 0.946289 0.985352 0.941406 0.988281
1 0.874023 0.998047 0.867188 0.995117 0.867188 0.987305 0.877930 0.980469 0.883789 0.981445 0.888672 0.987305 0.885742 0.995117 0.883789 0.998047
1 0.847656 0.958008 0.843750 0.953125 0.844727 0.945312 0.844727 0.945312 0.843750 0.934570 0.847656 0.931641 0.855469 0.935547 0.861328 0.940430 0.861328 0.949219 0.858398 0.956055 0.854492 0.958984
1 0.847656 0.997070 0.845703 0.993164 0.848633 0.988281 0.853516 0.987305 0.856445 0.989258 0.857422 0.995117 0.853516 0.998047
1 0.835938 0.998047 0.829102 0.995117 0.830078 0.990234 0.835938 0.988281 0.841797 0.988281 0.842773 0.992188 0.841797 0.996094
1 0.824219 0.998047 0.818359 0.994141 0.821289 0.988281 0.826172 0.986328 0.828125 0.994141 0.827148 0.997070
1 0.801758 0.999023 0.798828 0.995117 0.800781 0.989258 0.805664 0.988281 0.809570 0.991211 0.808594 0.996094
1 0.826172 0.884766 0.820312 0.875977 0.821289 0.865234 0.827148 0.859375 0.831055 0.857422 0.836914 0.860352 0.842773 0.865234 0.845703 0.870117 0.845703 0.876953 0.840820 0.882812 0.840820 0.882812 0.833984 0.885742
1 0.785156 0.879883 0.782227 0.877930 0.783203 0.870117 0.784180 0.862305 0.791992 0.861328 0.799805 0.860352 0.799805 0.860352 0.801758 0.865234 0.800781 0.871094 0.797852 0.875977 0.791992 0.879883
1 0.774414 0.874023 0.771484 0.869141 0.771484 0.860352 0.773438 0.858398 0.777344 0.858398 0.780273 0.859375 0.782227 0.867188 0.781250 0.871094 0.777344 0.875000
0 0.759766 0.877930 0.754883 0.872070 0.750977 0.869141 0.748047 0.865234 0.746094 0.859375 0.750000 0.857422 0.757812 0.856445 0.762695 0.855469 0.768555 0.857422 0.770508 0.860352 0.771484 0.873047 0.771484 0.873047 0.766602 0.875000
1 0.744141 0.896484 0.740234 0.892578 0.741211 0.884766 0.748047 0.883789 0.751953 0.883789 0.755859 0.888672 0.755859 0.888672 0.756836 0.892578 0.752930 0.895508
1 0.746094 0.931641 0.741211 0.927734 0.739258 0.918945 0.734375 0.913086 0.736328 0.904297 0.741211 0.898438 0.741211 0.898438 0.752930 0.896484 0.758789 0.894531 0.767578 0.894531 0.767578 0.894531 0.772461 0.899414 0.773438 0.905273 0.772461 0.912109 0.770508 0.919922 0.764648 0.924805 0.757812 0.927734 0.750977 0.929688
1 0.766602 0.950195 0.762695 0.947266 0.762695 0.941406 0.768555 0.940430 0.772461 0.940430 0.774414 0.945312 0.774414 0.948242
1 0.769531 0.964844 0.766602 0.957031 0.769531 0.953125 0.774414 0.950195 0.774414 0.950195 0.781250 0.952148 0.781250 0.952148 0.787109 0.955078 0.787109 0.955078 0.788086 0.959961 0.784180 0.966797 0.778320 0.968750
1 0.776367 0.981445 0.769531 0.974609 0.768555 0.969727 0.768555 0.969727 0.771484 0.968750 0.776367 0.968750 0.779297 0.971680 0.782227 0.976562 0.782227 0.976562 0.779297 0.980469
1 0.773438 0.998047 0.765625 0.994141 0.765625 0.987305 0.770508 0.985352 0.770508 0.985352 0.774414 0.981445 0.780273 0.982422 0.780273 0.982422 0.786133 0.984375 0.786133 0.984375 0.787109 0.990234 0.785156 0.995117 0.779297 0.996094
1 0.749023 0.998047 0.754883 0.991211 0.754883 0.991211 0.759766 0.990234 0.759766 0.990234 0.763672 0.993164 0.765625 0.997070 0.765625 1.000000
1 0.749023 0.990234 0.742188 0.986328 0.739258 0.976562 0.742188 0.968750 0.745117 0.965820 0.752930 0.964844 0.759766 0.966797 0.763672 0.974609 0.763672 0.981445 0.758789 0.988281
1 0.720703 0.997070 0.722656 0.989258 0.727539 0.985352 0.734375 0.985352 0.738281 0.988281 0.739258 0.993164 0.736328 0.998047 0.733398 1.000000 0.719727 1.000000
1 0.706055 0.998047 0.708984 0.989258 0.708984 0.989258 0.713867 0.989258 0.717773 0.992188 0.717773 0.996094 0.716797 0.999023
1 0.690430 0.997070 0.683594 0.990234 0.682617 0.983398 0.688477 0.977539 0.693359 0.972656 0.697266 0.974609 0.701172 0.983398 0.700195 0.989258 0.696289 0.994141
1 0.670898 0.992188 0.666016 0.988281 0.665039 0.980469 0.670898 0.976562 0.670898 0.976562 0.678711 0.978516 0.678711 0.985352 0.675781 0.991211
1 0.634766 0.994141 0.632812 0.985352 0.631836 0.976562 0.641602 0.972656 0.649414 0.973633 0.654297 0.982422 0.653320 0.988281 0.643555 0.993164
1 0.736328 0.871094 0.730469 0.867188 0.730469 0.862305 0.734375 0.860352 0.740234 0.860352 0.744141 0.866211 0.741211 0.868164
1 0.706055 0.896484 0.697266 0.890625 0.697266 0.881836 0.699219 0.877930 0.703125 0.873047 0.703125 0.873047 0.708008 0.872070 0.715820 0.873047 0.720703 0.876953 0.723633 0.882812 0.723633 0.882812 0.723633 0.888672 0.723633 0.888672 0.718750 0.895508 0.712891 0.895508
1 0.698242 0.917969 0.693359 0.912109 0.693359 0.902344 0.695312 0.896484 0.698242 0.894531 0.703125 0.895508 0.703125 0.895508 0.706055 0.899414 0.706055 0.908203 0.705078 0.913086
1 0.705078 0.936523 0.699219 0.931641 0.699219 0.926758 0.703125 0.922852 0.706055 0.922852 0.710938 0.924805 0.711914 0.928711 0.710938 0.934570
1 0.701172 0.871094 0.696289 0.864258 0.697266 0.859375 0.706055 0.857422 0.712891 0.858398 0.719727 0.860352 0.719727 0.860352 0.724609 0.864258 0.725586 0.871094 0.725586 0.871094 0.721680 0.874023 0.721680 0.874023 0.708008 0.872070
1 0.663086 0.858398 0.662109 0.851562 0.666992 0.849609 0.671875 0.850586 0.676758 0.853516 0.677734 0.858398 0.673828 0.864258 0.666992 0.864258
1 0.623047 0.931641 0.618164 0.923828 0.621094 0.917969 0.621094 0.909180 0.623047 0.903320 0.623047 0.903320 0.628906 0.905273 0.635742 0.904297 0.641602 0.901367 0.641602 0.901367 0.645508 0.904297 0.645508 0.904297 0.647461 0.910156 0.645508 0.917969 0.643555 0.922852 0.639648 0.927734 0.635742 0.933594 0.627930 0.934570
1 0.602539 0.901367 0.598633 0.896484 0.598633 0.891602 0.598633 0.891602 0.604492 0.889648 0.609375 0.892578 0.610352 0.897461
1 0.608398 0.912109 0.604492 0.907227 0.605469 0.902344 0.611328 0.902344 0.611328 0.902344 0.615234 0.905273 0.613281 0.908203 0.610352 0.910156
1 0.613281 0.919922 0.611328 0.913086 0.613281 0.908203 0.618164 0.906250 0.621094 0.912109 0.621094 0.916992
1 0.608398 0.888672 0.605469 0.882812 0.606445 0.877930 0.610352 0.877930 0.615234 0.878906 0.615234 0.878906 0.617188 0.884766 0.613281 0.888672
1 0.621094 0.888672 0.618164 0.885742 0.619141 0.880859 0.625000 0.880859 0.626953 0.884766 0.625000 0.887695
0 0.604492 0.874023 0.601562 0.866211 0.603516 0.857422 0.611328 0.856445 0.619141 0.860352 0.624023 0.868164 0.624023 0.875000 0.614258 0.879883
0 0.590820 0.879883 0.589844 0.866211 0.590820 0.857422 0.595703 0.854492 0.600586 0.856445 0.600586 0.865234 0.600586 0.865234 0.598633 0.872070 0.598633 0.872070 0.595703 0.877930
1 0.595703 0.983398 0.590820 0.973633 0.592773 0.967773 0.597656 0.961914 0.602539 0.959961 0.608398 0.963867 0.606445 0.970703 0.602539 0.975586 0.599609 0.982422
1 0.605469 0.985352 0.601562 0.981445 0.602539 0.974609 0.607422 0.969727 0.612305 0.972656 0.614258 0.977539 0.613281 0.983398 0.609375 0.986328
1 0.564453 0.976562 0.562500 0.962891 0.568359 0.959961 0.568359 0.959961 0.573242 0.958984 0.573242 0.958984 0.581055 0.962891 0.585938 0.968750 0.584961 0.976562 0.582031 0.979492 0.574219 0.975586 0.568359 0.976562
0 0.597656 0.957031 0.594727 0.947266 0.595703 0.934570 0.599609 0.929688 0.599609 0.929688 0.603516 0.928711 0.605469 0.934570 0.606445 0.940430 0.605469 0.949219 0.602539 0.954102
1 0.583984 0.920898 0.583008 0.913086 0.587891 0.913086 0.590820 0.916016 0.588867 0.919922
0 0.534180 0.996094 0.530273 0.990234 0.530273 0.981445 0.535156 0.974609 0.535156 0.974609 0.543945 0.969727 0.543945 0.969727 0.552734 0.969727 0.556641 0.975586 0.556641 0.983398 0.552734 0.989258 0.543945 0.992188
1 0.526367 0.974609 0.520508 0.966797 0.520508 0.966797 0.524414 0.958984 0.528320 0.956055 0.535156 0.956055 0.539062 0.959961 0.540039 0.966797 0.540039 0.966797 0.537109 0.972656
1 0.552734 0.933594 0.544922 0.926758 0.548828 0.919922 0.558594 0.919922 0.558594 0.919922 0.558594 0.926758
1 0.541992 0.916992 0.539062 0.910156 0.542969 0.906250 0.542969 0.906250 0.552734 0.907227 0.553711 0.911133 0.552734 0.916992 0.547852 0.916992
0 0.530273 0.933594 0.520508 0.926758 0.521484 0.917969 0.525391 0.912109 0.531250 0.910156 0.537109 0.912109 0.541016 0.915039 0.542969 0.920898 0.542969 0.927734 0.538086 0.932617
1 0.529297 0.899414 0.524414 0.895508 0.528320 0.888672 0.534180 0.884766 0.541016 0.884766 0.545898 0.888672 0.547852 0.897461 0.547852 0.897461 0.543945 0.901367 0.537109 0.902344
1 0.503906 0.925781 0.500000 0.917969 0.502930 0.912109 0.502930 0.912109 0.505859 0.911133 0.511719 0.914062 0.515625 0.917969 0.515625 0.917969 0.512695 0.924805 0.507812 0.925781
1 0.446289 0.932617 0.441406 0.925781 0.443359 0.919922 0.451172 0.916992 0.453125 0.911133 0.459961 0.909180 0.465820 0.911133 0.469727 0.916016 0.467773 0.922852 0.465820 0.926758 0.460938 0.931641 0.455078 0.931641
1 0.415039 0.995117 0.413086 0.990234 0.413086 0.990234 0.416016 0.986328 0.416016 0.986328 0.421875 0.987305 0.424805 0.990234 0.425781 0.995117 0.419922 0.997070
1 0.427734 0.991211 0.422852 0.983398 0.422852 0.983398 0.425781 0.979492 0.430664 0.978516 0.435547 0.981445 0.435547 0.987305 0.435547 0.987305 0.432617 0.991211
1 0.429688 0.999023 0.428711 0.994141 0.432617 0.991211 0.436523 0.991211 0.439453 0.993164 0.439453 0.997070 0.438477 0.999023
1 0.437500 0.991211 0.434570 0.986328 0.436523 0.982422 0.441406 0.982422 0.445312 0.985352 0.445312 0.990234 0.442383 0.992188
1 0.379883 0.905273 0.375977 0.901367 0.377930 0.896484 0.382812 0.893555 0.388672 0.896484 0.388672 0.902344 0.383789 0.905273
1 0.372070 0.893555 0.369141 0.888672 0.369141 0.882812 0.373047 0.879883 0.377930 0.878906 0.383789 0.881836 0.384766 0.887695 0.383789 0.893555
1 0.353516 0.891602 0.348633 0.886719 0.345703 0.879883 0.349609 0.875977 0.354492 0.874023 0.359375 0.875000 0.365234 0.880859 0.365234 0.880859 0.366211 0.884766 0.363281 0.890625 0.356445 0.892578
1 0.367188 0.880859 0.362305 0.875977 0.367188 0.872070 0.373047 0.870117 0.377930 0.872070 0.376953 0.878906 0.373047 0.879883
1 0.333008 0.904297 0.326172 0.898438 0.326172 0.890625 0.333984 0.886719 0.341797 0.886719 0.346680 0.889648 0.348633 0.894531 0.349609 0.899414 0.344727 0.902344 0.337891 0.903320
1 0.348633 0.928711 0.338867 0.922852 0.340820 0.916992 0.340820 0.916992 0.346680 0.914062 0.346680 0.914062 0.352539 0.915039 0.352539 0.915039 0.355469 0.920898 0.356445 0.925781 0.352539 0.928711
1 0.300781 0.938477 0.291992 0.928711 0.295898 0.920898 0.299805 0.920898 0.304688 0.921875 0.308594 0.925781 0.309570 0.932617 0.309570 0.937500 0.304688 0.940430
1 0.238281 0.960938 0.235352 0.958984 0.231445 0.957031 0.232422 0.949219 0.236328 0.943359 0.243164 0.939453 0.252930 0.941406 0.258789 0.948242 0.257812 0.954102 0.253906 0.958008 0.246094 0.960938
0 0.186523 0.979492 0.184570 0.972656 0.184570 0.967773 0.192383 0.967773 0.194336 0.963867 0.199219 0.960938 0.204102 0.957031 0.207031 0.953125 0.217773 0.953125 0.222656 0.958984 0.223633 0.965820 0.227539 0.969727 0.231445 0.973633 0.233398 0.978516 0.232422 0.983398 0.228516 0.987305 0.225586 0.995117 0.225586 0.998047 0.225586 1.000000 0.204102 1.000000 0.195312 0.988281 0.191406 0.984375
1 0.029297 0.984375 0.022461 0.974609 0.019531 0.967773 0.029297 0.964844 0.029297 0.964844 0.041016 0.964844 0.045898 0.969727 0.048828 0.976562 0.045898 0.984375 0.037109 0.986328
1 0.032227 0.998047 0.034180 0.993164 0.036133 0.991211 0.041016 0.990234 0.043945 0.993164 0.041992 0.999023 0.041992 0.999023
1 0.028320 0.994141 0.024414 0.989258 0.025391 0.986328 0.031250 0.989258 0.031250 0.989258 0.033203 0.992188 0.031250 0.994141
1 0.008789 0.998047 0.011719 0.991211 0.018555 0.988281 0.018555 0.988281 0.022461 0.993164 0.022461 0.996094 0.019531 1.000000
1 0.022461 0.965820 0.015625 0.960938 0.016602 0.951172 0.020508 0.946289 0.026367 0.944336 0.026367 0.944336 0.033203 0.946289 0.041016 0.952148 0.041016 0.960938 0.038086 0.964844
0 0.000000 0.895508 0.006836 0.902344 0.006836 0.902344 0.009766 0.909180 0.012695 0.916992 0.016602 0.922852 0.020508 0.930664 0.024414 0.936523 0.022461 0.943359 0.017578 0.946289 0.012695 0.952148 0.013672 0.958008 0.013672 0.963867 0.011719 0.969727 0.008789 0.972656 0.004883 0.972656 0.000000 0.972656
1 0.049805 0.912109 0.046875 0.906250 0.046875 0.900391 0.048828 0.899414 0.053711 0.900391 0.053711 0.900391 0.056641 0.904297 0.055664 0.909180
1 0.041992 0.915039 0.039062 0.912109 0.041016 0.909180 0.045898 0.908203 0.047852 0.911133 0.048828 0.914062 0.044922 0.915039
1 0.034180 0.907227 0.030273 0.900391 0.030273 0.893555 0.035156 0.888672 0.045898 0.889648 0.052734 0.892578 0.053711 0.897461 0.053711 0.897461 0.045898 0.899414 0.042969 0.905273 0.041016 0.907227
1 0.020508 0.889648 0.014648 0.880859 0.013672 0.873047 0.021484 0.868164 0.029297 0.867188 0.033203 0.872070 0.036133 0.878906 0.036133 0.884766 0.031250 0.888672
0 0.040039 0.887695 0.048828 0.885742 0.050781 0.882812 0.050781 0.878906 0.047852 0.875000 0.043945 0.869141 0.039062 0.867188 0.034180 0.865234 0.034180 0.865234 0.030273 0.867188 0.031250 0.868164 0.036133 0.879883
1 0.111328 0.883789 0.104492 0.881836 0.095703 0.879883 0.091797 0.873047 0.092773 0.866211 0.101562 0.858398 0.101562 0.858398 0.106445 0.857422 0.110352 0.858398 0.112305 0.864258 0.114258 0.869141 0.116211 0.875000 0.115234 0.880859
1 0.122070 0.872070 0.116211 0.868164 0.113281 0.861328 0.114258 0.854492 0.119141 0.850586 0.119141 0.850586 0.130859 0.853516 0.132812 0.856445 0.133789 0.861328 0.133789 0.861328 0.133789 0.867188 0.127930 0.872070
1 0.054688 0.847656 0.049805 0.842773 0.047852 0.836914 0.050781 0.833008 0.060547 0.832031 0.065430 0.834961 0.065430 0.841797 0.056641 0.846680
1 0.036133 0.860352 0.033203 0.851562 0.033203 0.851562 0.035156 0.845703 0.040039 0.842773 0.043945 0.842773 0.048828 0.842773 0.050781 0.852539 0.046875 0.858398 0.041992 0.860352
0 0.011719 0.860352 0.003906 0.861328 0.000000 0.854492 0.000000 0.829102 0.007812 0.830078 0.013672 0.828125 0.015625 0.825195 0.019531 0.826172 0.026367 0.833984 0.030273 0.838867 0.033203 0.846680 0.031250 0.853516 0.031250 0.853516 0.031250 0.859375 0.022461 0.861328
1 0.003906 0.829102 0.005859 0.825195 0.006836 0.822266 0.011719 0.824219 0.013672 0.827148 0.011719 0.829102 0.008789 0.830078
1 0.185547 0.875000 0.177734 0.872070 0.172852 0.868164 0.167969 0.859375 0.166016 0.849609 0.172852 0.842773 0.181641 0.841797 0.181641 0.841797 0.187500 0.837891 0.194336 0.835938 0.202148 0.837891 0.207031 0.841797 0.208984 0.846680 0.209961 0.851562 0.209961 0.858398 0.209961 0.858398 0.208008 0.868164 0.199219 0.873047 0.195312 0.874023 0.190430 0.874023
0 0.182617 0.875977 0.183594 0.874023 0.186523 0.876953 0.195312 0.874023 0.208008 0.870117 0.211914 0.859375 0.212891 0.855469 0.220703 0.855469 0.226562 0.859375 0.231445 0.863281 0.232422 0.876953 0.232422 0.876953 0.230469 0.885742 0.227539 0.890625 0.224609 0.897461 0.224609 0.897461 0.218750 0.903320 0.211914 0.908203 0.207031 0.912109 0.207031 0.912109 0.201172 0.913086 0.201172 0.913086 0.194336 0.908203 0.185547 0.887695 0.185547 0.887695 0.182617 0.879883
1 0.227539 0.897461 0.224609 0.895508 0.224609 0.889648 0.229492 0.884766 0.229492 0.884766 0.234375 0.884766 0.236328 0.890625 0.236328 0.890625 0.233398 0.897461 0.233398 0.897461
1 0.238281 0.890625 0.233398 0.883789 0.233398 0.876953 0.239258 0.872070 0.245117 0.872070 0.248047 0.875000 0.250000 0.879883 0.246094 0.883789
1 0.252930 0.880859 0.250000 0.875977 0.250977 0.870117 0.255859 0.868164 0.260742 0.870117 0.263672 0.873047 0.263672 0.877930 0.258789 0.881836
1 0.258789 0.868164 0.258789 0.865234 0.262695 0.863281 0.269531 0.865234 0.271484 0.870117 0.271484 0.876953 0.269531 0.879883 0.264648 0.879883 0.264648 0.874023
1 0.266602 0.862305 0.267578 0.859375 0.271484 0.859375 0.277344 0.861328 0.278320 0.867188 0.278320 0.867188 0.278320 0.872070 0.274414 0.875000 0.271484 0.873047
1 0.281250 0.865234 0.276367 0.863281 0.273438 0.855469 0.280273 0.852539 0.285156 0.852539 0.291016 0.857422 0.286133 0.865234
0 0.240234 0.816406 0.243164 0.811523 0.251953 0.809570 0.258789 0.809570 0.258789 0.809570 0.265625 0.816406 0.268555 0.822266 0.271484 0.828125 0.276367 0.830078 0.277344 0.836914 0.279297 0.842773 0.281250 0.848633 0.281250 0.848633 0.275391 0.853516 0.265625 0.846680 0.265625 0.846680 0.260742 0.840820 0.255859 0.834961 0.250977 0.830078 0.250000 0.826172 0.245117 0.821289
1 0.255859 0.800781 0.251953 0.796875 0.251953 0.796875 0.251953 0.789062 0.256836 0.787109 0.263672 0.791016 0.263672 0.796875 0.259766 0.801758
1 0.441406 0.885742 0.435547 0.879883 0.435547 0.879883 0.435547 0.870117 0.439453 0.866211 0.447266 0.866211 0.453125 0.869141 0.456055 0.875000 0.454102 0.880859 0.449219 0.885742 0.449219 0.885742
1 0.508789 0.858398 0.501953 0.855469 0.498047 0.848633 0.503906 0.842773 0.503906 0.842773 0.511719 0.844727 0.511719 0.844727 0.517578 0.849609 0.517578 0.849609 0.517578 0.853516 0.514648 0.857422
1 0.530273 0.863281 0.528320 0.853516 0.532227 0.847656 0.538086 0.846680 0.543945 0.852539 0.546875 0.860352 0.544922 0.867188 0.540039 0.872070 0.540039 0.872070 0.531250 0.868164
1 0.781250 0.711914 0.773438 0.706055 0.768555 0.698242 0.774414 0.695312 0.782227 0.694336 0.787109 0.697266 0.792969 0.705078 0.792969 0.709961 0.787109 0.710938
1 0.782227 0.717773 0.785156 0.712891 0.791992 0.714844 0.791016 0.720703 0.785156 0.721680
0 0.596680 0.688477 0.591797 0.682617 0.598633 0.674805 0.598633 0.674805 0.604492 0.672852 0.607422 0.662109 0.614258 0.652344 0.620117 0.649414 0.631836 0.650391 0.631836 0.650391 0.640625 0.653320 0.640625 0.661133 0.634766 0.666992 0.625977 0.666992 0.622070 0.673828 0.622070 0.673828 0.622070 0.681641 0.609375 0.687500
1 0.575195 0.705078 0.568359 0.703125 0.569336 0.696289 0.581055 0.688477 0.588867 0.689453 0.591797 0.695312 0.585938 0.702148
1 0.552734 0.694336 0.543945 0.694336 0.541992 0.680664 0.547852 0.675781 0.555664 0.675781 0.563477 0.681641 0.564453 0.687500 0.558594 0.691406
1 0.523438 0.656250 0.514648 0.647461 0.513672 0.634766 0.517578 0.631836 0.526367 0.632812 0.533203 0.635742 0.539062 0.644531 0.532227 0.652344
1 0.510742 0.630859 0.505859 0.618164 0.506836 0.608398 0.512695 0.606445 0.521484 0.607422 0.528320 0.612305 0.530273 0.619141 0.527344 0.626953 0.518555 0.630859
1 0.534180 0.613281 0.527344 0.606445 0.528320 0.597656 0.535156 0.594727 0.541992 0.595703 0.546875 0.599609 0.546875 0.599609 0.546875 0.606445 0.546875 0.606445 0.543945 0.611328
1 0.546875 0.616211 0.547852 0.608398 0.553711 0.601562 0.553711 0.601562 0.558594 0.603516 0.561523 0.608398 0.556641 0.616211 0.552734 0.618164
1 0.564453 0.623047 0.559570 0.620117 0.561523 0.612305 0.566406 0.609375 0.575195 0.612305 0.578125 0.619141 0.572266 0.623047
1 0.564453 0.638672 0.559570 0.630859 0.560547 0.625000 0.567383 0.624023 0.573242 0.625977 0.575195 0.633789 0.571289 0.638672 0.567383 0.639648
1 0.583984 0.641602 0.580078 0.636719 0.579102 0.626953 0.583008 0.623047 0.583008 0.623047 0.590820 0.623047 0.594727 0.627930 0.593750 0.636719
1 0.595703 0.636719 0.594727 0.632812 0.594727 0.627930 0.597656 0.627930 0.601562 0.628906 0.603516 0.633789 0.600586 0.636719
1 0.600586 0.654297 0.597656 0.650391 0.601562 0.648438 0.605469 0.650391 0.605469 0.655273
1 0.600586 0.648438 0.599609 0.642578 0.602539 0.639648 0.607422 0.641602 0.608398 0.645508 0.604492 0.648438
1 0.592773 0.644531 0.592773 0.640625 0.595703 0.638672 0.598633 0.638672 0.600586 0.639648 0.598633 0.644531 0.595703 0.644531
1 0.440430 0.598633 0.436523 0.588867 0.436523 0.588867 0.440430 0.583984 0.448242 0.582031 0.448242 0.582031 0.455078 0.584961 0.459961 0.590820 0.459961 0.598633 0.453125 0.604492 0.443359 0.603516
1 0.499023 0.611328 0.494141 0.606445 0.487305 0.597656 0.489258 0.590820 0.498047 0.587891 0.503906 0.588867 0.508789 0.596680 0.509766 0.603516 0.503906 0.610352
1 0.487305 0.588867 0.483398 0.580078 0.486328 0.577148 0.495117 0.575195 0.495117 0.575195 0.499023 0.578125 0.500977 0.585938
0 0.480469 0.577148 0.471680 0.564453 0.464844 0.547852 0.461914 0.536133 0.469727 0.533203 0.475586 0.540039 0.482422 0.554688 0.491211 0.567383 0.496094 0.574219 0.485352 0.576172
1 0.454102 0.530273 0.450195 0.523438 0.450195 0.523438 0.454102 0.516602 0.459961 0.518555 0.463867 0.523438 0.462891 0.528320
0 0.449219 0.514648 0.443359 0.510742 0.443359 0.510742 0.436523 0.500000 0.434570 0.489258 0.435547 0.485352 0.441406 0.484375 0.447266 0.487305 0.452148 0.493164 0.457031 0.501953 0.458984 0.506836 0.456055 0.513672
1 0.423828 0.481445 0.423828 0.474609 0.427734 0.470703 0.436523 0.470703 0.442383 0.478516 0.440430 0.484375 0.428711 0.487305
0 0.421875 0.470703 0.416016 0.464844 0.410156 0.457031 0.409180 0.450195 0.414062 0.447266 0.419922 0.447266 0.424805 0.450195 0.424805 0.450195 0.428711 0.455078 0.433594 0.463867 0.433594 0.469727 0.427734 0.470703
0 0.409180 0.448242 0.404297 0.442383 0.398438 0.434570 0.393555 0.426758 0.387695 0.417969 0.381836 0.407227 0.382812 0.400391 0.387695 0.398438 0.395508 0.400391 0.400391 0.410156 0.406250 0.416992 0.411133 0.423828 0.413086 0.430664 0.416992 0.438477 0.416992 0.438477 0.421875 0.445312 0.417969 0.446289
0 0.401367 0.325195 0.409180 0.320312 0.416016 0.316406 0.418945 0.307617 0.413086 0.297852 0.404297 0.292969 0.396484 0.291992 0.391602 0.293945 0.384766 0.297852 0.380859 0.301758 0.373047 0.305664 0.365234 0.308594 0.360352 0.315430 0.352539 0.319336 0.346680 0.324219 0.343750 0.333008 0.343750 0.337891 0.346680 0.342773 0.351562 0.337891 0.356445 0.336914 0.374023 0.335938 0.374023 0.335938 0.382812 0.332031 0.390625 0.329102
0 0.360352 0.364258 0.359375 0.360352 0.361328 0.356445 0.364258 0.356445 0.371094 0.359375 0.374023 0.364258 0.377930 0.370117 0.379883 0.378906 0.385742 0.387695 0.386719 0.393555 0.380859 0.397461 0.375000 0.393555 0.372070 0.384766 0.367188 0.378906
1 0.359375 0.354492 0.352539 0.354492 0.349609 0.347656 0.350586 0.341797 0.353516 0.338867 0.359375 0.338867 0.364258 0.342773 0.365234 0.351562
0 0.338867 0.304688 0.333984 0.297852 0.342773 0.288086 0.348633 0.283203 0.356445 0.278320 0.367188 0.272461 0.375000 0.272461 0.382812 0.276367 0.382812 0.285156 0.377930 0.292969 0.377930 0.292969 0.363281 0.300781 0.348633 0.305664
1 0.388672 0.279297 0.377930 0.272461 0.373047 0.263672 0.375000 0.252930 0.381836 0.242188 0.391602 0.243164 0.400391 0.246094 0.406250 0.254883 0.408203 0.264648 0.403320 0.273438 0.394531 0.277344
1 0.369141 0.250977 0.363281 0.245117 0.363281 0.245117 0.359375 0.230469 0.363281 0.225586 0.371094 0.225586 0.376953 0.229492 0.380859 0.237305 0.380859 0.237305 0.380859 0.244141
0 0.322266 0.211914 0.323242 0.199219 0.328125 0.193359 0.334961 0.186523 0.334961 0.186523 0.343750 0.177734 0.353516 0.172852 0.361328 0.176758 0.368164 0.185547 0.369141 0.196289 0.373047 0.203125 0.371094 0.212891 0.362305 0.219727 0.346680 0.220703 0.331055 0.217773
0 0.379883 0.198242 0.372070 0.194336 0.372070 0.194336 0.365234 0.180664 0.358398 0.172852 0.375000 0.163086 0.382812 0.160156 0.387695 0.170898 0.388672 0.180664
0 0.396484 0.180664 0.390625 0.174805 0.386719 0.164062 0.386719 0.164062 0.386719 0.156250 0.396484 0.147461 0.396484 0.147461 0.405273 0.143555 0.405273 0.143555 0.412109 0.144531 0.418945 0.150391 0.419922 0.157227 0.419922 0.166992 0.416016 0.174805 0.406250 0.180664
1 0.044922 0.477539 0.038086 0.469727 0.040039 0.462891 0.040039 0.462891 0.048828 0.459961 0.056641 0.462891 0.058594 0.469727 0.056641 0.477539
1 0.030273 0.485352 0.022461 0.481445 0.022461 0.481445 0.017578 0.472656 0.018555 0.465820 0.018555 0.465820 0.028320 0.464844 0.028320 0.464844 0.033203 0.465820 0.036133 0.471680 0.038086 0.478516 0.035156 0.484375
1 0.013672 0.494141 0.008789 0.490234 0.008789 0.480469 0.013672 0.475586 0.020508 0.478516 0.026367 0.486328 0.025391 0.492188
0 0.029297 0.436523 0.016602 0.429688 0.007812 0.418945 0.003906 0.403320 0.005859 0.390625 0.013672 0.386719 0.024414 0.390625 0.033203 0.398438 0.040039 0.407227 0.041992 0.416992 0.041016 0.427734
0 0.067383 0.444336 0.058594 0.437500 0.051758 0.426758 0.045898 0.415039 0.045898 0.415039 0.041016 0.404297 0.041992 0.393555 0.048828 0.396484 0.056641 0.409180 0.062500 0.420898 0.070312 0.432617 0.070312 0.432617 0.072266 0.442383
0 0.003906 0.383789 0.000000 0.383789 0.000977 0.374023 0.007812 0.368164 0.013672 0.363281 0.021484 0.359375 0.026367 0.361328 0.030273 0.363281 0.032227 0.370117 0.032227 0.370117 0.033203 0.375000 0.027344 0.379883 0.021484 0.376953 0.014648 0.379883
1 0.000000 0.643555 0.006836 0.644531 0.012695 0.638672 0.017578 0.634766 0.010742 0.629883 0.003906 0.628906 0.000977 0.631836