0 0.000000 0.025842 0.016344 0.027108 0.035025 0.034392 0.044841 0.037558 0.047868 0.047269 0.048714 0.053869 0.057177 0.049638 0.064962 0.045407 0.064962 0.045407 0.074271 0.046084 0.080024 0.052516 0.079009 0.059962 0.072747 0.067409 0.065470 0.068086 0.067670 0.075194 0.071563 0.079087 0.070378 0.086534 0.064962 0.090596 0.058699 0.092966 0.047698 0.090088 0.040324 0.094540 0.027463 0.099898 0.017014 0.103382 0.004688 0.108740 0.000000 0.110884
1 0.770886 0.062447 0.764801 0.059958 0.762311 0.052767 0.767290 0.046682 0.775588 0.046682 0.778077 0.053597 0.776694 0.058575
1 0.765714 0.091026 0.760337 0.089832 0.754762 0.078880 0.762130 0.068924 0.773479 0.068924 0.778457 0.077686 0.775271 0.090430
1 0.764732 0.161479 0.755210 0.158147 0.748068 0.144340 0.748545 0.127677 0.761875 0.119821 0.776158 0.125534 0.782586 0.139579 0.775206 0.156005
1 0.773302 0.116727 0.766160 0.114584 0.758780 0.105538 0.761638 0.095540 0.773778 0.092921 0.785681 0.101253 0.784966 0.114346
1 0.972732 0.249882 0.967294 0.246881 0.967856 0.236191 0.973295 0.232628 0.984359 0.234129 0.987923 0.241442 0.982297 0.247818
1 0.147453 0.171290 0.142873 0.166119 0.140657 0.155481 0.150113 0.149867 0.159568 0.150015 0.161638 0.158141 0.159568 0.165381 0.154250 0.170256
1 0.123246 0.158041 0.119112 0.157599 0.106859 0.155975 0.108631 0.146526 0.118375 0.144902 0.129004 0.143426 0.138305 0.143868 0.140224 0.149773 0.135942 0.155827
1 0.112169 0.178494 0.108300 0.179122 0.104325 0.175880 0.102861 0.170023 0.107045 0.166990 0.113738 0.168351 0.114993 0.173579
1 0.060940 0.189219 0.058885 0.187795 0.059122 0.183367 0.063154 0.183209 0.064499 0.184948 0.064183 0.187716
0 0.040483 0.170644 0.035802 0.164749 0.042564 0.159374 0.055395 0.154520 0.069266 0.152265 0.084003 0.151052 0.082963 0.159721 0.070999 0.163708 0.056955 0.165096
1 0.307577 0.182455 0.299851 0.179799 0.295021 0.171831 0.294119 0.159496 0.301239 0.155781 0.312073 0.159187 0.320121 0.164139 0.316407 0.177449
1 0.340242 0.190760 0.329099 0.187046 0.327860 0.171568 0.342409 0.165067 0.356029 0.174974 0.352005 0.187046
1 0.281737 0.172187 0.274674 0.169803 0.272429 0.161421 0.278117 0.156183 0.284853 0.157230 0.287846 0.160224 0.287247 0.168007
1 0.282434 0.219524 0.277454 0.218167 0.272475 0.210924 0.275945 0.203682 0.283641 0.201870 0.283641 0.201870 0.291788 0.203832 0.292543 0.214998
1 0.250991 0.223613 0.246148 0.216798 0.247225 0.204064 0.256910 0.200118 0.265160 0.202809 0.265877 0.211059 0.259062 0.220206
0 0.277623 0.307996 0.266388 0.317048 0.252967 0.312990 0.237674 0.303939 0.232368 0.286149 0.234865 0.266175 0.238922 0.246512 0.251095 0.234027 0.266388 0.232155 0.274502 0.234652 0.292916 0.240270 0.294165 0.244483 0.295413 0.248696 0.300407 0.277410 0.300407 0.277410 0.320382 0.260244 0.332554 0.243391 0.340356 0.248385 0.341917 0.265862 0.341604 0.281779 0.338483 0.298634 0.330369 0.310182 0.311643 0.308933 0.291355 0.309557
1 0.000000 0.296818 0.005221 0.300899 0.004710 0.311868 0.000000 0.325134
1 0.052667 0.345796 0.042974 0.340949 0.042719 0.327429 0.054198 0.321817 0.064146 0.328960 0.065167 0.338398 0.061596 0.344010
1 0.230028 0.398481 0.225640 0.398855 0.219850 0.398108 0.217235 0.392132 0.218355 0.384661 0.223398 0.380179 0.230216 0.378498 0.236005 0.380085 0.240954 0.383260 0.243569 0.388303 0.243289 0.394840 0.240395 0.398575
1 0.211173 0.443247 0.204606 0.442002 0.201437 0.435322 0.202908 0.427736 0.208229 0.424000 0.215476 0.423660 0.219325 0.423435 0.221137 0.427736 0.221589 0.433171 0.215929 0.439624 0.214456 0.439964
1 0.206191 0.466117 0.200983 0.466457 0.195662 0.462041 0.194757 0.453890 0.200530 0.450946 0.206078 0.451173 0.210041 0.454343 0.210154 0.461928
1 0.072163 0.577989 0.070584 0.576974 0.070527 0.573646 0.072332 0.572066 0.075378 0.572236 0.077184 0.574323 0.076507 0.577144
1 0.089916 0.574118 0.087297 0.573070 0.086772 0.568205 0.089093 0.566109 0.092910 0.566857 0.095006 0.569178 0.093359 0.573669
1 0.097970 0.584521 0.094619 0.583627 0.093875 0.579310 0.096034 0.577448 0.099532 0.577522 0.101394 0.579160 0.100277 0.582659
1 0.111567 0.581505 0.108903 0.579780 0.106710 0.573904 0.110079 0.570143 0.115094 0.569595 0.118149 0.571867 0.119012 0.575706 0.117209 0.579075 0.114231 0.581191
1 0.124183 0.590124 0.120813 0.589497 0.118541 0.584796 0.119090 0.579859 0.124418 0.579546 0.128336 0.582523 0.130529 0.585344 0.128101 0.588635
0 0.000000 0.823339 0.013770 0.832158 0.021707 0.845828 0.020384 0.866553 0.012447 0.882427 0.010242 0.913293 0.004510 0.940632 0.000000 0.953860
1 0.210042 0.697847 0.205363 0.699646 0.198765 0.697007 0.197324 0.688969 0.199004 0.681649 0.207163 0.678170 0.214241 0.681530 0.216521 0.688249 0.213882 0.695208
1 0.260197 0.685287 0.253993 0.684431 0.249929 0.678869 0.238805 0.674376 0.238376 0.654267 0.240088 0.643570 0.252282 0.648276 0.258914 0.656620 0.264904 0.664963 0.269824 0.672665
1 0.248003 0.713098 0.240729 0.713312 0.237307 0.706252 0.231744 0.695128 0.228321 0.682078 0.237948 0.675874 0.244366 0.677157 0.250784 0.683147 0.256133 0.691705 0.255705 0.703043 0.253779 0.711601
1 0.286297 0.714382 0.280093 0.712456 0.272819 0.707321 0.268113 0.695342 0.273033 0.683575 0.283516 0.684217 0.291432 0.690207 0.291859 0.702615
1 0.356185 0.634845 0.351902 0.631590 0.352587 0.619427 0.358583 0.611203 0.364751 0.613772 0.364236 0.622853 0.359954 0.630562
1 0.367130 0.586374 0.364198 0.583651 0.363569 0.576007 0.368806 0.573284 0.374565 0.576531 0.374879 0.581767 0.372366 0.584804
0 0.091396 0.506350 0.061694 0.510142 0.037048 0.500662 0.020617 0.482967 0.037109 0.466797 0.060547 0.464844 0.130859 0.472656 0.165335 0.486759 0.220315 0.494343 0.267712 0.506981 0.313213 0.517725 0.353025 0.525309 0.382728 0.533523 0.382096 0.559434 0.360609 0.573969 0.313845 0.560065 0.247070 0.549805 0.189453 0.542969 0.150800 0.520885
1 0.719401 0.928192 0.706762 0.924362 0.702166 0.917468 0.692591 0.901765 0.701783 0.881848 0.724381 0.874570 0.746213 0.878783 0.759235 0.896402 0.761150 0.913255 0.747362 0.923597
1 0.674275 0.961068 0.661384 0.957777 0.654801 0.944063 0.653429 0.926509 0.661109 0.916359 0.677018 0.908680 0.692104 0.916908 0.702526 0.927880 0.704721 0.940497 0.689635 0.957503
1 0.672899 0.999271 0.662724 0.983415 0.670770 0.966375 0.682603 0.956909 0.699405 0.952648 0.720941 0.958565 0.728752 0.973712 0.730408 0.991461 0.734432 1.000000
1 0.917396 0.980993 0.909657 0.983768 0.906152 0.978803 0.904107 0.969019 0.912869 0.962593 0.922069 0.966098 0.924552 0.976174
1 0.886255 0.975368 0.882201 0.973555 0.879428 0.966621 0.880708 0.961608 0.884228 0.957555 0.890414 0.956382 0.890414 0.956382 0.896814 0.960648 0.898201 0.966621 0.894788 0.972915
1 0.855130 1.000000 0.850210 0.993562 0.856241 0.983244 0.862749 0.982609 0.869258 0.989911 0.869893 0.998482 0.868622 1.000000
1 0.794666 1.000000 0.792699 0.993553 0.795088 0.989478 0.799584 0.986948 0.806610 0.985543 0.812371 0.985824 0.812371 0.985824 0.820381 0.990321 0.817992 0.997909 0.817009 1.000000
1 0.832655 0.975261 0.824937 0.969473 0.822131 0.961405 0.820377 0.951231 0.830901 0.946146 0.840021 0.948952 0.842652 0.957371 0.837566 0.970175
1 0.795407 0.959948 0.792756 0.957571 0.792664 0.953091 0.796047 0.947330 0.799796 0.947239 0.803088 0.950165 0.803728 0.954736 0.803362 0.958211 0.801076 0.961137 0.797145 0.960954
1 0.792951 0.968854 0.791299 0.965716 0.792951 0.961834 0.797493 0.961504 0.799723 0.964312 0.798153 0.968854 0.795016 0.969597
1 0.783311 0.973066 0.781027 0.968042 0.784604 0.963932 0.789020 0.964998 0.793435 0.969185 0.790999 0.976035 0.787192 0.976796 0.787192 0.976491 0.783615 0.974132
1 0.773984 0.971631 0.771847 0.969679 0.770731 0.964194 0.774264 0.961498 0.778818 0.963172 0.780213 0.966704 0.780306 0.970701 0.777518 0.971724
1 0.766641 0.964194 0.763295 0.960662 0.763108 0.954062 0.766455 0.952574 0.771475 0.954619 0.773521 0.958896 0.771661 0.962614
1 0.780585 0.964339 0.778754 0.963545 0.776434 0.961226 0.774663 0.958601 0.774663 0.955304 0.777410 0.953655 0.780219 0.953350 0.784064 0.955914 0.784064 0.962020
1 0.774576 0.944165 0.771945 0.942209 0.770519 0.939809 0.771167 0.935916 0.774995 0.934878 0.777136 0.935722 0.778822 0.937668 0.778174 0.940651 0.776682 0.942533
1 0.771515 0.952133 0.768069 0.952044 0.766744 0.947274 0.771515 0.944625 0.775489 0.947098 0.775048 0.950720
1 0.786058 0.942775 0.783888 0.939225 0.785170 0.933405 0.791581 0.933997 0.791877 0.939619 0.788622 0.942184
1 0.794737 0.946819 0.791877 0.943564 0.793652 0.938633 0.798683 0.939619 0.801050 0.943762 0.797992 0.945636
1 0.848787 0.911200 0.832603 0.909729 0.827453 0.888027 0.828189 0.856395 0.842901 0.842050 0.853200 0.851613 0.857982 0.870740 0.860557 0.895016
1 0.971170 0.842030 0.960952 0.839524 0.951893 0.829114 0.955748 0.816006 0.965965 0.812536 0.980808 0.815813 0.989098 0.822753 0.984856 0.832585 0.976374 0.840681
1 0.917384 0.843967 0.908472 0.843315 0.899778 0.835708 0.897387 0.827231 0.906299 0.812233 0.924556 0.812669 0.936728 0.817668 0.933902 0.833534 0.922817 0.840489
1 0.836404 0.839517 0.827807 0.840316 0.823608 0.831719 0.822809 0.822122 0.827607 0.813924 0.840604 0.813725 0.851000 0.819723 0.852000 0.829520 0.845002 0.836317
1 0.781374 0.847051 0.770387 0.852208 0.759177 0.843912 0.756037 0.827544 0.762764 0.820369 0.787651 0.816782 0.803571 0.818127 0.817697 0.821715 0.822630 0.831356 0.816576 0.843464 0.803347 0.847275
1 0.718745 0.874799 0.704270 0.871967 0.702067 0.847106 0.714969 0.832945 0.735109 0.829799 0.752417 0.839239 0.746753 0.860009 0.740459 0.872911
1 0.644847 0.869972 0.635185 0.866214 0.629816 0.850647 0.626060 0.833738 0.645115 0.834812 0.659340 0.841790 0.656925 0.856015 0.655583 0.864872
1 0.660523 0.864844 0.656701 0.857392 0.661288 0.847646 0.670078 0.836562 0.677722 0.837135 0.678869 0.844396 0.667977 0.857582
0 0.369671 0.816033 0.409494 0.819496 0.448740 0.833925 0.480483 0.842582 0.476443 0.877211 0.465478 0.925691 0.465478 0.961475 0.492604 0.966669 0.501261 0.934349 0.509341 0.900297 0.515689 0.871439 0.515689 0.842005 0.556090 0.852394 0.610342 0.829308 0.486832 0.802182 0.470095 0.777364 0.470095 0.725998 0.466055 0.685598 0.471826 0.646929 0.444123 0.626151 0.416997 0.629614 0.400260 0.648660 0.393911 0.701181 0.400260 0.772747 0.393911 0.798719 0.367362 0.798719
1 0.255165 1.000000 0.247348 0.985867 0.255845 0.972271 0.272160 0.972271 0.284396 0.984168 0.281337 0.998783
1 0.269440 0.966833 0.255845 0.960715 0.258225 0.943040 0.263662 0.929444 0.279298 0.928425 0.287115 0.939642 0.276238 0.960715
1 0.279834 0.924603 0.270936 0.913383 0.269775 0.891718 0.287958 0.878951 0.300339 0.884754 0.301886 0.901776 0.292601 0.921895
1 0.325301 0.774154 0.310895 0.763750 0.304892 0.734137 0.317697 0.721331 0.339307 0.719729 0.346910 0.740139 0.339307 0.763750
1 0.324101 0.720931 0.308493 0.706524 0.312495 0.683313 0.329303 0.674109 0.346110 0.688516 0.343709 0.713327
1 0.348289 0.674493 0.339971 0.676040 0.336876 0.668496 0.340165 0.657277 0.351577 0.659792 0.356800 0.664821 0.351964 0.671785
1 0.348289 0.652635 0.341905 0.648187 0.343260 0.638321 0.351964 0.636968 0.358733 0.642577 0.352737 0.651088
1 0.329782 0.827280 0.314469 0.815663 0.318693 0.787147 0.345625 0.786091 0.347737 0.818304
1 0.026367 0.253906 0.033203 0.261719 0.029297 0.268555 0.019531 0.268555 0.015625 0.260742 0.017578 0.254883
0 0.053711 0.263672 0.064453 0.261719 0.066406 0.267578 0.068359 0.279297 0.067383 0.296875 0.064453 0.308594 0.062500 0.314453 0.062500 0.319336 0.057617 0.322266 0.049805 0.329102 0.044922 0.330078 0.040039 0.333008 0.030273 0.334961 0.027344 0.330078 0.029297 0.325195 0.032227 0.320312 0.036133 0.316406 0.039062 0.311523 0.037109 0.306641 0.033203 0.303711 0.036133 0.297852 0.036133 0.279297 0.046875 0.280273
0 0.169922 0.355469 0.185547 0.349609 0.198242 0.346680 0.213867 0.353516 0.214844 0.367188 0.208984 0.377930 0.208984 0.377930 0.197266 0.383789 0.197266 0.383789 0.181641 0.381836 0.169922 0.386719 0.157227 0.378906 0.150391 0.386719 0.144531 0.388672 0.126953 0.386719 0.120117 0.375977 0.124023 0.360352 0.125000 0.347656 0.137695 0.349609 0.148438 0.357422 0.157227 0.353516
1 0.373047 0.973633 0.383789 0.984375 0.382812 1.000000 0.346680 1.000000 0.350586 0.976562
1 0.379883 0.935547 0.386719 0.949219 0.386719 0.949219 0.375977 0.965820 0.359375 0.960938 0.359375 0.960938 0.357422 0.940430 0.357422 0.932617
1 0.309570 0.851562 0.319336 0.878906 0.306641 0.887695 0.283203 0.878906 0.300781 0.860352
1 0.916992 0.753906 0.926758 0.765625 0.922852 0.777344 0.913086 0.781250 0.901367 0.770508 0.902344 0.758789 0.909180 0.753906
1 0.642578 0.484375 0.640625 0.494141 0.630859 0.498047 0.621094 0.488281 0.626953 0.480469
1 0.447266 0.349609 0.459961 0.353516 0.465820 0.367188 0.458008 0.377930 0.444336 0.375977 0.431641 0.382812 0.423828 0.373047 0.430664 0.362305 0.426758 0.349609
0 0.663086 0.237305 0.672852 0.234375 0.677734 0.236328 0.682617 0.237305 0.693359 0.237305 0.700195 0.238281 0.704102 0.242188 0.708984 0.243164 0.713867 0.243164 0.718750 0.245117 0.725586 0.247070 0.731445 0.247070 0.735352 0.250000 0.744141 0.257812 0.750000 0.258789 0.754883 0.260742 0.756836 0.265625 0.756836 0.271484 0.750977 0.274414 0.746094 0.274414 0.739258 0.273438 0.727539 0.270508 0.721680 0.272461 0.715820 0.273438 0.710938 0.272461 0.707031 0.269531 0.704102 0.264648 0.699219 0.262695 0.693359 0.262695 0.686523 0.261719 0.682617 0.257812 0.678711 0.255859 0.672852 0.254883 0.668945 0.251953 0.665039 0.247070
1 0.817383 0.172852 0.822266 0.180664 0.830078 0.189453 0.829102 0.202148 0.817383 0.208008 0.800781 0.205078 0.794922 0.188477 0.803711 0.178711
0 0.375000 0.226562 0.385742 0.229492 0.387695 0.234375 0.387695 0.242188 0.387695 0.259766 0.384766 0.264648 0.379883 0.274414 0.379883 0.280273 0.380859 0.290039 0.383789 0.295898 0.383789 0.301758 0.383789 0.306641 0.379883 0.311523 0.375000 0.312500 0.369141 0.313477 0.357422 0.314453 0.347656 0.311523 0.341797 0.309570 0.335938 0.308594 0.332031 0.305664 0.332031 0.300781 0.336914 0.297852 0.342773 0.295898 0.343750 0.291016 0.343750 0.286133 0.341797 0.280273 0.341797 0.274414 0.345703 0.270508 0.352539 0.268555 0.357422 0.259766 0.359375 0.250000 0.363281 0.246094 0.365234 0.241211