1 0.061224 0.202593 0.058222 0.200650 0.057691 0.195971 0.061754 0.195264 0.063343 0.198973 0.063432 0.201621
1 0.070259 0.194750 0.068162 0.194750 0.067463 0.193752 0.067413 0.189958 0.068412 0.189209 0.069909 0.189758 0.071157 0.190606 0.071856 0.192753
1 0.083331 0.161787 0.080072 0.159344 0.078239 0.153742 0.082312 0.150892 0.086590 0.151502 0.088626 0.154862 0.088320 0.158936
1 0.101355 0.160667 0.098300 0.158631 0.096977 0.152215 0.101864 0.151502 0.105326 0.152928 0.107567 0.155881 0.105530 0.159751
1 0.128209 0.164745 0.125196 0.164104 0.123466 0.160579 0.125389 0.156157 0.128400 0.155901 0.131798 0.156927 0.133208 0.160131 0.132118 0.163207
1 0.118955 0.174124 0.115885 0.172923 0.114351 0.169186 0.116353 0.166250 0.120289 0.165916 0.123226 0.167852 0.123626 0.171988 0.121290 0.173990
1 0.127230 0.139489 0.124553 0.137976 0.122980 0.134192 0.124087 0.130524 0.127172 0.130583 0.130257 0.132388 0.132178 0.135822 0.130432 0.138616
1 0.095076 0.147714 0.090688 0.146647 0.087013 0.141548 0.089147 0.136924 0.093653 0.138228 0.098159 0.139770 0.099107 0.144868
1 0.094923 0.116008 0.091730 0.113552 0.090135 0.108150 0.094309 0.105204 0.098114 0.108765 0.099588 0.113307
1 0.102043 0.106678 0.097746 0.105204 0.096272 0.099680 0.101184 0.098943 0.106217 0.100048 0.105111 0.104468
1 0.091485 0.086913 0.086329 0.086667 0.083506 0.083476 0.081787 0.078565 0.083506 0.076479 0.087925 0.074760 0.093695 0.076724 0.097500 0.079425 0.095782 0.084212
1 0.102090 0.095877 0.098263 0.093326 0.097943 0.087479 0.102728 0.084076 0.106130 0.087266 0.109426 0.090881 0.107725 0.094602
1 0.107601 0.037574 0.105407 0.037486 0.103478 0.033013 0.104969 0.028889 0.108916 0.028626 0.110847 0.031784 0.110145 0.036083
1 0.112387 0.119281 0.107069 0.117913 0.105397 0.110012 0.109652 0.107581 0.113299 0.109404 0.115882 0.113659 0.115578 0.116090
1 0.094512 0.174692 0.091486 0.173625 0.089085 0.168909 0.091843 0.166863 0.095757 0.167220 0.096824 0.171223
1 0.205120 0.281336 0.197017 0.277045 0.196539 0.266797 0.198923 0.248921 0.211316 0.246776 0.222042 0.249875 0.228954 0.255833 0.236819 0.262983 0.236581 0.272993 0.228238 0.277761 0.215606 0.281574
1 0.272910 0.237839 0.268968 0.237619 0.264039 0.236195 0.261302 0.229516 0.263820 0.225792 0.268420 0.223492 0.274114 0.225464 0.275210 0.230282 0.275647 0.232910
1 0.290651 0.227654 0.286489 0.225792 0.285065 0.219988 0.287694 0.217579 0.292074 0.217469 0.296127 0.220864 0.296127 0.225573 0.293389 0.226559
1 0.298207 0.245942 0.294703 0.244628 0.291198 0.241233 0.292403 0.235429 0.295798 0.233020 0.301821 0.232910 0.307516 0.234882 0.307735 0.240139 0.304449 0.242219 0.301055 0.244628
1 0.307828 0.261645 0.303016 0.260613 0.302442 0.254082 0.303589 0.248123 0.307943 0.246748 0.308860 0.252592 0.309892 0.256832 0.308287 0.260040
1 0.312035 0.214621 0.308009 0.214916 0.307086 0.212855 0.306884 0.209255 0.308542 0.208001 0.311899 0.207799 0.313355 0.209093 0.313922 0.212289
1 0.285521 0.193242 0.282082 0.192497 0.280707 0.188429 0.281338 0.184590 0.284489 0.184418 0.288500 0.185048 0.289303 0.188887 0.288214 0.191408
1 0.244311 0.229984 0.242108 0.229055 0.241619 0.226559 0.243724 0.224259 0.245926 0.224405 0.247541 0.226313 0.247346 0.228907
1 0.234474 0.227097 0.232370 0.226510 0.232027 0.223965 0.233789 0.222056 0.235306 0.222546 0.236334 0.224308 0.235894 0.225824
1 0.239222 0.238794 0.237753 0.237962 0.236970 0.236053 0.238291 0.234145 0.240543 0.234291 0.242011 0.235759 0.241424 0.237130 0.241717 0.237570
1 0.258820 0.183757 0.263042 0.185218 0.266451 0.191226 0.270511 0.195447 0.268887 0.202591 0.265315 0.205514 0.260282 0.196259 0.255086 0.190738 0.258334 0.182620
1 0.254924 0.424347 0.246805 0.424166 0.240310 0.419114 0.238324 0.409552 0.246083 0.403958 0.251677 0.401252 0.260878 0.402695 0.264306 0.408289 0.267193 0.417490 0.261780 0.422182
1 0.204525 0.459792 0.197680 0.458081 0.196101 0.449656 0.199260 0.442680 0.207026 0.442680 0.212818 0.447550 0.212028 0.454395
1 0.159374 0.484276 0.150949 0.485462 0.145946 0.476510 0.148975 0.468480 0.158584 0.468217 0.164902 0.476510
0 0.113790 0.462288 0.124684 0.494397 0.120097 0.527080 0.118377 0.548868 0.104615 0.575816 0.090281 0.583844 0.062186 0.618819 0.027783 0.639461 0.000000 0.622260 0.000000 0.563202 0.020903 0.520199 0.049571 0.484077 0.070213 0.472036 0.097735 0.457701
1 0.304007 0.550677 0.290513 0.555251 0.281135 0.546788 0.280449 0.533522 0.285252 0.525288 0.294630 0.520485 0.303778 0.524373 0.306980 0.534209 0.307667 0.546103
1 0.334782 0.531634 0.324902 0.529411 0.324902 0.517309 0.333794 0.513357 0.340463 0.517803 0.342438 0.526447
0 0.198181 0.536145 0.184768 0.540360 0.167139 0.537294 0.200480 0.517749 0.225391 0.505485 0.272912 0.500887 0.293224 0.504719 0.309703 0.512000 0.302038 0.516216 0.281343 0.517366 0.260648 0.513917 0.240337 0.520432
1 0.287360 0.710366 0.282108 0.709375 0.279434 0.704124 0.280623 0.698575 0.285577 0.696494 0.292611 0.697980 0.296972 0.703133 0.296476 0.707592 0.292413 0.709870
1 0.271012 0.708384 0.266256 0.706204 0.263085 0.701151 0.264373 0.697089 0.269129 0.694116 0.274975 0.695801 0.276759 0.699665 0.276561 0.703628 0.275105 0.706245
1 0.287573 0.693537 0.284983 0.692212 0.285646 0.688658 0.287935 0.687273 0.290585 0.688418 0.291368 0.690706 0.289561 0.692694
1 0.255482 0.718952 0.250536 0.718128 0.246909 0.713183 0.249053 0.706259 0.254658 0.707083 0.258284 0.712688 0.256142 0.718458
1 0.247044 0.731547 0.244207 0.731452 0.242222 0.727954 0.244112 0.724834 0.248178 0.724172 0.249312 0.727008 0.249502 0.729088
1 0.232572 0.734311 0.227571 0.734659 0.224098 0.733170 0.221120 0.727216 0.225710 0.721633 0.232781 0.718407 0.238488 0.717911 0.242582 0.720641 0.240225 0.730441 0.236379 0.734038
1 0.221244 0.749297 0.216902 0.749918 0.212561 0.745203 0.211320 0.738753 0.212437 0.731682 0.217026 0.729572 0.220748 0.734783 0.223229 0.741729 0.223974 0.747437
1 0.211373 0.734831 0.211976 0.739652 0.212979 0.744473 0.212979 0.747486 0.208359 0.749563 0.205882 0.749026 0.203739 0.746415 0.202266 0.743201 0.202333 0.739585 0.203940 0.737911 0.207623 0.735366
1 0.203209 0.754077 0.197936 0.753917 0.194900 0.751121 0.193941 0.748564 0.196179 0.744091 0.199374 0.745928 0.202489 0.748404 0.203848 0.751601
1 0.194900 0.761107 0.189627 0.760947 0.186192 0.757991 0.184674 0.754477 0.187230 0.751681 0.189548 0.750881 0.192504 0.751920 0.195220 0.753518 0.196657 0.757911 0.196418 0.760788
1 0.182788 0.767285 0.179571 0.766239 0.176999 0.762140 0.178687 0.758763 0.182386 0.758280 0.186004 0.759486 0.189621 0.761255 0.190827 0.764873 0.190426 0.766963 0.186888 0.767204
1 0.179364 0.783113 0.175935 0.781570 0.172248 0.777540 0.172763 0.771796 0.175678 0.769738 0.180222 0.770596 0.183908 0.772481 0.186480 0.776168 0.186052 0.780112 0.182536 0.781827
1 0.197540 0.791258 0.193768 0.790658 0.191024 0.785856 0.190510 0.780798 0.192653 0.777454 0.195147 0.776641 0.196377 0.779244 0.198039 0.780979 0.198257 0.786908 0.198257 0.791392
1 0.198649 0.775410 0.197356 0.775312 0.195515 0.774925 0.193898 0.774408 0.192605 0.773212 0.193123 0.771208 0.194448 0.771176 0.196419 0.771693 0.198067 0.772437 0.199425 0.773051 0.199231 0.774408
1 0.212988 0.784620 0.210758 0.783339 0.209333 0.780490 0.211232 0.778639 0.213701 0.778687 0.215505 0.780300 0.215647 0.782294
1 0.213036 0.774366 0.210330 0.772895 0.209761 0.769381 0.211185 0.766484 0.215125 0.766627 0.218116 0.767909 0.218259 0.771375 0.215742 0.773606
1 0.248406 0.744745 0.246675 0.744303 0.245938 0.742497 0.245459 0.740213 0.246085 0.739145 0.248186 0.738555 0.249770 0.739550 0.250765 0.741392 0.250359 0.743565
1 0.263813 0.750189 0.261811 0.749449 0.259591 0.749014 0.257589 0.748274 0.257851 0.745706 0.259199 0.744487 0.262246 0.744444 0.264596 0.745358 0.265901 0.747447 0.265380 0.749754
1 0.259460 0.765296 0.256309 0.764632 0.253655 0.760651 0.254235 0.755427 0.258051 0.754017 0.261782 0.755593 0.266427 0.757251 0.268915 0.761314 0.266676 0.764218 0.262777 0.764881
1 0.246334 0.759253 0.244224 0.758390 0.242977 0.755561 0.244176 0.752300 0.247293 0.752155 0.249450 0.753162 0.250554 0.755800 0.250218 0.757910
1 0.233832 0.756989 0.230007 0.757435 0.229650 0.753876 0.230985 0.748982 0.234455 0.746936 0.235256 0.751296
1 0.233979 0.774865 0.231856 0.774127 0.230795 0.771174 0.230564 0.768774 0.232271 0.767437 0.234764 0.767344 0.236240 0.768544 0.237440 0.771312 0.236702 0.773666
1 0.241550 0.783627 0.239292 0.782812 0.239638 0.781467 0.240854 0.780992 0.242091 0.781125 0.242680 0.782113 0.242547 0.783312
1 0.320849 0.757569 0.317722 0.756282 0.316343 0.751225 0.318550 0.748742 0.323055 0.748926 0.325813 0.751868 0.324066 0.756189
1 0.350788 0.777974 0.349356 0.776721 0.347657 0.775961 0.345376 0.775961 0.343990 0.772383 0.344795 0.770147 0.347344 0.769521 0.351905 0.771086 0.353873 0.775111 0.353113 0.777213
1 0.282052 0.803040 0.277936 0.802868 0.275276 0.801668 0.272790 0.799095 0.271933 0.794464 0.277249 0.790691 0.281623 0.791635 0.283853 0.793521 0.286253 0.796351 0.287969 0.799523 0.285739 0.802268
1 0.312769 0.795637 0.309870 0.794670 0.306006 0.789477 0.307567 0.785115 0.310436 0.784937 0.315155 0.785772 0.317904 0.787685 0.320115 0.791449 0.318801 0.794854 0.315634 0.795691
1 0.354877 0.498063 0.347911 0.496534 0.348251 0.486001 0.353687 0.479375 0.359464 0.478526 0.360653 0.483113 0.359804 0.488210
0 0.241816 0.696492 0.230442 0.696947 0.227485 0.681479 0.230216 0.670789 0.246365 0.659188 0.263652 0.657368 0.273889 0.661690 0.264790 0.678978 0.249550 0.690351
1 0.321398 0.819968 0.320126 0.820196 0.318236 0.818440 0.317471 0.815920 0.319677 0.813489 0.322152 0.812680 0.325167 0.813175 0.326788 0.815200 0.326383 0.817315 0.324718 0.819386
1 0.299314 0.826267 0.296446 0.825563 0.293957 0.821991 0.293902 0.817391 0.297149 0.815334 0.301317 0.815226 0.305160 0.816850 0.306621 0.819771 0.306784 0.823073 0.304456 0.824697
1 0.366514 0.809959 0.364324 0.808556 0.363482 0.805355 0.366009 0.802772 0.369209 0.802772 0.371118 0.804794 0.370725 0.807770
1 0.345316 0.820269 0.341833 0.819297 0.341266 0.813303 0.344992 0.810549 0.348313 0.811521 0.349447 0.815652 0.348718 0.818811
1 0.351213 0.798942 0.349291 0.798942 0.347629 0.796873 0.347776 0.794249 0.349735 0.792660 0.352211 0.792660 0.353431 0.794914 0.353319 0.797095
1 0.362780 0.835521 0.359114 0.832750 0.360366 0.827654 0.365193 0.826938 0.369843 0.827476 0.373150 0.829531 0.374223 0.833376 0.370289 0.834984 0.366355 0.834806
1 0.382832 0.838636 0.380245 0.837860 0.379793 0.834820 0.383091 0.833979 0.384514 0.836372
1 0.398972 0.809700 0.396900 0.807740 0.397460 0.804940 0.400147 0.804493 0.400987 0.806900 0.400315 0.808860
1 0.423136 0.808334 0.419689 0.806997 0.417860 0.802004 0.419408 0.797924 0.423769 0.795181 0.429255 0.795462 0.432209 0.799472 0.429677 0.804888
1 0.348606 0.317493 0.344422 0.314318 0.342979 0.310351 0.345432 0.307537 0.348678 0.307177 0.351708 0.308331 0.353800 0.311000 0.353367 0.314030 0.351131 0.315978
1 0.379568 0.349214 0.375980 0.348018 0.372904 0.344258 0.374698 0.340413 0.378287 0.338447 0.382901 0.339131 0.385465 0.342378 0.385892 0.345539 0.385123 0.348103
1 0.438049 0.446895 0.433831 0.446315 0.432508 0.442677 0.434079 0.437054 0.438545 0.435399 0.441936 0.436557 0.443342 0.440526 0.442598 0.444331
1 0.429021 0.464133 0.424701 0.462879 0.423726 0.456329 0.428185 0.451173 0.434874 0.450895 0.439194 0.454797 0.439473 0.459952 0.435292 0.463019
1 0.423415 0.486905 0.419142 0.485450 0.418414 0.480723 0.419869 0.474995 0.425051 0.472903 0.430507 0.473722 0.433144 0.478268 0.431598 0.482541 0.428052 0.484905
1 0.411708 0.510009 0.407891 0.508943 0.406026 0.502995 0.406204 0.496692 0.411975 0.492964 0.416680 0.494029 0.418366 0.499000 0.418722 0.504771 0.415881 0.509476
1 0.389226 0.557213 0.383965 0.556877 0.381055 0.550944 0.382397 0.545124 0.389002 0.543669 0.393031 0.547923 0.393255 0.554190
1 0.395434 0.541655 0.390842 0.540482 0.388887 0.536379 0.390939 0.530907 0.394848 0.528171 0.399342 0.529637 0.401395 0.534327 0.399439 0.540482
1 0.404912 0.527780 0.400905 0.525436 0.398365 0.519182 0.402176 0.514883 0.406769 0.514980 0.408918 0.518205 0.408820 0.523774
1 0.375645 0.589893 0.373776 0.590362 0.372362 0.588133 0.372020 0.584789 0.374162 0.582518 0.377120 0.583074 0.378878 0.585390 0.379221 0.588048
1 0.472152 0.831863 0.466506 0.828476 0.464812 0.818501 0.472717 0.815113 0.478551 0.818689 0.475916 0.826782
1 0.622545 0.566325 0.620046 0.565153 0.618172 0.562576 0.616688 0.558124 0.619655 0.555469 0.623717 0.555234 0.626450 0.557577 0.627388 0.561326 0.625357 0.564294
1 0.588136 0.576474 0.584362 0.574587 0.580778 0.570531 0.583136 0.564306 0.587192 0.562796 0.591720 0.563268 0.595115 0.566003 0.595587 0.570813 0.593135 0.574492
1 0.501419 0.414956 0.497418 0.413756 0.495898 0.408314 0.499099 0.405034 0.503659 0.404474 0.506700 0.406475 0.506780 0.409675 0.505899 0.412396
1 0.509340 0.427838 0.504779 0.426958 0.501659 0.423997 0.500139 0.419757 0.500779 0.415596 0.503739 0.412875 0.507340 0.411595 0.511261 0.413195 0.515182 0.415916 0.516222 0.420236 0.513741 0.424077
1 0.524223 0.424077 0.519902 0.423357 0.518142 0.418477 0.519822 0.415275 0.524223 0.413676 0.528623 0.414556 0.530304 0.417916 0.528783 0.422557
1 0.535505 0.427918 0.532384 0.427357 0.529903 0.423677 0.529903 0.419276 0.531744 0.417036 0.535984 0.417196 0.538945 0.422236 0.537665 0.426237
1 0.584860 0.402524 0.581252 0.400922 0.579438 0.397434 0.580136 0.393944 0.583136 0.391502 0.587184 0.391014 0.591510 0.392479 0.593604 0.395828 0.593254 0.398969 0.591858 0.400922
1 0.708616 0.429100 0.702749 0.429349 0.697256 0.423730 0.697505 0.417239 0.702374 0.413993 0.712611 0.414367 0.718729 0.423606 0.718229 0.426353
1 0.413001 0.763938 0.411156 0.762873 0.410376 0.759042 0.412646 0.757480 0.415910 0.757693 0.417613 0.761028 0.415484 0.763370
1 0.492295 0.752767 0.488726 0.750486 0.487338 0.745628 0.491204 0.742752 0.495171 0.744537 0.496757 0.748008 0.495666 0.751081
1 0.480793 0.760996 0.476529 0.759509 0.476431 0.754552 0.480198 0.751775 0.484065 0.753957 0.484562 0.758617
1 0.491402 0.768136 0.487437 0.765558 0.489717 0.760600 0.494080 0.760699 0.494477 0.765260
1 0.724993 0.576217 0.722093 0.576059 0.719297 0.575161 0.718717 0.571786 0.721037 0.569308 0.724571 0.568886 0.726259 0.571417 0.726259 0.574265
1 0.711252 0.585955 0.708171 0.585238 0.706093 0.581584 0.706523 0.576568 0.710894 0.574634 0.714835 0.576210 0.716340 0.579362 0.716698 0.582802
1 0.711825 0.602793 0.707670 0.601360 0.706738 0.596416 0.710320 0.593264 0.715121 0.595126 0.714979 0.600500
1 0.647416 0.712752 0.644049 0.712271 0.643224 0.708835 0.645492 0.706979 0.648516 0.706979 0.648791 0.711172
1 0.649753 0.700726 0.646729 0.699764 0.645011 0.695778 0.648241 0.692136 0.652502 0.693029 0.652639 0.696809 0.651814 0.699214
1 0.706944 0.440854 0.703451 0.439544 0.703815 0.433868 0.705634 0.430958 0.709854 0.431030 0.712037 0.434741 0.713347 0.437651 0.711164 0.440126
1 0.697717 0.438100 0.695199 0.436812 0.694673 0.432947 0.696253 0.429786 0.700059 0.428674 0.702693 0.431484 0.703045 0.434938 0.701405 0.438158
1 0.659603 0.411167 0.655357 0.409097 0.655875 0.402366 0.660949 0.401227 0.663952 0.403815 0.662398 0.408061
1 0.710937 0.774881 0.704463 0.772666 0.699353 0.763297 0.705314 0.757505 0.714173 0.758697 0.722180 0.765171 0.719284 0.773348
1 0.826720 0.480191 0.824409 0.478791 0.823358 0.474100 0.826580 0.471648 0.830781 0.471929 0.832251 0.475570 0.830011 0.478791
1 0.792627 0.465527 0.790086 0.464469 0.788498 0.462457 0.788551 0.459280 0.789503 0.456898 0.792150 0.455840 0.794903 0.456104 0.797232 0.457692 0.799032 0.459704 0.799032 0.462774 0.799032 0.462774 0.795803 0.466057 0.793950 0.466004
1 0.807762 0.436913 0.803199 0.436603 0.801125 0.430381 0.805584 0.425922 0.810977 0.426751 0.813568 0.431832
1 0.706977 0.391526 0.703055 0.390182 0.702047 0.383458 0.706417 0.380097 0.712244 0.381105 0.712355 0.385588 0.712132 0.387940
1 0.621759 0.317698 0.618644 0.317789 0.615987 0.316049 0.612872 0.314308 0.615437 0.310644 0.620568 0.310368 0.626340 0.312018 0.626340 0.316141
1 0.658850 0.374853 0.656291 0.373704 0.655821 0.368954 0.659059 0.367648 0.662399 0.368850 0.663757 0.371772 0.662608 0.373861
1 0.811113 0.762315 0.797683 0.765744 0.788825 0.756029 0.785682 0.741456 0.796540 0.736884 0.813113 0.737455 0.820828 0.747457 0.819399 0.757172
1 0.857690 0.762602 0.847688 0.761458 0.835116 0.753743 0.832259 0.740885 0.842546 0.734884 0.856262 0.735741 0.876835 0.728312 0.899124 0.714882 0.904553 0.724025 0.893123 0.745171
1 0.799531 0.547986 0.796996 0.545240 0.796150 0.539535 0.799214 0.537846 0.801538 0.539535 0.803968 0.541648 0.803757 0.545240
1 0.834919 0.551684 0.831971 0.550557 0.832329 0.547691 0.832723 0.544861 0.834765 0.543607 0.837200 0.543822 0.839170 0.545542 0.839636 0.547941 0.839206 0.550127 0.837988 0.551345
1 0.888538 0.517624 0.883009 0.511594 0.883048 0.504911 0.886804 0.500983 0.892147 0.499512 0.896562 0.500674 0.898033 0.505397 0.898343 0.510896 0.897878 0.516473 0.894238 0.519028
1 0.377037 0.252412 0.373358 0.249347 0.373236 0.242114 0.378998 0.241133 0.383289 0.242972 0.384760 0.247631 0.382554 0.251309
1 0.418298 0.292167 0.413644 0.288676 0.409571 0.285767 0.403898 0.283004 0.400553 0.279658 0.404480 0.269622 0.408407 0.265549 0.418152 0.271658 0.426298 0.278494 0.425861 0.288239
1 0.429303 0.330112 0.425706 0.328248 0.424574 0.323653 0.426639 0.318858 0.430768 0.318126 0.434763 0.320123 0.436028 0.324719 0.433298 0.329446
1 0.436827 0.353953 0.433298 0.353354 0.433432 0.348825 0.438492 0.347294 0.439891 0.351556
1 0.933964 0.332291 0.925129 0.323783 0.910076 0.311349 0.896987 0.297605 0.902223 0.284844 0.915639 0.285171 0.926110 0.294333 0.938545 0.307095 0.941489 0.322801
1 0.770156 0.104054 0.757316 0.100614 0.747457 0.095341 0.752501 0.080666 0.763507 0.079749 0.774284 0.083876 0.776577 0.090984 0.775431 0.099010
1 0.780771 0.159098 0.776080 0.154694 0.776080 0.147802 0.780388 0.142633 0.786515 0.142346 0.790727 0.146271 0.791109 0.153163 0.786897 0.158236
0 0.000977 0.122070 0.011719 0.125977 0.027344 0.118164 0.038086 0.105469 0.055664 0.092773 0.055664 0.092773 0.062500 0.075195 0.062500 0.066406 0.069336 0.054688 0.081055 0.045898 0.095703 0.028320 0.114258 0.021484 0.116211 0.009766 0.111328 0.000000 0.000000 0.000000
0 0.000977 0.127930 0.008789 0.126953 0.021484 0.125000 0.031250 0.125977 0.042969 0.113281 0.050781 0.102539 0.050781 0.102539 0.058594 0.100586 0.071289 0.087891 0.081055 0.089844 0.081055 0.089844 0.086914 0.102539 0.089844 0.117188 0.093750 0.125977 0.075195 0.130859 0.070312 0.137695 0.066406 0.147461 0.061523 0.152344 0.064453 0.159180 0.059570 0.162109 0.044922 0.165039 0.044922 0.165039 0.047852 0.176758 0.047852 0.182617 0.048828 0.198242 0.052734 0.209961 0.053711 0.223633 0.037109 0.227539 0.035156 0.235352 0.026367 0.238281 0.022461 0.245117 0.021484 0.254883 0.018555 0.261719 0.009766 0.266602 0.000000 0.259766
0 0.000000 0.298828 0.000000 0.262695 0.008789 0.266602 0.023438 0.255859 0.023438 0.244141 0.036133 0.234375 0.038086 0.229492 0.048828 0.226562 0.055664 0.234375 0.054688 0.248047 0.022461 0.283203 0.014648 0.289062
0 0.193359 0.000977 0.199219 0.019531 0.209961 0.032227 0.218750 0.045898 0.222656 0.057617 0.233398 0.069336 0.241211 0.080078 0.251953 0.093750 0.263672 0.104492 0.275391 0.104492 0.286133 0.099609 0.280273 0.082031 0.264648 0.067383 0.256836 0.052734 0.247070 0.039062 0.238281 0.032227 0.230469 0.027344 0.226562 0.014648 0.224609 0.000977 0.224609 0.000977
0 0.203125 0.099609 0.197266 0.095703 0.197266 0.089844 0.204102 0.083008 0.208984 0.074219 0.208984 0.074219 0.213867 0.071289 0.218750 0.072266 0.221680 0.081055 0.221680 0.081055 0.218750 0.090820 0.218750 0.090820 0.213867 0.093750
1 0.519531 0.048828 0.513672 0.043945 0.516602 0.036133 0.516602 0.036133 0.523438 0.033203 0.529297 0.037109 0.528320 0.042969 0.524414 0.047852
1 0.493164 0.083008 0.486328 0.081055 0.483398 0.072266 0.488281 0.066406 0.497070 0.066406 0.497070 0.066406 0.500000 0.073242 0.500000 0.073242 0.498047 0.080078
1 0.470703 0.101562 0.462891 0.097656 0.461914 0.090820 0.468750 0.086914 0.475586 0.085938 0.481445 0.088867 0.481445 0.088867 0.480469 0.096680 0.475586 0.101562
1 0.395508 0.172852 0.391602 0.169922 0.388672 0.161133 0.388672 0.161133 0.399414 0.154297 0.403320 0.157227 0.405273 0.163086 0.404297 0.168945
1 0.429688 0.160156 0.419922 0.158203 0.419922 0.158203 0.411133 0.151367 0.416016 0.142578 0.425781 0.144531 0.434570 0.147461 0.436523 0.158203
1 0.434570 0.140625 0.426758 0.135742 0.426758 0.129883 0.430664 0.125977 0.435547 0.126953 0.439453 0.131836 0.437500 0.137695
1 0.449219 0.122070 0.443359 0.120117 0.445312 0.110352 0.455078 0.111328 0.455078 0.111328 0.457031 0.116211 0.456055 0.122070 0.456055 0.122070
1 0.493164 0.170898 0.486328 0.169922 0.485352 0.161133 0.492188 0.156250 0.495117 0.156250 0.500977 0.157227 0.500977 0.163086 0.500000 0.169922
0 0.558594 0.189453 0.554688 0.175781 0.558594 0.171875 0.566406 0.173828 0.567383 0.180664 0.573242 0.181641 0.574219 0.189453 0.575195 0.195312 0.577148 0.202148 0.579102 0.209961 0.581055 0.218750 0.584961 0.226562 0.585938 0.236328 0.585938 0.245117 0.578125 0.246094 0.572266 0.241211 0.573242 0.228516 0.572266 0.216797 0.565430 0.194336
1 0.578125 0.273438 0.571289 0.263672 0.569336 0.250977 0.574219 0.247070 0.582031 0.246094 0.588867 0.249023 0.595703 0.254883 0.597656 0.262695 0.594727 0.271484
1 0.625977 0.282227 0.623047 0.277344 0.625000 0.269531 0.629883 0.270508 0.632812 0.276367 0.630859 0.281250
1 0.618164 0.269531 0.615234 0.264648 0.617188 0.260742 0.623047 0.258789 0.625977 0.260742 0.626953 0.266602 0.623047 0.271484
0 0.623047 0.211914 0.615234 0.209961 0.615234 0.209961 0.617188 0.197266 0.648438 0.191406 0.648438 0.191406 0.689453 0.185547 0.721680 0.181641 0.721680 0.181641 0.748047 0.173828 0.768555 0.171875 0.778320 0.174805 0.787109 0.183594 0.795898 0.192383 0.808594 0.205078 0.815430 0.213867 0.811523 0.222656 0.811523 0.222656 0.794922 0.216797 0.789062 0.207031 0.780273 0.196289 0.767578 0.188477 0.767578 0.188477 0.756836 0.186523 0.723633 0.192383 0.713867 0.197266 0.691406 0.198242 0.663086 0.204102 0.651367 0.206055 0.637695 0.208984
1 0.685547 0.181641 0.677734 0.176758 0.677734 0.166016 0.684570 0.160156 0.691406 0.156250 0.700195 0.159180 0.706055 0.163086 0.709961 0.169922 0.707031 0.179688 0.707031 0.179688 0.700195 0.184570
1 0.721680 0.168945 0.709961 0.158203 0.718750 0.148438 0.729492 0.144531 0.736328 0.147461 0.739258 0.155273 0.738281 0.165039 0.738281 0.165039 0.731445 0.170898
1 0.747070 0.171875 0.739258 0.166016 0.738281 0.156250 0.744141 0.151367 0.751953 0.152344 0.760742 0.156250 0.764648 0.160156 0.763672 0.167969 0.757812 0.171875
0 0.875000 0.277344 0.868164 0.271484 0.858398 0.259766 0.850586 0.248047 0.850586 0.238281 0.856445 0.238281 0.865234 0.248047 0.872070 0.255859 0.876953 0.263672 0.881836 0.270508 0.884766 0.278320 0.880859 0.282227
1 0.861328 0.243164 0.854492 0.235352 0.857422 0.228516 0.862305 0.228516 0.866211 0.231445 0.866211 0.236328
1 0.847656 0.230469 0.840820 0.225586 0.838867 0.217773 0.843750 0.214844 0.850586 0.215820 0.853516 0.222656 0.852539 0.228516
1 0.845703 0.214844 0.837891 0.208984 0.841797 0.200195 0.849609 0.194336 0.854492 0.193359 0.861328 0.198242 0.865234 0.207031 0.864258 0.217773 0.853516 0.215820
1 0.856445 0.193359 0.854492 0.183594 0.855469 0.170898 0.860352 0.164062 0.869141 0.162109 0.869141 0.162109 0.875977 0.163086 0.878906 0.168945 0.876953 0.177734 0.876953 0.177734 0.867188 0.189453 0.866211 0.196289 0.866211 0.196289
1 0.875977 0.250977 0.866211 0.243164 0.868164 0.230469 0.875000 0.228516 0.882812 0.229492 0.882812 0.229492 0.885742 0.234375 0.885742 0.242188 0.882812 0.248047
1 0.886719 0.235352 0.888672 0.226562 0.892578 0.224609 0.892578 0.224609 0.899414 0.225586 0.899414 0.225586 0.905273 0.231445 0.905273 0.240234 0.898438 0.244141 0.889648 0.242188 0.889648 0.242188
1 0.910156 0.244141 0.910156 0.227539 0.922852 0.223633 0.922852 0.223633 0.929688 0.227539 0.925781 0.235352
1 0.922852 0.246094 0.917969 0.240234 0.917969 0.240234 0.922852 0.235352 0.922852 0.235352 0.928711 0.235352 0.930664 0.241211 0.930664 0.241211 0.929688 0.246094
1 0.869141 0.224609 0.865234 0.212891 0.866211 0.205078 0.873047 0.203125 0.882812 0.204102 0.889648 0.211914 0.886719 0.221680 0.882812 0.227539
0 0.891602 0.222656 0.888672 0.217773 0.892578 0.206055 0.897461 0.203125 0.897461 0.203125 0.907227 0.203125 0.917969 0.203125 0.928711 0.199219 0.940430 0.196289 0.948242 0.200195 0.953125 0.206055 0.949219 0.215820 0.939453 0.216797 0.934570 0.213867 0.927734 0.218750 0.916992 0.219727 0.910156 0.224609 0.901367 0.223633
1 0.826172 0.200195 0.817383 0.196289 0.817383 0.196289 0.817383 0.183594 0.827148 0.176758 0.835938 0.175781 0.842773 0.184570 0.841797 0.193359 0.835938 0.198242
1 0.974609 0.269531 0.969727 0.253906 0.975586 0.250977 0.987305 0.251953 0.996094 0.257812 0.996094 0.267578 0.996094 0.267578 0.993164 0.272461 0.984375 0.274414
1 0.981445 0.247070 0.976562 0.236328 0.976562 0.236328 0.984375 0.228516 0.993164 0.225586 0.999023 0.228516 1.000000 0.252930 0.990234 0.252930
1 0.929688 0.190430 0.924805 0.184570 0.931641 0.169922 0.941406 0.169922 0.948242 0.174805 0.941406 0.185547
0 0.846680 0.184570 0.838867 0.178711 0.841797 0.168945 0.841797 0.168945 0.832031 0.164062 0.828125 0.154297 0.836914 0.151367 0.845703 0.155273 0.850586 0.164062 0.852539 0.175781
1 0.859375 0.085938 0.851562 0.082031 0.851562 0.073242 0.859375 0.070312 0.865234 0.074219 0.866211 0.081055
1 0.981445 0.083984 0.985352 0.077148 0.991211 0.077148 0.993164 0.083008 0.988281 0.090820
1 0.975586 0.078125 0.970703 0.073242 0.973633 0.064453 0.980469 0.064453 0.984375 0.069336 0.983398 0.076172
1 0.964844 0.066406 0.954102 0.057617 0.958984 0.051758 0.968750 0.053711 0.972656 0.059570 0.970703 0.064453
1 0.947266 0.051758 0.946289 0.046875 0.952148 0.043945 0.958008 0.047852 0.957031 0.054688 0.950195 0.057617
1 0.873047 0.032227 0.870117 0.020508 0.877930 0.015625 0.884766 0.017578 0.886719 0.024414 0.880859 0.031250
1 0.589844 0.300781 0.583984 0.291016 0.590820 0.282227 0.599609 0.284180 0.602539 0.294922 0.597656 0.300781
1 0.596680 0.317383 0.601562 0.311523 0.606445 0.315430 0.606445 0.315430 0.607422 0.321289 0.599609 0.323242
1 0.717773 0.370117 0.710938 0.365234 0.712891 0.357422 0.721680 0.359375 0.724609 0.366211
1 0.705078 0.361328 0.698242 0.347656 0.704102 0.346680 0.709961 0.350586 0.711914 0.358398 0.709961 0.363281
1 0.689453 0.350586 0.684570 0.345703 0.685547 0.341797 0.690430 0.340820 0.695312 0.341797 0.697266 0.348633 0.693359 0.351562
1 0.679688 0.340820 0.675781 0.333008 0.679688 0.330078 0.685547 0.332031 0.686523 0.335938 0.683594 0.337891
1 0.666992 0.327148 0.661133 0.325195 0.663086 0.320312 0.667969 0.317383 0.671875 0.320312
1 0.660156 0.320312 0.658203 0.316406 0.661133 0.314453 0.665039 0.314453 0.664062 0.318359
1 0.651367 0.310547 0.654297 0.306641 0.658203 0.306641 0.660156 0.309570 0.660156 0.313477 0.657227 0.316406
1 0.577148 0.360352 0.574219 0.349609 0.579102 0.345703 0.583984 0.343750 0.583984 0.343750 0.594727 0.342773 0.602539 0.345703 0.604492 0.350586 0.605469 0.357422 0.600586 0.364258 0.592773 0.367188 0.583984 0.367188
1 0.532227 0.370117 0.534180 0.364258 0.540039 0.367188 0.543945 0.374023 0.541016 0.379883 0.535156 0.377930
1 0.557617 0.359375 0.551758 0.357422 0.556641 0.350586 0.561523 0.351562 0.563477 0.356445 0.563477 0.356445 0.562500 0.360352
1 0.474609 0.377930 0.469727 0.372070 0.473633 0.366211 0.482422 0.365234 0.487305 0.368164 0.486328 0.374023 0.482422 0.377930
1 0.542969 0.311523 0.539062 0.308594 0.541016 0.302734 0.549805 0.298828 0.555664 0.303711 0.551758 0.310547
1 0.549805 0.326172 0.544922 0.322266 0.544922 0.315430 0.549805 0.314453 0.549805 0.314453 0.555664 0.314453 0.558594 0.318359 0.555664 0.325195
1 0.556641 0.419922 0.547852 0.418945 0.547852 0.412109 0.558594 0.407227 0.565430 0.406250 0.570312 0.409180 0.572266 0.414062
1 0.647461 0.415039 0.644531 0.411133 0.646484 0.408203 0.651367 0.409180 0.651367 0.413086
1 0.652344 0.418945 0.648438 0.416016 0.650391 0.413086 0.655273 0.416016
1 0.631836 0.416992 0.627930 0.415039 0.627930 0.407227 0.632812 0.406250 0.636719 0.409180 0.636719 0.413086
1 0.622070 0.416992 0.619141 0.410156 0.621094 0.406250 0.625000 0.404297 0.627930 0.407227 0.627930 0.413086 0.627930 0.413086 0.625977 0.416992
1 0.612305 0.414062 0.609375 0.408203 0.613281 0.405273 0.617188 0.406250 0.618164 0.412109 0.616211 0.415039
1 0.599609 0.415039 0.597656 0.410156 0.600586 0.404297 0.604492 0.402344 0.609375 0.406250 0.609375 0.413086 0.605469 0.416992 0.605469 0.416992
0 0.575195 0.413086 0.571289 0.409180 0.572266 0.403320 0.581055 0.402344 0.587891 0.402344 0.596680 0.402344 0.597656 0.409180 0.597656 0.415039 0.587891 0.416016 0.582031 0.415039
1 0.643555 0.540039 0.640625 0.536133 0.640625 0.536133 0.644531 0.531250 0.647461 0.531250 0.652344 0.535156 0.648438 0.539062
0 0.748047 0.546875 0.741211 0.543945 0.733398 0.546875 0.733398 0.546875 0.729492 0.537109 0.731445 0.528320 0.733398 0.518555 0.733398 0.509766 0.730469 0.496094 0.725586 0.487305 0.720703 0.480469 0.719727 0.473633 0.724609 0.464844 0.733398 0.459961 0.733398 0.459961 0.748047 0.458984 0.748047 0.458984 0.758789 0.464844 0.761719 0.472656 0.765625 0.482422 0.771484 0.488281 0.772461 0.498047 0.772461 0.511719 0.774414 0.523438 0.767578 0.538086 0.760742 0.544922 0.751953 0.545898
1 0.763672 0.550781 0.769531 0.548828 0.769531 0.548828 0.774414 0.550781 0.776367 0.555664 0.773438 0.561523 0.765625 0.559570
1 0.758789 0.571289 0.752930 0.567383 0.748047 0.560547 0.751953 0.554688 0.757812 0.557617 0.761719 0.565430
1 0.745117 0.577148 0.737305 0.572266 0.737305 0.566406 0.743164 0.561523 0.743164 0.561523 0.748047 0.562500 0.752930 0.568359 0.750977 0.575195
1 0.737305 0.562500 0.734375 0.556641 0.735352 0.550781 0.740234 0.547852 0.747070 0.547852 0.750977 0.551758 0.748047 0.557617 0.742188 0.560547
1 0.609375 0.721680 0.601562 0.718750 0.603516 0.709961 0.613281 0.705078 0.620117 0.708984 0.620117 0.715820
1 0.606445 0.725586 0.611328 0.722656 0.617188 0.726562 0.617188 0.731445 0.612305 0.736328 0.607422 0.733398
1 0.636719 0.805664 0.628906 0.797852 0.643555 0.783203 0.643555 0.783203 0.654297 0.789062 0.654297 0.800781 0.646484 0.809570
0 0.200195 0.805664 0.194336 0.799805 0.201172 0.794922 0.201172 0.794922 0.208984 0.790039 0.218750 0.792969 0.221680 0.800781 0.228516 0.803711 0.242188 0.808594 0.249023 0.812500 0.253906 0.815430 0.260742 0.810547 0.266602 0.813477 0.274414 0.819336 0.274414 0.819336 0.288086 0.823242 0.296875 0.830078 0.306641 0.833008 0.315430 0.838867 0.322266 0.842773 0.327148 0.847656 0.331055 0.854492 0.329102 0.861328 0.318359 0.861328 0.277344 0.841797 0.265625 0.831055 0.252930 0.826172 0.240234 0.821289 0.228516 0.816406 0.208984 0.809570
1 0.341797 0.871094 0.334961 0.864258 0.340820 0.853516 0.350586 0.850586 0.361328 0.851562 0.363281 0.857422 0.351562 0.870117
0 0.000977 0.787109 0.009766 0.791016 0.039062 0.791016 0.068359 0.786133 0.093750 0.781250 0.113281 0.777344 0.121094 0.760742 0.119141 0.750000 0.108398 0.739258 0.096680 0.730469 0.084961 0.722656 0.075195 0.715820 0.064453 0.709961 0.052734 0.699219 0.044922 0.693359 0.041016 0.686523 0.039062 0.672852 0.035156 0.660156 0.034180 0.650391 0.029297 0.642578 0.017578 0.634766 0.000000 0.625977
1 0.063477 0.469727 0.042969 0.461914 0.041992 0.445312 0.055664 0.441406 0.069336 0.448242 0.075195 0.456055 0.070312 0.466797
1 0.069336 0.439453 0.065430 0.418945 0.075195 0.414062 0.090820 0.419922 0.102539 0.423828 0.105469 0.438477 0.103516 0.449219 0.098633 0.458008 0.080078 0.443359
0 0.162109 0.430664 0.136719 0.424805 0.120117 0.421875 0.106445 0.405273 0.097656 0.375000 0.103516 0.354492 0.120117 0.346680 0.120117 0.346680 0.136719 0.347656 0.155273 0.340820 0.177734 0.340820 0.177734 0.340820 0.195312 0.346680 0.213867 0.344727 0.224609 0.362305 0.204102 0.391602 0.204102 0.391602 0.202148 0.403320 0.198242 0.416016 0.185547 0.426758
1 0.126953 0.336914 0.120117 0.332031 0.125000 0.323242 0.130859 0.320312 0.138672 0.325195 0.136719 0.333008
1 0.170898 0.312500 0.172852 0.303711 0.181641 0.300781 0.188477 0.308594 0.184570 0.315430
1 0.212891 0.311523 0.207031 0.303711 0.203125 0.296875 0.209961 0.293945 0.216797 0.293945 0.223633 0.299805 0.223633 0.306641
1 0.216797 0.291016 0.219727 0.282227 0.226562 0.283203 0.228516 0.288086 0.228516 0.294922 0.223633 0.296875
1 0.242188 0.296875 0.233398 0.294922 0.230469 0.288086 0.237305 0.283203 0.244141 0.284180 0.249023 0.291016 0.247070 0.294922
1 0.262695 0.291016 0.255859 0.287109 0.257812 0.281250 0.264648 0.281250 0.267578 0.285156 0.268555 0.290039
1 0.272461 0.278320 0.265625 0.275391 0.266602 0.270508 0.272461 0.267578 0.278320 0.270508 0.277344 0.274414
1 0.309570 0.286133 0.300781 0.284180 0.302734 0.276367 0.311523 0.275391 0.320312 0.278320 0.320312 0.284180
0 0.000000 0.896484 0.006836 0.903320 0.006836 0.903320 0.015625 0.906250 0.022461 0.913086 0.025391 0.920898 0.032227 0.926758 0.033203 0.935547 0.038086 0.944336 0.041992 0.953125 0.041992 0.953125 0.046875 0.962891 0.051758 0.970703 0.054688 0.979492 0.052734 0.991211 0.047852 1.000000 0.000000 0.999023
0 0.278320 1.000000 0.284180 0.994141 0.284180 0.994141 0.291992 0.989258 0.308594 0.984375 0.308594 0.984375 0.314453 0.972656 0.323242 0.964844 0.330078 0.957031 0.340820 0.945312 0.353516 0.935547 0.365234 0.922852 0.375000 0.909180 0.391602 0.895508 0.403320 0.887695 0.413086 0.875977 0.425781 0.867188 0.425781 0.867188 0.445312 0.855469 0.464844 0.844727 0.484375 0.828125 0.484375 0.828125 0.497070 0.819336 0.495117 0.795898 0.504883 0.770508 0.515625 0.759766 0.515625 0.759766 0.525391 0.726562 0.525391 0.726562 0.521484 0.678711 0.530273 0.660156 0.530273 0.660156 0.541016 0.653320 0.549805 0.657227 0.568359 0.642578 0.588867 0.628906 0.605469 0.630859 0.618164 0.645508 0.617188 0.667969 0.604492 0.685547 0.604492 0.685547 0.597656 0.700195 0.597656 0.720703 0.601562 0.744141 0.610352 0.764648 0.625000 0.782227 0.636719 0.807617 0.648438 0.825195 0.657227 0.839844 0.670898 0.858398 0.673828 0.874023 0.673828 0.888672 0.660156 0.897461 0.660156 0.897461 0.642578 0.902344 0.621094 0.914062 0.594727 0.929688 0.571289 0.955078 0.546875 0.971680 0.546875 0.971680 0.505859 0.992188 0.499023 1.000000
0 0.699219 0.725586 0.686523 0.716797 0.679688 0.690430 0.677734 0.667969 0.708008 0.660156 0.727539 0.654297 0.742188 0.659180 0.746094 0.670898 0.741211 0.692383
0 0.750977 0.683594 0.746094 0.668945 0.735352 0.650391 0.715820 0.654297 0.716797 0.633789 0.722656 0.621094 0.739258 0.616211 0.750000 0.605469 0.753906 0.592773 0.761719 0.588867 0.761719 0.588867 0.769531 0.603516 0.770508 0.617188 0.789062 0.619141 0.795898 0.631836 0.793945 0.638672 0.800781 0.648438 0.774414 0.666016 0.771484 0.675781 0.763672 0.684570 0.754883 0.691406 0.754883 0.691406
1 0.781250 0.675781 0.774414 0.671875 0.778320 0.664062 0.785156 0.662109 0.792969 0.666016 0.791016 0.674805
1 0.801758 0.674805 0.792969 0.667969 0.790039 0.659180 0.790039 0.659180 0.793945 0.652344 0.802734 0.649414 0.809570 0.656250 0.810547 0.666016
1 0.726562 0.617188 0.724609 0.607422 0.729492 0.591797 0.741211 0.590820 0.750000 0.597656 0.748047 0.605469 0.743164 0.608398
0 0.692383 0.863281 0.679688 0.856445 0.680664 0.846680 0.691406 0.842773 0.726562 0.838867 0.750977 0.834961 0.771484 0.828125 0.791992 0.826172 0.820312 0.822266 0.837891 0.817383 0.862305 0.814453 0.880859 0.809570 0.918945 0.802734 0.958984 0.794922 0.992188 0.789062 1.000000 0.786133 1.000000 0.810547 0.972656 0.815430 0.884766 0.830078 0.817383 0.837891 0.788086 0.848633 0.740234 0.856445 0.729492 0.858398 0.718750 0.859375
0 0.807617 0.731445 0.796875 0.725586 0.791016 0.707031 0.803711 0.697266 0.820312 0.693359 0.852539 0.682617 0.881836 0.673828 0.905273 0.664062 0.923828 0.661133 0.921875 0.646484 0.921875 0.646484 0.935547 0.641602 0.935547 0.641602 0.950195 0.636719 0.959961 0.654297 0.957031 0.673828 0.943359 0.683594 0.930664 0.691406 0.918945 0.695312 0.906250 0.704102 0.906250 0.704102 0.883789 0.709961 0.868164 0.721680 0.850586 0.724609 0.846680 0.714844 0.833008 0.716797 0.833008 0.726562 0.820312 0.729492
1 0.894531 0.471680 0.882812 0.458984 0.891602 0.453125 0.902344 0.453125 0.907227 0.460938 0.904297 0.469727
1 0.990234 0.468750 0.982422 0.462891 0.987305 0.456055 0.994141 0.456055 0.995117 0.463867