1 0.109612 0.053905 0.101081 0.053734 0.096475 0.042304 0.101935 0.035479 0.110636 0.035309 0.116777 0.040938 0.115242 0.049128
1 0.064995 0.046487 0.060647 0.044836 0.056040 0.038924 0.058300 0.030751 0.064125 0.029272 0.068299 0.031620 0.069951 0.036924 0.069689 0.042836
1 0.078401 0.015286 0.073498 0.015185 0.069922 0.013243 0.070024 0.004968 0.074928 0.001392 0.079935 0.002209 0.082999 0.006092 0.081058 0.012017
1 0.083409 0.043729 0.080488 0.039235 0.082960 0.030923 0.087566 0.029462 0.090262 0.033731 0.091498 0.040135 0.089700 0.045303 0.086330 0.043954
1 0.024363 0.036427 0.021138 0.036334 0.018895 0.035727 0.017024 0.032595 0.017306 0.028201 0.019081 0.024883 0.022867 0.022966 0.027448 0.022966 0.032262 0.025350 0.034225 0.029463 0.033337 0.033763 0.028009 0.035866
1 0.065084 0.077826 0.059590 0.075374 0.055568 0.070960 0.054489 0.061248 0.060571 0.056736 0.067340 0.055265 0.072539 0.056638 0.076168 0.062131 0.077247 0.066937 0.075285 0.072823 0.071656 0.075668
1 0.051944 0.108596 0.047903 0.109166 0.044570 0.108622 0.042803 0.103112 0.045251 0.097467 0.048107 0.095562 0.053821 0.095767 0.057019 0.097875 0.057427 0.102908 0.054569 0.107466
1 0.034952 0.100887 0.030259 0.100278 0.026347 0.095585 0.027477 0.087066 0.032605 0.083937 0.038689 0.083416 0.042253 0.087414 0.042514 0.093412 0.039993 0.100626
1 0.053459 0.093791 0.048184 0.092947 0.047445 0.085878 0.051349 0.081447 0.057574 0.082924 0.060845 0.085772 0.059367 0.091575
1 0.056822 0.131887 0.051612 0.131201 0.045579 0.126402 0.048185 0.118999 0.055999 0.111184 0.065186 0.112280 0.069024 0.118588 0.064911 0.128597
1 0.086338 0.122206 0.082598 0.120781 0.081997 0.115874 0.083019 0.112503 0.087257 0.110665 0.091394 0.111584 0.092874 0.114188 0.092977 0.117865 0.091343 0.120571
0 0.002026 0.108554 0.016775 0.108309 0.030295 0.111750 0.039636 0.124777 0.044306 0.141984 0.037178 0.149604 0.025624 0.151817 0.014071 0.147393 0.000000 0.147884
0 0.057229 0.180079 0.046912 0.184206 0.019571 0.191428 0.002547 0.180595 0.000000 0.151705 0.003579 0.146031 0.022454 0.150926 0.035626 0.149943 0.044079 0.142473 0.057448 0.143849 0.068851 0.144635 0.082415 0.139720 0.095391 0.140899 0.100698 0.157413 0.111118 0.170979 0.116032 0.189065 0.116819 0.205186 0.117999 0.223469 0.111540 0.249648 0.099204 0.252586 0.087749 0.242306 0.081287 0.220276 0.078350 0.204416 0.069538 0.189143
1 0.000396 0.287034 0.006497 0.288116 0.011418 0.293233 0.013287 0.301696 0.011418 0.309471 0.006104 0.313898 0.000000 0.318229
1 0.024801 0.307699 0.020373 0.306223 0.017026 0.296678 0.020373 0.291363 0.026474 0.288903 0.031197 0.293233 0.033166 0.299925 0.030312 0.306519
1 0.014811 0.411239 0.009471 0.410844 0.005219 0.404317 0.005021 0.395418 0.011943 0.390771 0.017777 0.393540 0.019854 0.401944 0.020150 0.409262
1 0.023529 0.434979 0.016239 0.434168 0.014484 0.425258 0.018805 0.419318 0.027310 0.419183 0.034869 0.423638 0.033114 0.432413 0.027444 0.434843
1 0.102803 0.471294 0.097383 0.466647 0.096221 0.452902 0.092349 0.442448 0.103384 0.438963 0.113063 0.446514 0.116936 0.456968 0.109966 0.469164
1 0.159200 0.486094 0.154912 0.486399 0.151033 0.482622 0.152156 0.475986 0.160017 0.475170 0.163079 0.480581 0.161140 0.485480
1 0.143279 0.622544 0.134798 0.621602 0.128578 0.610481 0.133102 0.593141 0.143468 0.587109 0.156097 0.590125 0.166274 0.600115 0.158170 0.617267
1 0.100333 0.615418 0.086121 0.618604 0.077546 0.610518 0.081711 0.589936 0.096167 0.582585 0.109153 0.590426 0.110379 0.605862
1 0.087102 0.665893 0.076076 0.666382 0.068480 0.657316 0.066030 0.637960 0.078771 0.631834 0.092247 0.636979 0.095923 0.650211
1 0.114187 0.771648 0.108191 0.769353 0.103982 0.763613 0.107299 0.751624 0.108064 0.741420 0.116865 0.737338 0.122987 0.743205 0.124900 0.752134 0.125921 0.762593 0.123242 0.770756
1 0.155030 0.749775 0.151252 0.749985 0.148628 0.746941 0.147159 0.740016 0.153246 0.735922 0.158808 0.737706 0.160802 0.743479 0.159333 0.747781
1 0.190445 0.673162 0.186663 0.672611 0.184257 0.668485 0.184325 0.662915 0.187282 0.658583 0.189689 0.658239 0.194641 0.659958 0.196359 0.663396 0.196566 0.668417 0.193953 0.672337
1 0.199042 0.668761 0.196291 0.666423 0.195260 0.662159 0.195397 0.657139 0.199248 0.653976 0.203168 0.654182 0.206193 0.657001 0.207569 0.661746 0.206675 0.666079 0.202480 0.667866
1 0.248103 0.702186 0.240815 0.701214 0.236321 0.692348 0.237657 0.681781 0.243366 0.677895 0.250046 0.677409 0.257090 0.681053 0.259520 0.688947 0.259520 0.695384 0.255754 0.699271
1 0.239706 0.739104 0.236829 0.737904 0.236988 0.733187 0.240266 0.731189 0.242904 0.732469 0.244183 0.735426 0.242664 0.736865
1 0.252112 0.751993 0.249888 0.751071 0.249616 0.747326 0.251787 0.745102 0.253795 0.745753 0.254283 0.748684 0.253307 0.751233
1 0.236798 0.773979 0.232493 0.768846 0.230175 0.760401 0.233983 0.749804 0.239447 0.746657 0.244250 0.749970 0.250045 0.753777 0.250045 0.753777 0.254351 0.766362 0.253191 0.772323 0.244084 0.773813
1 0.201300 0.764624 0.193615 0.764123 0.187769 0.756438 0.189606 0.745412 0.198627 0.738229 0.205310 0.739064 0.211992 0.746916 0.211992 0.756605 0.206813 0.760615
1 0.220883 0.625063 0.215665 0.624339 0.211317 0.618687 0.213057 0.610571 0.219288 0.606224 0.225665 0.607817 0.229578 0.614629 0.228273 0.621005
1 0.316076 0.494909 0.310426 0.494657 0.307789 0.485742 0.312310 0.479716 0.320722 0.480218 0.324865 0.487249 0.321350 0.493276
1 0.318588 0.521528 0.313941 0.519896 0.310175 0.514873 0.311305 0.505456 0.318085 0.500811 0.324112 0.504451 0.327503 0.511106 0.326498 0.518515
1 0.343574 0.510479 0.338301 0.508093 0.334157 0.502442 0.334534 0.491645 0.342570 0.488380 0.349100 0.488631 0.354373 0.492899 0.357387 0.499178 0.354499 0.506461
1 0.338507 0.554774 0.334916 0.553256 0.334363 0.547385 0.337471 0.543794 0.341753 0.543448 0.344860 0.544899 0.345827 0.548697 0.345551 0.552496 0.342857 0.553187
1 0.250536 0.554749 0.244694 0.554391 0.239568 0.548550 0.242549 0.539728 0.249701 0.535316 0.256735 0.538059 0.258881 0.545331 0.256020 0.551411
0 0.280843 0.580034 0.271861 0.578423 0.262420 0.569902 0.265184 0.553322 0.281303 0.550789 0.295350 0.551940 0.295580 0.565066 0.286369 0.574277
0 0.254839 0.507176 0.248641 0.505937 0.239787 0.503812 0.236776 0.493719 0.237308 0.483448 0.249526 0.477073 0.260682 0.477781 0.264932 0.489822 0.265108 0.502926
1 0.210187 0.517503 0.206182 0.518155 0.202828 0.514522 0.201989 0.508280 0.204412 0.500455 0.210653 0.497940 0.213914 0.500642 0.215777 0.505858 0.215963 0.514149
1 0.267395 0.599786 0.264276 0.597935 0.266030 0.590138 0.270806 0.587993 0.275289 0.589846 0.276361 0.594231 0.275095 0.598812 0.271586 0.599592
1 0.310810 0.571618 0.307055 0.570407 0.309113 0.561200 0.316262 0.557565 0.321229 0.559262 0.319774 0.565804 0.316746 0.568227
1 0.319411 0.598392 0.314565 0.596938 0.312264 0.588579 0.316504 0.583976 0.321592 0.585429 0.324136 0.589548 0.322925 0.596332
1 0.412205 0.550674 0.407538 0.547521 0.405646 0.538059 0.406781 0.529102 0.413341 0.525443 0.416116 0.530363 0.415737 0.537933 0.416368 0.545628
1 0.396655 0.694214 0.394130 0.691868 0.393138 0.686457 0.395482 0.682309 0.399812 0.682398 0.402157 0.685375 0.402066 0.690335 0.400354 0.692590
1 0.296418 0.707053 0.293197 0.704786 0.289856 0.699537 0.290453 0.691544 0.295226 0.687727 0.300832 0.688442 0.304411 0.693214 0.306439 0.697867 0.302503 0.702520
1 0.307274 0.720176 0.307752 0.727453 0.302264 0.731151 0.293913 0.730555 0.289141 0.721727 0.289261 0.711825 0.295702 0.710870 0.302622 0.713614
1 0.312047 0.727334 0.308229 0.724232 0.304889 0.714927 0.300475 0.708484 0.307633 0.701565 0.312523 0.702877 0.318131 0.708246 0.320756 0.715762 0.318012 0.723993
1 0.012749 0.911258 0.007273 0.910231 0.000602 0.906810 0.000772 0.891412 0.015144 0.882857 0.025409 0.887477 0.026949 0.897058 0.023698 0.907665
1 0.043031 0.932131 0.036530 0.929394 0.032937 0.920839 0.039951 0.912969 0.049020 0.911087 0.054151 0.916391 0.053296 0.927854
1 0.022501 0.945988 0.015657 0.945305 0.008643 0.940172 0.008301 0.927854 0.013091 0.924773 0.021987 0.925801 0.029687 0.932814 0.025923 0.943765
1 0.040807 0.966177 0.034819 0.965492 0.029857 0.957965 0.027805 0.948555 0.034647 0.943936 0.041149 0.950095 0.046624 0.956938 0.048506 0.962071
1 0.074172 0.974771 0.066699 0.973317 0.059434 0.966883 0.062133 0.954637 0.071681 0.950484 0.080191 0.950692 0.086626 0.955259 0.084758 0.964185
1 0.075417 0.931388 0.069812 0.929521 0.068982 0.913329 0.077285 0.907933 0.084758 0.911254 0.086211 0.921840 0.084135 0.928067
1 0.248452 0.824260 0.245642 0.824579 0.243342 0.822472 0.241682 0.818895 0.241618 0.813849 0.243980 0.811103 0.248452 0.810655 0.252284 0.813401 0.253178 0.818959 0.251773 0.823046
1 0.224295 0.819778 0.221333 0.819778 0.219852 0.815851 0.220946 0.811923 0.225390 0.810441 0.228158 0.812502 0.229445 0.815657 0.227386 0.818297
1 0.267350 0.947843 0.265422 0.947780 0.263864 0.947031 0.263980 0.943917 0.267018 0.942840 0.268595 0.944378 0.268210 0.947339
1 0.260617 0.967223 0.257150 0.966999 0.255249 0.960849 0.257598 0.958725 0.262518 0.959730 0.264978 0.962861 0.263748 0.966552
1 0.180686 0.960084 0.177929 0.959533 0.173656 0.956362 0.174965 0.951470 0.179514 0.949265 0.183993 0.950505 0.186130 0.954847 0.185096 0.958706
1 0.199019 0.953807 0.197080 0.954211 0.195183 0.951949 0.195466 0.948760 0.198130 0.947630 0.201037 0.948194 0.203137 0.950294 0.201724 0.953040
1 0.175249 0.926645 0.171607 0.926574 0.169436 0.923422 0.169646 0.918029 0.172938 0.914037 0.177280 0.914807 0.179102 0.918169 0.178962 0.923353
1 0.157754 0.949946 0.152426 0.946722 0.145695 0.942796 0.145415 0.935225 0.154108 0.932841 0.161539 0.936486 0.164344 0.941814 0.161680 0.949386
1 0.047875 0.827270 0.044698 0.826239 0.043152 0.820314 0.048133 0.815162 0.052255 0.814818 0.053973 0.818854 0.052855 0.823921
1 0.037056 0.820142 0.035878 0.819962 0.034957 0.817483 0.035878 0.815253 0.037400 0.814757 0.039241 0.814863 0.040091 0.816421 0.039701 0.818651
1 0.026850 0.818484 0.025653 0.818365 0.024416 0.816610 0.025055 0.813897 0.027288 0.813100 0.028564 0.814097 0.029522 0.816371 0.029004 0.817927
1 0.305963 0.450701 0.300838 0.450391 0.293383 0.448993 0.285929 0.440918 0.293072 0.428494 0.303788 0.427873 0.313572 0.432687 0.315746 0.442005 0.312330 0.448062
1 0.309689 0.429736 0.305186 0.424456 0.305030 0.411101 0.314038 0.405976 0.321958 0.407062 0.324754 0.415138 0.319939 0.424767
1 0.312641 0.406597 0.306895 0.403335 0.305341 0.390290 0.311087 0.379886 0.320095 0.377245 0.332363 0.379886 0.334848 0.390445 0.330500 0.402403 0.323822 0.404423
1 0.265346 0.352620 0.261520 0.352371 0.257609 0.349542 0.257609 0.343136 0.263766 0.340141 0.268757 0.340973 0.272251 0.345383 0.270920 0.350457
1 0.232384 0.443025 0.228036 0.442504 0.225688 0.436417 0.229166 0.431895 0.235427 0.430765 0.240384 0.433981 0.241166 0.439634 0.237861 0.443895
1 0.203126 0.575952 0.201228 0.573536 0.198467 0.568617 0.200365 0.564907 0.203299 0.565425 0.205456 0.569998 0.205628 0.574484
1 0.077343 0.524169 0.072067 0.523864 0.066792 0.518791 0.068821 0.513313 0.074604 0.511487 0.080894 0.514530 0.081198 0.520313
1 0.091851 0.521328 0.087894 0.520313 0.086677 0.513719 0.091344 0.510574 0.096111 0.511893 0.097431 0.517676 0.094793 0.520922
1 0.072874 0.562462 0.068760 0.561821 0.065926 0.558804 0.066565 0.552130 0.072783 0.549387 0.077446 0.550850 0.079549 0.555146 0.077446 0.559810
1 0.054815 0.610784 0.050122 0.608291 0.045505 0.602459 0.049758 0.591037 0.057898 0.587636 0.065188 0.592010 0.067375 0.599907 0.066160 0.609263
1 0.035229 0.691831 0.031740 0.690395 0.028661 0.684647 0.030304 0.677053 0.035538 0.675103 0.040669 0.677053 0.043133 0.681876 0.042517 0.687623
1 0.367232 0.486032 0.362017 0.485101 0.358291 0.473365 0.364065 0.467963 0.371703 0.470012 0.374498 0.479513
1 0.312159 0.901491 0.308937 0.900272 0.305194 0.895920 0.306762 0.891479 0.312246 0.890783 0.317469 0.893743 0.317208 0.898531
1 0.350312 0.835075 0.343988 0.836073 0.338331 0.831747 0.332008 0.820599 0.333839 0.806954 0.344820 0.800132 0.357300 0.798801 0.365121 0.805789 0.368448 0.817937 0.364289 0.827421
1 0.377267 0.893910 0.371071 0.894022 0.366341 0.889405 0.366679 0.880281 0.372085 0.875551 0.379856 0.876001 0.388191 0.879718 0.390219 0.887152 0.386164 0.892559
1 0.383702 0.986344 0.380524 0.986079 0.379067 0.982106 0.380656 0.977339 0.384232 0.976146 0.387609 0.978332 0.388734 0.982769 0.386814 0.985814
1 0.365071 0.969440 0.363445 0.969330 0.362082 0.968010 0.362721 0.965794 0.364425 0.964261 0.367450 0.964729 0.367748 0.967157 0.367023 0.969075
1 0.384915 0.962904 0.381862 0.962449 0.379005 0.958877 0.381147 0.954200 0.385890 0.953875 0.389202 0.957058 0.388163 0.961734
1 0.304002 0.999672 0.304722 0.993911 0.309969 0.990311 0.316141 0.990414 0.320255 0.994220 0.322930 0.999569 0.304825 1.000000
1 0.454012 0.983866 0.449188 0.982520 0.447955 0.976688 0.446608 0.966929 0.450646 0.962555 0.457825 0.962667 0.462199 0.966032 0.463097 0.973435 0.460181 0.982184
1 0.448246 0.915558 0.443196 0.911095 0.443104 0.904311 0.447751 0.901986 0.452119 0.906819 0.454908 0.910909 0.452956 0.915649
1 0.469035 0.927640 0.464481 0.927268 0.460764 0.924572 0.459184 0.918810 0.460764 0.912861 0.466619 0.913604 0.471080 0.918624 0.473218 0.924200
1 0.484278 0.934890 0.480189 0.932937 0.478888 0.925315 0.482791 0.921691 0.487346 0.924294 0.489763 0.929685 0.488090 0.934518
1 0.504883 0.932164 0.501452 0.931021 0.498021 0.927589 0.498357 0.921467 0.502663 0.918776 0.506026 0.920593 0.508112 0.923889 0.508247 0.929877
1 0.486998 0.956032 0.485195 0.955442 0.484409 0.953509 0.484966 0.950789 0.487752 0.949904 0.490603 0.950363 0.491225 0.952919 0.490405 0.954492 0.489357 0.955606
1 0.497952 0.956373 0.496069 0.956555 0.494693 0.955758 0.494982 0.952027 0.496866 0.950289 0.499184 0.950543 0.500523 0.951847 0.500451 0.954635
1 0.538316 0.955776 0.536393 0.955239 0.535374 0.953372 0.535629 0.950967 0.537270 0.949553 0.539504 0.949723 0.541202 0.950826 0.541371 0.953287 0.540184 0.954984
1 0.538994 0.965270 0.536913 0.964776 0.536037 0.961655 0.538118 0.959958 0.540910 0.959685 0.541622 0.962531 0.540472 0.964940
1 0.527495 0.970545 0.524993 0.969116 0.524922 0.964970 0.527638 0.963326 0.530640 0.964827 0.531354 0.967615
1 0.538749 0.977449 0.535684 0.977147 0.535332 0.973932 0.537644 0.972122 0.540759 0.972374 0.541061 0.974786 0.540759 0.976645
1 0.522923 0.919286 0.515201 0.919673 0.507672 0.912144 0.509409 0.898244 0.519255 0.893032 0.530451 0.895349 0.533927 0.905387 0.531803 0.913881
1 0.530599 0.889365 0.526808 0.888418 0.525714 0.883533 0.528120 0.880398 0.532202 0.882294 0.532202 0.887105
1 0.532276 0.868935 0.529173 0.867383 0.529690 0.863171 0.533755 0.860880 0.536858 0.862802 0.538114 0.865313 0.536267 0.868640
1 0.586869 0.979758 0.579853 0.976950 0.577747 0.968108 0.583221 0.958284 0.593606 0.953653 0.601325 0.958565 0.601605 0.967126 0.599641 0.976529 0.594167 0.981582
1 0.653773 0.989238 0.646525 0.990293 0.641253 0.989106 0.639013 0.983044 0.641121 0.975136 0.650742 0.974345 0.658123 0.976322 0.661813 0.981067 0.659310 0.985680
1 0.668674 1.000000 0.669896 0.987782 0.676280 0.978817 0.686196 0.978682 0.692988 0.985338 0.698693 0.994574 0.699372 1.000000
1 0.700187 0.992944 0.696384 0.986968 0.692173 0.979769 0.687555 0.970260 0.694890 0.960479 0.704127 0.960344 0.707794 0.966729 0.711462 0.973112 0.713363 0.983300 0.709968 0.993080 0.705621 0.998514
1 0.685112 0.964211 0.680657 0.959421 0.678764 0.948395 0.683330 0.946056 0.690014 0.950288 0.690570 0.957416 0.688009 0.964545
1 0.696017 0.943129 0.688647 0.944630 0.684281 0.939309 0.685100 0.928664 0.691923 0.919249 0.700656 0.923615 0.704613 0.930984 0.703249 0.940673
1 0.675411 0.941901 0.668315 0.939990 0.663130 0.932485 0.662447 0.922660 0.667633 0.917611 0.675685 0.917339 0.680323 0.922251 0.681279 0.932212 0.681279 0.940536
1 0.690715 0.914627 0.680138 0.914803 0.674849 0.911101 0.667444 0.902815 0.676788 0.896292 0.687895 0.900171 0.698648 0.905813 0.697062 0.913393
1 0.695640 0.905453 0.689614 0.901980 0.685428 0.896772 0.684917 0.890747 0.687572 0.883292 0.694006 0.880943 0.699316 0.883189 0.702380 0.888908 0.704831 0.895648 0.702993 0.903818
1 0.746642 0.821852 0.738680 0.818789 0.733289 0.811316 0.737822 0.796617 0.745662 0.790614 0.758524 0.792574 0.765385 0.798454 0.766487 0.805682 0.764282 0.813399 0.759505 0.816707
1 0.845470 0.825869 0.834550 0.824413 0.824904 0.819681 0.817989 0.811491 0.817442 0.796932 0.828908 0.788742 0.845105 0.783101 0.864396 0.783101 0.880230 0.789471 0.882960 0.802937 0.871677 0.817315 0.857299 0.821319
1 0.927312 0.853727 0.912929 0.843238 0.900343 0.839343 0.892252 0.822561 0.886258 0.803981 0.906636 0.786002 0.920120 0.787500 0.936902 0.792295 0.947091 0.807577 0.951286 0.819864 0.951586 0.836346 0.945892 0.851029
1 0.931694 0.888774 0.923032 0.886495 0.916041 0.876616 0.918929 0.862178 0.930631 0.856099 0.941877 0.859595 0.949780 0.868257 0.947805 0.880416 0.943549 0.886646
1 0.936971 0.970856 0.926680 0.968481 0.920149 0.951463 0.922326 0.930882 0.934002 0.927319 0.943501 0.928902 0.950229 0.936423 0.952208 0.950869 0.951614 0.964722
1 0.925889 1.000000 0.922326 0.988073 0.929450 0.976199 0.946865 0.976002 0.949240 0.989656 0.948250 0.999947
1 0.722411 0.347580 0.712574 0.342502 0.704641 0.332665 0.709719 0.312990 0.727807 0.307913 0.742086 0.315529 0.747798 0.328223 0.743673 0.339964
1 0.714479 0.409460 0.700516 0.398670 0.702737 0.376457 0.716382 0.365668 0.736057 0.364398 0.744942 0.378679 0.738278 0.396449 0.727489 0.405017
1 0.727172 0.463724 0.713209 0.454521 0.703688 0.435799 0.712257 0.417393 0.726220 0.414537 0.736057 0.423423 0.742721 0.438972 0.738596 0.457694
1 0.759382 0.499779 0.751601 0.495789 0.748009 0.486012 0.751002 0.474239 0.763572 0.471845 0.768561 0.479228 0.767763 0.489403 0.766765 0.495988
1 0.783126 0.497385 0.774945 0.492597 0.773549 0.476634 0.784922 0.469850 0.795697 0.472643 0.799887 0.481023 0.794500 0.491199
1 0.593401 0.830835 0.589267 0.829854 0.586394 0.825368 0.587095 0.818361 0.592561 0.814437 0.598237 0.816609 0.600409 0.822775 0.598798 0.829503
1 0.589674 0.884685 0.586984 0.884983 0.584817 0.880874 0.587358 0.875420 0.592065 0.876167 0.594531 0.880800 0.593187 0.883340
0 0.899395 0.520679 0.881552 0.510767 0.885913 0.481029 0.897809 0.466756 0.906928 0.445741 0.927148 0.446931 0.938647 0.464773 0.912082 0.506405
1 0.910694 0.305340 0.900392 0.302485 0.894718 0.292481 0.896062 0.280088 0.904722 0.272921 0.919505 0.270681 0.926373 0.279490 0.927866 0.291585 0.918310 0.302187
1 0.929456 0.691602 0.919438 0.689415 0.910875 0.678850 0.913608 0.663730 0.927452 0.658630 0.938564 0.665369 0.941115 0.680854
1 0.923570 0.657376 0.921232 0.656055 0.920826 0.652650 0.923977 0.650974 0.929107 0.650872 0.929921 0.653464 0.929312 0.655801 0.926669 0.656563
1 0.925482 0.649478 0.922604 0.647869 0.924890 0.643128 0.930394 0.640588 0.933187 0.642789 0.930647 0.648377 0.927430 0.648885
1 0.918424 0.634742 0.914521 0.634223 0.910227 0.630059 0.910227 0.624334 0.914521 0.619846 0.922262 0.619846 0.925904 0.623618 0.925059 0.629343 0.923042 0.633441
1 0.984199 0.625761 0.972504 0.621526 0.968874 0.607209 0.980973 0.595514 0.995693 0.600757 0.996903 0.614065 0.991660 0.620922
1 0.930049 0.602225 0.919872 0.597348 0.913935 0.579962 0.918600 0.557274 0.931745 0.543705 0.948071 0.551974 0.951252 0.573601 0.946800 0.591835
1 0.822445 0.216418 0.813877 0.213562 0.809058 0.199816 0.814056 0.188749 0.827801 0.186428 0.837619 0.192497 0.836370 0.211599
1 0.772948 0.186320 0.764260 0.182814 0.759840 0.171534 0.766395 0.162084 0.775540 0.161475 0.784533 0.166047 0.783313 0.175955 0.779198 0.182052
1 0.812000 0.159800 0.804319 0.160323 0.797686 0.157355 0.793321 0.144612 0.798907 0.132219 0.813396 0.129774 0.821426 0.137280 0.823521 0.150722 0.818459 0.157007
1 0.813263 0.183470 0.807321 0.197618 0.792891 0.200730 0.785533 0.187432 0.793173 0.171021 0.814395 0.157155 0.830240 0.162531 0.834768 0.178094 0.822317 0.182056
1 0.708753 0.285626 0.701847 0.284431 0.695737 0.277923 0.695737 0.267298 0.704901 0.262783 0.714994 0.262518 0.718314 0.271017 0.716588 0.282173
1 0.707341 0.248445 0.701919 0.247177 0.696959 0.238641 0.697882 0.226527 0.708610 0.222490 0.712532 0.229065 0.714263 0.238294 0.712417 0.243370
1 0.704749 0.212791 0.699607 0.212240 0.695385 0.208109 0.693090 0.198653 0.696027 0.189565 0.706310 0.188831 0.712185 0.193421 0.712735 0.202602 0.711083 0.208568
1 0.806442 0.481685 0.804886 0.481360 0.802811 0.479350 0.802421 0.474291 0.807155 0.471892 0.811047 0.474680 0.812409 0.480322 0.809555 0.481555
1 0.840265 0.477521 0.837133 0.476567 0.834545 0.473231 0.836860 0.467580 0.842443 0.467376 0.845303 0.471120 0.844962 0.475342
1 0.903922 0.076251 0.895549 0.076077 0.888572 0.068751 0.892758 0.054796 0.904445 0.053749 0.912993 0.061250 0.908632 0.072414
1 0.897119 0.054971 0.889095 0.053400 0.884560 0.040318 0.889095 0.025491 0.896944 0.024096 0.905365 0.023825 0.910289 0.030138 0.914455 0.037082 0.913192 0.044152 0.910036 0.050339 0.905996 0.051349
1 0.900249 0.022656 0.893597 0.021468 0.887420 0.016835 0.883737 0.009352 0.883262 0.000000 0.907021 0.000000 0.907971 0.008876 0.905120 0.016360
0 0.817746 0.233244 0.812496 0.231813 0.807245 0.228949 0.800277 0.225703 0.797413 0.219308 0.802473 0.214916 0.810682 0.215967 0.817173 0.218640 0.823092 0.222362 0.825097 0.227422 0.822042 0.232099
1 0.921866 0.436922 0.910396 0.433826 0.908212 0.415984 0.918589 0.406699 0.927692 0.412343 0.931516 0.418715 0.930241 0.429639 0.929514 0.433280
1 0.922251 0.141550 0.914618 0.136920 0.913242 0.125909 0.917496 0.114021 0.924754 0.117149 0.927632 0.132165 0.926005 0.140675
1 0.866856 0.109511 0.857520 0.098453 0.859730 0.078797 0.869068 0.072899 0.880455 0.072320 0.891180 0.080264 0.889987 0.094562 0.883435 0.101513 0.877079 0.103697
1 0.877481 0.122375 0.872587 0.119488 0.869825 0.113965 0.874218 0.110074 0.882879 0.110576 0.884260 0.115974 0.881840 0.120021
1 0.749636 0.220574 0.744884 0.218764 0.741828 0.211862 0.747033 0.206205 0.754953 0.207676 0.758235 0.213106 0.755066 0.217972
1 0.810934 0.053611 0.802201 0.051428 0.798319 0.033234 0.804384 0.010189 0.810206 0.000000 0.833009 0.000000 0.838346 0.016739 0.835192 0.036388 0.820637 0.053126
1 0.803171 0.000000 0.802718 0.006452 0.797729 0.011326 0.787188 0.010760 0.782086 0.000000
1 0.771090 0.027764 0.765989 0.026517 0.759867 0.022890 0.758733 0.012573 0.767122 0.006565 0.776984 0.007358 0.781179 0.013141 0.781859 0.019375 0.779818 0.023343
1 0.726536 0.061104 0.707690 0.052974 0.695865 0.026738 0.711386 0.003828 0.735404 0.003089 0.747968 0.022673 0.745381 0.044475 0.736513 0.055191
1 0.742313 0.086720 0.736189 0.084168 0.731087 0.076643 0.732362 0.069371 0.739889 0.060314 0.748308 0.061590 0.753027 0.069371 0.753538 0.078428 0.750604 0.080724
1 0.741292 0.110956 0.735680 0.111083 0.728536 0.107895 0.726750 0.097689 0.733256 0.090036 0.745374 0.089908 0.748308 0.098455 0.745119 0.106746
1 0.704314 0.070549 0.700213 0.070214 0.696111 0.068205 0.692428 0.064521 0.693517 0.058913 0.699124 0.057992 0.703812 0.062094 0.705402 0.068037
1 0.704458 0.115324 0.699131 0.116655 0.692674 0.116226 0.691108 0.106572 0.692674 0.098875 0.703241 0.097310 0.710808 0.099527 0.709111 0.107354
1 0.700396 0.150995 0.696293 0.150995 0.691218 0.146136 0.692622 0.136851 0.698561 0.132100 0.707090 0.134475 0.707630 0.140306 0.704606 0.145813
1 0.728489 0.137206 0.717861 0.133601 0.714635 0.118038 0.719380 0.113862 0.731764 0.113303 0.737264 0.120637 0.739380 0.131073 0.736559 0.134882
1 0.723724 0.166052 0.716390 0.164642 0.709056 0.160410 0.705812 0.151384 0.711453 0.142921 0.718506 0.139113 0.728520 0.140523 0.732327 0.148704 0.729647 0.159141
1 0.939592 0.142856 0.936942 0.143013 0.934604 0.141298 0.933824 0.135219 0.937409 0.131712 0.941696 0.133815 0.943333 0.138181
1 0.289199 0.130832 0.283944 0.133710 0.277563 0.133334 0.272560 0.128079 0.276438 0.118195 0.288198 0.117069 0.292077 0.123575
1 0.302712 0.131332 0.297582 0.130081 0.293703 0.124076 0.299959 0.115943 0.310719 0.118696 0.309093 0.128705
1 0.396817 0.040360 0.392059 0.039104 0.387030 0.035512 0.391160 0.029315 0.399512 0.028957 0.401308 0.034883 0.399870 0.039821
1 0.395147 0.116852 0.390629 0.116099 0.386017 0.111204 0.388088 0.102262 0.396371 0.103297 0.399383 0.109980 0.397783 0.115346
1 0.391928 0.167499 0.389276 0.169995 0.385298 0.172726 0.381632 0.171711 0.378356 0.166563 0.378980 0.160089 0.388886 0.156579 0.396296 0.156891 0.401444 0.158919 0.399729 0.163755 0.394658 0.166485
1 0.257370 0.154624 0.261998 0.153160 0.268149 0.153746 0.270141 0.159135 0.270551 0.165638 0.265806 0.168509 0.259655 0.169036 0.254909 0.166692 0.253270 0.159018
1 0.264257 0.221499 0.260604 0.221134 0.256660 0.216897 0.258121 0.210323 0.265863 0.207767 0.271854 0.209228 0.271561 0.215363 0.269077 0.220915
1 0.278507 0.225798 0.276161 0.225591 0.275051 0.222033 0.277265 0.220172 0.280031 0.220474 0.281289 0.223945
1 0.273830 0.276609 0.268364 0.274527 0.260425 0.270623 0.261467 0.262944 0.269926 0.260862 0.275782 0.264767 0.276692 0.270492
1 0.261675 0.235383 0.259072 0.234651 0.257702 0.230816 0.259482 0.226661 0.264460 0.226890 0.265008 0.230542 0.264231 0.235474
1 0.311854 0.233488 0.308948 0.233582 0.304939 0.231396 0.302995 0.227265 0.305547 0.222647 0.310225 0.221433 0.315388 0.221979 0.316542 0.226596 0.315570 0.230484
1 0.319019 0.254452 0.312731 0.255419 0.307489 0.252849 0.306630 0.244727 0.314205 0.237620 0.322952 0.240197 0.324904 0.247929
1 0.338950 0.261380 0.334824 0.260069 0.330632 0.256140 0.329912 0.249852 0.334432 0.242450 0.342685 0.242450 0.346221 0.249328 0.344256 0.258760
1 0.334708 0.229662 0.328558 0.231123 0.324560 0.228894 0.320716 0.221820 0.324021 0.214132 0.332709 0.211825 0.339091 0.215054 0.340705 0.224818
1 0.538877 0.842289 0.531355 0.838198 0.525549 0.828434 0.529904 0.819725 0.537293 0.821704 0.541120 0.832788 0.541384 0.839387
1 0.425115 0.843421 0.420365 0.844387 0.415214 0.840120 0.417548 0.831668 0.425195 0.824584 0.433970 0.824102 0.435660 0.829414 0.433809 0.837384
1 0.420789 0.869349 0.415388 0.868834 0.412130 0.863775 0.412044 0.855030 0.419503 0.847057 0.428249 0.845599 0.431507 0.851344 0.430393 0.856573 0.424733 0.864548
1 0.437505 0.887229 0.430484 0.889603 0.426728 0.887328 0.423662 0.878430 0.427716 0.869036 0.437109 0.865773 0.441855 0.869333 0.444030 0.875858 0.440966 0.883076
1 0.480430 0.956760 0.478649 0.956458 0.477609 0.954843 0.478157 0.953009 0.480210 0.952790 0.481224 0.954104 0.481306 0.955938
1 0.316838 0.940252 0.314273 0.939217 0.313235 0.936259 0.313812 0.933224 0.315810 0.932493 0.317615 0.933838 0.317961 0.936835 0.317309 0.939255
1 0.316795 0.949294 0.315185 0.948313 0.314063 0.946248 0.315114 0.943446 0.317425 0.943657 0.318195 0.945933 0.317705 0.948384
1 0.713664 0.483346 0.710541 0.483017 0.704870 0.479071 0.707254 0.472661 0.713254 0.471510 0.715719 0.475209 0.715966 0.480305
1 0.712781 0.532538 0.708508 0.531287 0.706423 0.523678 0.707778 0.520863 0.712822 0.518714 0.715718 0.522225 0.717134 0.528138 0.714547 0.531402
1 0.574506 0.042481 0.569269 0.041537 0.564460 0.039305 0.564804 0.031748 0.572102 0.029687 0.577168 0.032092 0.578628 0.039219
1 0.558308 0.040279 0.556343 0.039665 0.555196 0.037782 0.556220 0.034957 0.559209 0.034670 0.560806 0.037168 0.560068 0.039215
1 0.559160 0.059870 0.554478 0.058874 0.553571 0.054005 0.554505 0.048953 0.560984 0.046043 0.563346 0.051260 0.562741 0.057958
1 0.555756 0.080846 0.550419 0.081368 0.547804 0.075823 0.552303 0.069754 0.558686 0.069754 0.559940 0.074881 0.558686 0.079066
1 0.554672 0.101903 0.550510 0.100154 0.549427 0.094078 0.553340 0.089166 0.557585 0.090498 0.558751 0.095909 0.557252 0.099738
1 0.453884 0.061338 0.448899 0.060994 0.444947 0.057214 0.446838 0.051112 0.454228 0.048878 0.457579 0.051800 0.459556 0.055581 0.456806 0.059447
1 0.462647 0.091938 0.458667 0.092405 0.455623 0.091001 0.451642 0.088015 0.450354 0.082278 0.455623 0.078707 0.462296 0.078531 0.466336 0.080990 0.467565 0.084562 0.467097 0.087840
1 0.466257 0.071780 0.460705 0.075131 0.452761 0.078385 0.447018 0.076662 0.444624 0.069101 0.454771 0.063549 0.466640 0.058763 0.475062 0.059337 0.472670 0.067282
1 0.396969 0.298740 0.389709 0.299268 0.382715 0.295045 0.386410 0.286070 0.396572 0.283166 0.403831 0.277623 0.408847 0.281318 0.406207 0.294780
1 0.372113 0.294466 0.369619 0.293496 0.368233 0.290217 0.370450 0.287307 0.374423 0.287445 0.376039 0.291834
1 0.361648 0.298335 0.357758 0.296906 0.356567 0.291111 0.361489 0.287697 0.365617 0.289047 0.367205 0.292857 0.365776 0.296827
1 0.330275 0.300264 0.328535 0.298985 0.328108 0.296001 0.330062 0.293586 0.332690 0.294581 0.333543 0.297352 0.332690 0.299518
1 0.545105 0.130528 0.543027 0.130173 0.540393 0.128247 0.540038 0.124092 0.544346 0.121558 0.547791 0.123230 0.547589 0.127335
1 0.519175 0.152229 0.515439 0.150037 0.513815 0.143947 0.517063 0.138669 0.521205 0.138182 0.522729 0.143870 0.523014 0.149220
1 0.514998 0.104692 0.512157 0.103796 0.510961 0.099907 0.512955 0.097066 0.516494 0.096668 0.518537 0.099061 0.519036 0.102550 0.517540 0.103945
1 0.566584 0.162873 0.558770 0.161930 0.551494 0.155598 0.556479 0.144415 0.567931 0.143741 0.570356 0.156137
1 0.610899 0.133217 0.607185 0.132869 0.604573 0.129968 0.602949 0.124570 0.607417 0.120334 0.614091 0.120276 0.615542 0.124628 0.614148 0.130199
1 0.660363 0.129149 0.657853 0.131147 0.654472 0.130225 0.651756 0.126690 0.652115 0.121874 0.655240 0.120235 0.659134 0.120133 0.659851 0.125973
1 0.665455 0.204937 0.661593 0.204674 0.658169 0.199495 0.659749 0.194140 0.664929 0.194403 0.666684 0.195983
1 0.660704 0.221110 0.657382 0.220233 0.656881 0.215219 0.660140 0.211020 0.663524 0.211709 0.664339 0.215532 0.662584 0.219544
1 0.649115 0.172054 0.644463 0.172054 0.639812 0.169159 0.644050 0.163681 0.653146 0.162440 0.659865 0.163370 0.656867 0.169572 0.653043 0.170296
1 0.609753 0.176100 0.606162 0.176320 0.603124 0.172509 0.605499 0.166599 0.610968 0.164941 0.615497 0.167759 0.615607 0.173890
1 0.592263 0.182147 0.588694 0.180440 0.586839 0.175704 0.589091 0.172573 0.593266 0.172848 0.596012 0.176583 0.594474 0.180153
1 0.588474 0.240267 0.584079 0.240462 0.580367 0.235285 0.584274 0.229229 0.591110 0.228155 0.590329 0.235676
1 0.597913 0.276267 0.595168 0.275908 0.593736 0.272508 0.593915 0.267376 0.598688 0.265108 0.602328 0.267495 0.603522 0.272687 0.601971 0.275252
1 0.570848 0.279306 0.566519 0.278825 0.562351 0.275778 0.559705 0.268403 0.561309 0.260228 0.568282 0.257021 0.572450 0.259986 0.574615 0.270327 0.573573 0.277782
1 0.570235 0.249026 0.566999 0.248150 0.563696 0.244577 0.562078 0.239925 0.565044 0.236419 0.569090 0.235543 0.571786 0.238711 0.571921 0.242217 0.571988 0.248150
1 0.513290 0.254450 0.510880 0.254098 0.508411 0.252275 0.509117 0.248043 0.512644 0.246868 0.514995 0.248808 0.516170 0.252334
1 0.507483 0.261942 0.505072 0.263258 0.502771 0.262271 0.502441 0.257723 0.506168 0.254215 0.510114 0.254324 0.510388 0.257503 0.509620 0.260463
1 0.470495 0.259985 0.464663 0.257069 0.462935 0.250805 0.466175 0.244001 0.474384 0.242704 0.478704 0.248645 0.478271 0.256637
1 0.371233 0.220849 0.362293 0.219630 0.356093 0.216262 0.352007 0.209421 0.357423 0.200585 0.371010 0.199729 0.379181 0.204670 0.376521 0.216452
1 0.403989 0.215578 0.398293 0.213033 0.395385 0.204913 0.397688 0.198854 0.403868 0.199218 0.407625 0.210973
1 0.603107 0.689606 0.593303 0.689467 0.586860 0.683163 0.582518 0.673779 0.589241 0.664255 0.597646 0.664675 0.605489 0.670978 0.608010 0.681763
1 0.626451 0.674681 0.621849 0.674681 0.615837 0.670924 0.613301 0.662657 0.615556 0.658900 0.621661 0.654955 0.629833 0.655612 0.632182 0.662376 0.630960 0.669233
1 0.648642 0.684457 0.645444 0.684377 0.642967 0.683019 0.641288 0.677983 0.643926 0.673907 0.651039 0.672947 0.653117 0.676465 0.651918 0.682060
1 0.668745 0.678908 0.665774 0.677338 0.663352 0.674708 0.664806 0.669862 0.669166 0.669102 0.672973 0.670485 0.672004 0.675054 0.671796 0.677407
1 0.674054 0.694700 0.671342 0.694212 0.669118 0.692748 0.667220 0.689168 0.669443 0.686022 0.674324 0.684124 0.677036 0.687812 0.676819 0.691446 0.675572 0.694104
1 0.672715 0.730924 0.670666 0.731913 0.667699 0.731913 0.664450 0.727110 0.665510 0.721601 0.669606 0.720259 0.672785 0.723720 0.672927 0.729158
1 0.672079 0.722095 0.668900 0.722307 0.666005 0.719905 0.666781 0.713619 0.671302 0.712913 0.673139 0.718281
1 0.672396 0.749444 0.668536 0.746261 0.667571 0.738927 0.672492 0.736805 0.676136 0.737248 0.678104 0.742448 0.676347 0.746735
1 0.653472 0.752944 0.650059 0.751681 0.647215 0.747067 0.648731 0.741126 0.656379 0.739167 0.660107 0.743022 0.659918 0.747510 0.656505 0.751111
1 0.603591 0.761401 0.595870 0.755070 0.590929 0.743799 0.598187 0.729437 0.605135 0.725114 0.613628 0.732989 0.618414 0.750130 0.612855 0.757695
1 0.559766 0.666329 0.552505 0.663848 0.547267 0.655117 0.548554 0.644456 0.558387 0.642067 0.564269 0.645100 0.568221 0.653923 0.566475 0.661091
0 0.570312 0.555664 0.564453 0.552734 0.556641 0.547852 0.553711 0.541016 0.553711 0.528320 0.556641 0.524414 0.556641 0.516602 0.557617 0.511719 0.555664 0.478516 0.560547 0.474609 0.557617 0.468750 0.553711 0.465820 0.547852 0.465820 0.541016 0.468750 0.536133 0.462891 0.539062 0.456055 0.550781 0.454102 0.559570 0.453125 0.563477 0.457031 0.565430 0.452148 0.563477 0.440430 0.566406 0.427734 0.578125 0.426758 0.579102 0.435547 0.580078 0.444336 0.576172 0.450195 0.584961 0.452148 0.592773 0.464844 0.591797 0.475586 0.585938 0.483398 0.581055 0.481445 0.582031 0.491211 0.584961 0.498047 0.580078 0.505859 0.592773 0.511719 0.590820 0.516602 0.582031 0.523438 0.577148 0.542969 0.575195 0.554688