1 0.000000 0.005341 0.003866 0.006715 0.006908 0.011131 0.004848 0.016529 0.001903 0.018492 0.000000 0.020750
1 0.001287 0.047910 0.009458 0.047251 0.014466 0.051073 0.017760 0.057267 0.016311 0.063856 0.008931 0.067678 0.007876 0.067414 0.000000 0.068601 0.000000 0.046725
1 0.000000 0.067101 0.004210 0.071162 0.003996 0.078645 0.000000 0.086555
1 0.021141 0.098880 0.012671 0.095575 0.009985 0.087313 0.017216 0.078224 0.028783 0.077811 0.031056 0.086279 0.026718 0.095369
1 0.057083 0.086635 0.052943 0.082713 0.054468 0.074870 0.060896 0.070948 0.063837 0.073890 0.064599 0.078138 0.062202 0.083585
1 0.236458 0.021012 0.233073 0.021688 0.227996 0.017966 0.224272 0.011196 0.224949 0.002565 0.231719 0.000000 0.236796 0.004088 0.241027 0.009673 0.241873 0.017289
1 0.309978 0.075151 0.306761 0.072900 0.306868 0.067325 0.311371 0.066253 0.314051 0.069147 0.314266 0.072793
1 0.322628 0.072472 0.320270 0.070220 0.320342 0.066062 0.322896 0.065743 0.325607 0.066541 0.326885 0.069147 0.326353 0.071063 0.324970 0.071860
1 0.320693 0.000000 0.322225 0.006385 0.328688 0.010127 0.337705 0.011488 0.341320 0.007141 0.343138 0.000000
1 0.404249 0.076948 0.399117 0.071626 0.394175 0.066304 0.396836 0.057940 0.403109 0.057940 0.408051 0.062502 0.410522 0.069535 0.409762 0.074668
1 0.426983 0.134320 0.422646 0.133330 0.420613 0.129256 0.422083 0.123702 0.427146 0.120925 0.431395 0.122967 0.433354 0.126806 0.432456 0.131870
0 0.403961 0.135354 0.395895 0.131321 0.387828 0.124722 0.381962 0.110056 0.385078 0.093373 0.394795 0.087323 0.401211 0.097406 0.406344 0.111705 0.406344 0.125455
1 0.423949 0.048317 0.420295 0.047256 0.416170 0.041598 0.418291 0.033347 0.425482 0.032639 0.429607 0.035114 0.432325 0.041987 0.428720 0.045499
1 0.462642 0.029162 0.460300 0.029162 0.458141 0.026590 0.457773 0.023008 0.459519 0.020619 0.463377 0.020573 0.465306 0.024753 0.463606 0.028336
1 0.433856 0.067194 0.429170 0.066569 0.424691 0.061361 0.427087 0.054487 0.434377 0.052717 0.438335 0.056258 0.439480 0.060320 0.437606 0.063861
1 0.429784 0.083187 0.426702 0.082609 0.424519 0.076252 0.428243 0.073556 0.431518 0.075481 0.432995 0.079784
1 0.502416 0.129759 0.498934 0.129314 0.495007 0.127906 0.491895 0.123831 0.493303 0.119312 0.498934 0.118422 0.504788 0.122654 0.505182 0.126976
1 0.516519 0.132770 0.511816 0.132602 0.508457 0.128487 0.509465 0.122357 0.514671 0.122189 0.519710 0.125212 0.521138 0.128823
1 0.543064 0.053264 0.536285 0.053264 0.529967 0.046021 0.533974 0.035697 0.542603 0.036775 0.546301 0.043401 0.545530 0.050336
1 0.569959 0.085684 0.567261 0.084535 0.564619 0.082411 0.564103 0.078277 0.566227 0.074947 0.569901 0.075636 0.573404 0.080344 0.570878 0.084822
1 0.556013 0.081519 0.550572 0.078617 0.548518 0.069187 0.556738 0.063747 0.559761 0.071001 0.561211 0.078375
1 0.528877 0.107953 0.524876 0.106475 0.523137 0.100996 0.526181 0.097865 0.530790 0.097865 0.531746 0.102996 0.530181 0.106822
1 0.519919 0.112648 0.516876 0.111605 0.514440 0.107866 0.517571 0.104214 0.523137 0.103952 0.524094 0.106562 0.523050 0.111519
1 0.528492 0.138148 0.523545 0.135793 0.522014 0.126487 0.528609 0.123071 0.534971 0.126017 0.534971 0.133555
1 0.545807 0.136382 0.539093 0.136028 0.536502 0.129550 0.539682 0.121069 0.548163 0.122836 0.551343 0.129903 0.548869 0.135793
1 0.570761 0.145134 0.566854 0.144885 0.561532 0.143305 0.559786 0.137651 0.562779 0.133328 0.569265 0.130834 0.572840 0.135157 0.573754 0.141476
1 0.584264 0.145003 0.579387 0.144104 0.574253 0.140382 0.574253 0.132168 0.579771 0.128317 0.586959 0.131654 0.587345 0.139869
1 0.593512 0.117286 0.586462 0.112448 0.581210 0.103463 0.578859 0.092682 0.585080 0.089917 0.590332 0.096552 0.596967 0.104569 0.598902 0.113969
1 0.602441 0.148292 0.595775 0.147816 0.589586 0.144959 0.589586 0.134326 0.598315 0.127501 0.608790 0.124962 0.612281 0.134009 0.610535 0.144007
1 0.147921 0.195634 0.142313 0.191610 0.138413 0.184297 0.148652 0.178689 0.157551 0.183199 0.162306 0.189538 0.158771 0.196975 0.152797 0.196365
1 0.130064 0.214332 0.124163 0.211873 0.120966 0.204741 0.123302 0.197856 0.131294 0.193799 0.141622 0.197364 0.144941 0.206217 0.138917 0.211258
1 0.087764 0.219658 0.084930 0.218673 0.082157 0.214853 0.082943 0.210975 0.086390 0.210452 0.089418 0.212385 0.091402 0.215256 0.090201 0.217763
1 0.528183 0.042478 0.526298 0.041016 0.524459 0.037857 0.525638 0.034747 0.528607 0.034229 0.531011 0.036632 0.531105 0.040120
1 0.146683 0.252251 0.139771 0.247709 0.133452 0.239021 0.133847 0.223421 0.146880 0.219273 0.153791 0.229147 0.153988 0.240206 0.150632 0.246722
0 0.221510 0.225336 0.216203 0.217597 0.215982 0.204551 0.210896 0.189516 0.200505 0.185978 0.189670 0.188410 0.175076 0.189958 0.167116 0.183987 0.172645 0.168067 0.195640 0.162761 0.213992 0.162318 0.228807 0.175364 0.233450 0.189294 0.231239 0.203667
1 0.249866 0.199705 0.243796 0.199113 0.238761 0.194227 0.235134 0.189118 0.234837 0.181715 0.240242 0.176163 0.251791 0.176236 0.256899 0.184898 0.258898 0.192376 0.255566 0.196893
1 0.205829 0.253402 0.196457 0.255042 0.188139 0.244615 0.189662 0.230440 0.201963 0.225168 0.212507 0.227862 0.215787 0.237118 0.209461 0.245436
1 0.102442 0.258513 0.098403 0.258588 0.096310 0.254997 0.096684 0.249762 0.100573 0.247892 0.104313 0.249014 0.106481 0.253501 0.104985 0.256942
1 0.092512 0.211143 0.089986 0.209375 0.089397 0.203819 0.094616 0.201294 0.097814 0.205335 0.096552 0.208870
1 0.041328 0.247557 0.038781 0.246228 0.037286 0.243348 0.038172 0.240579 0.040608 0.239748 0.043600 0.241521 0.044541 0.244400
1 0.017581 0.249885 0.012144 0.250183 0.011324 0.245862 0.014677 0.241394 0.019071 0.243032 0.021008 0.246905
1 0.100074 0.299511 0.097297 0.300040 0.094917 0.298718 0.094388 0.293759 0.097892 0.290915 0.101330 0.293098 0.102851 0.297396
1 0.078485 0.315489 0.074855 0.313349 0.072343 0.307951 0.074948 0.300506 0.080998 0.299947 0.084813 0.305531 0.084790 0.310244
1 0.053468 0.229175 0.049609 0.228843 0.046815 0.223454 0.049410 0.216537 0.051339 0.216005 0.054151 0.218102 0.054841 0.221972 0.054099 0.224780
1 0.166884 0.295792 0.163579 0.291337 0.162076 0.283909 0.167271 0.278714 0.174600 0.276766 0.180259 0.285301 0.178960 0.291608 0.170703 0.297453
1 0.164746 0.273647 0.156862 0.278589 0.148979 0.275060 0.145332 0.266940 0.148626 0.257646 0.156862 0.250468 0.170275 0.254939 0.168981 0.265411 0.170275 0.269882
1 0.033064 0.313013 0.023933 0.311947 0.019672 0.303576 0.024846 0.294901 0.031999 0.293227 0.039000 0.299314 0.039305 0.306315
1 0.026329 0.324044 0.024039 0.323535 0.021750 0.320229 0.024294 0.315396 0.028109 0.315396 0.031417 0.318108 0.030229 0.322434
1 0.022746 0.335290 0.018590 0.333849 0.016215 0.331050 0.015876 0.326215 0.019523 0.323501 0.024272 0.324942 0.027835 0.325791 0.028684 0.330201 0.027835 0.333085
1 0.009447 0.365918 0.005531 0.365179 0.004275 0.360449 0.004940 0.356829 0.009004 0.354169 0.012625 0.354391 0.014473 0.356755 0.015433 0.359415 0.016098 0.362075
1 0.010942 0.391902 0.008240 0.390367 0.006460 0.388034 0.005171 0.385763 0.006768 0.382386 0.007872 0.381097 0.010328 0.380790 0.013152 0.380912 0.015792 0.383245 0.016529 0.385148 0.015731 0.388833 0.015608 0.389385
1 0.022538 0.404362 0.020176 0.403532 0.019026 0.400723 0.019345 0.397593 0.022411 0.396188 0.022411 0.396188 0.025477 0.395868 0.027520 0.397912 0.027712 0.401425 0.026242 0.404299
1 0.143982 0.335132 0.135757 0.333663 0.133406 0.325584 0.136344 0.320002 0.142220 0.316771 0.147360 0.317505 0.151180 0.323233 0.153530 0.327053 0.149564 0.333075
1 0.022331 0.496105 0.016455 0.495540 0.013065 0.491812 0.010241 0.486275 0.012162 0.481756 0.016003 0.479156 0.020071 0.479156 0.020071 0.479156 0.026060 0.484467 0.027642 0.486953 0.026512 0.490229 0.025042 0.493732
1 0.026737 0.482547 0.023687 0.481868 0.019958 0.480513 0.019393 0.477801 0.020410 0.472265 0.026624 0.470908 0.029110 0.472604 0.030466 0.475880 0.031031 0.478140 0.028319 0.481190
1 0.062115 0.473444 0.055644 0.472111 0.051265 0.466781 0.045363 0.463354 0.040604 0.454407 0.044602 0.446982 0.058880 0.450790 0.062877 0.456121 0.066494 0.463545 0.066685 0.467543
1 0.099354 0.455691 0.095496 0.454604 0.090648 0.449756 0.087879 0.443029 0.090550 0.436995 0.097870 0.431455 0.105092 0.432741 0.109049 0.435313 0.111522 0.441842 0.112808 0.446591 0.106873 0.451437
1 0.095032 0.356677 0.092855 0.356735 0.090562 0.354735 0.089680 0.354735 0.089680 0.349207 0.090915 0.348148 0.093268 0.347266 0.095268 0.347384 0.097502 0.348854 0.098561 0.350147 0.098620 0.352441 0.096502 0.354971
0 0.109369 0.328077 0.095611 0.338560 0.080870 0.339870 0.088077 0.328405 0.101507 0.315957 0.123782 0.304492 0.144419 0.299906 0.136229 0.313009 0.127713 0.319888
1 0.015781 0.416190 0.011066 0.416306 0.005777 0.409176 0.012102 0.405036 0.014861 0.405381 0.018196 0.406301 0.020036 0.409866 0.019346 0.414120
1 0.011947 0.620958 0.007640 0.617853 0.007540 0.612143 0.010646 0.609437 0.014953 0.611141 0.016757 0.614747 0.015254 0.617652
1 0.023269 0.609237 0.018460 0.608535 0.017157 0.602124 0.020563 0.599920 0.024271 0.599318 0.027376 0.602124 0.027075 0.606331
1 0.007064 0.516077 0.001877 0.515417 0.000000 0.507682 0.004047 0.503344 0.007254 0.504946 0.009234 0.507965 0.009611 0.512682
1 0.033922 0.535969 0.030562 0.535443 0.028462 0.528094 0.032242 0.525994 0.035182 0.526310 0.038017 0.526204 0.039066 0.527779 0.038646 0.532188 0.037491 0.535129
1 0.026719 0.563026 0.022540 0.561448 0.022447 0.555969 0.025790 0.552812 0.028762 0.554019 0.030805 0.557919 0.029598 0.561169
1 0.025999 0.640785 0.021045 0.638534 0.018943 0.631028 0.022847 0.626824 0.027800 0.628025 0.032304 0.632079 0.030502 0.637183
1 0.085301 0.626808 0.081947 0.625466 0.078325 0.618222 0.072020 0.613393 0.068935 0.605478 0.072557 0.597562 0.075776 0.593807 0.091472 0.593672 0.095765 0.596892 0.099387 0.599307 0.102204 0.605343 0.103009 0.610709 0.100326 0.617819 0.098045 0.621307 0.092143 0.624795
1 0.058171 0.641830 0.052806 0.640681 0.047696 0.633399 0.049868 0.629312 0.056383 0.627396 0.061364 0.630589 0.062003 0.636721 0.060854 0.638126
1 0.072861 0.649494 0.068391 0.648089 0.065636 0.644471 0.065833 0.636395 0.070364 0.635705 0.073417 0.637478 0.075289 0.639940 0.075092 0.644373
1 0.096051 0.666173 0.090735 0.665364 0.085882 0.658084 0.088655 0.652191 0.092699 0.651036 0.097321 0.651845 0.100095 0.656235 0.099633 0.662359
1 0.078277 0.678136 0.073231 0.680406 0.068858 0.676706 0.069783 0.669558 0.073315 0.667286 0.076848 0.669726 0.078530 0.672417 0.078025 0.677211
1 0.093056 0.698186 0.089067 0.697188 0.086219 0.693200 0.088498 0.685081 0.092628 0.681521 0.097187 0.685937 0.097898 0.693628
1 0.084650 0.704950 0.081443 0.704226 0.077615 0.699053 0.081443 0.695018 0.084547 0.694811 0.087237 0.697915 0.087857 0.702984
1 0.193119 0.312774 0.188913 0.313090 0.184497 0.309936 0.185548 0.302574 0.189229 0.302154 0.193750 0.303731 0.195854 0.306570 0.194171 0.310461
1 0.206474 0.348527 0.203740 0.346529 0.201006 0.340746 0.206054 0.337276 0.208893 0.336960 0.211731 0.338643 0.211837 0.342954 0.211627 0.346109 0.208683 0.348948
0 0.243831 0.296430 0.238485 0.305340 0.231134 0.312468 0.219105 0.310240 0.217992 0.291975 0.231134 0.280614 0.244054 0.275046 0.257196 0.272818 0.258533 0.283955 0.255191 0.288856
1 0.286682 0.261609 0.278843 0.262604 0.275359 0.255637 0.273741 0.249166 0.278097 0.243567 0.284940 0.244313 0.288424 0.248669 0.291037 0.252028 0.289046 0.258747
1 0.289729 0.281895 0.285562 0.280332 0.284435 0.273300 0.288254 0.270088 0.292160 0.270608 0.295025 0.273647 0.295720 0.277380
1 0.236698 0.369119 0.230027 0.369699 0.227271 0.361287 0.230897 0.356211 0.236408 0.353311 0.241194 0.355341 0.244095 0.361577
1 0.292376 0.320046 0.286790 0.317254 0.285468 0.315195 0.288113 0.303436 0.292817 0.301524 0.294729 0.302187 0.296639 0.302848 0.301343 0.309757 0.298991 0.316225
1 0.281352 0.327543 0.274002 0.330777 0.270915 0.320929 0.277529 0.316959 0.281939 0.317400 0.285174 0.322251
1 0.298601 0.401183 0.291116 0.396456 0.286587 0.386018 0.290132 0.377746 0.301555 0.375186 0.310614 0.379519 0.311205 0.387199 0.306084 0.394684
1 0.283275 0.361342 0.279786 0.358963 0.277753 0.350516 0.281929 0.347384 0.287279 0.347645 0.290280 0.352082 0.290411 0.358216 0.287148 0.361869
1 0.369262 0.322685 0.360547 0.321190 0.356687 0.310857 0.362788 0.304507 0.368391 0.304632 0.375487 0.306624 0.377479 0.314468 0.373495 0.322187
1 0.368640 0.300772 0.362290 0.297784 0.356563 0.293178 0.353948 0.285956 0.353823 0.278112 0.360173 0.271390 0.367644 0.268899 0.374366 0.269148 0.380468 0.274626 0.382957 0.279979 0.382708 0.289317 0.380716 0.296165 0.373495 0.298282
1 0.373137 0.264987 0.368323 0.265504 0.365779 0.261341 0.364623 0.256831 0.366473 0.252957 0.371966 0.251685 0.375956 0.253708 0.376997 0.258045 0.375262 0.262324
1 0.355884 0.264617 0.351253 0.263014 0.347067 0.255266 0.351342 0.250279 0.357042 0.247964 0.360871 0.249745 0.362207 0.253931 0.363187 0.259185 0.359980 0.263281
1 0.340834 0.263191 0.335847 0.260698 0.333175 0.253307 0.338341 0.248320 0.342882 0.248320 0.342882 0.248320 0.346088 0.254910 0.346622 0.258026
1 0.385316 0.190862 0.379122 0.188304 0.374948 0.179956 0.380064 0.176724 0.386528 0.177128 0.390164 0.181841 0.388548 0.188708
1 0.414816 0.196255 0.407674 0.195064 0.404211 0.186840 0.405510 0.180455 0.412219 0.175802 0.415033 0.176451 0.418604 0.181862 0.418929 0.191061 0.416007 0.196363
1 0.436784 0.191169 0.432780 0.189546 0.430616 0.183161 0.433754 0.180239 0.437650 0.180022 0.440788 0.182836 0.441329 0.186190 0.438624 0.189329
1 0.460806 0.258289 0.455229 0.256802 0.451884 0.250482 0.454857 0.242180 0.463036 0.241436 0.468241 0.245277 0.468241 0.252217
1 0.466633 0.273486 0.463322 0.272367 0.460804 0.267471 0.462809 0.264859 0.465374 0.263321 0.468312 0.262575 0.470503 0.263647 0.471528 0.266538 0.471715 0.269057 0.469757 0.271388
0 0.465305 0.334338 0.458320 0.347642 0.437701 0.351965 0.425063 0.348972 0.420407 0.328020 0.418079 0.307067 0.417414 0.285782 0.434043 0.280129 0.446681 0.287778 0.452999 0.298753 0.460648 0.305071 0.462312 0.318042
0 0.447679 0.418812 0.434708 0.414821 0.425063 0.402849 0.420407 0.390211 0.422402 0.374247 0.433378 0.368261 0.450006 0.367596 0.464972 0.368926 0.464972 0.368926 0.468963 0.391873 0.465305 0.397194 0.451669 0.411163
1 0.395485 0.368908 0.385927 0.361974 0.381990 0.351103 0.388176 0.343793 0.392861 0.341544 0.401296 0.343418 0.405981 0.350728 0.407106 0.355601 0.403357 0.363098
1 0.498603 0.367124 0.487532 0.368967 0.475694 0.363406 0.472825 0.344934 0.485380 0.336863 0.497575 0.335966 0.511744 0.345113 0.510130 0.362331
1 0.396708 0.412616 0.391373 0.404837 0.393596 0.388833 0.402043 0.384832 0.410711 0.389944 0.411601 0.402614 0.409378 0.408393
1 0.395819 0.440178 0.386039 0.437511 0.381815 0.428397 0.388262 0.421729 0.396931 0.418173 0.403154 0.422618 0.404487 0.430843
1 0.342700 0.492803 0.337658 0.490762 0.336098 0.483559 0.339219 0.478397 0.344621 0.478757 0.349183 0.482238 0.347502 0.487761
1 0.301944 0.471284 0.295471 0.467643 0.287986 0.458944 0.290414 0.447616 0.297291 0.446402 0.307001 0.451864 0.313879 0.458135 0.312261 0.467238
1 0.243482 0.475532 0.236808 0.469463 0.232154 0.460562 0.232560 0.448628 0.238830 0.444380 0.246922 0.448830 0.253597 0.457933 0.255822 0.466429
1 0.195192 0.433607 0.188149 0.426137 0.189430 0.411837 0.199675 0.407142 0.210347 0.409703 0.216109 0.418881 0.206718 0.430406
1 0.171451 0.466126 0.167958 0.466235 0.164857 0.462639 0.163927 0.456872 0.166903 0.455012 0.170190 0.453523 0.173601 0.454950 0.175089 0.457927 0.175895 0.460593 0.173910 0.464562
1 0.145179 0.476465 0.143310 0.476036 0.140663 0.473506 0.140196 0.469730 0.142804 0.467084 0.147124 0.466500 0.148486 0.467590 0.149732 0.470977 0.149343 0.473856
1 0.127152 0.469325 0.124115 0.469392 0.121871 0.466289 0.121806 0.462856 0.124313 0.460216 0.127351 0.458962 0.130915 0.459820 0.132235 0.462395 0.132896 0.465233 0.131707 0.467676
1 0.117778 0.485763 0.114479 0.484971 0.110848 0.481472 0.111903 0.476059 0.114214 0.472824 0.117977 0.472164 0.122663 0.474013 0.123390 0.478436 0.124512 0.481075
1 0.327772 0.581698 0.323546 0.579524 0.319923 0.572399 0.322097 0.566724 0.324633 0.562497 0.329825 0.560323 0.335018 0.562376 0.338762 0.566844 0.339728 0.572157 0.337313 0.578800 0.332361 0.581818
1 0.361674 0.548159 0.358644 0.548824 0.355908 0.546902 0.354282 0.543725 0.353766 0.539808 0.356796 0.537590 0.361748 0.536776 0.365296 0.539659 0.365665 0.545425
1 0.372604 0.562212 0.370709 0.561562 0.368814 0.558422 0.368489 0.555661 0.369843 0.553657 0.372658 0.553225 0.374986 0.553549 0.376448 0.554957 0.377260 0.557339 0.376827 0.559775 0.376773 0.561021
1 0.429312 0.614302 0.426138 0.613938 0.423054 0.611308 0.418972 0.607498 0.416613 0.600876 0.420967 0.598337 0.426138 0.599516 0.430582 0.601783 0.433576 0.604958 0.435662 0.609131
1 0.496278 0.644741 0.490446 0.643521 0.488004 0.635788 0.490039 0.628599 0.493565 0.622902 0.499127 0.620189 0.502383 0.622631 0.506316 0.628328 0.504553 0.636873 0.499806 0.643113
1 0.499012 0.516325 0.495184 0.514713 0.493068 0.508367 0.497602 0.502424 0.503041 0.500812 0.507372 0.503633 0.505056 0.510382 0.502033 0.514411
1 0.496070 0.535408 0.491947 0.535071 0.489507 0.531453 0.487151 0.523291 0.489676 0.520010 0.493378 0.520431 0.496407 0.522197 0.498511 0.525311 0.499521 0.529603 0.499352 0.533642
1 0.559630 0.563432 0.555371 0.562215 0.551214 0.557043 0.551315 0.549540 0.555371 0.546600 0.561252 0.547310 0.564599 0.550554 0.567438 0.554914 0.567234 0.559375
1 0.558312 0.545383 0.558718 0.540516 0.562773 0.538690 0.567032 0.539400 0.570986 0.543152 0.573014 0.548323 0.572405 0.553190 0.570073 0.556739 0.567944 0.557956 0.566221 0.551365
1 0.550634 0.560659 0.555879 0.562889 0.554437 0.569444 0.547749 0.574688 0.543029 0.569969 0.546307 0.564724
1 0.551590 0.422255 0.547701 0.420311 0.543257 0.414062 0.546034 0.408367 0.550340 0.409062 0.555895 0.411562 0.557005 0.415866 0.554367 0.420449
1 0.522704 0.438225 0.518399 0.438919 0.510345 0.433781 0.513539 0.428504 0.517844 0.425171 0.520899 0.425171 0.525481 0.427531 0.526454 0.434059
1 0.530096 0.412718 0.527559 0.412529 0.524646 0.411778 0.523331 0.406799 0.525022 0.403980 0.528122 0.402384 0.531223 0.404074 0.532632 0.406986 0.532068 0.410650
1 0.253016 0.628419 0.250070 0.629099 0.247126 0.626909 0.243729 0.620113 0.244483 0.616640 0.247881 0.612864 0.251581 0.610222 0.256942 0.609315 0.260642 0.612487 0.261926 0.617169 0.262907 0.622001 0.259735 0.626758
0 0.291535 0.601717 0.287129 0.605074 0.282093 0.607382 0.271812 0.601717 0.273909 0.590597 0.279785 0.584512 0.287548 0.575489 0.292794 0.566257 0.301187 0.563109 0.306013 0.565837 0.306853 0.574649 0.300978 0.586189 0.294263 0.595632
1 0.318834 0.702465 0.313232 0.698789 0.309205 0.693187 0.312182 0.685833 0.320235 0.682857 0.326537 0.686884 0.328113 0.694062 0.323386 0.700539
1 0.253119 0.723506 0.251885 0.723095 0.250393 0.722014 0.248849 0.718052 0.250289 0.715479 0.252913 0.714398 0.255692 0.715530 0.257287 0.717897 0.256876 0.721757
1 0.267045 0.736189 0.264434 0.735783 0.262577 0.734043 0.261243 0.728879 0.263331 0.727022 0.265536 0.726500 0.267915 0.726442 0.270352 0.727660 0.272267 0.731199 0.270874 0.735203
1 0.247878 0.783646 0.242789 0.783243 0.240644 0.781724 0.237605 0.774574 0.240107 0.769659 0.243057 0.767782 0.246811 0.767067 0.250922 0.766978 0.250922 0.766978 0.255211 0.771535 0.254675 0.779400
1 0.235572 0.776043 0.224548 0.775554 0.214747 0.770653 0.215973 0.751298 0.225527 0.742478 0.235083 0.739048 0.247822 0.741008 0.258113 0.749093 0.261543 0.759628 0.260318 0.765753 0.255142 0.773367 0.251218 0.765521 0.246285 0.766642 0.239110 0.769668 0.237541 0.773928
1 0.184713 0.804886 0.181026 0.802752 0.178020 0.797901 0.180057 0.794312 0.183549 0.791500 0.187429 0.792179 0.189757 0.794312 0.191600 0.798290 0.188786 0.801490
1 0.190093 0.828046 0.186425 0.826888 0.183433 0.823509 0.180633 0.815498 0.182274 0.811443 0.184977 0.809706 0.188065 0.809899 0.190575 0.812603 0.190575 0.812603 0.194822 0.820034 0.194822 0.820034 0.193664 0.826888
1 0.206494 0.807441 0.200752 0.802572 0.196507 0.794333 0.195509 0.782349 0.200752 0.778104 0.208991 0.777605 0.215607 0.778979 0.221600 0.780727 0.225095 0.786594 0.225095 0.793959 0.222723 0.801449 0.217479 0.807940 0.209490 0.809937
1 0.206788 0.858397 0.200474 0.858526 0.195447 0.856851 0.192741 0.849118 0.197896 0.842030 0.203309 0.837648 0.210011 0.838421 0.213877 0.841515 0.216196 0.847056 0.214779 0.852469
1 0.146868 0.918019 0.144625 0.917705 0.143164 0.916818 0.142434 0.912646 0.143529 0.910037 0.145929 0.908002 0.148433 0.907689 0.150833 0.908420 0.151823 0.910663 0.152502 0.913532 0.152032 0.915775 0.150050 0.917079
1 0.109355 0.913404 0.107848 0.913288 0.106588 0.911752 0.106096 0.908771 0.107417 0.907480 0.109537 0.907204 0.111442 0.907542 0.112303 0.909509 0.112149 0.912151
1 0.093896 0.913039 0.090125 0.911986 0.088107 0.906109 0.089072 0.900758 0.093107 0.899969 0.097757 0.901108 0.100563 0.905145 0.100476 0.909618
1 0.068540 0.888371 0.065906 0.887581 0.063272 0.882664 0.064326 0.878274 0.066521 0.874763 0.070560 0.874236 0.072403 0.876958 0.074422 0.879768 0.073457 0.883718 0.071174 0.887581
1 0.078454 0.879241 0.075319 0.875854 0.072560 0.868832 0.077576 0.868079 0.081715 0.872971 0.081464 0.877109
1 0.076322 0.860681 0.072310 0.856040 0.071933 0.845506 0.076447 0.844126 0.080586 0.849770 0.081339 0.856667
1 0.053959 0.846006 0.050919 0.846196 0.046929 0.845531 0.043699 0.840401 0.047023 0.833846 0.052629 0.832801 0.057949 0.834796 0.058520 0.840876
1 0.119146 0.833443 0.114961 0.830933 0.112688 0.825313 0.108265 0.820770 0.110059 0.810366 0.114602 0.808095 0.120103 0.811562 0.124287 0.814791 0.127396 0.821845 0.128472 0.826867 0.124766 0.832367
1 0.096561 0.838711 0.090259 0.837136 0.082526 0.830835 0.079090 0.822242 0.081381 0.814653 0.086393 0.815512 0.091118 0.818090 0.096703 0.820667 0.100569 0.819521 0.103291 0.820238 0.106012 0.824534 0.106870 0.828687 0.103004 0.833556
1 0.018707 0.934510 0.015708 0.934081 0.012994 0.930725 0.014208 0.923297 0.015636 0.919869 0.019421 0.916298 0.023063 0.916798 0.024492 0.920083 0.023778 0.925653 0.022421 0.929582
1 0.055420 0.971671 0.052793 0.971342 0.050034 0.969306 0.049312 0.963854 0.051545 0.961293 0.055354 0.960833 0.058573 0.962869 0.059952 0.965891 0.057719 0.970160
1 0.062711 0.957154 0.059952 0.956235 0.057981 0.954462 0.057128 0.948091 0.058179 0.944216 0.060806 0.941391 0.064682 0.940077 0.067637 0.939684 0.070133 0.942442 0.071906 0.944872 0.071184 0.949010 0.070658 0.952163 0.068557 0.955710
1 0.161242 0.993429 0.157492 0.991359 0.154906 0.980757 0.157621 0.976878 0.162923 0.977266 0.167707 0.981791 0.167448 0.990066 0.166155 0.992911
1 0.136571 0.969172 0.134055 0.968562 0.131309 0.965206 0.132301 0.960554 0.135198 0.959257 0.139240 0.961621 0.139012 0.965740
1 0.186412 0.882772 0.181881 0.880980 0.178930 0.873393 0.182935 0.867597 0.186201 0.867069 0.190417 0.868019 0.191576 0.872339 0.190101 0.877397
1 0.330001 0.636563 0.328642 0.636788 0.325995 0.636394 0.323968 0.632059 0.324418 0.629187 0.327064 0.627385 0.330499 0.627272 0.331963 0.630144 0.332921 0.633409
1 0.739613 0.313603 0.736772 0.313309 0.735010 0.309098 0.732953 0.304200 0.733736 0.299106 0.738437 0.300086 0.742454 0.301850 0.744021 0.306942 0.743433 0.311840
1 0.729892 0.302143 0.725972 0.301054 0.722705 0.299421 0.718133 0.299856 0.713124 0.300618 0.710075 0.293215 0.712253 0.288206 0.717588 0.285376 0.722379 0.284178 0.728585 0.285158 0.730545 0.289295 0.732831 0.293541 0.731307 0.299529
1 0.705652 0.298722 0.698385 0.298949 0.695433 0.293520 0.699664 0.287849 0.705165 0.283956 0.709650 0.279386 0.716252 0.275238 0.719892 0.275408 0.718876 0.279471 0.716168 0.281840 0.712021 0.286156 0.709904 0.288610 0.707789 0.293096
1 0.692716 0.241754 0.689936 0.241968 0.687582 0.239936 0.685016 0.232236 0.687689 0.229349 0.692716 0.228601 0.696886 0.230739 0.697635 0.235444
1 0.682021 0.232557 0.677744 0.232771 0.672396 0.230632 0.670793 0.223681 0.672824 0.218334 0.677530 0.217157 0.681594 0.218440 0.681594 0.218440 0.686834 0.224002 0.685657 0.229456
1 0.659394 0.213492 0.653705 0.214102 0.650455 0.211055 0.649236 0.206788 0.649947 0.197851 0.654416 0.194296 0.660308 0.193483 0.667011 0.197038 0.668534 0.203843 0.668636 0.210038
1 0.627609 0.207372 0.621111 0.206046 0.615807 0.200874 0.614746 0.188144 0.619785 0.184828 0.627477 0.185093 0.633710 0.185491 0.636627 0.192520 0.638219 0.197294 0.633577 0.203659
1 0.489122 0.183744 0.487063 0.182829 0.485118 0.181228 0.484203 0.176308 0.486091 0.174421 0.490038 0.173963 0.492897 0.175106 0.494099 0.178882 0.492841 0.181913
1 0.503234 0.188852 0.501664 0.188606 0.500144 0.186350 0.501075 0.183651 0.502891 0.183995 0.505295 0.184633 0.504854 0.187625
1 0.574729 0.396226 0.566899 0.395355 0.559767 0.390484 0.558201 0.376566 0.564986 0.370650 0.573858 0.368215 0.582905 0.370650 0.589690 0.379350 0.586211 0.391006
1 0.640520 0.455647 0.634964 0.457247 0.632019 0.455731 0.630335 0.449166 0.631934 0.445210 0.635301 0.443358 0.640688 0.444873 0.643129 0.447819 0.641782 0.453206
1 0.647218 0.445550 0.643373 0.445145 0.640136 0.443020 0.637100 0.437556 0.639022 0.433003 0.641855 0.430676 0.644992 0.430574 0.648433 0.431789 0.651164 0.434521 0.650962 0.441098
1 0.329469 0.190092 0.326217 0.189805 0.323539 0.187701 0.322487 0.181964 0.323539 0.177564 0.326791 0.175365 0.330808 0.173548 0.333963 0.176130 0.335589 0.178521 0.335397 0.183207 0.333771 0.188275
1 0.301116 0.214300 0.296860 0.213674 0.293104 0.206789 0.293605 0.200404 0.297485 0.198776 0.302493 0.200779 0.305623 0.206163 0.306249 0.212798
1 0.829683 0.092523 0.824495 0.093755 0.820460 0.093938 0.816150 0.090179 0.815233 0.084494 0.816609 0.080551 0.821928 0.078717 0.826787 0.080185 0.828071 0.084402 0.829996 0.087795
1 0.839980 0.088920 0.834475 0.088434 0.831709 0.083993 0.829846 0.076432 0.834010 0.071281 0.838503 0.070624 0.843325 0.072377 0.845407 0.076432 0.844969 0.082679
1 0.843345 0.052155 0.839474 0.052327 0.835860 0.048456 0.835344 0.041401 0.839044 0.038218 0.844378 0.037271 0.847819 0.039164 0.849540 0.043896 0.848507 0.049316
1 0.866337 0.078682 0.862728 0.078965 0.860250 0.077195 0.856995 0.071888 0.858057 0.068632 0.860250 0.066084 0.863931 0.064598 0.867186 0.066155 0.868177 0.069693 0.869167 0.074294
1 0.832364 0.024929 0.830097 0.023837 0.828585 0.019554 0.830097 0.016530 0.832784 0.016530 0.835388 0.017538 0.835472 0.021233 0.835556 0.024257
1 0.876131 0.011049 0.873653 0.010399 0.873004 0.006624 0.874951 0.004973 0.878019 0.005208 0.879906 0.007391 0.879021 0.009868
1 0.865418 0.124144 0.860938 0.123054 0.857912 0.119543 0.857670 0.109374 0.863360 0.105500 0.868444 0.106468 0.872319 0.110826 0.873045 0.115669 0.871108 0.120633
1 0.871944 0.167830 0.867950 0.165278 0.865953 0.156623 0.870835 0.151963 0.875385 0.153294 0.879269 0.159175 0.877160 0.165167
1 0.845325 0.163235 0.841620 0.162745 0.838823 0.160508 0.838193 0.153516 0.839941 0.150719 0.843228 0.148691 0.846095 0.149251 0.849521 0.152117 0.851199 0.154914 0.849661 0.160019
1 0.834138 0.187327 0.830746 0.189059 0.828582 0.188409 0.825552 0.182998 0.826706 0.179246 0.829159 0.176433 0.832406 0.174701 0.836014 0.175350 0.838611 0.178669 0.839477 0.181699 0.838034 0.185234
1 0.866421 0.233368 0.859114 0.232346 0.854292 0.225331 0.853415 0.215248 0.857799 0.210279 0.868028 0.211595 0.874458 0.218463 0.873289 0.228838
1 0.903502 0.208195 0.901104 0.207224 0.897994 0.203336 0.898901 0.198477 0.901363 0.196144 0.906158 0.195237 0.909139 0.196986 0.910759 0.201457 0.910693 0.204697 0.907454 0.207418
1 0.933975 0.183178 0.928616 0.183434 0.923259 0.176544 0.923003 0.166084 0.926192 0.160980 0.932826 0.159960 0.937036 0.161874 0.939588 0.167614 0.940863 0.172207 0.939205 0.179096
1 0.939077 0.199635 0.935761 0.198997 0.930402 0.192618 0.934612 0.185475 0.938312 0.183434 0.942267 0.188919 0.942267 0.195425
1 0.946447 0.219451 0.941314 0.219671 0.938309 0.217031 0.935889 0.212119 0.938089 0.206840 0.942708 0.203687 0.947327 0.204860 0.950260 0.208673 0.952313 0.213365 0.950847 0.218058
1 0.974928 0.222129 0.971326 0.221186 0.968669 0.215956 0.970641 0.212783 0.974241 0.211583 0.977414 0.213298 0.979043 0.217757
0 0.920135 0.253639 0.915229 0.253135 0.912588 0.246344 0.909066 0.244079 0.904664 0.241061 0.906803 0.231754 0.914098 0.229867 0.921267 0.231754 0.924285 0.237413 0.926172 0.244331 0.925291 0.250116
1 0.852267 0.357707 0.847989 0.358268 0.844694 0.356796 0.841891 0.353221 0.840418 0.348032 0.841891 0.341723 0.845606 0.338639 0.850443 0.338077 0.854649 0.339339 0.857595 0.342915 0.859627 0.348103 0.858436 0.355113
0 1.000000 0.394828 0.988646 0.396289 0.981342 0.382265 0.979589 0.367656 0.978128 0.351296 0.991567 0.341069 1.000000 0.337271
1 0.923872 0.461783 0.918354 0.459993 0.914903 0.454945 0.916210 0.448847 0.919521 0.445623 0.925881 0.445884 0.929104 0.447627 0.929627 0.453813 0.929017 0.457036
1 0.945048 0.479427 0.941301 0.479514 0.935986 0.478032 0.933547 0.469756 0.936335 0.464441 0.939123 0.461218 0.943653 0.459476 0.948097 0.460782 0.951407 0.465923 0.952191 0.471760 0.948707 0.477771
1 0.988087 0.486710 0.984790 0.485730 0.983009 0.480919 0.985325 0.477800 0.989513 0.476196 0.993345 0.477443 0.993611 0.481275 0.992988 0.483146
1 0.866862 0.557090 0.861034 0.556695 0.859157 0.548199 0.863405 0.542568 0.867554 0.539309 0.872197 0.540790 0.874271 0.545828 0.874766 0.550076 0.871308 0.554818
1 0.855402 0.583571 0.853623 0.583018 0.852239 0.581673 0.852477 0.578984 0.855205 0.576968 0.856272 0.577126 0.857894 0.578549 0.858566 0.580210 0.857578 0.582425
1 0.844508 0.599889 0.839893 0.599764 0.839270 0.593777 0.842513 0.588913 0.846753 0.588913 0.849996 0.593527 0.847626 0.598642
1 0.832275 0.612689 0.829881 0.611342 0.829581 0.606477 0.832725 0.605130 0.834521 0.606027 0.835868 0.608049 0.835194 0.610294 0.834596 0.611866
1 0.814837 0.632675 0.810312 0.632675 0.807356 0.627227 0.806156 0.621962 0.810220 0.617529 0.815114 0.617529 0.820840 0.621501 0.821671 0.627687 0.819270 0.631475
1 0.781813 0.672104 0.777192 0.671495 0.774031 0.665538 0.777192 0.657392 0.783271 0.656055 0.786798 0.658364 0.788257 0.665295
1 0.757778 0.706058 0.752784 0.705297 0.747897 0.700411 0.748440 0.691508 0.752458 0.687925 0.757453 0.689011 0.761687 0.690965 0.762773 0.694982 0.763425 0.698239
1 0.723228 0.745930 0.719365 0.742876 0.717031 0.735782 0.719097 0.731651 0.722419 0.730215 0.725921 0.730395 0.728615 0.732101 0.731130 0.734884 0.732207 0.738117 0.730591 0.742876
1 0.692008 0.725611 0.687489 0.724458 0.683933 0.719267 0.685855 0.713403 0.688739 0.711865 0.694314 0.712923 0.697679 0.715902 0.697583 0.722439
1 0.703145 0.690366 0.696884 0.688639 0.694186 0.680220 0.697424 0.674282 0.701957 0.672771 0.707463 0.675038 0.711133 0.680327 0.709729 0.687128
1 0.726155 0.686334 0.719459 0.685798 0.715977 0.676557 0.722271 0.671333 0.728433 0.672538 0.731379 0.679905
1 0.724816 0.668119 0.718789 0.667449 0.718655 0.659011 0.724816 0.657002 0.729103 0.659011 0.730709 0.665440
1 0.754402 0.650624 0.749577 0.650336 0.747057 0.645222 0.749217 0.638739 0.754114 0.637731 0.758580 0.640540 0.759660 0.646519
1 0.777137 0.619882 0.773256 0.618490 0.771206 0.612706 0.772670 0.607947 0.777210 0.604579 0.779113 0.606995 0.781163 0.610656 0.782628 0.615488 0.781163 0.619149
1 0.800081 0.583010 0.796794 0.580636 0.795606 0.574975 0.798528 0.570408 0.803916 0.569130 0.806930 0.571504 0.808300 0.576436 0.806747 0.581549
1 0.824174 0.554585 0.820732 0.553085 0.820291 0.546645 0.822674 0.543821 0.825850 0.545145 0.828056 0.549379 0.826644 0.553790
1 0.825345 0.540302 0.823275 0.540065 0.822566 0.535868 0.825463 0.534095 0.828833 0.535454 0.828951 0.538765
1 0.839966 0.474415 0.836496 0.473636 0.833097 0.471087 0.832602 0.462731 0.834584 0.460111 0.838691 0.458624 0.842303 0.459049 0.844993 0.461174 0.847047 0.463510 0.847330 0.467900 0.847755 0.469175 0.844639 0.472433
1 0.859068 0.512366 0.855223 0.510396 0.855598 0.503173 0.858600 0.502047 0.861227 0.503735 0.863385 0.506362 0.861978 0.510959
1 0.779359 0.367114 0.774526 0.367416 0.772814 0.360871 0.774526 0.356140 0.780064 0.354428 0.785199 0.357247 0.788320 0.360368 0.784494 0.364597
1 0.737510 0.413997 0.734544 0.413541 0.733403 0.409549 0.735000 0.407667 0.737452 0.407097 0.739277 0.407268 0.740304 0.409491 0.740646 0.411089
1 0.727762 0.431520 0.723047 0.430537 0.720591 0.424348 0.724913 0.419436 0.729923 0.420222 0.733361 0.424741 0.732969 0.430438
1 0.722556 0.442718 0.716760 0.443209 0.712240 0.438592 0.712240 0.432108 0.716562 0.429456 0.721376 0.430438 0.725109 0.431813 0.725797 0.438003
1 0.726185 0.556466 0.722885 0.556359 0.719159 0.554018 0.720011 0.544970 0.723204 0.542947 0.727994 0.543267 0.731400 0.545396 0.731507 0.551782
1 0.660682 0.751559 0.654734 0.748135 0.650590 0.736780 0.658159 0.730833 0.664286 0.732815 0.668432 0.738222 0.668611 0.744350 0.666449 0.748495
1 0.643381 0.766156 0.635991 0.766156 0.630225 0.757146 0.635631 0.751018 0.643561 0.753360 0.647525 0.759669 0.645363 0.766337
1 0.659499 0.770733 0.654840 0.768071 0.655283 0.760972 0.659832 0.757090 0.664602 0.758754 0.666266 0.763190 0.665156 0.768293
1 0.610406 0.839948 0.602966 0.844114 0.597906 0.834441 0.601626 0.825960 0.605645 0.826703 0.610704 0.828787 0.612043 0.835633
1 0.583885 0.844547 0.581169 0.842866 0.580651 0.833943 0.585437 0.832649 0.589833 0.837047 0.589574 0.841443 0.587376 0.844806
1 0.548488 0.908569 0.545610 0.907835 0.542549 0.904038 0.544141 0.899753 0.546590 0.898160 0.549713 0.898772 0.551855 0.901345 0.552651 0.903978 0.551427 0.907038
1 0.511204 0.959316 0.504952 0.959062 0.498190 0.954724 0.495894 0.940688 0.500104 0.934437 0.505080 0.930736 0.510949 0.931885 0.515160 0.935585 0.518987 0.940688 0.521922 0.947067 0.520646 0.953064
1 0.482547 0.983068 0.476872 0.982380 0.473889 0.975452 0.476575 0.970078 0.481662 0.970078 0.486653 0.973821 0.486845 0.980155
1 0.459196 1.000000 0.458083 0.994241 0.462358 0.988240 0.467385 0.985390 0.471510 0.985314 0.475485 0.988240 0.477361 0.992440 0.477736 0.997767 0.477736 1.000000
1 0.423507 0.915452 0.419552 0.916826 0.415701 0.914394 0.414417 0.907976 0.418606 0.903989 0.424146 0.903922 0.426714 0.908921 0.425700 0.913854
1 0.959483 0.647813 0.949289 0.649143 0.941754 0.642716 0.933332 0.633851 0.941532 0.625872 0.948624 0.629861 0.953722 0.635845 0.956824 0.640499
1 0.910443 0.720746 0.906105 0.721550 0.902959 0.718928 0.900995 0.713473 0.905068 0.710709 0.909941 0.709981 0.912996 0.714346 0.912269 0.718564
1 0.894868 0.725354 0.892785 0.725034 0.891503 0.722310 0.892144 0.719050 0.894228 0.718249 0.896364 0.719264 0.897594 0.721187 0.898128 0.723538
1 0.885096 0.736010 0.881976 0.735663 0.879663 0.733756 0.878912 0.729768 0.881859 0.727225 0.884113 0.727977 0.886888 0.729941 0.887813 0.732484 0.887004 0.734738
1 0.894801 0.745392 0.892047 0.743868 0.892105 0.738946 0.894918 0.737599 0.897086 0.737481 0.899371 0.739122 0.900719 0.740938 0.900895 0.742813 0.899078 0.744161
1 0.875096 0.761557 0.866884 0.761813 0.859827 0.757836 0.860083 0.745262 0.867269 0.739359 0.876636 0.740771 0.882152 0.746160 0.882537 0.754757
1 0.850003 0.748901 0.846246 0.748651 0.844617 0.745457 0.844680 0.741700 0.847812 0.739383 0.851506 0.740135 0.853572 0.742765 0.853948 0.745896 0.852508 0.747837
1 0.822723 0.737472 0.817014 0.735258 0.818062 0.727566 0.821907 0.725003 0.827151 0.726052 0.827151 0.726052 0.827034 0.736073
1 0.812483 0.803076 0.808804 0.799642 0.808436 0.791546 0.814691 0.787866 0.821438 0.790810 0.822665 0.797557 0.818003 0.802095
1 0.801358 0.822746 0.798095 0.822118 0.792571 0.818353 0.796714 0.813206 0.800605 0.813331 0.804120 0.817725
1 0.777744 0.824939 0.774031 0.823833 0.771739 0.818618 0.773636 0.814114 0.776796 0.813324 0.780272 0.813720 0.782090 0.817038 0.782722 0.820594
1 0.761953 0.825982 0.760110 0.824936 0.759147 0.821754 0.760110 0.819828 0.762162 0.819786 0.764382 0.820791 0.765135 0.823052 0.764424 0.825104
1 0.724872 0.786525 0.718778 0.784349 0.713990 0.780866 0.712685 0.775426 0.717690 0.771617 0.722696 0.772923 0.727157 0.776514 0.730857 0.779452 0.730531 0.782390
1 0.696146 0.792912 0.692521 0.792254 0.688019 0.786652 0.692302 0.781161 0.695486 0.779185 0.700209 0.780832 0.700100 0.786652 0.698672 0.790057
1 0.720858 0.830535 0.716350 0.829032 0.713236 0.821303 0.716563 0.816579 0.722361 0.817116 0.726763 0.820443 0.725582 0.826134
0 0.646829 0.866274 0.649475 0.873433 0.647763 0.882303 0.641693 0.889616 0.632201 0.884015 0.626443 0.872966 0.624109 0.862695 0.631268 0.853514 0.640293 0.847756 0.649475 0.850090 0.654143 0.857871 0.650253 0.864874
1 0.598218 0.895938 0.594529 0.893960 0.594259 0.886403 0.599837 0.883074 0.603795 0.884604 0.605504 0.888382 0.603705 0.893060
1 0.558138 0.959955 0.552483 0.961285 0.548160 0.957294 0.546608 0.950199 0.552483 0.946540 0.558359 0.948203 0.561242 0.954301
1 0.616763 0.985723 0.613113 0.984215 0.611605 0.978898 0.615176 0.976756 0.618905 0.976915 0.621444 0.979851 0.619540 0.983897
1 0.675088 0.970649 0.668832 0.972121 0.665151 0.970158 0.664048 0.963412 0.669077 0.958751 0.675701 0.958138 0.680116 0.961327 0.680362 0.967582
1 0.679626 0.986104 0.674965 0.984142 0.674229 0.977272 0.678399 0.974084 0.682324 0.976414 0.684900 0.981075
1 0.668976 0.998886 0.672507 0.989027 0.678687 0.988881 0.681924 0.994619 0.681041 1.000000 0.667799 1.000000
1 0.763622 0.982183 0.757218 0.981640 0.755481 0.974476 0.757978 0.971762 0.762536 0.974041 0.764599 0.975562 0.766227 0.978926
0 0.768085 0.997666 0.778849 0.984988 0.794636 0.971593 0.802769 0.973985 0.810423 0.977095 0.816642 0.984988 0.820469 0.993600 0.823101 1.000000 0.762345 1.000000
1 0.849092 0.968140 0.842763 0.966945 0.840016 0.962169 0.837627 0.954645 0.841688 0.950346 0.848375 0.949868 0.853630 0.952973 0.854107 0.959183 0.854107 0.965632
1 0.875604 0.951301 0.868319 0.950465 0.860557 0.946285 0.856974 0.936015 0.859960 0.928850 0.867244 0.928371 0.874529 0.931716 0.879187 0.938642 0.880262 0.948315
1 0.834348 0.940744 0.829577 0.948731 0.820591 0.951838 0.814378 0.947067 0.816818 0.937305 0.825139 0.928873 0.834569 0.922438 0.843333 0.920996 0.850655 0.923438 0.853762 0.931536 0.850655 0.937083 0.839007 0.942520
1 0.879151 0.927029 0.869508 0.924779 0.863399 0.916421 0.862274 0.907420 0.870312 0.902276 0.879634 0.905652 0.885581 0.912242 0.883331 0.923493
1 0.890242 0.910313 0.887466 0.910131 0.882105 0.907360 0.882016 0.901553 0.885947 0.897175 0.892022 0.896907 0.893810 0.904145 0.893273 0.908165
1 0.874812 0.888000 0.870574 0.888099 0.867224 0.885832 0.868209 0.877553 0.870673 0.876173 0.874812 0.876962 0.877474 0.879623 0.878854 0.884354
1 0.887776 0.877306 0.882657 0.876971 0.879552 0.872941 0.880560 0.867738 0.882741 0.866312 0.887441 0.867403 0.889539 0.871432 0.889875 0.875544
1 0.906570 0.847964 0.900358 0.848905 0.896242 0.844942 0.895535 0.837958 0.901459 0.834774 0.906676 0.835482 0.909771 0.838665 0.910831 0.843970
1 0.910906 0.875148 0.906131 0.872327 0.907217 0.864514 0.910798 0.863319 0.913837 0.864730 0.915790 0.870048 0.913294 0.874389
1 0.926100 0.878839 0.922410 0.876993 0.921324 0.868637 0.925015 0.864730 0.929681 0.866792 0.932503 0.871893 0.929464 0.876233
1 0.955753 0.875176 0.953340 0.874210 0.950847 0.872199 0.949962 0.866167 0.954225 0.865040 0.957362 0.867293 0.958729 0.870912 0.958006 0.874050
1 0.959973 0.891963 0.957196 0.891490 0.955010 0.890899 0.952766 0.886527 0.954715 0.882806 0.958082 0.882924 0.960918 0.884164 0.961923 0.887118 0.961450 0.889896
0 0.969343 0.910236 0.965490 0.908888 0.960964 0.907732 0.959616 0.897139 0.963372 0.891265 0.969920 0.891457 0.975121 0.894828 0.978684 0.899258 0.979358 0.904169 0.974254 0.909369
1 0.915820 0.946815 0.910810 0.946153 0.906650 0.943128 0.905421 0.936133 0.910147 0.931879 0.916766 0.933202 0.919790 0.938591 0.919979 0.944168
1 0.866030 0.966008 0.861614 0.964595 0.857551 0.961415 0.856314 0.955409 0.857992 0.951347 0.861437 0.950109 0.865500 0.951788 0.868149 0.954261 0.869739 0.959384 0.868238 0.964418
1 0.949928 0.795437 0.945892 0.793217 0.942662 0.787466 0.945084 0.783025 0.949423 0.782723 0.953257 0.783731 0.953964 0.788575 0.955275 0.792410
1 0.966285 0.731463 0.963285 0.729606 0.963714 0.725821 0.967142 0.724893 0.968070 0.728320
1 0.972783 0.734248 0.969998 0.734034 0.968855 0.731749 0.970069 0.729106 0.973283 0.728964 0.974354 0.731605
1 0.942646 0.751564 0.938487 0.750592 0.936451 0.745459 0.940434 0.742715 0.944858 0.743866 0.946628 0.746875 0.945921 0.749353
1 0.937977 0.735222 0.934058 0.735043 0.930229 0.730769 0.930674 0.724980 0.934503 0.722130 0.939490 0.721596 0.942162 0.724980 0.943319 0.728632 0.942251 0.732282