1 0.015699 0.233964 0.013180 0.234656 0.010951 0.233319 0.008891 0.229698 0.010283 0.225131 0.014015 0.223349 0.017914 0.224184 0.020867 0.226746 0.020310 0.231593
0 0.105319 0.255913 0.096724 0.263555 0.079212 0.266739 0.069022 0.259416 0.055969 0.247316 0.047054 0.235536 0.048964 0.215159 0.060108 0.212931 0.070615 0.223756 0.077301 0.235536 0.088445 0.240313 0.100226 0.245406
0 0.130473 0.285843 0.116782 0.276291 0.121239 0.257824 0.137159 0.257506 0.152124 0.261008 0.169316 0.266421 0.188739 0.274380 0.202902 0.284794 0.212682 0.290812 0.216631 0.301720 0.209108 0.306610 0.191995 0.306233 0.177325 0.299275 0.164913 0.293634 0.149868 0.290061
0 0.434561 0.432879 0.418869 0.417637 0.403627 0.399704 0.378971 0.396118 0.356106 0.391635 0.335933 0.379082 0.310828 0.367427 0.287517 0.358908 0.272356 0.354856 0.255688 0.344070 0.244411 0.326911 0.257158 0.307300 0.275298 0.320047 0.301772 0.330343 0.323345 0.347992 0.348348 0.354366 0.372861 0.361720 0.398846 0.367604 0.422869 0.373977 0.445911 0.383292 0.467483 0.388685 0.483172 0.403393 0.480230 0.424475 0.453756 0.427906
1 0.012491 0.488896 0.008706 0.488265 0.005641 0.485471 0.008345 0.481504 0.012491 0.481144 0.015286 0.484930
1 0.029859 0.498326 0.027339 0.497718 0.024210 0.495110 0.025427 0.488939 0.029512 0.486594 0.032554 0.489026 0.033162 0.492677 0.031945 0.496327
1 0.038812 0.501455 0.035856 0.501368 0.034466 0.499021 0.032988 0.493024 0.035248 0.491634 0.038377 0.491808 0.040983 0.493024 0.042548 0.496240 0.041592 0.500064
1 0.050109 0.504410 0.046459 0.504844 0.043852 0.503976 0.044286 0.497109 0.048371 0.494763 0.050283 0.494415 0.051239 0.495979 0.052978 0.498065 0.052717 0.502846
1 0.059408 0.509624 0.056366 0.508146 0.055323 0.503802 0.057670 0.499978 0.062450 0.500325 0.064797 0.503889 0.064362 0.507625
1 0.082002 0.519700 0.078191 0.518049 0.076413 0.511697 0.080604 0.508395 0.083399 0.511316 0.085559 0.515509
1 0.091578 0.523908 0.089624 0.522749 0.089475 0.518999 0.090614 0.516896 0.092849 0.517466 0.094251 0.518474 0.095040 0.520928 0.093770 0.523119
1 0.102325 0.527602 0.100195 0.526411 0.099443 0.522651 0.101636 0.521021 0.104143 0.522275 0.104957 0.524343 0.104018 0.526474
1 0.132398 0.537642 0.126856 0.535344 0.121585 0.527232 0.123883 0.521825 0.131588 0.520203 0.136725 0.523718 0.138617 0.528044 0.136049 0.533722
1 0.147897 0.565350 0.144819 0.565480 0.141151 0.565415 0.139383 0.562860 0.138793 0.557555 0.141348 0.555197 0.144819 0.554673 0.148356 0.556311 0.149535 0.562271
1 0.173076 0.576061 0.169339 0.576928 0.166936 0.575994 0.165067 0.572323 0.166402 0.567985 0.169539 0.566583 0.173209 0.567918 0.175078 0.569920 0.174812 0.573324
1 0.158372 0.596838 0.155702 0.595414 0.153300 0.589986 0.153566 0.585626 0.158906 0.583224 0.163711 0.586071 0.165401 0.589720 0.164867 0.594436
1 0.183377 0.616913 0.176977 0.615040 0.171513 0.606767 0.178226 0.600210 0.184938 0.600522 0.191182 0.604581 0.188372 0.614415
1 0.197582 0.595995 0.191025 0.592405 0.185562 0.588347 0.185406 0.578824 0.191025 0.575390 0.200235 0.575702 0.203826 0.581478 0.204294 0.587565 0.201328 0.592873
1 0.205245 0.633367 0.199610 0.630378 0.197540 0.623478 0.201335 0.617612 0.206050 0.617152 0.210190 0.619567 0.212605 0.623938 0.211455 0.629572
1 0.228677 0.611292 0.220531 0.610366 0.214052 0.600926 0.215533 0.591300 0.225159 0.588152 0.232563 0.592225 0.236821 0.599074 0.235525 0.608700
1 0.250705 0.621844 0.242745 0.620918 0.238858 0.612588 0.245152 0.601110 0.251816 0.603702 0.254593 0.610737 0.254038 0.618512
1 0.231324 0.642749 0.226968 0.641988 0.224687 0.637218 0.226069 0.632793 0.229388 0.630441 0.232084 0.629819 0.235265 0.630511 0.237270 0.631756 0.238030 0.635144 0.237893 0.637425 0.236440 0.639707
1 0.260368 0.653953 0.254893 0.651520 0.251698 0.643610 0.255196 0.639656 0.260977 0.640568 0.264931 0.642241 0.265844 0.647108
1 0.288610 0.670453 0.281270 0.669094 0.274880 0.663520 0.271073 0.657266 0.274608 0.648430 0.278958 0.644623 0.287387 0.643943 0.292689 0.646798 0.298263 0.652236 0.300438 0.659305 0.295136 0.666374
1 0.318584 0.687816 0.306202 0.684721 0.299187 0.672133 0.300631 0.658100 0.308267 0.653973 0.315901 0.655417 0.324981 0.660782 0.329728 0.667799 0.325807 0.679355
1 0.335109 0.693062 0.328199 0.692908 0.324514 0.687227 0.323593 0.680009 0.330503 0.676477 0.333881 0.675556 0.338335 0.678013 0.340638 0.682619 0.340792 0.687687
1 0.355481 0.661439 0.351657 0.662028 0.348520 0.659282 0.348813 0.653692 0.353227 0.651633 0.356463 0.652613 0.358914 0.656634
0 0.335934 0.793437 0.327921 0.775724 0.346898 0.751686 0.369251 0.737347 0.366721 0.713308 0.373468 0.700655 0.398351 0.699812 0.415220 0.709090 0.415220 0.732707 0.416063 0.755902 0.415642 0.787532 0.417328 0.812415 0.396663 0.824223 0.371359 0.817897 0.350272 0.802715
0 0.490260 0.861456 0.471646 0.857733 0.450549 0.840773 0.431934 0.788239 0.433175 0.758455 0.448894 0.741495 0.475368 0.744392 0.494810 0.749769 0.518389 0.739428 0.533694 0.740668 0.557272 0.747287 0.572578 0.761765 0.584987 0.784103 0.610221 0.791962 0.628422 0.796926 0.620563 0.818022 0.592020 0.839119 0.515906 0.861456
1 0.575225 0.320620 0.561255 0.318740 0.548629 0.313099 0.544599 0.296442 0.549703 0.287040 0.562867 0.278443 0.576030 0.277369 0.585970 0.283548 0.589463 0.294562 0.589463 0.305576
1 0.573489 0.355184 0.565162 0.351588 0.557781 0.341746 0.560998 0.330013 0.566108 0.323578 0.575949 0.319415 0.584466 0.320739 0.591089 0.326228 0.594117 0.335880 0.594685 0.347613 0.586169 0.354615
1 0.537203 0.329727 0.530594 0.325797 0.529880 0.316330 0.537203 0.312400 0.543633 0.314723 0.543990 0.321867
0 0.515204 0.384292 0.516092 0.402349 0.512540 0.420404 0.495372 0.426324 0.484420 0.410933 0.487972 0.394948 0.492412 0.380444 0.500403 0.368309 0.513428 0.346996 0.521124 0.334269 0.530892 0.339893 0.539771 0.354101 0.541548 0.369196 0.532668 0.376597
1 0.575158 0.405390 0.565213 0.399588 0.560401 0.388452 0.560241 0.380154 0.565827 0.371855 0.576199 0.369462 0.585295 0.371696 0.590082 0.378877 0.592476 0.388452 0.592636 0.394835 0.586253 0.402974
1 0.563531 0.441407 0.555657 0.436038 0.549572 0.414920 0.558521 0.405613 0.569975 0.402034 0.581429 0.406330 0.586439 0.419573 0.581429 0.433891
1 0.519685 0.489742 0.510893 0.487769 0.504612 0.480054 0.503356 0.469826 0.509457 0.458702 0.519325 0.455473 0.530809 0.457087 0.537985 0.462111 0.538883 0.473056 0.532423 0.484539
1 0.487416 0.527839 0.480290 0.525058 0.476641 0.514804 0.479073 0.505419 0.486547 0.500900 0.493325 0.504028 0.499408 0.508025 0.499930 0.516716 0.498365 0.523667
1 0.454443 0.549076 0.446777 0.549250 0.436497 0.544546 0.434058 0.536009 0.434581 0.523986 0.440505 0.518759 0.449217 0.518759 0.459322 0.523464 0.463155 0.531652 0.461587 0.543326
1 0.416584 0.598776 0.409669 0.595208 0.404762 0.584055 0.411453 0.574463 0.422384 0.569778 0.432645 0.567102 0.436883 0.576247 0.432867 0.585170 0.425507 0.592754
1 0.414196 0.628768 0.406793 0.623965 0.403190 0.614360 0.400990 0.604155 0.409594 0.600153 0.418799 0.602555 0.427803 0.606557 0.426402 0.623765
0 0.531143 0.641570 0.504230 0.633569 0.478773 0.611749 0.475137 0.571018 0.494775 0.541197 0.528961 0.510648 0.552235 0.475009 0.586421 0.474281 0.587876 0.523740 0.571874 0.542651 0.546417 0.571745 0.546417 0.571745 0.546417 0.571745
1 0.475359 0.684297 0.465667 0.681066 0.461719 0.674425 0.461898 0.664194 0.469616 0.659887 0.477693 0.660784 0.483078 0.664732 0.483257 0.672271 0.480026 0.678374
1 0.440944 0.714670 0.431228 0.721147 0.422259 0.712179 0.420017 0.703210 0.424999 0.688511 0.434716 0.684524 0.442937 0.690504 0.444682 0.703459
1 0.499833 0.456182 0.490575 0.453376 0.478231 0.446363 0.481598 0.433458 0.491136 0.428970 0.500113 0.431494 0.505163 0.437386 0.506005 0.447766
1 0.484964 0.493774 0.474023 0.494055 0.464204 0.485357 0.464204 0.471331 0.476268 0.461793 0.494222 0.465439 0.496467 0.481149
1 0.461680 0.517900 0.447652 0.520145 0.436431 0.508643 0.442322 0.497701 0.452702 0.492091 0.463362 0.497421 0.464766 0.507240
0 0.719974 0.483021 0.715899 0.502939 0.698696 0.504750 0.692358 0.486189 0.701865 0.459479 0.721784 0.437297 0.744420 0.428242 0.774751 0.430959 0.784258 0.444993 0.772035 0.457216 0.744420 0.473514
0 0.692123 0.206487 0.672150 0.216908 0.626995 0.238617 0.583575 0.219513 0.592260 0.149174 0.596602 0.090992 0.656520 0.059730 0.693860 0.068415 0.731200 0.091861 0.732938 0.162200
0 0.835670 0.025025 0.839618 0.043283 0.836164 0.065983 0.828170 0.098699 0.789858 0.107096 0.777263 0.095550 0.754695 0.087152 0.734752 0.064061 0.711660 0.042543 0.706411 0.011578 0.724256 0.000000 0.765191 0.000000 0.802454 0.000000 0.825021 0.005280
0 0.942516 0.168442 0.924450 0.157067 0.903038 0.159075 0.872260 0.155061 0.844826 0.130304 0.875605 0.110899 0.918428 0.108223 0.953891 0.116252 0.959913 0.142348
1 0.897215 0.195378 0.885560 0.190188 0.876058 0.182045 0.879225 0.166661 0.893024 0.160553 0.905920 0.162589 0.916553 0.173900 0.915195 0.186569
1 0.949809 0.210550 0.939176 0.207383 0.931937 0.191772 0.940308 0.182497 0.953655 0.184985 0.958406 0.199690 0.952977 0.208966
1 0.955240 0.607072 0.947400 0.606161 0.938166 0.601866 0.936448 0.588768 0.939240 0.577602 0.945896 0.564072 0.955989 0.558060 0.967800 0.559563 0.979396 0.566864 0.984335 0.578030 0.981329 0.588553 0.976819 0.597572
1 0.935562 0.627730 0.930159 0.625930 0.927997 0.620406 0.929318 0.613682 0.934241 0.611399 0.942287 0.611399 0.946370 0.617284 0.941927 0.624368
1 0.872759 0.591368 0.868580 0.588311 0.863467 0.577230 0.870967 0.569900 0.882218 0.571945 0.886650 0.579617 0.883240 0.588481
1 0.849037 0.606422 0.839491 0.604176 0.832752 0.593880 0.840239 0.582462 0.851471 0.582274 0.857835 0.588077 0.859895 0.598373
1 0.810142 0.590196 0.803720 0.588874 0.801075 0.579052 0.804853 0.570741 0.814108 0.569797 0.819774 0.577729 0.817130 0.586985
1 0.821653 0.625005 0.815648 0.620544 0.810330 0.610765 0.812903 0.602529 0.818222 0.597897 0.825600 0.600471 0.831947 0.604932 0.831262 0.615912
1 0.834062 0.650598 0.827051 0.651158 0.822424 0.641904 0.825509 0.633912 0.834482 0.633912 0.839109 0.639661 0.838688 0.645830
1 0.765537 0.631928 0.759705 0.631612 0.753872 0.623731 0.752139 0.616480 0.757183 0.611436 0.765064 0.610018 0.772157 0.613013 0.775311 0.619476 0.773261 0.627987
1 0.756836 0.658557 0.752717 0.659566 0.749018 0.656035 0.747000 0.651327 0.749774 0.648217 0.754650 0.649226 0.757172 0.652925
1 0.977471 0.701422 0.970401 0.703227 0.964986 0.698414 0.965437 0.691044 0.972507 0.688187 0.978824 0.691345 0.979576 0.697662
1 0.975364 0.735564 0.970251 0.733910 0.965889 0.728495 0.972356 0.721878 0.978824 0.721577 0.983186 0.725487 0.982283 0.731354
1 0.926794 0.704691 0.922310 0.703629 0.921719 0.697728 0.926794 0.695132 0.930452 0.698082 0.930099 0.701622
1 0.940603 0.746706 0.933993 0.746471 0.928210 0.742104 0.925023 0.735612 0.924670 0.727941 0.927975 0.723574 0.935291 0.720742 0.943553 0.722276 0.948981 0.725581 0.950752 0.731600 0.949926 0.739271
1 0.950976 0.765357 0.944956 0.764249 0.938779 0.757913 0.936720 0.749835 0.941155 0.744925 0.947016 0.740490 0.955410 0.741440 0.959212 0.745717 0.963171 0.753319 0.959528 0.762189
1 0.968693 0.764229 0.964300 0.761544 0.962714 0.756419 0.965643 0.752514 0.970768 0.751903 0.975161 0.753733 0.975405 0.758737 0.973696 0.762643
1 0.952951 0.781069 0.946117 0.780338 0.945019 0.778141 0.941357 0.768378 0.944896 0.766182 0.951486 0.763375 0.958564 0.770818 0.957100 0.776799
1 0.726386 0.775981 0.722674 0.776978 0.719323 0.776163 0.716154 0.772994 0.717604 0.768376 0.720319 0.765659 0.724032 0.765479 0.727110 0.766203 0.729193 0.769462 0.728831 0.772813
1 0.571721 0.701971 0.570711 0.702329 0.569148 0.702041 0.567710 0.699575 0.568203 0.697562 0.569478 0.695835 0.571573 0.695178 0.573711 0.695506 0.574985 0.696369 0.575479 0.698013 0.574861 0.700150
0 0.955293 0.048236 0.961912 0.061864 0.959966 0.075102 0.949453 0.089118 0.937383 0.096127 0.913633 0.093012 0.900784 0.084836 0.889882 0.071598 0.878050 0.054939 0.885012 0.044000 0.901255 0.041017 0.921808 0.042011 0.940371 0.046320
1 0.865766 0.043400 0.860208 0.040776 0.857121 0.030434 0.863295 0.025186 0.866229 0.027347 0.872866 0.029662 0.876879 0.035373 0.875182 0.041085 0.872248 0.041856
1 0.835561 0.721941 0.832232 0.723180 0.828903 0.722019 0.825884 0.718612 0.825884 0.714200 0.828671 0.711336 0.832619 0.711646 0.835329 0.713426 0.836954 0.715594 0.837031 0.719231
1 0.780251 0.734351 0.778910 0.732927 0.779380 0.729584 0.780729 0.728353 0.783427 0.728880 0.784775 0.731168 0.784131 0.732810 0.781960 0.733865
1 0.746763 0.742976 0.743605 0.742099 0.740273 0.737802 0.738606 0.731662 0.742290 0.726751 0.749481 0.726313 0.754129 0.729821 0.755796 0.734293 0.754743 0.738503
1 0.780160 0.767160 0.775153 0.763189 0.776188 0.754384 0.780678 0.753176 0.786548 0.754384 0.788102 0.760254 0.784476 0.765088
1 0.762895 0.788396 0.755644 0.787532 0.752190 0.777864 0.756334 0.772857 0.762032 0.774930 0.766176 0.779072 0.765830 0.783562
1 0.848927 0.762186 0.843598 0.761387 0.836804 0.754593 0.838936 0.746600 0.844397 0.744201 0.849193 0.745400 0.854788 0.749264 0.857053 0.756191
1 0.885724 0.740311 0.878211 0.740508 0.870896 0.731810 0.874652 0.722123 0.880979 0.722716 0.891062 0.726867 0.894619 0.732402 0.894026 0.736752
1 0.866758 0.720437 0.868930 0.725072 0.868206 0.732168 0.860241 0.737092 0.853145 0.733182 0.848076 0.724348 0.852275 0.718700 0.860386 0.718266
1 0.907291 0.791089 0.902296 0.790048 0.899902 0.785365 0.900631 0.779953 0.905522 0.776207 0.910621 0.778185 0.913640 0.781826 0.913327 0.787238
1 0.891563 0.778671 0.888493 0.778028 0.886564 0.774814 0.886564 0.771244 0.889778 0.769887 0.893277 0.771102 0.895062 0.773886 0.894849 0.776171
1 0.939589 0.853506 0.936551 0.852616 0.933512 0.850689 0.933363 0.846391 0.936180 0.843871 0.939960 0.843797 0.943369 0.845501 0.944703 0.848243 0.944406 0.850985
1 0.977660 0.855324 0.970460 0.854410 0.965889 0.850410 0.962917 0.842981 0.967031 0.837609 0.974231 0.835781 0.980860 0.837952 0.984061 0.842867 0.984975 0.847210
1 0.999772 0.867346 0.992621 0.866732 0.987514 0.861829 0.981180 0.854270 0.984448 0.842623 0.990987 0.838536 0.998547 0.835676 1.000000 0.835063
1 0.103663 0.767599 0.099565 0.767599 0.097160 0.762344 0.100100 0.758068 0.105177 0.756910 0.108205 0.761186 0.108027 0.764927
1 0.111946 0.772230 0.108205 0.773121 0.104999 0.768578 0.106246 0.764927 0.109186 0.763056 0.112659 0.763947 0.113906 0.767421 0.113906 0.769736
1 0.128157 0.777274 0.126080 0.776582 0.125011 0.773435 0.125954 0.769784 0.127969 0.769847 0.130927 0.770351 0.131619 0.772994 0.130549 0.775512
1 0.142649 0.783549 0.138043 0.782601 0.134792 0.777859 0.137637 0.774337 0.141295 0.775963 0.144140 0.778537 0.144682 0.782736
1 0.160123 0.794500 0.154995 0.792020 0.152019 0.784576 0.156649 0.779449 0.160950 0.782261 0.164093 0.786562 0.164093 0.791192
1 0.173851 0.803101 0.170047 0.800785 0.165250 0.794666 0.169551 0.790200 0.175836 0.792847 0.177985 0.798966
1 0.209705 0.805116 0.206233 0.804104 0.204498 0.799330 0.205365 0.796220 0.208548 0.795279 0.211008 0.796075 0.212888 0.798462 0.213611 0.800704 0.212815 0.802657
1 0.156148 0.834637 0.151172 0.833458 0.148290 0.828089 0.153660 0.824684 0.159815 0.827564 0.159685 0.832410
1 0.076868 0.802043 0.073337 0.801571 0.070591 0.798982 0.069178 0.795294 0.071925 0.791763 0.077104 0.791527 0.080400 0.794038 0.080557 0.798511
1 0.621753 0.671322 0.618485 0.670365 0.616972 0.666620 0.618485 0.662636 0.621514 0.662237 0.623825 0.663990 0.624940 0.667576 0.624463 0.669091
1 0.637149 0.636457 0.633755 0.636058 0.631858 0.630967 0.634554 0.628471 0.637549 0.628970 0.639745 0.631066 0.639047 0.634261
1 0.659235 0.655550 0.657409 0.655175 0.656099 0.653162 0.656286 0.650307 0.658205 0.649230 0.660779 0.649465 0.662137 0.651758 0.661341 0.654146
1 0.806430 0.507713 0.804797 0.507763 0.802917 0.507219 0.801779 0.505041 0.801680 0.502716 0.804154 0.501281 0.806231 0.501479 0.807864 0.502617 0.808903 0.504250 0.808161 0.505932
1 0.971446 0.994224 0.961396 0.993768 0.952029 0.987143 0.946318 0.976863 0.950888 0.965670 0.964822 0.962929 0.975787 0.967040 0.982640 0.974807 0.982640 0.986000
1 0.913845 0.990148 0.903601 0.988062 0.900755 0.978577 0.906066 0.971748 0.914793 0.970609 0.919346 0.973266 0.921622 0.978008 0.920483 0.983509
1 0.877734 0.974473 0.871753 0.972785 0.868226 0.966037 0.870525 0.957295 0.878194 0.953307 0.886017 0.954994 0.889237 0.962049 0.888624 0.968798 0.884022 0.972019
1 0.787761 0.988552 0.769020 0.980966 0.754294 0.964455 0.756972 0.939021 0.774820 0.925188 0.800255 0.922064 0.816766 0.932773 0.827028 0.952407 0.822120 0.975165
0 0.690728 0.960182 0.674714 0.952403 0.651380 0.947828 0.630333 0.939135 0.606999 0.919004 0.600137 0.893382 0.612489 0.879198 0.626673 0.887892 0.660073 0.911684 0.690270 0.914429 0.713604 0.909854 0.741513 0.910311 0.754324 0.923121 0.748376 0.942795 0.731905 0.956063 0.706741 0.955148
1 0.521392 0.938468 0.512401 0.935731 0.506734 0.932019 0.508103 0.921660 0.512792 0.919120 0.523150 0.922247 0.529795 0.929087 0.527646 0.935341
1 0.490514 0.928696 0.481133 0.924201 0.477224 0.915603 0.481523 0.909153 0.487191 0.912084 0.493249 0.917752 0.496768 0.923811
1 0.444911 0.905959 0.440270 0.904611 0.435179 0.896825 0.438323 0.892933 0.442665 0.893531 0.447157 0.897274 0.447756 0.902515
1 0.404851 0.889270 0.399834 0.885368 0.398608 0.878234 0.402510 0.873999 0.407414 0.875002 0.410646 0.879126 0.410200 0.884365
0 0.357306 0.972611 0.347590 0.970131 0.338908 0.959588 0.335394 0.946358 0.336428 0.931475 0.342216 0.919692 0.354412 0.914317 0.363301 0.916591 0.371569 0.920519 0.378805 0.927134 0.380871 0.937056 0.378805 0.947599 0.376530 0.958555 0.370949 0.968891
1 0.047851 0.950367 0.041508 0.950367 0.035481 0.946562 0.032469 0.935777 0.035957 0.930228 0.044521 0.925312 0.052291 0.928166 0.054987 0.934509 0.053401 0.943548
1 0.080994 0.957345 0.076078 0.957027 0.072272 0.950367 0.077506 0.945769 0.081946 0.948147 0.084801 0.952429
0 0.068771 0.935178 0.059901 0.928128 0.050804 0.917211 0.054671 0.901290 0.060584 0.891282 0.066725 0.880365 0.071501 0.868993 0.083328 0.867629 0.084237 0.883095 0.084692 0.904929 0.084010 0.917893
1 0.168287 0.992233 0.158084 0.989617 0.147620 0.980461 0.154684 0.971565 0.165671 0.969734 0.177182 0.969211 0.182938 0.978629 0.180845 0.987786
1 0.132893 0.968509 0.127014 0.966652 0.125312 0.957989 0.129953 0.952884 0.135831 0.955978 0.138307 0.961393
1 0.149136 0.947934 0.143257 0.944994 0.143228 0.938338 0.145896 0.933268 0.151590 0.932733 0.154793 0.936203 0.155771 0.941985 0.153814 0.945544
1 0.185818 0.904426 0.180135 0.900986 0.176845 0.892610 0.182977 0.888123 0.188212 0.890366 0.192399 0.894405 0.190007 0.901285
1 0.153144 0.895447 0.147506 0.891907 0.145539 0.884564 0.150128 0.879845 0.155372 0.881549 0.159567 0.885613 0.159437 0.890202 0.157602 0.894005
1 0.224373 0.931165 0.219108 0.928908 0.217003 0.921839 0.220613 0.916574 0.226028 0.917928 0.229036 0.923042 0.226630 0.929210
1 0.003151 0.639681 0.010937 0.644188 0.015238 0.652587 0.014009 0.664469 0.008273 0.670205 0.000000 0.672868 0.000000 0.640910
1 0.024662 0.679014 0.015443 0.673278 0.012165 0.664060 0.018516 0.655660 0.027325 0.653611 0.033881 0.658937 0.035725 0.667951 0.031218 0.673893
1 0.049860 0.687004 0.042280 0.681268 0.041256 0.670205 0.045968 0.663649 0.054367 0.663649 0.060718 0.669591 0.059693 0.679629
1 0.079549 0.700821 0.070854 0.697561 0.068028 0.687996 0.071289 0.672781 0.079332 0.670824 0.086723 0.676041 0.089331 0.685605 0.087592 0.696691
1 0.101068 0.711689 0.091939 0.708646 0.087374 0.697344 0.091939 0.686258 0.101286 0.682997 0.111720 0.684953 0.116937 0.693865 0.111937 0.704517
1 0.130413 0.718863 0.116719 0.715168 0.115197 0.702343 0.119110 0.692996 0.131500 0.693865 0.139760 0.699734 0.138021 0.710386
1 0.363259 0.695780 0.355760 0.691944 0.354365 0.685144 0.357329 0.675553 0.362561 0.674681 0.367967 0.677819 0.371105 0.679040 0.366397 0.689503
1 0.374419 0.698745 0.372151 0.694211 0.369614 0.688140 0.370631 0.682041 0.375611 0.679907 0.381811 0.681635 0.385673 0.686818 0.386485 0.693322 0.383030 0.697185 0.378253 0.698506
1 0.322159 0.917399 0.315130 0.913254 0.317653 0.905322 0.326305 0.904421 0.328829 0.910009 0.327206 0.913975
1 0.293295 0.945279 0.289187 0.942814 0.289422 0.935891 0.294234 0.933309 0.297755 0.936712 0.299046 0.938237 0.297285 0.943636
1 0.027456 0.990935 0.021086 0.989486 0.017033 0.985289 0.018771 0.978485 0.023837 0.975734 0.028469 0.977182 0.030206 0.981091 0.030785 0.985289
1 0.037299 0.997304 0.030785 0.995422 0.029917 0.987750 0.032088 0.982538 0.038023 0.982683 0.043234 0.985578 0.044248 0.991368 0.040484 0.994554
1 0.016798 0.929873 0.012161 0.927732 0.008594 0.923541 0.007524 0.918726 0.010021 0.914534 0.014391 0.914267 0.019295 0.914624 0.023575 0.917210 0.026340 0.921312 0.025627 0.925859 0.023665 0.929783 0.020633 0.929427