1 0.472874 0.126555 0.469855 0.125849 0.468293 0.123986 0.467864 0.121118 0.468785 0.119106 0.471354 0.118913 0.474500 0.119191 0.475870 0.120989 0.475827 0.123943 0.475014 0.126084
1 0.482429 0.121938 0.479137 0.120440 0.477911 0.118352 0.479228 0.115627 0.480862 0.115037 0.482860 0.115015 0.485017 0.114833 0.486266 0.115809 0.487219 0.118352 0.486266 0.120780
1 0.466196 0.137653 0.463841 0.137453 0.462552 0.135854 0.462041 0.133787 0.463841 0.132076 0.465618 0.131810 0.467618 0.131543 0.469195 0.132676 0.470085 0.133432 0.469862 0.135253 0.468418 0.137253
1 0.467333 0.183581 0.464652 0.183283 0.463301 0.181520 0.463438 0.179021 0.464470 0.177464 0.466944 0.177395 0.468708 0.178014 0.469625 0.180236 0.469189 0.182184
1 0.450989 0.197050 0.448449 0.196530 0.446850 0.194091 0.446710 0.191911 0.449510 0.190392 0.451129 0.190271 0.453309 0.190911 0.454169 0.193011 0.454188 0.196210
0 0.457738 0.211180 0.455216 0.209713 0.454639 0.207190 0.455529 0.203859 0.455941 0.200596 0.457420 0.197768 0.459093 0.194506 0.460158 0.194551 0.461958 0.192609 0.463789 0.192025 0.466883 0.192957 0.467704 0.194062 0.468437 0.197676 0.467599 0.201555 0.466274 0.202544 0.465986 0.205763 0.464854 0.208280 0.461742 0.208442 0.460017 0.211302
0 0.469762 0.176825 0.467021 0.176153 0.464751 0.175881 0.463606 0.173812 0.463915 0.170361 0.462843 0.169674 0.463016 0.166670 0.463059 0.162606 0.464528 0.159213 0.466755 0.156144 0.469370 0.153809 0.473945 0.154316 0.473923 0.156038 0.476821 0.155956 0.478376 0.158414 0.480730 0.159875 0.482266 0.163965 0.482966 0.167698 0.482436 0.172258 0.481475 0.175499 0.480305 0.177299 0.475834 0.175198 0.474273 0.174208 0.471032 0.174179
1 0.494141 0.147461 0.496557 0.144836 0.495976 0.140555 0.497461 0.137815 0.500317 0.134989 0.500725 0.130414 0.500426 0.126484 0.500534 0.121171 0.498004 0.120701 0.497859 0.123412 0.495618 0.123340 0.490232 0.123810 0.488281 0.125000 0.488281 0.128906 0.488428 0.132461 0.484833 0.132996 0.483915 0.136286 0.485352 0.140625 0.489258 0.143555 0.491211 0.146484
1 0.519033 0.165669 0.515601 0.165962 0.513533 0.167112 0.513688 0.170312 0.514508 0.172535 0.517375 0.173101 0.520496 0.172437 0.521374 0.170253 0.520359 0.167229
1 0.520145 0.160832 0.517766 0.161261 0.516614 0.163523 0.516712 0.165747 0.519209 0.166293 0.520691 0.166156 0.521939 0.164362 0.521374 0.162139
1 0.527657 0.154232 0.525226 0.154102 0.524422 0.155079 0.525029 0.157467 0.525812 0.158271 0.527592 0.158054 0.528438 0.156643 0.528590 0.154102
1 0.522098 0.152135 0.519965 0.152348 0.519771 0.154016 0.520449 0.155528 0.521710 0.156188 0.522951 0.155761 0.523571 0.154791 0.523242 0.152949
1 0.527935 0.148575 0.524557 0.148045 0.522636 0.149039 0.522746 0.151953 0.523630 0.153344 0.525219 0.153521 0.526610 0.153013 0.528310 0.152107 0.528509 0.149591
1 0.536785 0.182766 0.533090 0.182706 0.531330 0.185874 0.531624 0.187780 0.533324 0.190067 0.534791 0.190214 0.536403 0.189070 0.537606 0.188249 0.537694 0.185199
1 0.541578 0.190365 0.540084 0.190327 0.540142 0.192512 0.540429 0.193565 0.542077 0.193412 0.542689 0.191745
1 0.544472 0.188220 0.542402 0.188564 0.541904 0.190365 0.543438 0.191976 0.545066 0.191420 0.545027 0.188909
0 0.554667 0.170826 0.551939 0.171513 0.549213 0.171694 0.546587 0.172785 0.543800 0.173916 0.543456 0.177855 0.543168 0.179789 0.543730 0.182229 0.546948 0.182229 0.545205 0.184052 0.543597 0.184829 0.544750 0.188020 0.547163 0.187939 0.548933 0.186331 0.548530 0.183301 0.551640 0.181800 0.553678 0.178073 0.553517 0.174694 0.555635 0.173060
1 0.486602 0.181963 0.483256 0.181905 0.481481 0.184116 0.482471 0.187142 0.485321 0.188043 0.487823 0.187112 0.489540 0.184988 0.488344 0.183213
1 0.243236 0.385356 0.237762 0.388094 0.236954 0.393434 0.238884 0.397383 0.245346 0.398953 0.249878 0.397562 0.252032 0.392581 0.250730 0.389305 0.246916 0.385895
1 0.487411 0.483999 0.485364 0.483266 0.482033 0.486283 0.481464 0.488931 0.484254 0.491293 0.487585 0.491892 0.489207 0.489472 0.489207 0.485799
0 0.486175 0.467957 0.483757 0.468133 0.481268 0.465889 0.479480 0.466748 0.478411 0.468378 0.478832 0.470849 0.480269 0.472198 0.482074 0.472321 0.483669 0.474039 0.486175 0.473863 0.486788 0.471444
1 0.457486 0.467617 0.455489 0.467654 0.454515 0.468382 0.454638 0.470060 0.455242 0.471132 0.456673 0.471366 0.458042 0.470984 0.458411 0.469714 0.458189 0.467827
1 0.458855 0.464621 0.457992 0.464694 0.456623 0.464534 0.456044 0.465163 0.455982 0.466606 0.456031 0.467593 0.457006 0.468173 0.458141 0.468049 0.458855 0.468000 0.459793 0.467814 0.460262 0.466298 0.459769 0.464769
1 0.467525 0.466276 0.465135 0.466410 0.464420 0.467930 0.464711 0.469984 0.466274 0.471369 0.467659 0.470833 0.468308 0.469359 0.467928 0.467527
1 0.481893 0.456937 0.479761 0.457917 0.479357 0.460884 0.480366 0.461893 0.483563 0.460855 0.483650 0.458061
0 0.535670 0.493858 0.531844 0.494843 0.529876 0.498813 0.530204 0.504680 0.533119 0.506247 0.535815 0.503660 0.539678 0.498304 0.538366 0.494770
1 0.516181 0.610598 0.511605 0.611478 0.509758 0.615129 0.512661 0.617329 0.516225 0.617108 0.517632 0.614733
1 0.588118 0.598838 0.585117 0.599419 0.584908 0.601722 0.585280 0.603769 0.588071 0.603326 0.589490 0.602489 0.589258 0.599722
1 0.606867 0.587533 0.604260 0.588005 0.603955 0.590778 0.605369 0.592554 0.607811 0.591943 0.608893 0.589974 0.608088 0.588254
1 0.615687 0.571350 0.612969 0.572229 0.612062 0.574671 0.613463 0.576730 0.615879 0.577114 0.616867 0.575852 0.616922 0.573217
0 0.626579 0.616876 0.623414 0.617065 0.622319 0.619160 0.625865 0.621754 0.628363 0.623967 0.631243 0.622896 0.630125 0.620255
1 0.491211 0.146484 0.491211 0.152344 0.486328 0.154297 0.482422 0.151367 0.484375 0.146484 0.487305 0.142578
1 0.483398 0.148438 0.477539 0.149414 0.472656 0.150391 0.469727 0.146484 0.466797 0.142578 0.466797 0.138672 0.468750 0.135742 0.473633 0.136719 0.474609 0.138672 0.478516 0.138672 0.480469 0.141602 0.483398 0.136719 0.485352 0.136719 0.486328 0.145508
1 0.472656 0.487305 0.469727 0.491211 0.464844 0.491211 0.461914 0.486328 0.466797 0.483398 0.470703 0.479492 0.475586 0.480469 0.475586 0.484375
1 0.482422 0.504883 0.477539 0.503906 0.474609 0.500000 0.472656 0.494141 0.475586 0.491211 0.479492 0.489258 0.484375 0.488281 0.487305 0.492188 0.490234 0.494141 0.493164 0.493164 0.496094 0.496094 0.499023 0.499023 0.499023 0.501953 0.496094 0.504883 0.493164 0.509766 0.489258 0.507812 0.487305 0.507812
1 0.497070 0.494141 0.492188 0.492188 0.494141 0.487305 0.498047 0.488281 0.500000 0.492188
1 0.495117 0.488281 0.489258 0.490234 0.489258 0.486328 0.491211 0.482422 0.495117 0.482422 0.497070 0.485352
1 0.502930 0.498047 0.499023 0.494141 0.498047 0.489258 0.500000 0.484375 0.501953 0.480469 0.505859 0.478516 0.506836 0.475586 0.511719 0.475586 0.515625 0.477539 0.521484 0.482422 0.521484 0.484375 0.519531 0.485352 0.518555 0.490234 0.513672 0.495117 0.512695 0.497070 0.509766 0.498047
1 0.507812 0.476562 0.501953 0.475586 0.500000 0.470703 0.500977 0.465820 0.503906 0.463867 0.507812 0.463867 0.509766 0.466797 0.512695 0.467773 0.512695 0.471680 0.511719 0.476562
1 0.515625 0.506836 0.510742 0.503906 0.507812 0.500977 0.508789 0.496094 0.515625 0.496094 0.517578 0.497070 0.521484 0.498047 0.523438 0.503906 0.520508 0.507812
1 0.464844 0.485352 0.459961 0.486328 0.455078 0.484375 0.455078 0.479492 0.459961 0.476562 0.464844 0.477539 0.469727 0.478516 0.469727 0.483398