1 0.087851 0.024979 0.082220 0.022328 0.077880 0.018288 0.076383 0.009757 0.078328 0.000777 0.090750 0.000000 0.094642 0.001525 0.096737 0.007812 0.096587 0.015145 0.093444 0.020233
0 0.132633 0.056547 0.123487 0.057809 0.115919 0.048348 0.125694 0.031635 0.125064 0.012399 0.127815 0.000000 0.147524 0.000000 0.150842 0.007743 0.150062 0.023549 0.151037 0.038965 0.142841 0.048136
1 0.075856 0.063312 0.069256 0.064835 0.065701 0.050871 0.068748 0.036653 0.079665 0.032591 0.084235 0.042747 0.082966 0.057473
1 0.025114 0.109559 0.022277 0.108866 0.021654 0.105268 0.023039 0.101808 0.026983 0.100424 0.030097 0.101255 0.031481 0.103884 0.027744 0.107897
1 0.020359 0.117625 0.017228 0.116233 0.016444 0.111797 0.019663 0.109970 0.023840 0.111014 0.023317 0.115103
1 0.012529 0.123106 0.010094 0.120583 0.012182 0.117017 0.015227 0.117538 0.017750 0.119452 0.015140 0.121888
1 0.001193 0.112893 0.005407 0.115446 0.006173 0.120554 0.002343 0.123873 0.000000 0.126299 0.000045 0.115063
1 0.076204 0.107122 0.071211 0.104750 0.065844 0.099383 0.065220 0.091270 0.069589 0.086027 0.077951 0.087400 0.081821 0.089896 0.079823 0.100881
1 0.088187 0.109993 0.081196 0.108120 0.079823 0.101880 0.080947 0.093517 0.085315 0.090771 0.091432 0.092269 0.096300 0.096637 0.094927 0.105874 0.092431 0.109743
1 0.081113 0.146007 0.076203 0.146567 0.070732 0.143622 0.072416 0.136187 0.076344 0.134925 0.080412 0.136608 0.081814 0.140957
0 0.137190 0.119925 0.131264 0.113998 0.123114 0.110850 0.117558 0.104923 0.120336 0.094550 0.128855 0.094921 0.136449 0.098069 0.144414 0.102885 0.151268 0.105479 0.150526 0.113628 0.142562 0.117146
1 0.164234 0.159293 0.160695 0.158188 0.157820 0.152989 0.160695 0.148566 0.165229 0.148014 0.168216 0.152105 0.166778 0.156750
1 0.194036 0.164550 0.189744 0.163857 0.187806 0.157766 0.190159 0.150566 0.196390 0.150013 0.202620 0.153889 0.202343 0.160950
1 0.195836 0.176596 0.190574 0.175626 0.189458 0.169641 0.193095 0.166596 0.196140 0.168456 0.198085 0.173361
1 0.198633 0.113950 0.191635 0.112726 0.188496 0.108146 0.189707 0.100998 0.194189 0.099545 0.198309 0.102210 0.200731 0.106329
1 0.177108 0.112871 0.173110 0.110085 0.170324 0.104270 0.174079 0.099545 0.180742 0.099061 0.183407 0.104148 0.182075 0.110206
1 0.223144 0.117838 0.218298 0.116384 0.217450 0.110206 0.219752 0.103785 0.223871 0.102331 0.227868 0.104512 0.229443 0.110327 0.227990 0.114324
1 0.241438 0.166295 0.232562 0.165978 0.227879 0.160710 0.231700 0.154775 0.238922 0.154220 0.242116 0.158804 0.241283 0.162970
1 0.233991 0.176708 0.232681 0.177078 0.231416 0.176007 0.232584 0.173379 0.234238 0.173769 0.234044 0.175618
1 0.255395 0.138572 0.252078 0.137136 0.251857 0.131278 0.256168 0.128294 0.258710 0.131168 0.257936 0.136473
1 0.263462 0.126416 0.260835 0.125765 0.259556 0.124324 0.259769 0.120699 0.262274 0.119473 0.264940 0.119419 0.266113 0.120858 0.265313 0.123845
1 0.265120 0.156475 0.261026 0.154706 0.260109 0.151629 0.260109 0.147635 0.263842 0.146194 0.267378 0.146587 0.268753 0.149992 0.266919 0.154510
1 0.264497 0.165642 0.262205 0.164855 0.261615 0.160927 0.263057 0.158046 0.264890 0.157129 0.267247 0.158177 0.267771 0.160271 0.267640 0.163808
1 0.265086 0.174284 0.262598 0.173695 0.261681 0.168980 0.263580 0.167147 0.265676 0.167082 0.267901 0.168915 0.267116 0.173302
1 0.245747 0.071658 0.241568 0.071744 0.239854 0.068724 0.241242 0.063826 0.245405 0.063336 0.248671 0.066030 0.248018 0.070438
1 0.283011 0.109587 0.274688 0.104778 0.271914 0.094606 0.281716 0.087024 0.291518 0.087949 0.299470 0.094977 0.301874 0.107183 0.299655 0.115319
0 0.303332 0.000000 0.302939 0.020354 0.299676 0.054670 0.301646 0.076587 0.303616 0.099243 0.314698 0.105400 0.320608 0.090378 0.323071 0.076587 0.322086 0.042603 0.323552 0.000000
1 0.345047 0.136261 0.334178 0.134449 0.328210 0.120049 0.330439 0.110523 0.339356 0.111942 0.348274 0.113360 0.353746 0.123899 0.351111 0.131601
1 0.337015 0.029312 0.330708 0.026508 0.327827 0.015272 0.331674 0.012228 0.336802 0.011587 0.340488 0.013830 0.342571 0.018959 0.339206 0.026812
1 0.366906 0.000424 0.369729 0.005930 0.375376 0.006776 0.379188 0.000000 0.368177 0.000000
1 0.371438 0.045673 0.364558 0.045214 0.362723 0.038486 0.367310 0.031300 0.373273 0.033593 0.373426 0.040321
1 0.390246 0.058670 0.382601 0.056070 0.379695 0.046743 0.381530 0.038027 0.392998 0.036498 0.398350 0.041544 0.395751 0.051024
1 0.440417 0.074465 0.435557 0.074898 0.433873 0.071531 0.434824 0.066992 0.438045 0.065017 0.440974 0.066554 0.442584 0.069481 0.441120 0.072702
1 0.429555 0.075630 0.426699 0.073361 0.425162 0.068822 0.427139 0.063771 0.430506 0.063479 0.432922 0.065382 0.433653 0.069042 0.433653 0.073507
1 0.419804 0.073955 0.415557 0.072162 0.413292 0.067727 0.414896 0.062818 0.418482 0.061120 0.422352 0.062725 0.424522 0.066499 0.422540 0.071596
1 0.410743 0.063196 0.407157 0.063196 0.406024 0.057345 0.408950 0.054985 0.412254 0.054985 0.414990 0.058383 0.412159 0.062063
1 0.406499 0.029892 0.400116 0.027003 0.401392 0.019609 0.406107 0.017061 0.411462 0.019609 0.412864 0.023307 0.411462 0.027259
0 0.407313 0.000000 0.410687 0.007929 0.415117 0.015944 0.427141 0.017632 0.435790 0.014046 0.442962 0.000000
1 0.428499 0.061711 0.422340 0.061138 0.417082 0.054966 0.416281 0.048908 0.421082 0.044450 0.427826 0.043993 0.432169 0.047422 0.432854 0.054166 0.431712 0.059767
1 0.475192 0.076800 0.465621 0.081235 0.456982 0.076333 0.460951 0.057189 0.472624 0.051120 0.481263 0.057189 0.478694 0.072598
1 0.305239 0.166153 0.298901 0.165361 0.294520 0.157808 0.300499 0.153024 0.305881 0.156463 0.313057 0.158257 0.311860 0.164983
1 0.187246 0.217669 0.182203 0.215474 0.177376 0.210146 0.179540 0.201324 0.186531 0.197496 0.192856 0.198827 0.193688 0.206984 0.191358 0.212644
1 0.196166 0.223076 0.193166 0.222530 0.191985 0.217351 0.195166 0.213806 0.198528 0.213896 0.200710 0.216441 0.199256 0.220531
1 0.149386 0.208217 0.146790 0.207588 0.145768 0.202712 0.148914 0.200981 0.150723 0.201847 0.152296 0.204678
1 0.139683 0.207501 0.137095 0.206782 0.136663 0.201605 0.140258 0.199735 0.142847 0.200958 0.143206 0.205200
1 0.151374 0.198420 0.148848 0.197028 0.148214 0.194114 0.150938 0.192783 0.153156 0.193670 0.153156 0.196142
1 0.144247 0.237229 0.138808 0.237549 0.134808 0.230509 0.139287 0.223148 0.146008 0.225068 0.146808 0.231629
1 0.128888 0.235469 0.122487 0.233229 0.121847 0.224589 0.128728 0.221549 0.133047 0.226988 0.132888 0.233068
1 0.152265 0.243955 0.146781 0.242683 0.145411 0.237493 0.149523 0.234654 0.154026 0.236710 0.153831 0.241605
1 0.166553 0.228861 0.162793 0.227665 0.161427 0.223992 0.162708 0.220574 0.166040 0.219891 0.168773 0.221600 0.169543 0.224333 0.167577 0.226555
1 0.164220 0.242992 0.161512 0.241933 0.162115 0.237018 0.165170 0.237629 0.166867 0.239122 0.167071 0.242178
1 0.134930 0.284647 0.130650 0.283681 0.128526 0.279432 0.132572 0.276296 0.136113 0.277712 0.137428 0.283073
1 0.144044 0.275579 0.140580 0.275085 0.138996 0.270730 0.143153 0.267365 0.147111 0.268256 0.148398 0.271126 0.146616 0.274887
1 0.121137 0.286598 0.116996 0.288612 0.112980 0.290560 0.109815 0.284718 0.110060 0.277902 0.116753 0.273887 0.121256 0.276686 0.124299 0.280580
1 0.167928 0.281684 0.162892 0.280425 0.160846 0.271297 0.166826 0.266262 0.171232 0.269252 0.169658 0.277277
1 0.183825 0.287481 0.179880 0.288421 0.173116 0.286542 0.170298 0.281281 0.175746 0.273391 0.182510 0.276209 0.187020 0.279215
1 0.179117 0.297185 0.176694 0.297244 0.175217 0.294703 0.176458 0.292103 0.179531 0.291570 0.180949 0.293107 0.180358 0.296180
1 0.193418 0.296357 0.190877 0.295707 0.190404 0.292221 0.192000 0.291098 0.195072 0.291630 0.195723 0.293284
1 0.205450 0.296438 0.202844 0.295421 0.202779 0.291225 0.205514 0.290525 0.208057 0.290971 0.208375 0.292814
1 0.184589 0.319441 0.179930 0.318110 0.178599 0.313119 0.183368 0.309902 0.187251 0.312676 0.187916 0.316225
1 0.170439 0.348976 0.166448 0.349532 0.161796 0.346163 0.163109 0.337624 0.168255 0.335764 0.172305 0.338391 0.174494 0.342112
1 0.206897 0.393422 0.205156 0.393406 0.203564 0.393036 0.203380 0.391148 0.204490 0.389372 0.206267 0.388150 0.208302 0.388705 0.209153 0.390001 0.208450 0.392036
0 0.182776 0.358099 0.183678 0.363766 0.183163 0.368918 0.188314 0.370206 0.188186 0.377418 0.181488 0.379865 0.174791 0.379093 0.167965 0.378577 0.166161 0.373555 0.167836 0.359000 0.176465 0.355780
0 0.196687 0.356554 0.196429 0.362993 0.193981 0.367759 0.191534 0.371236 0.191148 0.376259 0.195914 0.377547 0.203771 0.378191 0.210726 0.376774 0.213301 0.373812 0.212915 0.354363 0.205187 0.351788
1 0.193268 0.392337 0.191254 0.391194 0.190981 0.387982 0.193159 0.387274 0.194574 0.387547 0.196044 0.389071 0.195173 0.391412
1 0.173361 0.392714 0.171601 0.391932 0.169645 0.389339 0.171404 0.387530 0.173997 0.387139 0.175269 0.389339 0.174828 0.390855
1 0.262233 0.441172 0.256369 0.438024 0.252507 0.431158 0.255225 0.422719 0.262520 0.419000 0.267097 0.422862 0.269386 0.428727 0.266382 0.435021
1 0.304111 0.441968 0.300584 0.441484 0.299254 0.436517 0.301648 0.435008 0.304311 0.435186 0.305375 0.438024
1 0.280236 0.438662 0.276926 0.437288 0.277176 0.433415 0.278487 0.430792 0.281985 0.429792 0.284671 0.431916 0.285171 0.434977 0.283547 0.438038
1 0.281458 0.420166 0.279826 0.416032 0.282111 0.409723 0.285810 0.409614 0.287006 0.413204 0.288094 0.415597 0.287441 0.418643
1 0.279132 0.409990 0.275362 0.408191 0.275105 0.403651 0.278019 0.401682 0.279560 0.403651 0.280759 0.406907
0 0.333480 0.404939 0.335737 0.414315 0.341641 0.422649 0.348064 0.427857 0.355877 0.428205 0.362648 0.419351 0.365601 0.423864 0.370462 0.420913 0.377406 0.416052 0.382095 0.409628 0.382095 0.399904 0.373934 0.397821 0.367857 0.394349 0.361606 0.396259 0.352578 0.395564 0.345634 0.394349 0.338342 0.394522
1 0.259090 0.378155 0.252317 0.373829 0.253822 0.363106 0.261159 0.357463 0.267179 0.362542 0.269436 0.367997 0.263793 0.374017
1 0.256080 0.363482 0.248743 0.361413 0.245922 0.353700 0.249120 0.347493 0.254763 0.345611 0.262100 0.348057 0.264357 0.353136 0.260783 0.361037
1 0.225885 0.348773 0.220952 0.345309 0.220167 0.340858 0.222522 0.336758 0.226973 0.337281 0.229852 0.339812 0.227583 0.345919
0 0.233177 0.312215 0.236229 0.317034 0.242173 0.322336 0.249240 0.323460 0.255987 0.319283 0.255185 0.307878 0.253096 0.300328 0.259360 0.293100 0.265786 0.298882 0.270605 0.307396 0.267071 0.319283 0.258236 0.326673 0.246349 0.331492 0.236068 0.331813 0.226270 0.329886 0.220968 0.322657 0.219361 0.313982 0.227715 0.309003
1 0.315351 0.354079 0.309179 0.352813 0.305381 0.348857 0.306331 0.340470 0.312819 0.337146 0.319148 0.339521 0.321364 0.346800
1 0.307741 0.365789 0.304758 0.362391 0.304969 0.359172 0.306341 0.355848 0.309454 0.354739 0.312831 0.355003 0.314941 0.355795 0.315944 0.359014 0.315574 0.361704 0.314044 0.364132 0.312461 0.365081
1 0.280821 0.358240 0.273617 0.354652 0.270067 0.347300 0.270574 0.338680 0.275265 0.333735 0.281857 0.330946 0.287055 0.334876 0.288956 0.340834 0.288322 0.347553 0.286801 0.352370
1 0.331995 0.348834 0.327124 0.349629 0.325633 0.345056 0.325533 0.339488 0.328615 0.335810 0.332891 0.333921 0.336171 0.335313 0.338458 0.338295 0.337165 0.343962
1 0.364072 0.392196 0.362210 0.391575 0.361308 0.389432 0.362605 0.387627 0.364692 0.386894 0.366441 0.387853 0.366441 0.389939
1 0.234279 0.283398 0.228355 0.283898 0.226161 0.281575 0.220610 0.274863 0.225387 0.267247 0.232357 0.266602 0.237262 0.270990 0.238553 0.279381
1 0.237569 0.268349 0.230476 0.264369 0.231514 0.255891 0.237743 0.253122 0.242415 0.257448 0.242588 0.265234
0 0.280446 0.228888 0.279369 0.219499 0.279984 0.207803 0.283217 0.201646 0.291527 0.209034 0.298453 0.210111 0.306918 0.207803 0.314306 0.208418 0.318462 0.214112 0.322001 0.220115 0.325233 0.223501 0.319692 0.237199 0.313383 0.243817 0.303687 0.245664 0.293683 0.242586 0.290450 0.241816 0.287834 0.249050 0.284756 0.248588 0.279369 0.239508
1 0.340484 0.244141 0.334783 0.244037 0.331466 0.240202 0.332398 0.234086 0.336131 0.230769 0.341521 0.232220 0.343491 0.236988 0.345460 0.240306
1 0.350599 0.236796 0.345087 0.234959 0.341675 0.228922 0.344300 0.220523 0.349155 0.219211 0.354798 0.220785 0.358735 0.226429 0.357423 0.233516
1 0.373827 0.235746 0.367528 0.237059 0.363460 0.230365 0.366347 0.223279 0.374483 0.219474 0.379470 0.221311 0.379339 0.231021 0.377633 0.232597
1 0.375927 0.250444 0.371071 0.248345 0.368578 0.242570 0.370021 0.236402 0.378552 0.231940 0.385638 0.238371 0.383801 0.246376
1 0.343469 0.273433 0.338053 0.272957 0.336343 0.268776 0.339003 0.263835 0.344799 0.264120 0.347935 0.267256 0.346604 0.270297
1 0.349452 0.301849 0.346318 0.300871 0.343929 0.298552 0.344069 0.295179 0.346037 0.292578 0.348146 0.292086 0.351097 0.293000 0.352011 0.296232 0.351589 0.298763
0 0.363284 0.295202 0.359994 0.294502 0.357895 0.292052 0.353835 0.290932 0.349984 0.288272 0.347744 0.284072 0.348654 0.280152 0.352364 0.275952 0.354255 0.275672 0.355864 0.277282 0.357194 0.280292 0.362234 0.280502 0.364895 0.277352 0.372175 0.271822 0.377774 0.272312 0.379875 0.275882 0.377915 0.280222 0.372805 0.280152 0.371125 0.285472 0.367484 0.291212
1 0.358623 0.260284 0.355284 0.259192 0.353101 0.256688 0.353872 0.252450 0.357596 0.248790 0.359650 0.248597 0.363375 0.249945 0.364596 0.252321 0.363504 0.257716
1 0.334771 0.180279 0.331596 0.176574 0.330562 0.172005 0.333838 0.166745 0.339098 0.166142 0.341167 0.169591 0.342719 0.174333 0.340735 0.179938
1 0.345573 0.163336 0.342693 0.161536 0.338613 0.158655 0.338973 0.150855 0.342813 0.147615 0.347373 0.150976 0.349653 0.154455 0.349894 0.159855
1 0.359235 0.194778 0.345757 0.190903 0.342099 0.182854 0.345465 0.172169 0.352490 0.168510 0.360247 0.170559 0.366395 0.176120 0.365809 0.191488
1 0.407854 0.184186 0.394072 0.182169 0.383988 0.169396 0.387350 0.150572 0.402139 0.158976 0.417937 0.165026 0.420290 0.182841
1 0.388379 0.144659 0.381232 0.142460 0.376559 0.130640 0.373260 0.117445 0.369137 0.112222 0.384806 0.104250 0.394427 0.110848 0.398275 0.130915
1 0.415835 0.149133 0.410641 0.147213 0.408043 0.141905 0.413464 0.138179 0.417643 0.141453 0.418207 0.145632
1 0.413628 0.130295 0.409882 0.128462 0.409563 0.123918 0.411954 0.120970 0.415939 0.121368 0.416577 0.124716 0.417294 0.127106
1 0.425074 0.110753 0.421429 0.110677 0.419303 0.107563 0.418619 0.103993 0.420821 0.100272 0.424923 0.099285 0.428947 0.099513 0.431226 0.101563 0.430163 0.106651
1 0.454900 0.162560 0.449178 0.161679 0.443308 0.156983 0.442134 0.147886 0.444775 0.142457 0.449911 0.141283 0.455634 0.145245 0.459009 0.150674 0.462236 0.154343
1 0.497244 0.150617 0.492764 0.151736 0.486682 0.141534 0.491194 0.133489 0.499435 0.134471 0.504731 0.140553 0.501985 0.149382
1 0.487074 0.124856 0.482107 0.124810 0.479650 0.121177 0.479223 0.115942 0.483924 0.112845 0.488090 0.114874 0.490439 0.117973
1 0.526563 0.176948 0.521271 0.176771 0.514919 0.175184 0.517212 0.158069 0.524446 0.156834 0.531680 0.158951 0.535562 0.163892 0.537149 0.170597
1 0.499730 0.173555 0.494555 0.172778 0.492226 0.166437 0.493520 0.159319 0.497014 0.155179 0.502319 0.157767 0.505555 0.161261 0.504390 0.168119
0 0.595285 0.186768 0.589467 0.182517 0.583873 0.181174 0.577384 0.180056 0.567763 0.183188 0.559260 0.172671 0.565524 0.160588 0.579397 0.153428 0.580293 0.137317 0.593047 0.133513 0.606249 0.135975 0.609829 0.145372 0.609382 0.158574 0.615647 0.169763 0.616989 0.180056 0.611619 0.189900
1 0.548783 0.227653 0.541910 0.223773 0.540691 0.215016 0.546455 0.211357 0.551000 0.211690 0.553550 0.216900 0.552996 0.223552
1 0.566853 0.226988 0.562196 0.225104 0.561975 0.218230 0.566409 0.211801 0.571729 0.210914 0.574834 0.215349 0.574612 0.221557 0.574279 0.225769
1 0.591995 0.228197 0.586330 0.226309 0.582284 0.220104 0.584037 0.212687 0.590916 0.209450 0.596985 0.212417 0.597659 0.220510 0.594692 0.226579
1 0.638043 0.223559 0.629740 0.217476 0.628230 0.205556 0.631098 0.197407 0.636832 0.194541 0.639850 0.203443 0.640755 0.212949 0.639246 0.221701
1 0.683943 0.200515 0.680509 0.199628 0.678071 0.194090 0.682725 0.189437 0.686270 0.191874 0.688596 0.194865
1 0.669727 0.189844 0.665809 0.189903 0.662843 0.187227 0.663132 0.182668 0.665881 0.180426 0.669354 0.181728 0.671235 0.184260 0.671235 0.188384
1 0.675478 0.174196 0.670451 0.173093 0.667876 0.166473 0.669838 0.160098 0.677071 0.155929 0.681853 0.159239 0.682834 0.165246 0.679523 0.169905
1 0.666856 0.162433 0.660582 0.162040 0.658752 0.155766 0.661759 0.148969 0.667249 0.145569 0.673523 0.146615 0.674046 0.153936 0.669863 0.160603
1 0.659798 0.148838 0.655745 0.148838 0.652608 0.145831 0.651170 0.139426 0.654438 0.134589 0.662674 0.134459 0.666464 0.138772 0.663458 0.144263
0 0.634669 0.168515 0.625826 0.164757 0.616983 0.156135 0.615878 0.141322 0.620299 0.128500 0.630469 0.125184 0.637543 0.130932 0.644396 0.142428 0.645723 0.156576
1 0.537728 0.056681 0.532012 0.059943 0.526979 0.057931 0.518728 0.056724 0.513695 0.054510 0.516312 0.043237 0.524363 0.040420 0.532616 0.039011 0.541673 0.035388 0.544290 0.042433 0.543283 0.048270
1 0.574481 0.059742 0.564688 0.057840 0.559265 0.057412 0.553555 0.052273 0.553698 0.043709 0.554840 0.035858 0.559836 0.033860 0.563689 0.036287 0.566401 0.040568 0.571825 0.043138 0.580817 0.040997 0.585528 0.044708 0.585386 0.051845 0.581389 0.056412
1 0.602777 0.059425 0.593822 0.055558 0.589345 0.039683 0.601149 0.036426 0.612344 0.037647 0.612140 0.049859 0.608884 0.059832
1 0.583174 0.009583 0.579651 0.008380 0.579651 0.002881 0.582400 0.000390 0.587298 0.003998 0.587040 0.006317
1 0.580924 0.019704 0.577620 0.020438 0.576702 0.014932 0.580282 0.012729 0.582668 0.015299 0.582393 0.017776
1 0.580226 0.030213 0.576666 0.030022 0.575077 0.027353 0.577429 0.024429 0.581052 0.024238 0.581242 0.028115
1 0.651954 0.115634 0.645414 0.112790 0.641149 0.099141 0.653945 0.092601 0.663328 0.096866 0.665035 0.102269 0.660485 0.111937
1 0.627216 0.100848 0.619594 0.100677 0.616035 0.095105 0.620522 0.087833 0.627486 0.086285 0.630735 0.091082 0.629652 0.098201
1 0.626712 0.117234 0.620059 0.115687 0.619439 0.107331 0.624700 0.102069 0.630426 0.104700 0.631974 0.109343 0.630581 0.115378
1 0.596236 0.117840 0.589329 0.119566 0.586644 0.109974 0.589138 0.100764 0.597771 0.100572 0.602185 0.106712 0.603144 0.113618
1 0.597771 0.085990 0.594800 0.087807 0.591838 0.088136 0.588655 0.084734 0.589533 0.079249 0.592386 0.078151 0.595568 0.079249 0.598311 0.081224
1 0.575411 0.078462 0.571469 0.076595 0.569601 0.071096 0.570431 0.066012 0.575930 0.064870 0.579250 0.067464 0.579977 0.073481 0.579043 0.077113
1 0.554848 0.077302 0.549982 0.076553 0.548983 0.070190 0.552852 0.064950 0.559714 0.063827 0.562084 0.068568 0.560088 0.074557
1 0.538753 0.077676 0.534761 0.075680 0.532141 0.069815 0.535135 0.064201 0.541997 0.061831 0.546738 0.067694 0.545365 0.075929
1 0.559327 0.135716 0.556158 0.134019 0.552990 0.130851 0.555140 0.125871 0.560232 0.126438 0.562495 0.130511 0.562608 0.133905
1 0.482271 0.154953 0.478764 0.153653 0.478894 0.145729 0.483700 0.145340 0.485909 0.148457 0.487078 0.150536
0 0.261425 0.210014 0.256395 0.208577 0.253281 0.198996 0.247293 0.195164 0.237234 0.196841 0.230768 0.194686 0.235558 0.183907 0.245377 0.181752 0.256635 0.183668 0.267892 0.186062 0.268850 0.199235 0.268850 0.199235
1 0.263911 0.264556 0.255591 0.264168 0.249785 0.256622 0.249398 0.247333 0.258493 0.236497 0.265460 0.239593 0.269523 0.248107 0.268556 0.259718
1 0.287690 0.277121 0.285066 0.280354 0.279271 0.282860 0.272380 0.281921 0.267682 0.276282 0.271127 0.270957 0.280211 0.266415 0.289295 0.268295 0.288199 0.273307
1 0.320651 0.285910 0.315066 0.276803 0.314922 0.267254 0.320210 0.262553 0.323589 0.268576 0.326086 0.275627
1 0.394879 0.310587 0.390821 0.310408 0.386248 0.309138 0.382563 0.303040 0.383453 0.297069 0.389551 0.293131 0.395395 0.296180 0.397935 0.300753 0.398570 0.306597
0 0.429821 0.298381 0.423500 0.299339 0.410474 0.299147 0.399556 0.297231 0.393617 0.290719 0.388062 0.283822 0.385188 0.273670 0.391701 0.270222 0.399363 0.276543 0.406260 0.283439 0.416029 0.285930 0.426757 0.292635
1 0.422744 0.264988 0.418724 0.265423 0.415356 0.260969 0.418289 0.255754 0.423179 0.254885 0.426764 0.258253 0.426655 0.262381
1 0.397358 0.329018 0.395375 0.329134 0.393741 0.326392 0.395608 0.323183 0.397242 0.323592 0.398700 0.326042
1 0.427468 0.379148 0.420546 0.380722 0.415354 0.376002 0.413309 0.369395 0.418343 0.364518 0.426682 0.365462 0.434547 0.364675 0.435177 0.371598 0.433918 0.375845
1 0.459707 0.439898 0.452255 0.434791 0.453507 0.428870 0.460452 0.425910 0.464779 0.429668 0.464438 0.435588
1 0.444693 0.425587 0.440489 0.425001 0.438143 0.419721 0.441858 0.414832 0.447627 0.416689 0.450071 0.420796 0.448507 0.423339
1 0.462063 0.408400 0.457892 0.408080 0.455967 0.403267 0.458534 0.399523 0.464951 0.400807 0.464310 0.405299
1 0.500896 0.458233 0.498283 0.458621 0.495863 0.454556 0.498187 0.450686 0.501090 0.450395 0.502831 0.452911 0.502541 0.456298
1 0.500412 0.469072 0.497810 0.467631 0.497147 0.464189 0.498670 0.462534 0.501119 0.462534 0.502707 0.463858 0.502840 0.466241
1 0.502178 0.481465 0.499597 0.481994 0.497015 0.478685 0.497479 0.475574 0.499928 0.474448 0.502773 0.476501 0.503898 0.479148
1 0.490511 0.209893 0.478148 0.210869 0.477604 0.197342 0.483074 0.187893 0.490037 0.192120 0.491778 0.204306
1 0.485181 0.240036 0.481729 0.239687 0.478099 0.233417 0.480078 0.225332 0.487173 0.224838 0.493607 0.221868 0.497237 0.226817 0.493937 0.231107
1 0.459858 0.241622 0.454458 0.241622 0.451813 0.237984 0.453466 0.232143 0.459308 0.230820 0.462725 0.232805 0.463937 0.238866
1 0.453024 0.259918 0.446963 0.258265 0.442113 0.252533 0.447073 0.245921 0.451813 0.245039 0.456662 0.247573 0.457434 0.252975 0.457323 0.256281
1 0.431718 0.229159 0.427135 0.227632 0.425034 0.217893 0.427325 0.216365 0.429617 0.214838 0.439929 0.215792 0.440311 0.225531
0 0.373066 0.095569 0.366759 0.085942 0.356800 0.084282 0.344517 0.083286 0.338209 0.073991 0.354808 0.064364 0.374063 0.066687 0.390329 0.072663 0.390329 0.090258
1 0.487078 0.107145 0.484206 0.107667 0.481073 0.106013 0.480203 0.101836 0.482030 0.100096 0.485859 0.100270 0.486773 0.100748 0.487687 0.101227
1 0.487687 0.094961 0.485076 0.095396 0.482813 0.091479 0.484119 0.087650 0.487948 0.088173 0.491081 0.089826 0.489428 0.093308
1 0.488318 0.081160 0.486741 0.083762 0.484368 0.083432 0.483182 0.082179 0.482654 0.076707 0.486478 0.075587 0.488587 0.077894
1 0.500879 0.100164 0.497710 0.101584 0.495397 0.100565 0.494159 0.096302 0.496085 0.092313 0.499111 0.091419 0.501794 0.094583 0.501931 0.099328
1 0.512420 0.298726 0.507758 0.297094 0.502396 0.293598 0.498200 0.287770 0.505893 0.281941 0.511487 0.285438 0.515684 0.291499
1 0.520255 0.242224 0.517117 0.242628 0.514232 0.241772 0.511775 0.238781 0.514660 0.234079 0.518827 0.230980 0.522994 0.231515 0.526200 0.234079 0.524704 0.239102
1 0.550931 0.237766 0.548925 0.236818 0.547142 0.233086 0.548702 0.230300 0.551488 0.229575 0.553717 0.230300 0.554608 0.234534 0.553271 0.236986
1 0.591499 0.264665 0.584743 0.262098 0.581365 0.253450 0.582312 0.245344 0.590147 0.242506 0.596228 0.242776 0.600416 0.248856 0.601902 0.254261 0.601497 0.263043 0.598390 0.265881
1 0.606577 0.289487 0.595755 0.286079 0.591347 0.279283 0.593918 0.269915 0.602734 0.267527 0.608245 0.276160 0.610634 0.285528 0.608429 0.290487
1 0.574219 0.352320 0.566019 0.350782 0.562431 0.341387 0.569947 0.336774 0.578660 0.335920 0.582418 0.343437 0.579002 0.351808
1 0.571144 0.333187 0.562772 0.334895 0.557306 0.329600 0.554743 0.319521 0.558160 0.314054 0.567214 0.314054 0.573193 0.316445 0.575756 0.325328 0.573193 0.329771
1 0.596559 0.312753 0.590029 0.312193 0.585738 0.303052 0.580328 0.293165 0.584060 0.285889 0.589843 0.286262 0.595439 0.292418 0.601223 0.296896 0.602342 0.309208
1 0.563981 0.306021 0.556622 0.307247 0.549507 0.302095 0.551961 0.287130 0.563981 0.284431 0.567662 0.293018 0.567171 0.301113
1 0.692231 0.265891 0.689562 0.258215 0.687964 0.245654 0.690300 0.236521 0.698584 0.229298 0.708993 0.234396 0.712816 0.246079 0.711755 0.255214 0.705169 0.261374
1 0.676918 0.268596 0.671183 0.265409 0.668421 0.255851 0.675431 0.250328 0.684140 0.253938 0.686052 0.262224
1 0.685758 0.305126 0.681222 0.302858 0.679764 0.295687 0.682781 0.291880 0.686876 0.291305 0.690108 0.293245 0.690971 0.298130 0.690037 0.303087
0 0.638996 0.322278 0.631217 0.322001 0.622327 0.314777 0.615104 0.303387 0.619271 0.287829 0.634829 0.278384 0.650108 0.278939 0.658999 0.285329 0.650942 0.297553 0.644830 0.300887 0.647887 0.313666 0.644274 0.318111
1 0.646775 0.253658 0.639986 0.253648 0.636498 0.246253 0.642080 0.241090 0.648080 0.242624 0.649336 0.248206
1 0.628164 0.255674 0.623054 0.254293 0.620430 0.246973 0.625954 0.244487 0.629407 0.246697 0.628993 0.253603
1 0.617529 0.256917 0.612972 0.255536 0.612695 0.247939 0.616148 0.247939 0.619463 0.251116 0.619463 0.255536
1 0.724286 0.244123 0.717959 0.242973 0.717672 0.236070 0.720260 0.230030 0.727019 0.231037 0.730039 0.238371
1 0.745152 0.274938 0.740684 0.274168 0.740750 0.268595 0.744385 0.265122 0.748746 0.266898 0.749797 0.271019
0 0.777924 0.276918 0.772277 0.270687 0.768188 0.260756 0.767799 0.250630 0.768383 0.240504 0.772667 0.234078 0.781430 0.236414 0.781624 0.247903 0.783571 0.259587 0.785324 0.271855 0.786298 0.278671
1 0.841837 0.285261 0.836980 0.284746 0.833717 0.280687 0.832842 0.275434 0.834513 0.271375 0.840004 0.270420 0.843347 0.272728 0.844302 0.278140 0.844143 0.283552
1 0.818397 0.287352 0.809926 0.283998 0.808337 0.274643 0.812145 0.269754 0.817462 0.266522 0.820381 0.267669 0.820381 0.272777 0.822257 0.277156 0.822466 0.284871
1 0.847980 0.240074 0.842046 0.240778 0.837621 0.237358 0.837722 0.232028 0.841543 0.230117 0.847176 0.230318 0.850293 0.232732 0.849689 0.237358
1 0.826664 0.249071 0.822273 0.248653 0.818509 0.244993 0.822691 0.239975 0.826979 0.239766 0.830847 0.244157 0.828756 0.247503
1 0.820391 0.239975 0.815581 0.238302 0.814222 0.231923 0.818404 0.229205 0.822900 0.230250 0.823842 0.234642 0.823527 0.238197
1 0.803001 0.249601 0.798882 0.249029 0.794991 0.244909 0.799568 0.238272 0.805061 0.239417 0.807578 0.245139
1 0.863629 0.260460 0.860834 0.260543 0.857464 0.256515 0.860505 0.252075 0.864862 0.253226 0.866342 0.257830
1 0.860244 0.248387 0.857670 0.248027 0.856832 0.244436 0.858448 0.242161 0.861202 0.241862 0.863117 0.244376 0.863117 0.244376
1 0.883503 0.252423 0.879298 0.253158 0.878036 0.248848 0.881296 0.242750 0.886553 0.243696 0.886553 0.247481
1 0.914238 0.257420 0.911760 0.257109 0.908508 0.253471 0.911373 0.249211 0.915555 0.247895 0.918109 0.250295 0.917258 0.254399
1 0.881393 0.283398 0.876026 0.279820 0.877637 0.268730 0.884434 0.268373 0.886580 0.274991 0.887117 0.282325
1 0.900175 0.285724 0.892841 0.286439 0.889800 0.279463 0.896776 0.275170 0.901427 0.278390 0.900354 0.284113
1 0.905746 0.238051 0.900236 0.228133 0.896931 0.210227 0.912357 0.209124 0.921449 0.216562 0.916490 0.232541 0.913185 0.238326
1 0.888391 0.213532 0.878473 0.222072 0.869657 0.215460 0.863872 0.203063 0.868830 0.194523 0.877095 0.194248 0.889217 0.198104 0.888391 0.209675
1 0.864127 0.157514 0.858560 0.153430 0.855048 0.145704 0.853644 0.135346 0.860140 0.133063 0.865759 0.139384 0.868217 0.145704 0.870147 0.152025
1 0.877369 0.162357 0.877502 0.170042 0.871672 0.176005 0.863722 0.174944 0.861470 0.168452 0.861337 0.162092 0.869154 0.159045
1 0.874587 0.174017 0.878164 0.178390 0.883332 0.177595 0.884789 0.170837 0.881609 0.169512 0.878562 0.170572 0.877635 0.169380
1 0.894462 0.185677 0.888765 0.183425 0.885187 0.177064 0.885187 0.169114 0.889560 0.163814 0.899231 0.162622 0.904267 0.169512 0.904267 0.176534 0.901617 0.182895
1 0.843827 0.149846 0.835927 0.151717 0.828649 0.145479 0.832392 0.133628 0.843619 0.131965 0.848401 0.138618 0.849025 0.145479
1 0.783312 0.154353 0.779858 0.153061 0.773992 0.149786 0.771264 0.142419 0.773582 0.136689 0.779176 0.134916 0.783541 0.137235 0.785451 0.143102 0.786270 0.150604
1 0.782779 0.181068 0.776859 0.178813 0.774322 0.173739 0.777423 0.169087 0.782779 0.167255 0.787431 0.171202 0.787290 0.177263
1 0.780665 0.207003 0.773759 0.205030 0.771222 0.198687 0.771645 0.191640 0.777282 0.187975 0.783484 0.192626 0.786726 0.198687 0.787008 0.204466
1 0.798216 0.190136 0.793694 0.187987 0.791547 0.181771 0.794712 0.174536 0.799686 0.172389 0.803303 0.176458 0.803980 0.183014 0.801381 0.187310
1 0.816009 0.175128 0.813529 0.174665 0.811112 0.172624 0.810468 0.169186 0.812348 0.166876 0.815033 0.166446 0.816859 0.168111 0.817289 0.171389
1 0.594227 0.444930 0.588065 0.442968 0.581204 0.443825 0.577345 0.436393 0.578917 0.429103 0.586350 0.424100 0.597070 0.422670 0.602502 0.425814 0.605075 0.432818 0.601216 0.441967
1 0.561678 0.431994 0.556391 0.430628 0.554960 0.423118 0.560443 0.419661 0.565808 0.422761 0.567596 0.424906 0.564854 0.431820
1 0.595812 0.412279 0.591602 0.412447 0.586046 0.408238 0.586719 0.396284 0.595979 0.394264 0.601367 0.398978 0.603220 0.407901
1 0.541923 0.395096 0.537018 0.392152 0.540550 0.378419 0.549378 0.378615 0.550359 0.385678 0.548201 0.391172
1 0.527214 0.403567 0.525021 0.401531 0.523925 0.397146 0.525961 0.394328 0.529719 0.394876 0.532303 0.397146 0.532538 0.401062
1 0.535085 0.435063 0.530570 0.431727 0.531061 0.425739 0.536459 0.424071 0.539306 0.427702 0.541171 0.431040
1 0.517356 0.400728 0.513160 0.400082 0.513591 0.393734 0.517894 0.392013 0.520368 0.394811 0.520584 0.399437
0 0.715610 0.444326 0.707677 0.441210 0.708811 0.423644 0.708226 0.409115 0.705976 0.398351 0.705976 0.388710 0.709832 0.380837 0.716901 0.381158 0.721239 0.388229 0.723489 0.395940 0.722847 0.414257 0.724453 0.422612 0.724453 0.422612 0.724453 0.422612 0.722686 0.439321
0 0.609456 0.342389 0.618967 0.334556 0.629883 0.334961 0.645508 0.339844 0.657227 0.350586 0.656250 0.360352 0.645508 0.369141 0.646942 0.383232 0.652257 0.391904 0.652257 0.391904 0.669602 0.394143 0.669602 0.394143 0.669602 0.394143 0.678554 0.394143 0.677994 0.407850 0.658691 0.411207 0.643585 0.401136 0.634073 0.386869 0.619807 0.382673 0.610016 0.363370 0.609375 0.346680
1 0.624433 0.409755 0.615869 0.408470 0.612657 0.396267 0.620150 0.393698 0.628286 0.397979 0.627644 0.406329
1 0.764602 0.319271 0.753847 0.317400 0.745195 0.313191 0.754080 0.298461 0.766706 0.300331 0.771383 0.312490
1 0.793325 0.314073 0.788631 0.312720 0.786194 0.308748 0.788090 0.304054 0.791972 0.302790 0.795131 0.305047 0.796665 0.310192
1 0.745121 0.332576 0.737456 0.335602 0.727775 0.334997 0.727775 0.322290 0.736045 0.319869 0.745928 0.321685 0.752382 0.327332
1 0.738298 0.296222 0.735423 0.293274 0.733877 0.288927 0.736969 0.286222 0.741316 0.287768 0.743538 0.294145
1 0.733884 0.170291 0.729857 0.169687 0.728549 0.165459 0.729052 0.158614 0.734790 0.157205 0.737709 0.161735 0.738212 0.166970
1 0.711413 0.184350 0.710043 0.184360 0.709169 0.182936 0.709428 0.181059 0.711110 0.180022 0.713053 0.180508 0.713700 0.182159 0.713409 0.183810
1 0.723211 0.186112 0.719354 0.184910 0.718252 0.181654 0.720756 0.178499 0.723912 0.178850 0.725465 0.180402 0.725965 0.183106 0.725865 0.184059
1 0.753308 0.188689 0.750650 0.188158 0.747993 0.183552 0.751802 0.180186 0.756939 0.181160 0.758003 0.186563
0 0.717258 0.171906 0.712585 0.175084 0.702118 0.177514 0.692959 0.174336 0.688473 0.169289 0.686604 0.161626 0.691464 0.158635 0.698006 0.162561 0.705482 0.162373 0.705482 0.162373 0.705482 0.162373
1 0.883997 0.137614 0.877062 0.136029 0.871516 0.130878 0.875874 0.122160 0.885582 0.124934 0.886375 0.133058
1 0.887766 0.159004 0.880530 0.158011 0.878401 0.153187 0.879111 0.144815 0.885779 0.142262 0.891171 0.144815 0.894860 0.148788 0.892590 0.153754
1 0.912816 0.136152 0.910889 0.135450 0.910153 0.133979 0.910038 0.132083 0.911393 0.130845 0.913521 0.131271 0.914721 0.132470 0.914488 0.135683
1 0.913188 0.125144 0.910077 0.123446 0.910855 0.119345 0.913260 0.117506 0.915522 0.118496 0.917078 0.121112 0.916654 0.123588
1 0.925611 0.118521 0.923716 0.117722 0.923506 0.115615 0.924222 0.112626 0.926496 0.112120 0.928391 0.113342 0.929191 0.115405 0.927717 0.117722
1 0.968963 0.156818 0.965474 0.155867 0.963094 0.152219 0.964839 0.148967 0.967694 0.146587 0.972374 0.146350 0.975309 0.147618 0.975467 0.153726 0.974118 0.156104
1 0.939180 0.189733 0.937989 0.188074 0.937484 0.185802 0.938892 0.184034 0.941236 0.183781 0.942318 0.185333 0.942354 0.187353 0.942427 0.187786 0.942102 0.189265
0 0.814115 0.373877 0.806701 0.371900 0.801759 0.364486 0.802253 0.352129 0.807195 0.342985 0.810545 0.341550 0.816376 0.343265 0.814775 0.350011 0.815232 0.359729 0.816604 0.368761
1 0.898223 0.307835 0.896410 0.306022 0.895824 0.302559 0.897583 0.299680 0.900621 0.298881 0.903339 0.300319 0.904139 0.303145 0.904512 0.304477 0.903925 0.306981 0.902539 0.307994
1 0.892146 0.304477 0.889002 0.303624 0.887883 0.299573 0.890388 0.296855 0.894226 0.297921 0.896357 0.299946 0.896357 0.299946 0.894972 0.304317
1 0.865203 0.306721 0.860132 0.307319 0.857699 0.305049 0.857861 0.299535 0.861673 0.297833 0.866699 0.300590 0.866699 0.305454
1 0.868722 0.319857 0.865269 0.319155 0.863630 0.315995 0.864741 0.311547 0.868253 0.309791 0.870887 0.311254 0.872116 0.315469
1 0.882787 0.321460 0.880700 0.321057 0.879556 0.317623 0.879893 0.313921 0.882854 0.311564 0.885479 0.311834 0.887096 0.314190 0.887163 0.318296 0.885884 0.320315
1 0.887972 0.336994 0.884528 0.336175 0.883573 0.331718 0.885162 0.328893 0.888517 0.328893 0.890341 0.330600 0.890459 0.333895 0.889518 0.335896
1 0.902784 0.330753 0.899444 0.329343 0.899222 0.324444 0.902784 0.322959 0.905976 0.324593 0.905530 0.328675
1 0.877170 0.380668 0.874696 0.378631 0.876006 0.374702 0.880371 0.373828 0.881463 0.376812 0.880299 0.378776
1 0.870785 0.372295 0.866320 0.368157 0.863208 0.359341 0.869432 0.352079 0.875482 0.352771 0.879286 0.359341 0.878940 0.366602
1 0.880140 0.345758 0.877021 0.345676 0.874313 0.343132 0.876282 0.339767 0.879893 0.339521 0.881288 0.342229
1 0.842291 0.439179 0.835159 0.437510 0.831973 0.429164 0.838042 0.424764 0.845629 0.426433 0.850637 0.431896
1 0.863330 0.406018 0.857226 0.410405 0.846734 0.411550 0.838723 0.405445 0.838913 0.394572 0.853602 0.389994 0.863521 0.393618 0.870960 0.395717 0.868862 0.402584
1 0.739828 0.466666 0.737711 0.464390 0.736573 0.461483 0.739038 0.458767 0.742008 0.459146 0.744472 0.462179 0.743776 0.465085
1 0.763867 0.465671 0.758345 0.463319 0.756708 0.458205 0.760186 0.452580 0.767447 0.452375 0.769697 0.458717 0.768470 0.462501
0 0.811932 0.495063 0.807341 0.490584 0.805550 0.483865 0.801183 0.480842 0.799055 0.474460 0.800623 0.467630 0.804989 0.462367 0.813275 0.461807 0.817530 0.467294 0.819098 0.473899 0.816747 0.480395 0.815627 0.486440 0.819882 0.488345 0.818314 0.493271
1 0.787755 0.493102 0.784550 0.491990 0.784157 0.488262 0.787820 0.485842 0.791025 0.487149 0.792071 0.490093 0.790240 0.491532
1 0.786512 0.485122 0.783372 0.484271 0.784092 0.480347 0.787362 0.477600 0.790960 0.477927 0.791875 0.481524 0.790502 0.484141
1 0.777485 0.491663 0.774999 0.490093 0.774542 0.486888 0.777551 0.483355 0.780494 0.485057 0.782652 0.486822 0.780887 0.490616
1 0.796614 0.522932 0.793397 0.522395 0.791253 0.518553 0.792146 0.514174 0.797240 0.512297 0.800010 0.516497 0.798670 0.521144
1 0.812477 0.444693 0.804795 0.442671 0.800311 0.438621 0.803638 0.432111 0.810437 0.429797 0.813329 0.435149 0.815644 0.440067
1 0.779229 0.434538 0.776692 0.434473 0.775977 0.431024 0.777343 0.429269 0.780336 0.430310 0.781116 0.433237
1 0.777738 0.429165 0.776312 0.428749 0.776133 0.425894 0.777679 0.424942 0.779820 0.425062 0.781010 0.427084 0.780178 0.429047
1 0.763017 0.424552 0.761519 0.424227 0.760802 0.419731 0.763798 0.419275 0.765622 0.420774 0.765296 0.423575
1 0.765603 0.416612 0.762890 0.415216 0.762562 0.410449 0.765931 0.408723 0.769629 0.409299 0.770040 0.413079 0.768643 0.415955
0 0.677786 0.374312 0.671229 0.376498 0.670864 0.364293 0.667221 0.361925 0.661209 0.367572 0.659205 0.348262 0.669771 0.339336 0.682158 0.342250 0.689627 0.349901 0.693999 0.357734 0.686530 0.360285 0.682888 0.365750
1 0.703448 0.337500 0.698654 0.336268 0.698106 0.329282 0.702216 0.326405 0.706872 0.329282 0.707146 0.335583
1 0.704949 0.363171 0.701498 0.361445 0.701826 0.357362 0.703215 0.354438 0.706505 0.354804 0.707089 0.359043 0.706066 0.362040
1 0.762472 0.370765 0.758986 0.369280 0.756684 0.366636 0.757280 0.362201 0.760777 0.359046 0.764018 0.359046 0.765639 0.363396 0.765297 0.367574
1 0.754932 0.391081 0.752710 0.390035 0.752645 0.386637 0.754735 0.385199 0.757089 0.386571 0.757677 0.388989
1 0.746064 0.445004 0.738175 0.440695 0.736774 0.432115 0.742729 0.427912 0.748857 0.430188 0.754286 0.434217 0.754110 0.440695
1 0.939485 0.262893 0.933183 0.261271 0.931742 0.250827 0.937865 0.247586 0.943447 0.250827 0.945608 0.256949
1 0.974320 0.222300 0.970082 0.221631 0.968855 0.216389 0.972313 0.213823 0.972313 0.213823 0.979786 0.216723 0.981683 0.219512
1 0.960693 0.281688 0.957279 0.279381 0.956075 0.274061 0.960392 0.270949 0.963704 0.273258 0.962600 0.279080
1 0.964137 0.245776 0.960451 0.244874 0.960902 0.240586 0.964663 0.239081 0.966394 0.241790 0.965491 0.244423
1 0.857914 0.020703 0.855623 0.020398 0.857228 0.014746 0.860588 0.013066 0.863261 0.014364 0.864941 0.016427 0.864101 0.018642 0.862268 0.019405
1 0.818838 0.061189 0.813448 0.063613 0.811169 0.058771 0.808891 0.055637 0.802054 0.057204 0.793792 0.056919 0.791086 0.049939 0.790231 0.042533 0.797638 0.036836 0.805045 0.038830 0.805045 0.038830 0.815869 0.038545 0.817863 0.045239 0.817863 0.045239 0.822279 0.054070
1 0.777514 0.051615 0.774730 0.050404 0.770010 0.048468 0.773157 0.039755 0.777271 0.037939 0.778845 0.043506 0.778845 0.048347
1 0.929150 0.059009 0.926926 0.058514 0.923820 0.056088 0.923738 0.051394 0.927115 0.051805 0.930903 0.054028 0.931728 0.057323
1 0.986519 0.070729 0.982947 0.068980 0.980104 0.065117 0.983457 0.059067 0.989288 0.058411 0.993808 0.061399 0.993370 0.067304
0 0.963882 0.000000 0.963263 0.008344 0.962335 0.020713 0.970066 0.028135 0.985837 0.029681 0.977488 0.045761 0.977488 0.045761 0.959861 0.064314 0.959861 0.064314 0.946255 0.038648 0.942235 0.023806 0.940689 0.021950 0.932649 0.030608 0.924609 0.023496 0.940689 0.000000
1 0.984142 0.000000 0.986487 0.005284 0.994303 0.004308 1.000000 0.000000
1 0.853987 0.046264 0.848905 0.045148 0.849153 0.039323 0.851756 0.035480 0.856962 0.038207 0.859812 0.044281
1 0.743941 0.025507 0.739295 0.023623 0.737160 0.017721 0.742812 0.013074 0.747960 0.015963 0.747960 0.020986
1 0.741528 0.011945 0.737749 0.011643 0.736464 0.006957 0.740621 0.004312 0.745231 0.004840 0.746743 0.007863 0.744174 0.011491
1 0.282937 0.300824 0.278278 0.299271 0.279313 0.290730 0.282937 0.291248 0.286431 0.294742 0.284489 0.298365
1 0.299192 0.291092 0.291232 0.288492 0.288633 0.279232 0.295293 0.271272 0.304554 0.272409 0.307803 0.276309 0.305203 0.285405 0.303254 0.288979
1 0.068740 0.754235 0.060988 0.751727 0.053920 0.743291 0.055972 0.730979 0.065548 0.727560 0.073983 0.734855 0.073983 0.746483
1 0.043684 0.763656 0.040460 0.762475 0.039707 0.754630 0.043361 0.751299 0.049271 0.751729 0.053354 0.754415 0.053784 0.761399 0.052709 0.763334 0.048841 0.764193
0 0.069213 0.836440 0.058184 0.833248 0.051798 0.825411 0.045412 0.829475 0.036123 0.832958 0.028577 0.835860 0.026255 0.818444 0.040478 0.805964 0.050231 0.807697 0.066044 0.811822 0.078189 0.812280 0.088960 0.807468 0.097668 0.804260 0.099272 0.811593 0.107751 0.816635 0.107751 0.827635 0.094688 0.831301 0.081627 0.832676
0 0.139265 0.828267 0.132517 0.830149 0.126554 0.826541 0.120277 0.829522 0.115256 0.828267 0.111960 0.819009 0.115569 0.813046 0.122631 0.813830 0.130006 0.815870 0.138637 0.817910 0.145228 0.818694 0.147424 0.825128
1 0.163869 0.825162 0.167219 0.821281 0.169526 0.822397 0.170941 0.825078 0.169824 0.828056 0.166847 0.827684 0.164911 0.824780
1 0.239396 0.771847 0.236598 0.768589 0.234228 0.766567 0.235552 0.764407 0.237992 0.763501 0.240013 0.763501 0.241128 0.764756 0.241407 0.768311 0.240850 0.769773
1 0.242731 0.795771 0.238340 0.795284 0.236737 0.792008 0.236877 0.786432 0.240013 0.787060 0.242383 0.790266 0.243986 0.793472
1 0.251583 0.782319 0.247610 0.779113 0.246007 0.775629 0.247959 0.772701 0.250538 0.771586 0.251653 0.773886 0.253256 0.780786
1 0.266726 0.782285 0.264134 0.781307 0.264191 0.778600 0.265056 0.776930 0.267302 0.776123 0.269202 0.777735 0.268856 0.780788
1 0.268329 0.718403 0.264361 0.718066 0.262082 0.713592 0.263938 0.708948 0.267315 0.707936 0.270692 0.709370 0.272550 0.713761 0.271621 0.716800
0 1.000000 0.361297 1.000000 0.405323 0.987698 0.458485 0.975461 0.467226 0.963661 0.462855 0.956231 0.444937 0.964098 0.416529 0.971965 0.386811 0.984201 0.373699 1.000000 0.358840
1 0.949554 0.688182 0.942583 0.685544 0.945409 0.672733 0.957278 0.669907 0.965003 0.675183 0.959728 0.684603 0.954641 0.687805
1 0.946352 0.671979 0.940511 0.667458 0.941453 0.657284 0.950685 0.653894 0.955771 0.661617 0.953134 0.667081
1 0.937685 0.651067 0.929772 0.646546 0.928830 0.636749 0.935801 0.629401 0.942395 0.632416 0.944467 0.633923 0.944467 0.647864
1 0.999646 0.729023 0.988476 0.726141 0.989557 0.704521 0.993881 0.697675 1.000000 0.692631
1 0.974063 0.753886 0.965369 0.752029 0.958297 0.741837 0.958921 0.727484 0.972025 0.724364 0.982218 0.726444 0.989082 0.730812 0.982010 0.743085 0.976810 0.750989
1 0.985583 0.810900 0.978411 0.806456 0.976427 0.799178 0.982547 0.795705 0.989328 0.799675 0.991313 0.807944
1 0.972788 0.795705 0.970412 0.795742 0.967996 0.792084 0.968756 0.787597 0.972828 0.785388 0.975935 0.788701 0.976418 0.793533
1 0.967996 0.806233 0.964200 0.806303 0.961508 0.803196 0.960956 0.798503 0.965581 0.796915 0.969032 0.798503 0.969791 0.803128
1 0.951109 0.542409 0.941650 0.544466 0.935276 0.536652 0.941856 0.525138 0.941856 0.525138 0.951932 0.530689 0.953987 0.536857
1 0.034429 0.874701 0.027903 0.869722 0.026998 0.860366 0.030771 0.852822 0.036654 0.854331 0.038314 0.861271 0.037711 0.871683
1 0.000000 0.871736 0.009336 0.873740 0.008001 0.882645 0.008891 0.891104 0.008668 0.895557 0.004661 0.897561 0.000654 0.900009
1 0.210380 0.891413 0.201083 0.891408 0.195013 0.885190 0.193236 0.876012 0.196197 0.868757 0.206856 0.869054 0.216184 0.870534 0.222253 0.878380 0.221661 0.885338 0.218700 0.890815
0 0.199491 0.974861 0.190246 0.974132 0.185137 0.961967 0.191463 0.951262 0.190732 0.936664 0.178567 0.931067 0.173945 0.917687 0.180027 0.907954 0.198032 0.907468 0.206791 0.909171 0.218712 0.907468 0.224064 0.918173 0.221146 0.931311 0.211899 0.943720 0.214819 0.958074 0.210927 0.969509
1 0.050933 0.788937 0.040625 0.793276 0.029775 0.781613 0.025978 0.766965 0.040625 0.765609 0.056900 0.764253 0.058257 0.775374 0.055815 0.781884
1 0.093488 0.791354 0.088096 0.788426 0.085322 0.779644 0.089790 0.774713 0.094875 0.778257 0.097032 0.783958 0.095953 0.788271
0 0.000000 0.753045 0.018086 0.746004 0.032168 0.726994 0.049418 0.716433 0.068780 0.721009 0.086030 0.720657 0.091311 0.700942 0.086030 0.699183 0.000000 0.698126
1 0.138174 0.942155 0.132231 0.938321 0.127056 0.934104 0.129654 0.924803 0.131917 0.919293 0.138312 0.918211 0.139787 0.922048 0.141459 0.926573 0.146378 0.929032 0.148542 0.934738 0.143820 0.940936
1 0.124342 0.925982 0.120997 0.924113 0.120801 0.918211 0.124047 0.916735 0.127981 0.919392 0.127687 0.923229
1 0.124964 0.970886 0.120239 0.967606 0.116789 0.962134 0.118455 0.954639 0.126426 0.950950 0.131779 0.954995 0.133564 0.961538 0.131542 0.966773
1 0.163993 0.966068 0.155999 0.965895 0.153914 0.955294 0.162255 0.950255 0.165904 0.955120 0.166078 0.961724
1 0.037000 0.979013 0.030503 0.977931 0.026442 0.973058 0.027796 0.966425 0.034429 0.962771 0.038219 0.966154 0.039302 0.971704 0.038896 0.976982
0 0.001150 0.932697 0.011733 0.937489 0.018322 0.941083 0.021317 0.951066 0.018322 0.962049 0.011933 0.970834 0.007141 0.974628 0.000552 0.976226 0.000000 0.980219 0.000000 0.933496
1 0.020046 0.930312 0.014889 0.928103 0.014741 0.919705 0.019456 0.915432 0.026233 0.916905 0.028591 0.922209 0.026528 0.927808
1 0.059395 0.939930 0.056128 0.940440 0.052554 0.936867 0.050308 0.931149 0.056944 0.927270 0.062254 0.928699 0.065112 0.932170 0.062866 0.937479
1 0.074607 0.930435 0.070218 0.929516 0.066950 0.925738 0.066542 0.919816 0.067154 0.914507 0.071953 0.911342 0.075936 0.911648 0.078691 0.915018 0.079917 0.918795 0.078896 0.924615 0.075017 0.930026
1 0.107451 0.937520 0.100682 0.935827 0.091144 0.931827 0.085451 0.923673 0.086527 0.915365 0.091604 0.911827 0.098528 0.912442 0.105297 0.913673 0.108374 0.919212 0.110682 0.927520 0.112221 0.933827
1 0.099999 0.974324 0.093052 0.973356 0.092660 0.966575 0.097485 0.961358 0.103875 0.963054 0.105962 0.968923
1 0.090965 0.967097 0.084313 0.967488 0.080532 0.962141 0.080141 0.955099 0.086009 0.950926 0.091226 0.953013 0.094095 0.955882 0.093834 0.961880
0 0.062640 0.999641 0.067391 0.992083 0.079698 0.987333 0.087903 0.990356 0.096973 0.994243 0.100644 1.000000 0.102803 1.000000 0.063720 1.000000
1 0.130381 0.898486 0.124589 0.897005 0.119472 0.891618 0.117721 0.882864 0.124051 0.879901 0.129303 0.883402 0.132805 0.888655 0.138326 0.893100 0.137249 0.897947
1 0.286522 0.986128 0.279371 0.988682 0.273496 0.979486 0.278349 0.965438 0.287033 0.964672 0.291631 0.973867 0.289588 0.978465
1 0.316127 0.971290 0.307141 0.968782 0.305050 0.956869 0.311947 0.953315 0.319054 0.957078 0.319890 0.964811
1 0.283575 0.951987 0.279378 0.951463 0.276007 0.946826 0.278572 0.941696 0.283596 0.941055 0.287122 0.945864
1 0.319614 0.943513 0.314483 0.942123 0.311063 0.936138 0.314057 0.931436 0.319294 0.929190 0.324104 0.931863 0.326989 0.936138 0.326348 0.940734
1 0.299736 0.961781 0.295773 0.960430 0.296224 0.953226 0.301087 0.950885 0.304059 0.953767 0.303158 0.959169
0 0.296272 0.999883 0.313423 0.983805 0.331288 0.979874 0.343794 0.990950 0.351297 1.000000
1 0.039146 0.619753 0.033032 0.618197 0.029365 0.612508 0.032147 0.606060 0.037584 0.604289 0.043147 0.608209 0.043400 0.616681
1 0.054906 0.618830 0.050102 0.615922 0.047825 0.608462 0.051113 0.602772 0.057182 0.601634 0.063883 0.604542 0.069952 0.608841 0.068940 0.616301 0.062492 0.618703
1 0.269775 0.644747 0.260703 0.638008 0.254839 0.627870 0.261612 0.616944 0.274067 0.617382 0.279312 0.627215 0.274067 0.641417
1 0.253091 0.625248 0.245880 0.621097 0.245443 0.609734 0.257680 0.601431 0.264016 0.607330 0.264016 0.614322 0.259209 0.623500
1 0.247628 0.605364 0.240854 0.608423 0.234299 0.600994 0.239762 0.589413 0.250688 0.586791 0.252872 0.595750
1 0.312760 0.568373 0.306448 0.567139 0.302469 0.566315 0.297255 0.563708 0.295334 0.556573 0.297255 0.547929 0.303704 0.545459 0.308781 0.547105 0.313446 0.552594 0.315367 0.556710 0.317837 0.561102 0.316465 0.565903
0 0.273324 0.583416 0.294814 0.591206 0.301529 0.597653 0.314692 0.600070 0.327049 0.589595 0.341018 0.574820 0.333765 0.565955 0.327854 0.563270 0.314155 0.576700 0.303947 0.579924 0.290517 0.571597 0.282457 0.564612 0.274130 0.576432
0 0.267777 0.548728 0.272259 0.558438 0.266283 0.565159 0.257818 0.561923 0.245868 0.558687 0.227942 0.543499 0.225203 0.527315 0.229685 0.515614 0.247361 0.506900 0.264790 0.508892 0.276242 0.518851 0.279479 0.526817 0.270018 0.545988
1 0.339499 0.632624 0.334383 0.632459 0.327616 0.625362 0.326625 0.615789 0.330092 0.611828 0.336693 0.613313 0.342140 0.616779 0.343955 0.624042 0.342140 0.629818
1 0.350693 0.640410 0.346808 0.638539 0.346376 0.630479 0.350838 0.626882 0.356595 0.628608 0.360769 0.632062 0.356595 0.637388
0 0.288923 0.711173 0.281098 0.707672 0.274920 0.696552 0.269978 0.683167 0.270595 0.667311 0.278009 0.665045 0.283156 0.669987 0.287275 0.676989 0.290158 0.688727 0.294070 0.703348
1 0.353434 0.742588 0.347989 0.743022 0.342350 0.739958 0.337814 0.734319 0.340021 0.727331 0.347866 0.723041 0.355222 0.726228 0.358899 0.730764 0.359390 0.735300 0.358287 0.739958
1 0.334749 0.732971 0.328130 0.731132 0.324084 0.725737 0.325800 0.716298 0.333155 0.714459 0.339898 0.716666 0.343453 0.720466 0.341492 0.730396
1 0.324409 0.717253 0.319213 0.715562 0.318488 0.709641 0.318488 0.709641 0.325496 0.703116 0.330088 0.704083 0.330088 0.704083 0.332867 0.712299 0.331538 0.714837
1 0.387155 0.788999 0.382274 0.789095 0.379499 0.784310 0.379403 0.778279 0.383614 0.775025 0.387921 0.777227 0.390888 0.780577 0.389739 0.787181
1 0.349491 0.693067 0.344533 0.691495 0.342599 0.686296 0.345259 0.681821 0.350217 0.681701 0.352030 0.685328 0.352030 0.685328 0.352514 0.690165
1 0.372973 0.682017 0.368355 0.680854 0.366400 0.676197 0.367238 0.669772 0.372546 0.666979 0.372546 0.666979 0.379902 0.670518 0.381112 0.674521 0.379250 0.678897
1 0.361983 0.697924 0.358521 0.698277 0.355481 0.696228 0.354280 0.692765 0.356117 0.688949 0.358944 0.688101 0.362266 0.689020 0.364527 0.691281 0.364386 0.695310
0 0.416260 0.722195 0.420528 0.727489 0.425479 0.734319 0.435213 0.743369 0.442726 0.746442 0.450580 0.741490 0.450580 0.741490 0.448873 0.732270 0.451434 0.726123 0.445116 0.722025 0.443067 0.721000 0.428895 0.717073 0.423431 0.716049
1 0.451213 0.796650 0.448472 0.795736 0.444639 0.793509 0.445358 0.787029 0.449678 0.783591 0.454316 0.784311 0.454316 0.784311 0.454316 0.784311 0.454956 0.794549
1 0.485614 0.776582 0.481966 0.776862 0.479347 0.771530 0.482153 0.764980 0.487018 0.765262 0.487860 0.770220 0.487673 0.774805
0 0.527500 0.854445 0.523018 0.852018 0.515920 0.849590 0.510878 0.843987 0.503034 0.842306 0.503968 0.830913 0.509197 0.826805 0.516107 0.829793 0.527126 0.830166 0.535530 0.829793 0.540199 0.842306 0.535717 0.851645
0 0.502145 0.769310 0.485837 0.763776 0.476810 0.755623 0.473023 0.752128 0.480013 0.736111 0.489623 0.746304 0.498650 0.755331 0.521947 0.775134 0.540293 0.782996 0.550485 0.792315 0.560678 0.801343 0.560678 0.812700 0.547282 0.810661 0.536216 0.802508 0.523112 0.816194 0.510590 0.809205 0.517870 0.796975 0.508260 0.787073
1 0.485070 0.807383 0.475395 0.806231 0.470096 0.798168 0.474473 0.788952 0.482767 0.790104 0.486683 0.798859
1 0.496100 0.717501 0.489790 0.714577 0.481788 0.711191 0.481634 0.700728 0.488251 0.694572 0.495176 0.696880 0.501793 0.699650 0.501793 0.699650 0.504563 0.714423
1 0.482711 0.732890 0.475940 0.730890 0.475940 0.721040 0.481941 0.719502 0.487481 0.723349 0.486251 0.729966
1 0.411840 0.694406 0.406972 0.692150 0.409466 0.686095 0.414452 0.684076 0.419439 0.686926 0.418371 0.693575
1 0.425893 0.703423 0.420948 0.699686 0.424687 0.692089 0.429510 0.693656 0.431801 0.697877 0.429871 0.703062
1 0.440000 0.717290 0.435177 0.713311 0.433127 0.708005 0.438553 0.702699 0.442652 0.702458 0.446632 0.706438 0.446993 0.711622 0.445426 0.713913
1 0.404833 0.902502 0.397257 0.897199 0.390944 0.887098 0.386146 0.873462 0.395489 0.866391 0.402055 0.870432 0.409378 0.878765 0.415187 0.887855 0.414682 0.898209
1 0.431615 0.945449 0.420270 0.937533 0.413937 0.924077 0.421061 0.917480 0.430823 0.928034 0.442697 0.938853 0.440586 0.946240
0 0.437890 0.813615 0.449468 0.807627 0.455257 0.811021 0.453062 0.820603 0.445675 0.829984 0.435494 0.832779 0.431303 0.828787 0.435095 0.816609
0 0.449570 0.929863 0.440604 0.925167 0.435693 0.916414 0.430356 0.908301 0.435053 0.898267 0.440604 0.905952 0.447222 0.913425 0.453627 0.919616 0.453413 0.928155
1 0.471747 0.890415 0.469062 0.887590 0.468339 0.884039 0.470575 0.882000 0.473731 0.882197 0.475770 0.883775 0.476361 0.886735 0.475047 0.889300
1 0.481030 0.894034 0.478269 0.892785 0.477939 0.889300 0.479979 0.887458 0.483332 0.888839 0.483332 0.892062
0 0.540413 0.934103 0.547197 0.937269 0.547649 0.944053 0.542675 0.955134 0.531594 0.961014 0.520513 0.958074 0.525487 0.946993 0.527297 0.936816 0.523679 0.935686 0.518025 0.933650 0.512598 0.935686 0.505587 0.938626 0.500838 0.936816 0.496994 0.933198 0.499934 0.921439 0.509432 0.912394 0.514407 0.914429 0.516895 0.918726 0.524357 0.920534 0.524357 0.920534 0.524357 0.920534 0.535664 0.927318
1 0.514673 0.986547 0.507866 0.984021 0.504787 0.976884 0.508007 0.970726 0.516264 0.969466 0.519202 0.973805 0.519062 0.979822 0.520042 0.982481
1 0.552642 0.976740 0.545349 0.974366 0.540262 0.965887 0.549928 0.958765 0.556372 0.959951 0.560272 0.967243 0.561120 0.974875
1 0.530073 1.000000 0.531701 0.989839 0.539116 0.987307 0.547799 0.992009 0.551959 0.996893 0.552863 1.000000
1 0.617729 0.997026 0.613911 0.996122 0.612103 0.990596 0.617127 0.984265 0.621548 0.986174 0.623256 0.989892 0.621146 0.994112
1 0.716918 0.945435 0.709249 0.941717 0.702044 0.932652 0.710875 0.922194 0.720637 0.924054 0.722728 0.933814 0.722728 0.941717
1 0.694563 0.955956 0.689988 0.951930 0.694381 0.939303 0.701151 0.939303 0.704445 0.946439 0.702799 0.953577
1 0.682668 0.941864 0.676629 0.938570 0.673335 0.929420 0.680655 0.923381 0.686512 0.925028 0.690721 0.930519 0.686694 0.937839
1 0.655405 0.964201 0.651316 0.961770 0.648554 0.953702 0.654521 0.947624 0.661594 0.947072 0.667782 0.947293 0.668335 0.954587 0.665240 0.961217
1 0.677200 0.976192 0.671482 0.974576 0.670239 0.964756 0.674466 0.959660 0.680930 0.958914 0.686398 0.962768 0.686274 0.968485 0.684410 0.974203 0.681551 0.976067
1 0.722932 0.980090 0.715850 0.974499 0.710072 0.964249 0.716036 0.959962 0.722559 0.963130 0.728336 0.967976 0.726659 0.976549
1 0.739607 0.989509 0.733492 0.987879 0.730436 0.982171 0.732474 0.976566 0.738690 0.974120 0.743480 0.976566 0.745417 0.981560 0.744296 0.986146
1 0.755539 0.981847 0.752053 0.978708 0.750135 0.973392 0.753970 0.968598 0.759287 0.969121 0.762773 0.972171 0.763122 0.977140 0.759112 0.981759
1 0.727820 0.960276 0.724626 0.955485 0.727288 0.945637 0.733543 0.947367 0.734341 0.953355 0.735272 0.957215 0.731812 0.959478
1 0.734741 0.929085 0.727915 0.927196 0.724139 0.922259 0.724139 0.914852 0.726317 0.909478 0.732708 0.906718 0.739680 0.908461 0.746215 0.911946 0.746069 0.918772 0.742584 0.924728
1 0.762137 0.942266 0.759996 0.932129 0.766277 0.926989 0.771988 0.928988 0.769133 0.938696 0.765278 0.942123
1 0.787835 0.973245 0.782695 0.970391 0.785693 0.958969 0.791404 0.959540 0.794545 0.961682 0.795973 0.967678 0.793831 0.971817
1 0.813628 0.939931 0.808957 0.936661 0.805688 0.930589 0.810241 0.926386 0.815963 0.925685 0.819699 0.927553 0.819934 0.933158 0.818999 0.938413
1 0.795106 0.937145 0.789598 0.931637 0.788873 0.921489 0.791338 0.915980 0.797570 0.914097 0.802354 0.916996 0.805108 0.921634 0.805398 0.928013 0.804238 0.934245 0.802645 0.938305
1 0.807718 0.956134 0.803406 0.953055 0.801384 0.949433 0.803911 0.945137 0.807449 0.944462 0.810734 0.945305 0.813515 0.948169 0.812167 0.951875 0.810903 0.954739
0 0.769626 0.868757 0.774179 0.880822 0.786244 0.893115 0.799447 0.901993 0.810830 0.909277 0.819253 0.915424 0.831090 0.921798 0.839319 0.916879 0.838604 0.909292 0.848864 0.907783 0.850490 0.898675 0.844735 0.896148 0.838701 0.894604 0.835613 0.887307 0.827240 0.879674 0.808245 0.866583 0.804396 0.848872 0.798235 0.843481 0.784374 0.849129
1 0.836874 0.852491 0.831391 0.850346 0.830914 0.843074 0.834132 0.839737 0.840331 0.840571 0.844025 0.842121 0.842118 0.847485
1 0.852153 0.886696 0.843310 0.882717 0.846626 0.870114 0.855912 0.862376 0.861882 0.861934 0.862103 0.871662 0.856133 0.882717
1 0.823216 0.866500 0.819954 0.866642 0.819387 0.862812 0.821939 0.860259 0.824706 0.861535 0.826266 0.863663
1 0.871832 0.861112 0.867497 0.858694 0.866497 0.852525 0.869581 0.849274 0.874083 0.850691 0.876001 0.854276 0.874250 0.859778
1 0.864259 0.835903 0.859441 0.833680 0.862282 0.824415 0.866729 0.821573 0.872535 0.824785 0.872288 0.830715 0.872658 0.834915
1 0.875896 0.815895 0.874520 0.812196 0.877874 0.809961 0.880110 0.811164 0.881486 0.814003 0.879422 0.816583
1 0.895544 0.836132 0.892921 0.832537 0.893893 0.827872 0.898362 0.826512 0.901278 0.829427 0.901181 0.834092 0.899237 0.836132
1 0.875339 0.825786 0.872169 0.823741 0.870430 0.820265 0.873191 0.816787 0.876873 0.817196 0.876873 0.817196 0.880350 0.821082 0.879430 0.824969
1 0.875787 0.807638 0.873613 0.805046 0.875034 0.801450 0.878463 0.800530 0.881473 0.802871 0.880470 0.806634 0.879466 0.807805
1 0.894744 0.822277 0.890143 0.820207 0.892674 0.813188 0.896355 0.813073 0.899116 0.815260 0.899462 0.818711 0.897966 0.820552
1 0.859103 0.800005 0.856577 0.797771 0.856223 0.792968 0.858081 0.791171 0.860746 0.790736 0.862668 0.791729 0.864155 0.793897 0.864465 0.796562 0.864713 0.798483 0.861676 0.801148 0.861428 0.801396
1 0.848839 0.787270 0.846330 0.785673 0.845475 0.782479 0.847071 0.779059 0.849865 0.776664 0.852031 0.777234 0.854198 0.778375 0.854369 0.781738 0.852031 0.786471 0.851119 0.787611
1 0.801946 0.797306 0.798000 0.792866 0.806550 0.784810 0.814113 0.785632 0.812469 0.792208 0.809181 0.795332
1 0.803766 0.743498 0.799110 0.741945 0.800532 0.733539 0.804024 0.733280 0.806870 0.736384 0.807581 0.737937 0.808293 0.739488
1 0.781150 0.725002 0.778116 0.722542 0.778280 0.716720 0.782135 0.714669 0.785579 0.716884 0.787794 0.719262 0.786810 0.723034
1 0.569846 0.787203 0.564809 0.783499 0.567624 0.774610 0.575031 0.770018 0.576661 0.776388 0.575031 0.783351
1 0.616093 0.763147 0.609376 0.757061 0.610845 0.742789 0.614203 0.729146 0.624278 0.731245 0.624278 0.731245 0.630574 0.745937 0.630574 0.745937 0.621759 0.762309
1 0.558187 0.688852 0.549926 0.684991 0.541497 0.678114 0.537282 0.665914 0.546599 0.653936 0.559242 0.651274 0.568560 0.656376 0.575436 0.663475 0.578319 0.673234 0.575879 0.683217 0.567450 0.689205
0 0.504422 0.687146 0.498904 0.683229 0.503889 0.672906 0.512609 0.663651 0.520619 0.657066 0.528806 0.655108 0.532365 0.659202 0.528450 0.665965 0.523822 0.673618 0.515991 0.684653 0.507448 0.688747
1 0.479087 0.649623 0.472909 0.647971 0.470385 0.644228 0.471517 0.637003 0.475521 0.632998 0.480657 0.632389 0.485009 0.634392 0.484748 0.641007 0.484226 0.646056 0.483529 0.647448
1 0.467600 0.660331 0.462986 0.658416 0.462726 0.654238 0.466816 0.650060 0.470473 0.651278 0.472997 0.655631 0.470733 0.661027
1 0.472609 0.618555 0.467102 0.613753 0.467385 0.605703 0.472751 0.601607 0.479812 0.605703 0.483625 0.608951 0.480659 0.617566
1 0.487180 0.678482 0.475071 0.671963 0.479495 0.657759 0.489974 0.654965 0.498123 0.662649 0.500219 0.672661 0.496959 0.676619
1 0.441729 0.620562 0.436522 0.616059 0.436522 0.605929 0.443417 0.606491 0.446653 0.611557 0.446935 0.618170
1 0.503792 0.619898 0.500080 0.615980 0.500389 0.609587 0.504102 0.606185 0.508433 0.606391 0.510082 0.612062 0.509979 0.617527 0.507917 0.619692
1 0.495646 0.609071 0.490387 0.610618 0.487809 0.605153 0.487706 0.598863 0.492759 0.594429 0.498224 0.597522 0.501317 0.600719 0.498843 0.607422
1 0.411511 0.587216 0.408664 0.584683 0.408986 0.580941 0.411760 0.578426 0.414920 0.579265 0.416726 0.581199 0.415371 0.584940 0.414727 0.586295
1 0.381437 0.542646 0.378425 0.542814 0.376361 0.539635 0.377477 0.535339 0.379764 0.534391 0.382776 0.535228 0.384840 0.537682 0.385565 0.540248 0.385397 0.542814
1 0.558098 0.521455 0.554207 0.519763 0.551788 0.515763 0.554394 0.511762 0.557277 0.511762 0.560068 0.512692 0.561371 0.517530 0.559790 0.519856
1 0.524994 0.520042 0.523877 0.515948 0.526018 0.513250 0.532902 0.515204 0.533367 0.515948 0.531320 0.521252 0.529273 0.522740
1 0.498812 0.520959 0.494900 0.518024 0.496270 0.512448 0.501259 0.511177 0.504878 0.512155 0.505660 0.516264 0.502433 0.520665
1 0.735151 0.788867 0.730531 0.786586 0.728189 0.780381 0.731468 0.772418 0.736972 0.767383 0.742943 0.768086 0.747041 0.773121 0.745870 0.782723 0.741890 0.787640
1 0.703376 0.760823 0.697922 0.757817 0.695027 0.746352 0.696141 0.736443 0.701929 0.731656 0.709388 0.731879 0.715399 0.735553 0.718516 0.739449 0.719184 0.747798 0.718516 0.753364 0.715065 0.756927 0.713173 0.758819
1 0.710714 0.847506 0.703115 0.841890 0.702784 0.831647 0.709062 0.828674 0.713356 0.833300 0.716000 0.838751
1 0.722442 0.876579 0.716165 0.874267 0.713563 0.868545 0.717854 0.863904 0.724159 0.860839 0.727399 0.863203 0.729238 0.868107 0.726437 0.872398
1 0.731644 0.835645 0.723371 0.831811 0.719739 0.823739 0.728415 0.816880 0.734468 0.821924 0.734872 0.831003
1 0.740723 0.855417 0.730836 0.850172 0.732249 0.837863 0.740723 0.835039 0.750206 0.841495 0.750206 0.850373 0.745969 0.853804
1 0.699731 0.809248 0.695800 0.807166 0.691868 0.800460 0.697650 0.794216 0.702738 0.795372 0.705282 0.803004 0.705744 0.808092
1 0.652379 0.767981 0.658602 0.759229 0.664301 0.756811 0.669481 0.759401 0.671554 0.769764 0.669309 0.777189 0.663438 0.778226 0.663438 0.778226 0.655320 0.775462
1 0.656460 0.768403 0.646993 0.771019 0.641337 0.762626 0.647175 0.753139 0.654473 0.752773 0.659399 0.759159
1 0.592338 0.663199 0.584930 0.663199 0.580641 0.658325 0.580835 0.648772 0.590193 0.645264 0.596236 0.649553 0.597991 0.657155
1 0.662723 0.674051 0.655832 0.674877 0.653352 0.659995 0.656659 0.646490 0.668785 0.642080 0.680085 0.644561 0.682842 0.663026 0.677604 0.669916
1 0.085938 0.135742 0.089844 0.137695 0.088867 0.144531 0.083008 0.141602
1 0.152344 0.128906 0.151367 0.137695 0.146484 0.138672 0.145508 0.129883
1 0.235352 0.102539 0.243164 0.104492 0.242188 0.112305 0.231445 0.111328 0.231445 0.104492
1 0.248047 0.103516 0.252930 0.103516 0.251953 0.111328 0.243164 0.110352
1 0.255859 0.102539 0.262695 0.106445 0.260742 0.112305 0.253906 0.109375
1 0.205078 0.128906 0.211914 0.131836 0.210938 0.148438 0.205078 0.149414 0.202148 0.140625
0 0.284180 0.141602 0.285156 0.149414 0.291016 0.151367 0.290039 0.159180 0.283203 0.160156 0.269531 0.155273 0.272461 0.142578
0 0.283203 0.169922 0.294922 0.168945 0.301758 0.168945 0.312500 0.167969 0.317383 0.171875 0.317383 0.178711 0.304688 0.180664 0.304688 0.180664 0.312500 0.183594 0.319336 0.185547 0.319336 0.192383 0.301758 0.189453 0.296875 0.194336 0.286133 0.192383 0.282227 0.180664
0 0.342773 0.040039 0.354492 0.043945 0.362305 0.045898 0.371094 0.052734 0.369141 0.059570 0.353516 0.055664 0.347656 0.059570 0.340820 0.052734 0.335938 0.059570 0.330078 0.063477 0.324219 0.051758 0.330078 0.047852 0.333984 0.036133
0 0.361328 0.136719 0.367188 0.138672 0.375977 0.140625 0.375977 0.149414 0.383789 0.150391 0.385742 0.163086 0.381836 0.167969 0.372070 0.166992 0.369141 0.158203 0.367188 0.151367 0.358398 0.150391
1 0.396484 0.091797 0.403320 0.093750 0.403320 0.102539 0.394531 0.100586
1 0.395508 0.062500 0.400391 0.067383 0.395508 0.075195 0.391602 0.066406
1 0.405273 0.062500 0.412109 0.066406 0.412109 0.075195 0.404297 0.073242
0 0.450195 0.166016 0.458008 0.166992 0.463867 0.163086 0.472656 0.163086 0.478516 0.158203 0.487305 0.158203 0.487305 0.167969 0.486328 0.172852 0.480469 0.168945 0.475586 0.177734 0.466797 0.176758 0.455078 0.178711 0.450195 0.175781
0 0.477539 0.000000 0.488281 0.000977 0.492188 0.012695 0.491211 0.021484 0.491211 0.030273 0.491211 0.030273 0.487305 0.039062 0.488281 0.055664 0.473633 0.057617 0.460938 0.049805 0.457031 0.041992 0.460938 0.034180 0.472656 0.035156 0.478516 0.026367 0.477539 0.007812
1 0.441406 0.034180 0.442383 0.047852 0.438477 0.049805 0.434570 0.039062 0.435547 0.033203
1 0.552734 0.164062 0.555664 0.167969 0.553711 0.173828 0.548828 0.170898 0.548828 0.166016
1 0.601562 0.066406 0.604492 0.072266 0.603516 0.079102 0.596680 0.077148 0.595703 0.069336
1 0.615234 0.068359 0.619141 0.068359 0.620117 0.074219 0.614258 0.076172 0.610352 0.071289
1 0.644531 0.163086 0.651367 0.168945 0.649414 0.175781 0.649414 0.175781 0.640625 0.172852 0.640625 0.167969
1 0.836914 0.041992 0.835938 0.049805 0.833984 0.050781 0.827148 0.049805 0.827148 0.042969
1 0.737305 0.175781 0.740234 0.179688 0.739258 0.183594 0.732422 0.180664
1 0.748047 0.166992 0.756836 0.167969 0.755859 0.175781 0.749023 0.176758
1 0.762695 0.153320 0.768555 0.154297 0.768555 0.160156 0.768555 0.160156 0.761719 0.159180
1 0.777344 0.124023 0.784180 0.125000 0.783203 0.132812 0.783203 0.132812 0.777344 0.131836
1 0.928711 0.142578 0.931641 0.149414 0.928711 0.154297 0.922852 0.148438 0.922852 0.148438
0 0.924805 0.173828 0.932617 0.181641 0.936523 0.188477 0.932617 0.194336 0.931641 0.202148 0.923828 0.197266 0.914062 0.191406 0.912109 0.183594 0.917969 0.173828
1 0.900391 0.117188 0.899414 0.123047 0.893555 0.122070 0.893555 0.116211
1 0.894531 0.126953 0.902344 0.126953 0.901367 0.134766 0.894531 0.133789
1 0.911133 0.141602 0.917969 0.141602 0.921875 0.149414 0.919922 0.152344 0.910156 0.149414
1 0.962891 0.250000 0.964844 0.255859 0.963867 0.260742 0.958984 0.256836
1 0.856445 0.272461 0.861328 0.275391 0.861328 0.275391 0.860352 0.283203 0.854492 0.282227
1 0.873047 0.288086 0.878906 0.289062 0.877930 0.294922 0.872070 0.294922
1 0.792969 0.218750 0.802734 0.218750 0.802734 0.225586 0.797852 0.227539
1 0.758789 0.210938 0.767578 0.211914 0.767578 0.217773 0.767578 0.217773 0.760742 0.216797
1 0.756836 0.130859 0.760742 0.137695 0.754883 0.142578 0.750977 0.134766
1 0.756836 0.139648 0.759766 0.143555 0.759766 0.152344 0.755859 0.151367 0.752930 0.146484
1 0.700195 0.178711 0.708008 0.185547 0.706055 0.193359 0.695312 0.191406 0.698242 0.183594
1 0.733398 0.229492 0.739258 0.233398 0.737305 0.240234 0.730469 0.237305
0 0.723633 0.271484 0.731445 0.275391 0.733398 0.282227 0.730469 0.291016 0.730469 0.291016 0.721680 0.293945 0.717773 0.288086 0.721680 0.281250
1 0.784180 0.285156 0.785156 0.290039 0.785156 0.293945 0.779297 0.291992 0.779297 0.287109
1 0.792969 0.287109 0.794922 0.290039 0.793945 0.296875 0.789062 0.292969
1 0.797852 0.288086 0.803711 0.289062 0.803711 0.294922 0.798828 0.293945
1 0.722656 0.251953 0.726562 0.258789 0.720703 0.263672 0.716797 0.257812 0.716797 0.252930
0 0.682617 0.270508 0.687500 0.269531 0.687500 0.283203 0.687500 0.283203 0.684570 0.285156 0.682617 0.291992 0.678711 0.296875 0.673828 0.288086 0.678711 0.270508
1 0.502930 0.186523 0.509766 0.187500 0.510742 0.194336 0.505859 0.197266 0.500000 0.192383
1 0.549805 0.181641 0.556641 0.184570 0.556641 0.191406 0.550781 0.190430
0 0.619141 0.258789 0.624023 0.253906 0.628906 0.256836 0.627930 0.265625 0.632812 0.273438 0.633789 0.278320 0.629883 0.284180 0.623047 0.288086 0.613281 0.288086 0.609375 0.280273 0.605469 0.268555 0.612305 0.268555
1 0.762695 0.243164 0.762695 0.253906 0.757812 0.256836 0.753906 0.248047
1 0.610352 0.244141 0.613281 0.253906 0.608398 0.259766 0.601562 0.256836 0.600586 0.249023
0 0.533203 0.273438 0.541992 0.273438 0.541016 0.280273 0.535156 0.286133 0.542969 0.289062 0.541992 0.297852 0.536133 0.297852 0.536133 0.297852 0.531250 0.292969 0.522461 0.289062 0.522461 0.280273
1 0.497070 0.241211 0.502930 0.243164 0.502930 0.250000 0.497070 0.249023
1 0.498047 0.254883 0.501953 0.255859 0.500977 0.263672 0.496094 0.262695
0 0.451172 0.259766 0.461914 0.261719 0.465820 0.266602 0.472656 0.269531 0.481445 0.264648 0.486328 0.258789 0.495117 0.260742 0.494141 0.269531 0.489258 0.268555 0.491211 0.275391 0.489258 0.280273 0.478516 0.286133 0.477539 0.290039 0.483398 0.295898 0.483398 0.295898 0.479492 0.302734 0.479492 0.302734 0.471680 0.299805 0.460938 0.303711 0.446289 0.303711 0.446289 0.287109 0.450195 0.275391
0 0.490234 0.293945 0.501953 0.291016 0.501953 0.291016 0.507812 0.300781 0.507812 0.300781 0.502930 0.302734 0.500977 0.315430 0.503906 0.318359 0.515625 0.318359 0.521484 0.323242 0.518555 0.328125 0.509766 0.326172 0.502930 0.327148 0.499023 0.333984 0.496094 0.328125 0.490234 0.326172 0.489258 0.338867 0.479492 0.337891 0.477539 0.327148 0.482422 0.315430 0.483398 0.307617 0.490234 0.306641 0.492188 0.299805
1 0.451172 0.325195 0.457031 0.326172 0.457031 0.333984 0.451172 0.334961
1 0.458984 0.340820 0.464844 0.345703 0.463867 0.354492 0.456055 0.351562 0.456055 0.351562 0.455078 0.343750
1 0.444336 0.200195 0.452148 0.200195 0.451172 0.208008 0.445312 0.210938 0.443359 0.205078
1 0.461914 0.183594 0.457031 0.184570 0.458008 0.191406 0.463867 0.189453
0 0.385742 0.192383 0.395508 0.193359 0.396484 0.203125 0.391602 0.209961 0.388672 0.212891 0.377930 0.207031 0.378906 0.213867 0.375977 0.219727 0.372070 0.216797 0.368164 0.205078 0.375000 0.195312
1 0.379883 0.307617 0.379883 0.314453 0.374023 0.315430 0.374023 0.315430 0.372070 0.307617
1 0.373047 0.321289 0.378906 0.320312 0.378906 0.328125 0.374023 0.327148
0 0.372070 0.329102 0.379883 0.332031 0.381836 0.340820 0.380859 0.349609 0.375977 0.353516 0.377930 0.358398 0.380859 0.360352 0.379883 0.369141 0.371094 0.368164 0.371094 0.368164 0.365234 0.359375 0.368164 0.349609 0.371094 0.338867
1 0.416992 0.327148 0.418945 0.333984 0.411133 0.335938 0.412109 0.329102
1 0.393555 0.346680 0.395508 0.353516 0.388672 0.357422 0.388672 0.357422 0.386719 0.350586
1 0.391602 0.360352 0.394531 0.364258 0.394531 0.369141 0.387695 0.370117 0.387695 0.363281
0 0.302734 0.289062 0.308594 0.289062 0.308594 0.298828 0.308594 0.304688 0.309570 0.311523 0.309570 0.319336 0.300781 0.316406 0.296875 0.308594 0.296875 0.299805
0 0.289062 0.335938 0.300781 0.334961 0.305664 0.345703 0.304688 0.356445 0.297852 0.362305 0.289062 0.360352 0.286133 0.347656
1 0.405273 0.309570 0.405273 0.315430 0.399414 0.317383 0.397461 0.311523
1 0.263672 0.260742 0.269531 0.266602 0.269531 0.266602 0.268555 0.277344 0.263672 0.280273 0.255859 0.273438 0.255859 0.264648
1 0.204102 0.275391 0.208008 0.280273 0.205078 0.284180 0.199219 0.283203 0.197266 0.277344
1 0.145508 0.253906 0.151367 0.253906 0.152344 0.259766 0.145508 0.261719
1 0.032227 0.350586 0.039062 0.354492 0.040039 0.362305 0.033203 0.366211 0.033203 0.366211 0.025391 0.361328 0.025391 0.354492
1 0.321289 0.379883 0.327148 0.380859 0.326172 0.387695 0.319336 0.390625 0.316406 0.383789
1 0.302734 0.395508 0.303711 0.402344 0.297852 0.406250 0.294922 0.401367
1 0.313477 0.397461 0.313477 0.404297 0.308594 0.406250 0.307617 0.400391
1 0.358398 0.371094 0.361328 0.373047 0.361328 0.378906 0.356445 0.379883 0.354492 0.375000
1 0.374023 0.378906 0.380859 0.378906 0.381836 0.384766 0.375000 0.386719
1 0.518555 0.347656 0.523438 0.350586 0.523438 0.360352 0.516602 0.362305 0.512695 0.354492
1 0.514648 0.381836 0.521484 0.386719 0.519531 0.391602 0.513672 0.392578 0.510742 0.386719
1 0.474609 0.398438 0.476562 0.405273 0.468750 0.406250 0.466797 0.401367
1 0.451172 0.396484 0.454102 0.402344 0.453125 0.408203 0.445312 0.408203 0.445312 0.398438
1 0.569336 0.380859 0.572266 0.385742 0.570312 0.392578 0.564453 0.393555 0.562500 0.386719
1 0.581055 0.380859 0.584961 0.383789 0.584961 0.390625 0.580078 0.392578 0.576172 0.386719 0.576172 0.386719
1 0.603516 0.383789 0.608398 0.384766 0.608398 0.393555 0.601562 0.392578
1 0.625000 0.414062 0.628906 0.416992 0.628906 0.421875 0.622070 0.420898
1 0.641602 0.447266 0.651367 0.446289 0.658203 0.448242 0.658203 0.454102 0.653320 0.458984 0.644531 0.458984 0.637695 0.453125
1 0.768555 0.374023 0.766602 0.383789 0.760742 0.378906 0.763672 0.374023
1 0.750000 0.398438 0.761719 0.395508 0.766602 0.399414 0.766602 0.399414 0.763672 0.402344 0.753906 0.406250 0.749023 0.403320
1 0.732422 0.392578 0.734375 0.397461 0.730469 0.401367 0.725586 0.398438 0.724609 0.393555
0 0.773438 0.346680 0.784180 0.346680 0.791992 0.350586 0.795898 0.358398 0.792969 0.367188 0.784180 0.368164 0.781250 0.375000 0.773438 0.375000 0.770508 0.364258 0.777344 0.361328 0.776367 0.356445
1 0.821289 0.448242 0.827148 0.452148 0.827148 0.457031 0.821289 0.455078
1 0.867188 0.403320 0.873047 0.403320 0.873047 0.407227 0.867188 0.407227
1 0.867188 0.408203 0.871094 0.412109 0.871094 0.412109 0.871094 0.417969 0.871094 0.417969 0.864258 0.416016
0 0.961914 0.541992 0.971680 0.544922 0.977539 0.558594 0.971680 0.577148 0.974609 0.588867 0.981445 0.595703 0.991211 0.607422 0.991211 0.635742 0.989258 0.646484 0.973633 0.652344 0.958008 0.645508 0.949219 0.625000 0.951172 0.610352 0.958984 0.595703 0.948242 0.586914 0.949219 0.566406 0.954102 0.557617
1 0.586914 0.483398 0.591797 0.491211 0.584961 0.497070 0.576172 0.489258
1 0.607422 0.483398 0.616211 0.488281 0.615234 0.495117 0.605469 0.494141 0.605469 0.494141
1 0.642578 0.510742 0.652344 0.514648 0.651367 0.524414 0.640625 0.523438 0.635742 0.514648
1 0.628906 0.465820 0.630859 0.471680 0.625977 0.475586 0.624023 0.468750
1 0.616211 0.576172 0.624023 0.578125 0.625977 0.586914 0.616211 0.587891
1 0.615234 0.590820 0.619141 0.601562 0.614258 0.605469 0.608398 0.599609 0.608398 0.592773
1 0.749023 0.510742 0.752930 0.512695 0.752930 0.518555 0.746094 0.515625
1 0.645508 0.603516 0.658203 0.605469 0.664062 0.618164 0.658203 0.623047 0.646484 0.612305
1 0.668945 0.620117 0.672852 0.624023 0.670898 0.627930 0.665039 0.625000
1 0.683594 0.633789 0.694336 0.643555 0.692383 0.651367 0.680664 0.648438 0.677734 0.637695 0.677734 0.637695
1 0.687500 0.618164 0.690430 0.622070 0.687500 0.625000 0.684570 0.620117
1 0.697266 0.625000 0.701172 0.629883 0.697266 0.634766 0.693359 0.629883
1 0.634766 0.565430 0.635742 0.573242 0.626953 0.575195 0.626953 0.575195 0.625977 0.567383
0 0.608398 0.650391 0.615234 0.647461 0.619141 0.655273 0.613281 0.664062 0.606445 0.671875 0.600586 0.677734 0.596680 0.681641 0.589844 0.678711 0.585938 0.670898 0.585938 0.663086 0.602539 0.657227
0 0.625977 0.664062 0.633789 0.662109 0.634766 0.666992 0.634766 0.666992 0.620117 0.684570 0.615234 0.686523 0.612305 0.678711 0.621094 0.672852
1 0.514648 0.636719 0.515625 0.642578 0.508789 0.648438 0.504883 0.639648
1 0.458008 0.572266 0.466797 0.571289 0.466797 0.581055 0.457031 0.583984 0.453125 0.579102
1 0.376953 0.648438 0.383789 0.653320 0.380859 0.663086 0.370117 0.662109 0.369141 0.653320
1 0.385742 0.654297 0.391602 0.658203 0.389648 0.666016 0.381836 0.664062 0.380859 0.656250
1 0.409180 0.526367 0.413086 0.533203 0.410156 0.536133 0.406250 0.532227
0 0.397461 0.577148 0.402344 0.583008 0.396484 0.591797 0.390625 0.589844 0.384766 0.584961 0.387695 0.576172 0.393555 0.572266
1 0.362305 0.613281 0.369141 0.620117 0.366211 0.627930 0.361328 0.627930 0.354492 0.621094 0.356445 0.614258
1 0.304688 0.609375 0.313477 0.615234 0.312500 0.624023 0.302734 0.623047 0.299805 0.613281
0 0.245117 0.567383 0.256836 0.566406 0.265625 0.571289 0.273438 0.581055 0.285156 0.585938 0.286133 0.592773 0.291992 0.596680 0.293945 0.606445 0.288086 0.610352 0.275391 0.600586 0.263672 0.592773 0.251953 0.588867 0.248047 0.575195
1 0.229492 0.541992 0.233398 0.551758 0.225586 0.555664 0.218750 0.548828 0.221680 0.541992
1 0.107422 0.516602 0.108398 0.526367 0.102539 0.529297 0.096680 0.521484
1 0.081055 0.592773 0.086914 0.595703 0.085938 0.602539 0.079102 0.601562 0.076172 0.595703
1 0.013672 0.537109 0.019531 0.538086 0.019531 0.543945 0.013672 0.543945
1 0.117188 0.628906 0.120117 0.632812 0.119141 0.637695 0.114258 0.632812
1 0.029297 0.680664 0.031250 0.693359 0.025391 0.698242 0.015625 0.698242 0.014648 0.684570 0.021484 0.678711
1 0.212891 0.644531 0.221680 0.650391 0.216797 0.653320 0.209961 0.647461
1 0.239258 0.668945 0.246094 0.675781 0.240234 0.680664 0.236328 0.673828
1 0.186523 0.664062 0.188477 0.668945 0.185547 0.672852 0.180664 0.667969
1 0.180664 0.675781 0.183594 0.681641 0.180664 0.685547 0.175781 0.678711
1 0.199219 0.695312 0.206055 0.697266 0.206055 0.701172 0.198242 0.701172
1 0.116211 0.682617 0.121094 0.685547 0.121094 0.689453 0.114258 0.689453
1 0.154297 0.686523 0.159180 0.690430 0.156250 0.693359 0.153320 0.690430
1 0.154297 0.659180 0.159180 0.662109 0.159180 0.666016 0.156250 0.666016
1 0.206055 0.607422 0.206055 0.614258 0.201172 0.614258 0.201172 0.607422
0 0.307617 0.624023 0.317383 0.634766 0.331055 0.644531 0.331055 0.653320 0.323242 0.657227 0.317383 0.666016 0.323242 0.674805 0.312500 0.684570 0.310547 0.692383 0.300781 0.682617 0.309570 0.676758 0.306641 0.664062 0.297852 0.656250 0.287109 0.649414 0.285156 0.639648 0.278320 0.634766 0.274414 0.625977 0.271484 0.614258 0.280273 0.617188 0.285156 0.615234 0.287109 0.618164 0.286133 0.626953 0.291016 0.628906 0.299805 0.622070
1 0.397461 0.683594 0.400391 0.691406 0.395508 0.694336 0.391602 0.687500
1 0.537109 0.709961 0.541992 0.714844 0.541016 0.721680 0.534180 0.721680 0.532227 0.714844
1 0.592773 0.728516 0.597656 0.732422 0.593750 0.739258 0.584961 0.737305
1 0.599609 0.739258 0.599609 0.739258 0.595703 0.747070 0.590820 0.742188 0.592773 0.736328
1 0.665039 0.719727 0.670898 0.724609 0.666016 0.729492 0.662109 0.725586
1 0.674805 0.774414 0.685547 0.781250 0.688477 0.789062 0.683594 0.792969 0.675781 0.790039 0.672852 0.777344
1 0.689453 0.784180 0.696289 0.787109 0.697266 0.796875 0.691406 0.800781 0.684570 0.794922 0.685547 0.782227
1 0.726562 0.763672 0.725586 0.773438 0.718750 0.776367 0.716797 0.762695
0 0.777344 0.786133 0.773438 0.792969 0.776367 0.796875 0.781250 0.793945 0.785156 0.801758 0.776367 0.809570 0.767578 0.804688 0.765625 0.790039
0 0.767578 0.817383 0.766602 0.827148 0.773438 0.833008 0.779297 0.834961 0.783203 0.839844 0.777344 0.844727 0.768555 0.839844 0.761719 0.840820 0.754883 0.829102 0.758789 0.817383 0.764648 0.814453
1 0.902344 0.873047 0.905273 0.880859 0.901367 0.884766 0.894531 0.874023
1 0.889648 0.882812 0.889648 0.889648 0.884766 0.892578 0.881836 0.885742
1 0.882812 0.894531 0.879883 0.902344 0.869141 0.903320 0.872070 0.894531 0.876953 0.894531
1 0.899414 0.888672 0.910156 0.897461 0.907227 0.904297 0.900391 0.901367 0.895508 0.893555
1 0.899414 0.901367 0.898438 0.909180 0.898438 0.909180 0.892578 0.912109 0.886719 0.906250 0.891602 0.899414
0 0.970703 0.894531 0.981445 0.895508 0.985352 0.903320 0.985352 0.915039 0.977539 0.921875 0.975586 0.931641 0.969727 0.936523 0.962891 0.927734 0.960938 0.916992 0.956055 0.919922 0.951172 0.924805 0.947266 0.916992 0.949219 0.910156 0.957031 0.904297 0.961914 0.905273
0 0.857422 0.929688 0.866211 0.930664 0.865234 0.940430 0.875000 0.939453 0.883789 0.947266 0.888672 0.954102 0.897461 0.956055 0.903320 0.948242 0.914062 0.943359 0.920898 0.944336 0.924805 0.954102 0.924805 0.960938 0.916992 0.963867 0.911133 0.957031 0.904297 0.959961 0.902344 0.968750 0.896484 0.972656 0.885742 0.966797 0.876953 0.968750 0.872070 0.961914 0.864258 0.966797 0.860352 0.958008 0.855469 0.944336 0.855469 0.944336 0.852539 0.936523
1 0.932617 0.965820 0.935547 0.973633 0.931641 0.982422 0.921875 0.987305 0.911133 0.989258 0.914062 0.978516 0.919922 0.971680 0.920898 0.965820 0.920898 0.965820
1 0.954102 0.982422 0.957031 0.989258 0.952148 0.997070 0.943359 0.994141 0.947266 0.983398 0.947266 0.983398
1 0.924805 0.986328 0.931641 0.987305 0.931641 0.994141 0.926758 0.996094 0.922852 0.992188
1 0.929688 0.934570 0.935547 0.939453 0.933594 0.945312 0.926758 0.941406
0 0.813477 0.968750 0.817383 0.975586 0.826172 0.980469 0.834961 0.987305 0.837891 0.993164 0.837891 1.000000 0.790039 1.000000 0.787109 0.994141 0.794922 0.989258 0.801758 0.981445 0.806641 0.974609 0.809570 0.970703
1 0.839844 0.968750 0.845703 0.971680 0.843750 0.975586 0.837891 0.975586
1 0.848633 0.971680 0.855469 0.973633 0.855469 0.978516 0.850586 0.981445
1 0.772461 0.969727 0.778320 0.971680 0.777344 0.979492 0.772461 0.979492 0.769531 0.973633
1 0.775391 0.980469 0.780273 0.984375 0.777344 0.991211 0.770508 0.988281 0.770508 0.983398
1 0.697266 0.984375 0.705078 0.985352 0.708008 0.991211 0.703125 0.996094 0.696289 0.991211
1 0.746094 0.978516 0.755859 0.980469 0.755859 0.988281 0.748047 0.991211 0.748047 0.991211 0.741211 0.987305
1 0.704102 0.955078 0.706055 0.962891 0.701172 0.966797 0.696289 0.959961
0 0.706055 0.878906 0.711914 0.881836 0.711914 0.890625 0.703125 0.898438 0.695312 0.904297 0.689453 0.908203 0.686523 0.899414 0.697266 0.891602 0.703125 0.883789
1 0.750977 0.872070 0.751953 0.877930 0.745117 0.883789 0.739258 0.878906 0.744141 0.870117
1 0.653320 0.895508 0.656250 0.901367 0.652344 0.912109 0.640625 0.911133 0.641602 0.897461
1 0.696289 0.916992 0.700195 0.925781 0.697266 0.931641 0.697266 0.931641 0.689453 0.923828
0 0.640625 0.920898 0.637695 0.931641 0.627930 0.936523 0.622070 0.933594 0.613281 0.927734 0.618164 0.920898 0.625000 0.920898 0.634766 0.917969
1 0.574219 0.905273 0.583008 0.912109 0.582031 0.916016 0.573242 0.916016 0.570312 0.910156
1 0.601562 0.894531 0.601562 0.902344 0.595703 0.903320 0.593750 0.895508
1 0.620117 0.881836 0.629883 0.882812 0.632812 0.891602 0.626953 0.894531 0.622070 0.890625
0 0.608398 0.867188 0.623047 0.858398 0.632812 0.861328 0.641602 0.873047 0.645508 0.875977 0.654297 0.867188 0.654297 0.867188 0.665039 0.867188 0.659180 0.861328 0.660156 0.850586 0.666992 0.844727 0.676758 0.844727 0.678711 0.852539 0.670898 0.863281 0.670898 0.863281 0.666016 0.872070 0.664062 0.880859 0.666016 0.887695 0.658203 0.894531 0.643555 0.886719 0.627930 0.877930 0.621094 0.874023 0.614258 0.880859 0.606445 0.878906
0 0.613281 0.802734 0.623047 0.801758 0.625000 0.809570 0.629883 0.808594 0.630859 0.814453 0.630859 0.814453 0.623047 0.824219 0.621094 0.833008 0.612305 0.838867 0.608398 0.842773 0.608398 0.842773 0.610352 0.848633 0.604492 0.853516 0.599609 0.853516 0.597656 0.844727 0.584961 0.839844 0.582031 0.831055 0.583008 0.820312 0.597656 0.823242 0.602539 0.811523
1 0.578125 0.837891 0.589844 0.845703 0.592773 0.853516 0.582031 0.855469 0.573242 0.848633 0.563477 0.848633 0.565430 0.840820
1 0.574219 0.852539 0.577148 0.862305 0.570312 0.866211 0.561523 0.864258 0.560547 0.851562
1 0.590820 0.793945 0.590820 0.799805 0.586914 0.798828 0.585938 0.792969
1 0.586914 0.799805 0.588867 0.803711 0.587891 0.808594 0.582031 0.807617 0.583008 0.800781
1 0.676758 0.750977 0.678711 0.757812 0.674805 0.763672 0.665039 0.759766 0.665039 0.750000
0 0.568359 0.686523 0.578125 0.692383 0.587891 0.702148 0.597656 0.708984 0.597656 0.715820 0.590820 0.712891 0.581055 0.707031 0.569336 0.699219 0.559570 0.695312 0.560547 0.686523
1 0.442383 0.758789 0.441406 0.765625 0.435547 0.764648 0.433594 0.758789
1 0.499023 0.775391 0.504883 0.780273 0.511719 0.786133 0.509766 0.794922 0.496094 0.789062 0.492188 0.780273 0.492188 0.773438
1 0.315430 0.788086 0.318359 0.794922 0.313477 0.797852 0.308594 0.791016
1 0.198242 0.810547 0.197266 0.816406 0.192383 0.815430 0.192383 0.810547
1 0.218750 0.808594 0.222656 0.811523 0.220703 0.816406 0.215820 0.814453
1 0.265625 0.822266 0.266602 0.830078 0.266602 0.830078 0.262695 0.831055 0.260742 0.824219
1 0.250000 0.821289 0.253906 0.824219 0.253906 0.830078 0.247070 0.827148
1 0.227539 0.821289 0.231445 0.822266 0.233398 0.829102 0.225586 0.826172
1 0.179688 0.810547 0.185547 0.810547 0.185547 0.815430 0.179688 0.814453
1 0.183594 0.823242 0.186523 0.824219 0.186523 0.829102 0.180664 0.826172
1 0.145508 0.807617 0.150391 0.808594 0.149414 0.813477 0.145508 0.813477
1 0.109375 0.803711 0.115234 0.803711 0.114258 0.808594 0.109375 0.808594
1 0.099609 0.798828 0.104492 0.800781 0.104492 0.805664 0.099609 0.805664
1 0.100586 0.786133 0.104492 0.789062 0.103516 0.794922 0.098633 0.792969
1 0.100586 0.775391 0.104492 0.777344 0.104492 0.782227 0.099609 0.781250
1 0.111328 0.790039 0.115234 0.791992 0.115234 0.799805 0.109375 0.796875
1 0.119141 0.757812 0.119141 0.766602 0.110352 0.765625 0.111328 0.757812
1 0.117188 0.781250 0.116211 0.789062 0.116211 0.789062 0.111328 0.787109 0.111328 0.787109 0.111328 0.778320
1 0.096680 0.744141 0.105469 0.744141 0.104492 0.751953 0.097656 0.753906
1 0.069336 0.770508 0.072266 0.777344 0.071289 0.782227 0.067383 0.781250 0.064453 0.775391
1 0.041016 0.734375 0.041992 0.744141 0.037109 0.750977 0.035156 0.737305
0 0.000000 0.805664 0.008789 0.805664 0.018555 0.802734 0.024414 0.806641 0.032227 0.804688 0.033203 0.812500 0.026367 0.817383 0.021484 0.827148 0.022461 0.833984 0.011719 0.837891 0.002930 0.833984 0.000000 0.825195 0.000000 0.821289
1 0.153320 0.863281 0.154297 0.868164 0.148438 0.869141 0.148438 0.863281
1 0.159180 0.874023 0.166992 0.875000 0.166016 0.880859 0.161133 0.880859 0.156250 0.876953
1 0.087891 0.846680 0.094727 0.849609 0.094727 0.856445 0.086914 0.857422 0.083008 0.851562
1 0.152344 0.910156 0.160156 0.916016 0.158203 0.922852 0.150391 0.923828 0.148438 0.916016
1 0.242188 0.914062 0.244141 0.923828 0.242188 0.928711 0.231445 0.927734 0.224609 0.921875 0.231445 0.915039
1 0.176758 0.938477 0.177734 0.943359 0.173828 0.946289 0.169922 0.941406
1 0.113281 0.986328 0.121094 0.992188 0.125977 1.000000 0.112305 1.000000
1 0.196289 0.998047 0.206055 0.987305 0.213867 0.994141 0.212891 1.000000
1 0.163086 0.987305 0.164062 0.996094 0.156250 0.995117 0.157227 0.985352
1 0.150391 0.992188 0.142578 0.991211 0.142578 0.985352 0.149414 0.984375
1 0.130859 0.967773 0.136719 0.972656 0.132812 0.978516 0.123047 0.976562
1 0.116211 0.969727 0.118164 0.976562 0.112305 0.979492 0.108398 0.972656 0.108398 0.972656
1 0.160156 0.966797 0.165039 0.968750 0.165039 0.974609 0.158203 0.975586 0.158203 0.975586 0.156250 0.970703 0.156250 0.970703
1 0.173828 0.964844 0.178711 0.967773 0.177734 0.975586 0.169922 0.975586 0.167969 0.968750
1 0.265625 0.912109 0.266602 0.924805 0.261719 0.928711 0.256836 0.923828 0.260742 0.915039
1 0.288086 0.909180 0.291016 0.916016 0.285156 0.924805 0.275391 0.922852 0.275391 0.912109 0.280273 0.908203
1 0.271484 0.886719 0.271484 0.894531 0.267578 0.895508 0.263672 0.893555 0.265625 0.888672
1 0.355469 0.948242 0.354492 0.956055 0.348633 0.955078 0.347656 0.950195
1 0.380859 0.955078 0.377930 0.960938 0.374023 0.958984 0.376953 0.954102
0 0.340820 0.975586 0.353516 0.975586 0.360352 0.979492 0.363281 0.980469 0.379883 0.981445 0.387695 0.989258 0.395508 0.994141 0.400391 1.000000 0.379883 1.000000 0.370117 0.993164 0.360352 0.987305 0.348633 0.984375 0.343750 0.987305 0.333984 0.983398 0.333984 0.983398
1 0.453125 0.898438 0.449219 0.903320 0.443359 0.901367 0.443359 0.896484
1 0.455078 0.900391 0.457031 0.903320 0.453125 0.907227 0.448242 0.904297 0.451172 0.899414
1 0.483398 0.900391 0.481445 0.905273 0.475586 0.902344 0.475586 0.902344 0.479492 0.901367
1 0.535156 0.880859 0.532227 0.886719 0.532227 0.886719 0.526367 0.883789 0.528320 0.876953 0.532227 0.876953
1 0.566406 0.880859 0.562500 0.888672 0.554688 0.884766 0.555664 0.875977
1 0.581055 0.971680 0.579102 0.978516 0.573242 0.977539 0.570312 0.971680 0.577148 0.967773
1 0.590820 0.977539 0.590820 0.985352 0.584961 0.985352 0.581055 0.979492 0.585938 0.974609
0 0.541016 0.970703 0.537109 0.981445 0.532227 0.983398 0.532227 0.988281 0.527344 0.988281 0.519531 0.979492 0.530273 0.975586 0.537109 0.969727
1 0.966797 0.984375 0.966797 0.991211 0.958984 0.992188 0.961914 0.983398
1 0.968750 0.975586 0.976562 0.976562 0.975586 0.983398 0.968750 0.984375 0.966797 0.980469
1 0.979492 0.977539 0.986328 0.980469 0.984375 0.988281 0.978516 0.984375
1 0.975586 0.989258 0.978516 0.990234 0.975586 0.996094 0.970703 0.993164
1 0.941406 0.889648 0.945312 0.896484 0.941406 0.900391 0.937500 0.897461
1 0.952148 0.896484 0.953125 0.901367 0.949219 0.904297 0.944336 0.899414 0.947266 0.895508