0 0.000000 0.506836 0.004883 0.506836 0.008789 0.504883 0.016602 0.507812 0.024414 0.502930 0.025391 0.497070 0.034180 0.493164 0.031250 0.491211 0.035156 0.484375 0.051758 0.484375 0.043945 0.479492 0.046875 0.471680 0.061523 0.469727 0.066406 0.465820 0.067383 0.449219 0.082031 0.444336 0.088867 0.439453 0.089844 0.435547 0.108398 0.425781 0.123047 0.419922 0.117188 0.410156 0.123047 0.404297 0.130859 0.398438 0.133789 0.395508 0.141602 0.393555 0.129883 0.391602 0.141602 0.378906 0.152344 0.372070 0.159180 0.360352 0.154297 0.358398 0.148438 0.364258 0.143555 0.369141 0.134766 0.368164 0.125000 0.358398 0.125000 0.352539 0.114258 0.350586 0.109375 0.357422 0.109375 0.367188 0.108398 0.377930 0.105469 0.387695 0.098633 0.391602 0.090820 0.393555 0.083008 0.388672 0.075195 0.386719 0.076172 0.380859 0.100586 0.333008 0.095703 0.325195 0.078125 0.321289 0.068359 0.318359 0.068359 0.313477 0.078125 0.308594 0.073242 0.300781 0.066406 0.298828 0.065430 0.292969 0.060547 0.301758 0.052734 0.304688 0.047852 0.309570 0.041992 0.333984 0.034180 0.346680 0.022461 0.360352 0.010742 0.374023 0.000000 0.383789
0 0.743164 0.434570 0.750000 0.433594 0.754883 0.427734 0.753906 0.418945 0.775391 0.410156 0.781250 0.403320 0.780273 0.397461 0.787109 0.397461 0.791992 0.392578 0.800781 0.393555 0.806641 0.387695 0.818359 0.388672 0.819336 0.378906 0.827148 0.377930 0.830078 0.380859 0.838867 0.377930 0.837891 0.369141 0.846680 0.372070 0.853516 0.367188 0.853516 0.360352 0.846680 0.353516 0.839844 0.350586 0.832031 0.349609 0.823242 0.345703 0.817383 0.344727 0.813477 0.349609 0.808594 0.355469 0.801758 0.351562 0.797852 0.351562 0.796875 0.359375 0.793945 0.363281 0.791992 0.364258 0.790039 0.357422 0.780273 0.359375 0.775391 0.363281 0.773438 0.366211 0.774414 0.375977 0.768555 0.370117 0.761719 0.364258 0.757812 0.364258 0.748047 0.355469 0.742188 0.358398 0.745117 0.352539 0.738281 0.347656 0.732422 0.347656 0.725586 0.354492 0.723633 0.358398 0.724609 0.362305 0.721680 0.374023 0.721680 0.381836 0.717773 0.385742 0.719727 0.399414 0.730469 0.403320 0.732422 0.416016 0.735352 0.423828 0.737305 0.430664
1 0.089844 0.212891 0.083008 0.210938 0.080078 0.205078 0.076172 0.203125 0.077148 0.201172 0.083984 0.202148 0.082031 0.199219 0.079102 0.196289 0.084961 0.196289 0.085938 0.194336 0.093750 0.196289 0.098633 0.199219 0.096680 0.202148 0.092773 0.202148 0.092773 0.209961
1 0.079102 0.240234 0.080078 0.231445 0.085938 0.230469 0.088867 0.223633 0.083008 0.217773 0.070312 0.214844 0.070312 0.219727 0.063477 0.217773 0.058594 0.216797 0.054688 0.222656 0.053711 0.224609 0.054688 0.227539 0.053711 0.230469 0.058594 0.232422 0.059570 0.236328 0.064453 0.240234 0.068359 0.240234 0.074219 0.242188 0.078125 0.242188
1 0.042969 0.212891 0.046875 0.210938 0.045898 0.208008 0.045898 0.205078 0.051758 0.195312 0.051758 0.191406 0.049805 0.186523 0.043945 0.185547 0.041992 0.183594 0.041992 0.180664 0.038086 0.179688 0.034180 0.180664 0.032227 0.178711 0.027344 0.176758 0.022461 0.176758 0.021484 0.181641 0.017578 0.184570 0.015625 0.191406 0.016602 0.196289 0.023438 0.198242 0.025391 0.199219 0.028320 0.201172 0.027344 0.203125 0.023438 0.203125 0.022461 0.206055 0.029297 0.210938 0.034180 0.214844 0.039062 0.213867
1 0.061523 0.182617 0.067383 0.174805 0.073242 0.172852 0.075195 0.166016 0.071289 0.162109 0.070312 0.157227 0.066406 0.156250 0.061523 0.154297 0.055664 0.152344 0.050781 0.152344 0.051758 0.157227 0.056641 0.160156 0.059570 0.164062 0.059570 0.166992 0.056641 0.164062 0.054688 0.166992 0.051758 0.164062 0.043945 0.163086 0.043945 0.167969 0.041992 0.169922 0.043945 0.170898 0.045898 0.171875 0.041992 0.173828 0.042969 0.175781 0.047852 0.180664 0.054688 0.181641 0.059570 0.183594
1 0.137695 0.214844 0.132812 0.213867 0.129883 0.210938 0.129883 0.204102 0.132812 0.201172 0.136719 0.199219 0.141602 0.199219 0.146484 0.206055 0.148438 0.210938 0.143555 0.212891
1 0.153320 0.231445 0.144531 0.228516 0.144531 0.223633 0.148438 0.218750 0.151367 0.215820 0.157227 0.218750 0.161133 0.223633 0.161133 0.226562 0.156250 0.230469
1 0.163086 0.237305 0.159180 0.234375 0.159180 0.230469 0.163086 0.228516 0.166016 0.229492 0.167969 0.234375 0.166016 0.237305
1 0.168945 0.248047 0.164062 0.247070 0.163086 0.243164 0.166016 0.238281 0.171875 0.240234 0.172852 0.245117
1 0.176758 0.257812 0.172852 0.256836 0.171875 0.254883 0.172852 0.250977 0.176758 0.250977 0.179688 0.252930 0.179688 0.256836
1 0.167969 0.269531 0.163086 0.268555 0.163086 0.264648 0.165039 0.260742 0.167969 0.260742 0.172852 0.264648 0.171875 0.268555
1 0.198242 0.283203 0.192383 0.283203 0.190430 0.279297 0.193359 0.276367 0.198242 0.275391 0.203125 0.280273 0.202148 0.284180
1 0.041992 0.285156 0.039062 0.284180 0.035156 0.284180 0.033203 0.280273 0.034180 0.275391 0.037109 0.271484 0.042969 0.271484 0.045898 0.274414 0.045898 0.280273
0 0.026367 0.117188 0.030273 0.109375 0.029297 0.104492 0.033203 0.099609 0.038086 0.094727 0.043945 0.086914 0.050781 0.093750 0.061523 0.110352 0.064453 0.115234 0.068359 0.119141 0.065430 0.124023 0.061523 0.126953 0.054688 0.125000 0.052734 0.126953 0.047852 0.125000 0.043945 0.123047 0.039062 0.123047 0.029297 0.122070 0.026367 0.121094
1 0.036133 0.091797 0.033203 0.089844 0.029297 0.086914 0.028320 0.082031 0.029297 0.078125 0.034180 0.074219 0.037109 0.073242 0.041016 0.077148 0.043945 0.083008 0.041992 0.088867 0.040039 0.089844
1 0.033203 0.098633 0.035156 0.093750 0.033203 0.089844 0.029297 0.088867 0.024414 0.089844 0.019531 0.094727 0.019531 0.099609 0.022461 0.102539 0.026367 0.104492 0.030273 0.102539
1 0.024414 0.118164 0.029297 0.110352 0.027344 0.107422 0.023438 0.104492 0.019531 0.103516 0.015625 0.105469 0.012695 0.111328 0.012695 0.116211 0.017578 0.119141 0.021484 0.120117
1 0.062500 0.103516 0.058594 0.104492 0.054688 0.101562 0.052734 0.097656 0.052734 0.092773 0.054688 0.089844 0.061523 0.091797 0.063477 0.093750 0.066406 0.100586
1 0.073242 0.119141 0.068359 0.119141 0.063477 0.116211 0.063477 0.111328 0.066406 0.106445 0.071289 0.104492 0.075195 0.108398 0.079102 0.113281
1 0.085938 0.095703 0.080078 0.093750 0.077148 0.087891 0.078125 0.083008 0.080078 0.078125 0.085938 0.081055 0.089844 0.082031 0.093750 0.085938 0.093750 0.092773
1 0.201172 0.494141 0.208984 0.492188 0.215820 0.485352 0.208008 0.471680 0.205078 0.471680 0.196289 0.477539 0.189453 0.478516 0.186523 0.485352 0.191406 0.493164 0.196289 0.495117
1 0.207031 0.520508 0.195312 0.521484 0.189453 0.515625 0.195312 0.508789 0.202148 0.501953 0.208008 0.500977 0.212891 0.508789 0.212891 0.517578
1 0.292969 0.541016 0.288086 0.539062 0.286133 0.534180 0.290039 0.528320 0.296875 0.528320 0.300781 0.535156 0.298828 0.540039
1 0.250000 0.597656 0.242188 0.598633 0.238281 0.592773 0.240234 0.586914 0.244141 0.583008 0.252930 0.584961 0.256836 0.589844
1 0.333984 0.585938 0.329102 0.583008 0.332031 0.577148 0.334961 0.575195 0.340820 0.576172 0.340820 0.582031
1 0.322266 0.569336 0.318359 0.568359 0.318359 0.562500 0.321289 0.561523 0.327148 0.562500 0.327148 0.569336
1 0.313477 0.572266 0.309570 0.571289 0.307617 0.566406 0.310547 0.561523 0.315430 0.561523 0.317383 0.566406 0.317383 0.570312
1 0.251953 0.653320 0.246094 0.655273 0.241211 0.652344 0.241211 0.644531 0.245117 0.640625 0.253906 0.640625 0.259766 0.644531 0.259766 0.650391
1 0.282227 0.636719 0.277344 0.638672 0.274414 0.631836 0.277344 0.626953 0.283203 0.624023 0.289062 0.625977 0.288086 0.633789
1 0.348633 0.658203 0.342773 0.657227 0.340820 0.649414 0.341797 0.644531 0.347656 0.644531 0.353516 0.647461 0.354492 0.653320
0 0.354492 0.622070 0.355469 0.614258 0.348633 0.607422 0.343750 0.607422 0.339844 0.609375 0.335938 0.612305 0.334961 0.618164 0.329102 0.617188 0.328125 0.611328 0.325195 0.606445 0.319336 0.605469 0.312500 0.604492 0.307617 0.606445 0.309570 0.612305 0.314453 0.613281 0.315430 0.619141 0.320312 0.617188 0.322266 0.614258 0.324219 0.615234 0.323242 0.620117 0.323242 0.625000 0.322266 0.627930 0.323242 0.635742 0.332031 0.638672 0.338867 0.635742 0.338867 0.631836 0.338867 0.625977 0.339844 0.623047 0.344727 0.623047
0 0.279297 0.657227 0.290039 0.650391 0.292969 0.643555 0.287109 0.637695 0.283203 0.637695 0.278320 0.636719 0.274414 0.636719 0.270508 0.638672 0.270508 0.643555 0.275391 0.645508 0.275391 0.650391 0.275391 0.654297
1 0.326172 0.708008 0.332031 0.703125 0.336914 0.695312 0.336914 0.688477 0.333008 0.686523 0.329102 0.689453 0.325195 0.686523 0.318359 0.688477 0.315430 0.699219 0.318359 0.706055
1 0.415039 0.627930 0.420898 0.624023 0.425781 0.618164 0.422852 0.609375 0.416016 0.609375 0.409180 0.611328 0.403320 0.610352 0.403320 0.613281 0.407227 0.617188 0.405273 0.622070 0.410156 0.627930
1 0.422852 0.570312 0.430664 0.566406 0.432617 0.557617 0.425781 0.552734 0.419922 0.550781 0.415039 0.555664 0.413086 0.561523 0.412109 0.567383 0.419922 0.572266
1 0.409180 0.581055 0.404297 0.582031 0.397461 0.582031 0.391602 0.581055 0.387695 0.577148 0.388672 0.572266 0.395508 0.567383 0.407227 0.566406 0.414062 0.571289 0.415039 0.576172
0 0.209961 0.715820 0.206055 0.705078 0.201172 0.703125 0.196289 0.697266 0.188477 0.693359 0.182617 0.692383 0.178711 0.696289 0.179688 0.700195 0.174805 0.701172 0.167969 0.704102 0.166992 0.710938 0.168945 0.714844 0.175781 0.714844 0.178711 0.718750 0.178711 0.723633 0.170898 0.727539 0.171875 0.732422 0.176758 0.739258 0.183594 0.742188 0.187500 0.738281 0.183594 0.731445 0.182617 0.728516 0.189453 0.725586 0.196289 0.727539 0.193359 0.731445 0.197266 0.738281 0.202148 0.742188 0.207031 0.739258 0.210938 0.743164 0.216797 0.740234 0.208984 0.734375 0.207031 0.731445 0.203125 0.725586 0.201172 0.719727 0.206055 0.719727
0 0.276367 0.662109 0.274414 0.668945 0.272461 0.673828 0.265625 0.678711 0.259766 0.678711 0.255859 0.672852 0.254883 0.669922 0.250000 0.670898 0.246094 0.669922 0.242188 0.665039 0.245117 0.659180 0.248047 0.655273 0.256836 0.653320 0.261719 0.655273 0.268555 0.658203 0.269531 0.663086
0 0.283203 0.876953 0.279297 0.875977 0.277344 0.874023 0.273438 0.876953 0.269531 0.874023 0.269531 0.869141 0.272461 0.864258 0.278320 0.867188 0.283203 0.867188 0.284180 0.863281 0.289062 0.860352 0.292969 0.860352 0.300781 0.863281 0.304688 0.870117 0.300781 0.875000 0.300781 0.881836 0.298828 0.883789 0.295898 0.882812 0.295898 0.889648 0.291016 0.890625 0.281250 0.885742
0 0.328125 0.830078 0.329102 0.824219 0.338867 0.819336 0.345703 0.821289 0.348633 0.826172 0.347656 0.833984 0.341797 0.838867 0.334961 0.835938 0.330078 0.840820 0.324219 0.841797 0.328125 0.849609 0.325195 0.852539 0.324219 0.856445 0.316406 0.858398 0.316406 0.853516 0.321289 0.851562 0.320312 0.844727 0.311523 0.841797 0.312500 0.836914 0.316406 0.833008 0.324219 0.831055
0 0.371094 0.795898 0.378906 0.790039 0.386719 0.791992 0.388672 0.784180 0.391602 0.784180 0.392578 0.780273 0.401367 0.780273 0.400391 0.784180 0.393555 0.787109 0.387695 0.794922 0.391602 0.798828 0.405273 0.790039 0.410156 0.784180 0.407227 0.778320 0.410156 0.772461 0.410156 0.767578 0.405273 0.764648 0.406250 0.759766 0.403320 0.755859 0.410156 0.752930 0.408203 0.745117 0.401367 0.750000 0.397461 0.755859 0.398438 0.765625 0.387695 0.766602 0.383789 0.770508 0.387695 0.773438 0.386719 0.778320 0.382812 0.777344 0.379883 0.778320 0.377930 0.782227 0.372070 0.780273 0.370117 0.781250 0.369141 0.791992 0.363281 0.795898 0.361328 0.798828 0.364258 0.803711 0.374023 0.805664 0.376953 0.799805
0 0.494141 0.839844 0.483398 0.834961 0.485352 0.824219 0.478516 0.821289 0.479492 0.813477 0.485352 0.807617 0.490234 0.803711 0.497070 0.803711 0.499023 0.808594 0.498047 0.812500 0.505859 0.813477 0.508789 0.817383 0.508789 0.824219 0.506836 0.831055 0.502930 0.831055 0.500000 0.833984
0 0.443359 0.846680 0.447266 0.846680 0.451172 0.842773 0.457031 0.838867 0.459961 0.833008 0.456055 0.828125 0.447266 0.825195 0.441406 0.823242 0.434570 0.820312 0.428711 0.819336 0.424805 0.825195 0.425781 0.831055 0.426758 0.836914 0.432617 0.840820 0.437500 0.840820 0.438477 0.844727
1 0.449219 0.690430 0.444336 0.692383 0.438477 0.688477 0.439453 0.683594 0.444336 0.680664 0.449219 0.683594
1 0.453125 0.684570 0.448242 0.684570 0.446289 0.680664 0.448242 0.676758 0.454102 0.672852 0.458008 0.672852 0.458984 0.679688
0 0.225586 0.789062 0.221680 0.784180 0.221680 0.778320 0.228516 0.774414 0.225586 0.769531 0.231445 0.767578 0.239258 0.768555 0.240234 0.774414 0.248047 0.768555 0.254883 0.766602 0.249023 0.763672 0.245117 0.757812 0.238281 0.759766 0.233398 0.751953 0.236328 0.746094 0.242188 0.745117 0.243164 0.750977 0.244141 0.744141 0.248047 0.741211 0.255859 0.743164 0.257812 0.739258 0.266602 0.742188 0.276367 0.742188 0.286133 0.738281 0.290039 0.744141 0.288086 0.751953 0.280273 0.758789 0.274414 0.762695 0.269531 0.764648 0.270508 0.771484 0.259766 0.775391 0.244141 0.779297 0.240234 0.781250 0.238281 0.787109 0.231445 0.790039
1 0.445312 0.739258 0.453125 0.731445 0.450195 0.721680 0.450195 0.717773 0.451172 0.710938 0.439453 0.708008 0.435547 0.710938 0.429688 0.719727 0.430664 0.725586 0.432617 0.731445 0.436523 0.733398 0.441406 0.739258
1 0.318359 0.742188 0.330078 0.734375 0.328125 0.727539 0.328125 0.721680 0.335938 0.718750 0.332031 0.712891 0.329102 0.715820 0.326172 0.714844 0.318359 0.712891 0.313477 0.716797 0.315430 0.720703 0.312500 0.723633 0.306641 0.727539 0.304688 0.732422 0.296875 0.738281 0.299805 0.742188 0.310547 0.742188
1 0.500977 0.883789 0.492188 0.875977 0.487305 0.874023 0.485352 0.868164 0.486328 0.862305 0.491211 0.858398 0.499023 0.860352 0.503906 0.862305 0.508789 0.867188 0.513672 0.873047 0.510742 0.878906 0.505859 0.880859
1 0.587891 0.827148 0.582031 0.826172 0.578125 0.820312 0.580078 0.815430 0.584961 0.812500 0.591797 0.813477 0.595703 0.819336 0.596680 0.824219
1 0.603516 0.796875 0.596680 0.793945 0.596680 0.790039 0.598633 0.780273 0.607422 0.779297 0.610352 0.781250 0.610352 0.787109 0.609375 0.789062 0.610352 0.796875
1 0.587891 0.797852 0.580078 0.796875 0.579102 0.791016 0.581055 0.787109 0.582031 0.783203 0.587891 0.781250 0.593750 0.784180 0.595703 0.789062 0.594727 0.793945 0.590820 0.795898
1 0.341797 0.933594 0.334961 0.934570 0.332031 0.927734 0.333008 0.922852 0.337891 0.919922 0.345703 0.922852 0.346680 0.927734
1 0.346680 0.919922 0.340820 0.918945 0.337891 0.914062 0.338867 0.911133 0.346680 0.909180 0.353516 0.914062
1 0.416992 0.956055 0.411133 0.956055 0.406250 0.950195 0.410156 0.943359 0.413086 0.941406 0.421875 0.942383 0.422852 0.945312 0.422852 0.955078
1 0.255859 0.866211 0.258789 0.862305 0.264648 0.858398 0.268555 0.852539 0.264648 0.850586 0.264648 0.843750 0.255859 0.839844 0.250977 0.841797 0.250000 0.848633 0.246094 0.852539 0.246094 0.856445 0.246094 0.863281 0.250977 0.865234
1 0.212891 0.892578 0.206055 0.891602 0.205078 0.883789 0.205078 0.878906 0.210938 0.875977 0.214844 0.875000 0.218750 0.879883 0.218750 0.884766 0.217773 0.890625
0 0.224609 0.910156 0.233398 0.904297 0.225586 0.894531 0.218750 0.892578 0.213867 0.894531 0.213867 0.900391 0.213867 0.904297 0.208984 0.907227 0.206055 0.913086 0.204102 0.919922 0.208008 0.923828 0.213867 0.922852 0.215820 0.918945 0.217773 0.919922 0.226562 0.917969
1 0.174805 0.924805 0.182617 0.920898 0.187500 0.916992 0.180664 0.914062 0.180664 0.906250 0.177734 0.904297 0.172852 0.904297 0.166016 0.903320 0.163086 0.908203 0.163086 0.914062 0.165039 0.917969 0.171875 0.918945
1 0.196289 0.919922 0.190430 0.918945 0.186523 0.913086 0.188477 0.908203 0.194336 0.906250 0.198242 0.907227 0.204102 0.914062 0.202148 0.918945
1 0.297852 0.954102 0.291992 0.951172 0.289062 0.944336 0.291016 0.941406 0.289062 0.939453 0.291992 0.933594 0.294922 0.932617 0.300781 0.939453 0.304688 0.947266 0.304688 0.950195
1 0.305664 0.803711 0.299805 0.800781 0.299805 0.796875 0.302734 0.792969 0.309570 0.791992 0.314453 0.793945 0.313477 0.800781
0 0.332031 0.988281 0.327148 0.992188 0.319336 0.992188 0.314453 0.988281 0.310547 0.984375 0.310547 0.978516 0.315430 0.973633 0.322266 0.971680 0.330078 0.973633 0.336914 0.971680 0.341797 0.973633 0.347656 0.977539 0.347656 0.983398 0.339844 0.990234
1 0.101562 0.949219 0.094727 0.950195 0.090820 0.945312 0.092773 0.938477 0.096680 0.937500 0.104492 0.938477 0.105469 0.942383 0.104492 0.946289
1 0.208984 0.999023 0.207031 0.994141 0.200195 0.993164 0.193359 0.990234 0.186523 0.995117 0.188477 1.000000
1 0.009766 0.932617 0.003906 0.931641 0.000977 0.926758 0.004883 0.921875 0.008789 0.920898 0.014648 0.923828 0.015625 0.927734 0.012695 0.932617
1 0.039062 0.936523 0.033203 0.932617 0.031250 0.925781 0.036133 0.918945 0.043945 0.916992 0.048828 0.919922 0.049805 0.925781 0.047852 0.931641
1 0.050781 0.960938 0.044922 0.956055 0.042969 0.946289 0.044922 0.942383 0.050781 0.936523 0.055664 0.937500 0.065430 0.945312 0.064453 0.953125 0.057617 0.959961
1 0.077148 0.920898 0.072266 0.919922 0.072266 0.910156 0.076172 0.908203 0.083008 0.906250 0.087891 0.911133 0.086914 0.917969 0.083008 0.921875
1 0.032227 0.843750 0.021484 0.843750 0.014648 0.838867 0.012695 0.830078 0.016602 0.823242 0.025391 0.819336 0.033203 0.822266 0.037109 0.831055 0.037109 0.838867
1 0.131836 0.843750 0.126953 0.843750 0.125000 0.836914 0.125977 0.832031 0.132812 0.831055 0.138672 0.834961 0.136719 0.841797
1 0.109375 0.838867 0.106445 0.835938 0.107422 0.830078 0.115234 0.828125 0.117188 0.832031 0.117188 0.837891
1 0.327148 0.899414 0.321289 0.900391 0.314453 0.899414 0.314453 0.893555 0.319336 0.889648 0.327148 0.889648 0.332031 0.891602 0.333008 0.896484
1 0.554688 0.862305 0.549805 0.862305 0.547852 0.853516 0.554688 0.851562 0.559570 0.854492 0.565430 0.857422 0.558594 0.860352
1 0.544922 0.855469 0.541992 0.851562 0.542969 0.845703 0.545898 0.839844 0.552734 0.841797 0.555664 0.847656 0.554688 0.851562
1 0.553711 0.837891 0.552734 0.832031 0.555664 0.828125 0.561523 0.825195 0.566406 0.829102 0.566406 0.833984 0.558594 0.839844
1 0.534180 0.846680 0.529297 0.844727 0.532227 0.837891 0.539062 0.832031 0.540039 0.835938 0.539062 0.842773
1 0.531250 0.830078 0.525391 0.830078 0.521484 0.827148 0.522461 0.819336 0.525391 0.815430 0.530273 0.818359 0.536133 0.824219
1 0.465820 0.788086 0.458008 0.784180 0.460938 0.774414 0.469727 0.771484 0.475586 0.775391 0.472656 0.785156
1 0.486328 0.778320 0.478516 0.776367 0.480469 0.770508 0.484375 0.765625 0.489258 0.767578 0.491211 0.774414
0 0.454102 0.766602 0.460938 0.764648 0.464844 0.757812 0.461914 0.755859 0.455078 0.752930 0.452148 0.745117 0.458008 0.736328 0.462891 0.742188 0.468750 0.739258 0.472656 0.748047 0.471680 0.751953 0.479492 0.751953 0.480469 0.758789 0.473633 0.765625 0.466797 0.769531 0.458008 0.772461 0.454102 0.770508
1 0.409180 0.727539 0.404297 0.725586 0.404297 0.720703 0.405273 0.716797 0.411133 0.716797 0.416992 0.720703 0.416016 0.726562
1 0.416016 0.739258 0.410156 0.738281 0.408203 0.733398 0.413086 0.726562 0.418945 0.727539 0.422852 0.733398
1 0.342773 0.885742 0.335938 0.883789 0.337891 0.876953 0.340820 0.875000 0.349609 0.877930 0.349609 0.882812
1 0.505859 0.715820 0.498047 0.717773 0.494141 0.711914 0.495117 0.707031 0.500000 0.704102 0.506836 0.704102 0.511719 0.708008 0.512695 0.712891
1 0.603516 0.844727 0.594727 0.841797 0.595703 0.835938 0.588867 0.834961 0.590820 0.830078 0.596680 0.827148 0.601562 0.828125 0.607422 0.829102 0.612305 0.834961 0.608398 0.838867 0.609375 0.844727
0 0.517578 0.911133 0.525391 0.909180 0.529297 0.907227 0.531250 0.913086 0.524414 0.915039 0.523438 0.918945 0.530273 0.920898 0.536133 0.918945 0.540039 0.912109 0.534180 0.899414 0.533203 0.894531 0.526367 0.893555 0.522461 0.897461 0.518555 0.899414 0.515625 0.906250 0.511719 0.906250 0.509766 0.905273 0.505859 0.906250 0.504883 0.909180 0.505859 0.914062 0.509766 0.916016 0.514648 0.913086
1 0.560547 0.906250 0.566406 0.906250 0.572266 0.902344 0.569336 0.897461 0.564453 0.891602 0.556641 0.893555 0.556641 0.898438 0.554688 0.902344 0.548828 0.898438 0.546875 0.901367 0.545898 0.905273 0.550781 0.908203 0.550781 0.913086 0.559570 0.911133
1 0.287109 0.853516 0.282227 0.856445 0.274414 0.859375 0.272461 0.855469 0.276367 0.846680 0.279297 0.842773 0.282227 0.839844 0.287109 0.835938 0.291016 0.835938 0.291992 0.843750 0.291992 0.849609
1 0.215820 0.798828 0.209961 0.797852 0.205078 0.791992 0.205078 0.787109 0.208984 0.783203 0.213867 0.783203 0.216797 0.790039 0.218750 0.794922
0 0.599609 0.890625 0.603516 0.886719 0.608398 0.885742 0.613281 0.892578 0.621094 0.896484 0.627930 0.891602 0.632812 0.887695 0.636719 0.885742 0.644531 0.894531 0.643555 0.900391 0.636719 0.904297 0.628906 0.908203 0.620117 0.910156 0.612305 0.905273 0.605469 0.901367 0.600586 0.896484
1 0.516602 0.807617 0.510742 0.805664 0.508789 0.799805 0.511719 0.796875 0.516602 0.796875 0.521484 0.799805 0.520508 0.803711
0 0.502930 0.981445 0.508789 0.977539 0.514648 0.976562 0.522461 0.976562 0.523438 0.972656 0.528320 0.971680 0.527344 0.966797 0.530273 0.962891 0.526367 0.959961 0.522461 0.958008 0.517578 0.959961 0.516602 0.958984 0.516602 0.953125 0.511719 0.955078 0.510742 0.957031 0.505859 0.957031 0.503906 0.960938 0.500977 0.963867 0.502930 0.968750 0.501953 0.972656 0.500000 0.973633 0.500000 0.977539
0 0.504883 0.953125 0.512695 0.948242 0.513672 0.936523 0.514648 0.935547 0.518555 0.934570 0.518555 0.930664 0.513672 0.930664 0.511719 0.928711 0.513672 0.925781 0.512695 0.920898 0.504883 0.921875 0.504883 0.926758 0.500000 0.928711 0.498047 0.932617 0.496094 0.935547 0.495117 0.940430 0.499023 0.943359 0.499023 0.947266 0.499023 0.951172
0 0.531250 1.000000 0.534180 0.993164 0.531250 0.989258 0.530273 0.984375 0.535156 0.980469 0.538086 0.977539 0.531250 0.974609 0.526367 0.974609 0.521484 0.976562 0.523438 0.979492 0.524414 0.986328 0.516602 0.987305 0.509766 0.990234 0.507812 0.998047 0.508789 1.000000
1 0.419922 1.000000 0.418945 0.993164 0.422852 0.990234 0.428711 0.992188 0.433594 0.996094 0.433594 1.000000 0.430664 1.000000
1 0.289062 0.996094 0.283203 0.997070 0.277344 0.992188 0.282227 0.990234 0.282227 0.986328 0.288086 0.986328 0.291016 0.988281 0.291016 0.992188
1 0.237305 1.000000 0.237305 0.994141 0.243164 0.992188 0.249023 0.991211 0.250977 0.994141 0.253906 0.994141 0.254883 0.998047 0.253906 1.000000
1 0.302734 0.994141 0.298828 0.992188 0.298828 0.988281 0.301758 0.986328 0.304688 0.986328 0.305664 0.990234 0.305664 0.993164
1 0.173828 0.969727 0.169922 0.966797 0.169922 0.962891 0.174805 0.960938 0.177734 0.960938 0.181641 0.964844 0.179688 0.968750
1 0.170898 1.000000 0.171875 0.996094 0.175781 0.994141 0.178711 0.997070 0.178711 1.000000
1 0.060547 1.000000 0.061523 0.997070 0.064453 0.991211 0.072266 0.992188 0.076172 0.994141 0.080078 0.996094 0.079102 1.000000 0.077148 1.000000
1 0.232422 0.839844 0.228516 0.840820 0.224609 0.836914 0.223633 0.833008 0.224609 0.830078 0.228516 0.829102 0.232422 0.831055 0.235352 0.838867
1 0.275391 0.826172 0.272461 0.827148 0.269531 0.826172 0.269531 0.823242 0.266602 0.821289 0.270508 0.816406 0.275391 0.812500 0.275391 0.817383 0.279297 0.816406 0.280273 0.820312 0.280273 0.824219
1 0.129883 0.741211 0.126953 0.739258 0.125000 0.736328 0.125977 0.732422 0.128906 0.730469 0.134766 0.733398 0.135742 0.736328 0.132812 0.740234
1 0.131836 0.756836 0.127930 0.754883 0.126953 0.750000 0.129883 0.748047 0.132812 0.747070 0.136719 0.749023 0.136719 0.751953 0.133789 0.751953 0.134766 0.755859
1 0.073242 0.708008 0.065430 0.707031 0.066406 0.701172 0.069336 0.696289 0.073242 0.694336 0.079102 0.697266
1 0.075195 0.690430 0.071289 0.688477 0.070312 0.683594 0.074219 0.680664 0.078125 0.681641 0.081055 0.687500
1 0.098633 0.682617 0.108398 0.682617 0.108398 0.675781 0.103516 0.673828 0.098633 0.675781 0.097656 0.679688
1 0.087891 0.670898 0.086914 0.663086 0.084961 0.659180 0.081055 0.661133 0.077148 0.663086 0.075195 0.666992 0.075195 0.672852 0.076172 0.677734 0.081055 0.676758 0.083008 0.675781 0.086914 0.673828
1 0.186523 0.369141 0.181641 0.362305 0.184570 0.356445 0.193359 0.353516 0.198242 0.359375 0.196289 0.366211
1 0.177734 0.403320 0.168945 0.399414 0.169922 0.391602 0.178711 0.389648 0.185547 0.392578 0.184570 0.399414
1 0.334961 0.337891 0.330078 0.337891 0.329102 0.333008 0.332031 0.329102 0.337891 0.328125 0.340820 0.330078 0.341797 0.333984 0.338867 0.338867 0.334961 0.338867
1 0.345703 0.332031 0.340820 0.331055 0.337891 0.328125 0.337891 0.326172 0.339844 0.322266 0.342773 0.321289 0.349609 0.322266 0.354492 0.325195 0.354492 0.329102 0.350586 0.330078 0.349609 0.333984 0.346680 0.333984
0 0.477539 0.357422 0.471680 0.355469 0.468750 0.349609 0.468750 0.345703 0.473633 0.342773 0.473633 0.338867 0.468750 0.337891 0.465820 0.339844 0.460938 0.339844 0.458008 0.334961 0.457031 0.333008 0.452148 0.331055 0.452148 0.327148 0.460938 0.321289 0.465820 0.320312 0.472656 0.320312 0.480469 0.323242 0.482422 0.328125 0.485352 0.333984 0.489258 0.332031 0.497070 0.332031 0.500000 0.335938 0.500000 0.340820 0.497070 0.339844 0.496094 0.341797 0.492188 0.340820 0.490234 0.338867 0.487305 0.338867 0.480469 0.341797 0.482422 0.344727 0.486328 0.345703 0.486328 0.351562 0.483398 0.355469
1 0.509766 0.297852 0.520508 0.295898 0.526367 0.292969 0.527344 0.288086 0.529297 0.286133 0.528320 0.284180 0.524414 0.284180 0.524414 0.278320 0.518555 0.278320 0.510742 0.277344 0.505859 0.276367 0.500000 0.279297 0.497070 0.285156 0.499023 0.291992 0.501953 0.295898 0.504883 0.294922
1 0.546875 0.323242 0.558594 0.323242 0.563477 0.320312 0.568359 0.314453 0.566406 0.310547 0.561523 0.307617 0.557617 0.307617 0.555664 0.304688 0.549805 0.305664 0.543945 0.311523 0.541016 0.315430 0.542969 0.320312
1 0.523438 0.355469 0.516602 0.354492 0.514648 0.348633 0.516602 0.341797 0.523438 0.339844 0.522461 0.336914 0.528320 0.336914 0.531250 0.342773 0.531250 0.351562
1 0.516602 0.369141 0.509766 0.371094 0.504883 0.366211 0.511719 0.359375 0.518555 0.360352 0.519531 0.366211
1 0.506836 0.354492 0.501953 0.349609 0.507812 0.346680 0.512695 0.348633 0.516602 0.351562 0.515625 0.354492 0.509766 0.356445
1 0.543945 0.398438 0.537109 0.396484 0.536133 0.393555 0.534180 0.393555 0.533203 0.388672 0.539062 0.385742 0.544922 0.387695 0.546875 0.391602 0.545898 0.396484
1 0.602539 0.372070 0.605469 0.370117 0.611328 0.369141 0.609375 0.361328 0.604492 0.362305 0.599609 0.359375 0.594727 0.362305 0.594727 0.367188 0.596680 0.370117
1 0.610352 0.378906 0.605469 0.375977 0.604492 0.372070 0.607422 0.370117 0.613281 0.370117 0.617188 0.371094 0.619141 0.374023 0.618164 0.376953 0.613281 0.377930
1 0.598633 0.400391 0.592773 0.401367 0.588867 0.394531 0.592773 0.392578 0.594727 0.388672 0.599609 0.389648 0.604492 0.393555 0.606445 0.398438 0.602539 0.399414
1 0.582031 0.414062 0.575195 0.414062 0.574219 0.412109 0.572266 0.408203 0.573242 0.405273 0.581055 0.404297 0.584961 0.408203 0.585938 0.413086
1 0.566406 0.372070 0.560547 0.371094 0.557617 0.368164 0.562500 0.361328 0.566406 0.360352 0.572266 0.365234 0.573242 0.371094
1 0.632812 0.453125 0.628906 0.448242 0.628906 0.443359 0.631836 0.439453 0.636719 0.439453 0.640625 0.441406 0.642578 0.446289 0.642578 0.450195 0.636719 0.453125
1 0.631836 0.473633 0.625977 0.465820 0.625977 0.461914 0.630859 0.456055 0.635742 0.453125 0.641602 0.452148 0.645508 0.452148 0.649414 0.457031 0.652344 0.463867 0.651367 0.470703 0.650391 0.474609 0.644531 0.475586 0.639648 0.476562
1 0.661133 0.450195 0.655273 0.448242 0.654297 0.440430 0.657227 0.436523 0.657227 0.432617 0.662109 0.429688 0.667969 0.427734 0.672852 0.428711 0.676758 0.435547 0.677734 0.442383 0.673828 0.446289 0.666016 0.448242
1 0.605469 0.457031 0.600586 0.453125 0.598633 0.448242 0.602539 0.445312 0.607422 0.443359 0.611328 0.446289 0.614258 0.452148 0.611328 0.456055
0 0.551758 0.488281 0.553711 0.491211 0.556641 0.497070 0.561523 0.499023 0.568359 0.494141 0.572266 0.487305 0.566406 0.481445 0.562500 0.477539 0.558594 0.473633 0.560547 0.470703 0.571289 0.470703 0.576172 0.465820 0.576172 0.459961 0.571289 0.462891 0.567383 0.460938 0.572266 0.458008 0.570312 0.452148 0.567383 0.452148 0.561523 0.454102 0.560547 0.458984 0.562500 0.463867 0.556641 0.464844 0.555664 0.471680 0.554688 0.473633 0.551758 0.471680 0.551758 0.465820 0.547852 0.465820 0.544922 0.470703 0.546875 0.476562 0.543945 0.482422 0.547852 0.488281
1 0.555664 0.451172 0.564453 0.448242 0.568359 0.439453 0.562500 0.437500 0.558594 0.438477 0.557617 0.442383 0.552734 0.444336 0.549805 0.446289 0.550781 0.449219
1 0.496094 0.492188 0.489258 0.492188 0.486328 0.487305 0.489258 0.480469 0.495117 0.479492 0.500000 0.484375 0.500000 0.491211
1 0.602539 0.522461 0.598633 0.525391 0.592773 0.521484 0.592773 0.513672 0.598633 0.511719 0.604492 0.511719 0.605469 0.519531
1 0.612305 0.523438 0.607422 0.522461 0.606445 0.517578 0.606445 0.513672 0.610352 0.511719 0.617188 0.512695 0.620117 0.518555 0.617188 0.523438
1 0.577148 0.561523 0.578125 0.556641 0.583008 0.556641 0.583008 0.561523 0.580078 0.563477
1 0.585938 0.557617 0.583008 0.556641 0.583008 0.550781 0.586914 0.549805 0.590820 0.552734 0.588867 0.557617
1 0.589844 0.550781 0.583984 0.548828 0.583984 0.543945 0.585938 0.541016 0.591797 0.541016 0.595703 0.544922 0.594727 0.549805
0 0.598633 0.542969 0.605469 0.539062 0.602539 0.531250 0.597656 0.526367 0.592773 0.523438 0.585938 0.522461 0.583008 0.523438 0.582031 0.528320 0.577148 0.535156 0.579102 0.538086 0.586914 0.537109 0.587891 0.534180 0.590820 0.537109 0.590820 0.540039
0 0.573242 0.512695 0.567383 0.512695 0.563477 0.505859 0.565430 0.500977 0.570312 0.500000 0.570312 0.496094 0.572266 0.494141 0.577148 0.488281 0.583008 0.495117 0.588867 0.497070 0.587891 0.500000 0.591797 0.499023 0.597656 0.503906 0.596680 0.507812 0.587891 0.512695 0.584961 0.512695 0.583984 0.515625 0.590820 0.519531 0.587891 0.521484 0.577148 0.522461 0.573242 0.517578
0 0.625977 0.546875 0.628906 0.544922 0.627930 0.542969 0.632812 0.541992 0.636719 0.538086 0.635742 0.534180 0.635742 0.531250 0.646484 0.529297 0.648438 0.521484 0.643555 0.518555 0.638672 0.517578 0.636719 0.514648 0.634766 0.514648 0.632812 0.520508 0.628906 0.521484 0.627930 0.530273 0.622070 0.533203 0.617188 0.534180 0.613281 0.538086 0.618164 0.542969 0.621094 0.546875
1 0.620117 0.494141 0.612305 0.495117 0.610352 0.490234 0.614258 0.484375 0.619141 0.484375 0.622070 0.488281 0.622070 0.492188
1 0.601562 0.501953 0.597656 0.501953 0.597656 0.496094 0.600586 0.491211 0.605469 0.488281 0.606445 0.496094 0.605469 0.498047 0.608398 0.500977 0.607422 0.504883 0.604492 0.502930
1 0.572266 0.611328 0.565430 0.610352 0.564453 0.606445 0.567383 0.601562 0.571289 0.600586 0.575195 0.601562 0.575195 0.608398
1 0.564453 0.601562 0.560547 0.601562 0.555664 0.598633 0.558594 0.593750 0.562500 0.592773 0.567383 0.596680
1 0.507812 0.615234 0.504883 0.617188 0.500977 0.613281 0.502930 0.609375 0.506836 0.606445 0.510742 0.608398
1 0.521484 0.604492 0.518555 0.601562 0.516602 0.598633 0.519531 0.595703 0.525391 0.598633 0.527344 0.601562
1 0.633789 0.638672 0.626953 0.637695 0.623047 0.635742 0.621094 0.627930 0.627930 0.621094 0.632812 0.620117 0.637695 0.624023 0.640625 0.630859 0.637695 0.636719
1 0.645508 0.655273 0.639648 0.654297 0.635742 0.648438 0.642578 0.644531 0.647461 0.641602 0.651367 0.641602 0.654297 0.647461 0.652344 0.652344
1 0.624023 0.571289 0.618164 0.569336 0.617188 0.566406 0.620117 0.561523 0.626953 0.562500 0.629883 0.565430
1 0.355469 0.936523 0.345703 0.934570 0.348633 0.926758 0.347656 0.921875 0.351562 0.919922 0.357422 0.923828 0.363281 0.924805 0.368164 0.927734 0.369141 0.931641 0.362305 0.934570
1 0.253906 0.923828 0.248047 0.923828 0.245117 0.916016 0.250977 0.912109 0.254883 0.914062 0.258789 0.917969
1 0.271484 0.930664 0.268555 0.932617 0.264648 0.927734 0.272461 0.922852 0.277344 0.924805 0.278320 0.932617 0.272461 0.934570
1 0.256836 0.913086 0.261719 0.916016 0.273438 0.911133 0.271484 0.907227 0.264648 0.906250 0.260742 0.905273 0.257812 0.903320 0.253906 0.903320 0.250000 0.905273 0.252930 0.910156
1 0.277344 0.898438 0.273438 0.896484 0.271484 0.892578 0.270508 0.888672 0.274414 0.885742 0.279297 0.887695 0.284180 0.890625 0.282227 0.895508
1 0.319336 0.936523 0.313477 0.935547 0.313477 0.930664 0.317383 0.926758 0.321289 0.925781 0.326172 0.929688 0.326172 0.933594
1 0.443359 0.896484 0.441406 0.889648 0.445312 0.883789 0.450195 0.885742 0.454102 0.893555
1 0.598633 0.991211 0.591797 0.987305 0.589844 0.977539 0.594727 0.967773 0.602539 0.968750 0.606445 0.977539 0.607422 0.986328
1 0.577148 0.989258 0.565430 0.984375 0.564453 0.971680 0.572266 0.968750 0.571289 0.960938 0.573242 0.955078 0.579102 0.954102 0.583984 0.963867 0.585938 0.974609 0.585938 0.985352
1 0.933594 0.001953 0.935547 0.007812 0.933594 0.013672 0.928711 0.015625 0.922852 0.015625 0.917969 0.009766 0.920898 0.003906 0.920898 0.003906 0.928711 0.000977
1 0.952148 0.008789 0.956055 0.012695 0.955078 0.017578 0.948242 0.020508 0.943359 0.016602 0.943359 0.012695
1 0.964844 0.024414 0.967773 0.029297 0.971680 0.034180 0.966797 0.037109 0.959961 0.035156 0.958008 0.027344 0.958008 0.023438
1 0.945312 0.033203 0.944336 0.040039 0.938477 0.045898 0.930664 0.043945 0.928711 0.037109 0.933594 0.032227
1 0.901367 0.003906 0.906250 0.008789 0.902344 0.015625 0.895508 0.017578 0.893555 0.009766 0.898438 0.005859
1 0.976562 0.041992 0.984375 0.044922 0.983398 0.051758 0.978516 0.054688 0.971680 0.051758 0.970703 0.043945
1 0.997070 0.081055 1.000000 0.084961 1.000000 0.092773 0.995117 0.096680 0.990234 0.095703 0.986328 0.092773 0.983398 0.085938 0.987305 0.081055
0 0.989258 0.061523 0.993164 0.068359 0.992188 0.076172 0.985352 0.080078 0.979492 0.083008 0.973633 0.084961 0.966797 0.081055 0.971680 0.077148 0.979492 0.070312 0.984375 0.065430
0 0.967773 0.086914 0.976562 0.088867 0.982422 0.092773 0.981445 0.099609 0.975586 0.104492 0.964844 0.108398 0.957031 0.115234 0.958008 0.124023 0.958008 0.124023 0.958984 0.130859 0.958984 0.130859 0.951172 0.138672 0.939453 0.131836 0.939453 0.121094 0.944336 0.115234 0.939453 0.106445 0.934570 0.100586 0.942383 0.097656 0.952148 0.093750 0.958984 0.095703 0.963867 0.090820
1 0.953125 0.055664 0.958008 0.061523 0.957031 0.066406 0.951172 0.067383 0.945312 0.063477 0.948242 0.057617
1 0.906250 0.082031 0.911133 0.083984 0.914062 0.090820 0.909180 0.095703 0.901367 0.097656 0.897461 0.093750 0.896484 0.085938
1 0.904297 0.125977 0.913086 0.123047 0.914062 0.127930 0.911133 0.130859 0.906250 0.132812 0.903320 0.128906
1 0.887695 0.105469 0.894531 0.111328 0.894531 0.118164 0.888672 0.122070 0.882812 0.119141 0.879883 0.110352
1 0.867188 0.107422 0.873047 0.108398 0.877930 0.111328 0.877930 0.117188 0.874023 0.125977 0.861328 0.127930 0.855469 0.122070 0.855469 0.116211 0.860352 0.112305
1 0.888672 0.085938 0.893555 0.093750 0.891602 0.100586 0.878906 0.104492 0.874023 0.099609 0.876953 0.093750 0.882812 0.092773 0.883789 0.086914
1 0.877930 0.080078 0.873047 0.083984 0.873047 0.085938 0.872070 0.089844 0.878906 0.089844 0.883789 0.084961 0.884766 0.080078
1 0.864258 0.077148 0.864258 0.082031 0.860352 0.083984 0.854492 0.083008 0.854492 0.076172
1 0.798828 0.042969 0.803711 0.045898 0.809570 0.048828 0.812500 0.056641 0.804688 0.059570 0.797852 0.061523 0.792969 0.065430 0.789062 0.063477 0.786133 0.056641 0.789062 0.044922 0.794922 0.043945
1 0.825195 0.008789 0.825195 0.019531 0.819336 0.024414 0.813477 0.022461 0.810547 0.017578 0.812500 0.009766 0.820312 0.006836
1 0.721680 0.000000 0.726562 0.004883 0.732422 0.008789 0.740234 0.007812 0.750000 0.004883 0.752930 0.000000
1 0.746094 0.034180 0.750000 0.036133 0.751953 0.039062 0.748047 0.042969 0.743164 0.041016 0.742188 0.037109
1 0.752930 0.042969 0.757812 0.047852 0.757812 0.052734 0.752930 0.055664 0.749023 0.050781 0.749023 0.050781 0.747070 0.044922
1 0.760742 0.051758 0.764648 0.056641 0.763672 0.060547 0.759766 0.060547 0.755859 0.053711
1 0.770508 0.062500 0.776367 0.068359 0.776367 0.074219 0.769531 0.075195 0.767578 0.068359
1 0.791016 0.083984 0.791016 0.090820 0.786133 0.090820 0.783203 0.085938
1 0.822266 0.026367 0.832031 0.030273 0.838867 0.035156 0.837891 0.041016 0.832031 0.042969 0.826172 0.045898 0.816406 0.044922 0.812500 0.036133 0.814453 0.029297
1 0.801758 0.097656 0.806641 0.102539 0.803711 0.109375 0.797852 0.108398 0.795898 0.104492
1 0.770508 0.103516 0.779297 0.102539 0.781250 0.106445 0.778320 0.113281 0.771484 0.113281 0.767578 0.108398
1 0.749023 0.081055 0.757812 0.085938 0.762695 0.088867 0.761719 0.096680 0.761719 0.096680 0.749023 0.099609 0.749023 0.099609 0.741211 0.093750 0.737305 0.086914 0.739258 0.083008
1 0.689453 0.058594 0.697266 0.060547 0.702148 0.068359 0.700195 0.074219 0.698242 0.080078 0.690430 0.080078 0.680664 0.076172 0.680664 0.063477 0.688477 0.064453
1 0.672852 0.052734 0.679688 0.051758 0.683594 0.056641 0.682617 0.062500 0.676758 0.066406 0.669922 0.069336 0.664062 0.065430 0.666016 0.058594
1 0.672852 0.076172 0.677734 0.079102 0.680664 0.083008 0.677734 0.088867 0.671875 0.089844 0.666016 0.085938 0.666992 0.079102
1 0.662109 0.084961 0.666992 0.085938 0.667969 0.092773 0.665039 0.095703 0.660156 0.093750 0.659180 0.087891
1 0.660156 0.126953 0.667969 0.126953 0.672852 0.125000 0.680664 0.126953 0.684570 0.130859 0.679688 0.133789 0.673828 0.135742 0.666992 0.136719 0.659180 0.135742 0.657227 0.130859
1 0.689453 0.132812 0.696289 0.136719 0.698242 0.140625 0.695312 0.146484 0.686523 0.146484 0.682617 0.139648
1 0.740234 0.159180 0.746094 0.161133 0.751953 0.167969 0.755859 0.173828 0.752930 0.179688 0.743164 0.181641 0.734375 0.176758 0.732422 0.165039 0.735352 0.160156
1 0.756836 0.175781 0.763672 0.180664 0.762695 0.188477 0.753906 0.189453 0.749023 0.180664
1 0.815430 0.155273 0.816406 0.162109 0.816406 0.166992 0.811523 0.172852 0.806641 0.172852 0.802734 0.166016 0.801758 0.159180 0.807617 0.152344
1 0.821289 0.124023 0.824219 0.127930 0.824219 0.131836 0.821289 0.133789 0.816406 0.132812 0.813477 0.126953
1 0.834961 0.140625 0.839844 0.145508 0.839844 0.149414 0.833984 0.150391 0.830078 0.144531
1 0.844727 0.152344 0.844727 0.157227 0.840820 0.160156 0.836914 0.155273 0.838867 0.152344
1 0.802734 0.208008 0.812500 0.208008 0.815430 0.212891 0.815430 0.219727 0.807617 0.227539 0.799805 0.227539 0.792969 0.224609 0.795898 0.216797
1 0.912109 0.136719 0.915039 0.140625 0.920898 0.141602 0.920898 0.148438 0.912109 0.150391 0.906250 0.144531 0.907227 0.137695
1 0.897461 0.149414 0.903320 0.150391 0.904297 0.156250 0.905273 0.162109 0.897461 0.164062 0.890625 0.163086 0.889648 0.155273
1 0.910156 0.169922 0.916016 0.175781 0.915039 0.181641 0.907227 0.185547 0.898438 0.180664 0.897461 0.172852 0.897461 0.172852
1 0.982422 0.156250 0.986328 0.160156 0.984375 0.164062 0.978516 0.165039 0.976562 0.158203
1 0.990234 0.164062 0.995117 0.167969 0.993164 0.171875 0.987305 0.172852 0.985352 0.166016 0.985352 0.166016
0 0.939453 0.151367 0.950195 0.155273 0.960938 0.155273 0.964844 0.159180 0.971680 0.159180 0.979492 0.166016 0.977539 0.170898 0.980469 0.176758 0.976562 0.179688 0.969727 0.175781 0.964844 0.178711 0.969727 0.182617 0.974609 0.186523 0.976562 0.190430 0.976562 0.198242 0.968750 0.202148 0.946289 0.202148 0.946289 0.202148 0.942383 0.196289 0.946289 0.189453 0.944336 0.177734 0.940430 0.167969 0.933594 0.164062 0.938477 0.158203
1 0.892578 0.210938 0.900391 0.211914 0.903320 0.216797 0.904297 0.221680 0.900391 0.227539 0.899414 0.232422 0.895508 0.235352 0.889648 0.229492 0.883789 0.222656 0.886719 0.213867
1 0.916016 0.217773 0.927734 0.218750 0.930664 0.226562 0.928711 0.231445 0.920898 0.230469 0.912109 0.226562 0.911133 0.221680
1 0.789062 0.281250 0.792969 0.278320 0.795898 0.279297 0.800781 0.284180 0.800781 0.287109 0.795898 0.291016
1 0.877930 0.262695 0.877930 0.268555 0.873047 0.270508 0.869141 0.266602 0.869141 0.262695
1 0.905273 0.254883 0.903320 0.260742 0.895508 0.262695 0.887695 0.262695 0.886719 0.254883 0.891602 0.252930 0.898438 0.248047
0 0.910156 0.250977 0.917969 0.246094 0.926758 0.246094 0.927734 0.240234 0.935547 0.241211 0.936523 0.250977 0.939453 0.260742 0.933594 0.267578 0.927734 0.273438 0.929688 0.283203 0.935547 0.283203 0.937500 0.287109 0.936523 0.296875 0.924805 0.299805 0.921875 0.291016 0.913086 0.287109 0.914062 0.281250 0.914062 0.281250 0.916992 0.273438 0.917969 0.268555 0.913086 0.269531 0.906250 0.269531 0.903320 0.259766 0.907227 0.251953
1 0.896484 0.281250 0.902344 0.285156 0.902344 0.290039 0.897461 0.292969 0.892578 0.289062 0.892578 0.284180
1 0.896484 0.293945 0.903320 0.296875 0.903320 0.305664 0.898438 0.308594 0.893555 0.308594 0.889648 0.301758 0.891602 0.294922
1 0.916016 0.346680 0.919922 0.348633 0.920898 0.353516 0.919922 0.357422 0.915039 0.359375 0.910156 0.354492 0.910156 0.348633
1 0.906250 0.527344 0.913086 0.530273 0.915039 0.535156 0.916016 0.543945 0.909180 0.547852 0.901367 0.545898 0.898438 0.539062 0.899414 0.533203 0.902344 0.531250
1 0.975586 0.510742 0.984375 0.510742 0.986328 0.518555 0.983398 0.526367 0.978516 0.528320 0.972656 0.523438 0.969727 0.520508 0.969727 0.515625
1 0.984375 0.519531 0.995117 0.518555 1.000000 0.521484 1.000000 0.537109 0.993164 0.540039 0.985352 0.537109 0.982422 0.529297
1 0.993164 0.541992 1.000000 0.541992 0.999023 0.547852 0.995117 0.548828 0.993164 0.544922
1 0.987305 0.541016 0.990234 0.542969 0.991211 0.547852 0.988281 0.550781 0.984375 0.549805 0.982422 0.542969
1 0.946289 0.542969 0.951172 0.543945 0.953125 0.547852 0.952148 0.551758 0.948242 0.553711 0.944336 0.546875
1 0.935547 0.548828 0.943359 0.550781 0.943359 0.557617 0.940430 0.559570 0.935547 0.559570 0.930664 0.556641 0.931641 0.551758
1 0.930664 0.559570 0.937500 0.560547 0.942383 0.564453 0.942383 0.564453 0.938477 0.568359 0.938477 0.568359 0.937500 0.576172 0.929688 0.574219 0.926758 0.564453
1 0.947266 0.566406 0.954102 0.571289 0.953125 0.580078 0.946289 0.582031 0.940430 0.580078 0.939453 0.572266 0.939453 0.572266
1 0.898438 0.559570 0.902344 0.560547 0.903320 0.564453 0.899414 0.567383 0.895508 0.561523
1 0.899414 0.571289 0.903320 0.574219 0.902344 0.579102 0.897461 0.575195
1 0.900391 0.582031 0.904297 0.585938 0.900391 0.589844 0.896484 0.583984
1 0.899414 0.604492 0.904297 0.605469 0.904297 0.610352 0.900391 0.612305 0.895508 0.607422
1 0.900391 0.613281 0.904297 0.616211 0.900391 0.621094 0.896484 0.617188 0.896484 0.617188
0 0.941406 0.586914 0.946289 0.583984 0.950195 0.588867 0.957031 0.590820 0.957031 0.590820 0.961914 0.592773 0.963867 0.598633 0.963867 0.598633 0.964844 0.605469 0.967773 0.610352 0.966797 0.624023 0.966797 0.628906 0.958008 0.629883 0.949219 0.625000 0.945312 0.621094 0.945312 0.616211 0.952148 0.610352 0.952148 0.610352 0.946289 0.604492 0.943359 0.597656 0.946289 0.593750 0.941406 0.594727 0.936523 0.590820
1 1.000000 0.599609 0.995117 0.602539 0.992188 0.608398 0.995117 0.611328 1.000000 0.612305 1.000000 0.612305
1 0.985352 0.642578 0.988281 0.646484 0.988281 0.653320 0.983398 0.658203 0.978516 0.657227 0.974609 0.650391 0.974609 0.650391 0.982422 0.644531
1 0.967773 0.647461 0.972656 0.649414 0.971680 0.653320 0.967773 0.655273 0.964844 0.652344
1 0.961914 0.629883 0.965820 0.633789 0.965820 0.637695 0.959961 0.642578 0.954102 0.640625 0.953125 0.633789 0.957031 0.629883
1 0.943359 0.641602 0.949219 0.643555 0.952148 0.648438 0.957031 0.649414 0.955078 0.655273 0.951172 0.661133 0.944336 0.662109 0.938477 0.655273 0.941406 0.648438
1 0.969727 0.658203 0.974609 0.662109 0.973633 0.668945 0.968750 0.669922 0.964844 0.665039 0.964844 0.659180
1 0.979492 0.658203 0.983398 0.663086 0.987305 0.663086 0.987305 0.666016 0.984375 0.666992 0.980469 0.669922 0.974609 0.666992 0.974609 0.662109
1 0.994141 0.670898 0.998047 0.673828 0.998047 0.678711 0.994141 0.685547 0.990234 0.682617 0.989258 0.676758 0.989258 0.671875
1 0.983398 0.671875 0.986328 0.674805 0.988281 0.682617 0.985352 0.684570 0.981445 0.679688 0.981445 0.674805
1 0.954102 0.667969 0.965820 0.666992 0.969727 0.672852 0.966797 0.681641 0.956055 0.681641 0.951172 0.675781 0.951172 0.670898
1 0.927734 0.663086 0.934570 0.662109 0.934570 0.667969 0.932617 0.670898 0.929688 0.673828 0.924805 0.673828 0.922852 0.668945
1 0.907227 0.658203 0.914062 0.660156 0.914062 0.668945 0.913086 0.675781 0.906250 0.674805 0.903320 0.667969 0.906250 0.661133
1 0.921875 0.686523 0.932617 0.686523 0.940430 0.689453 0.941406 0.694336 0.934570 0.698242 0.934570 0.698242 0.922852 0.699219 0.913086 0.697266 0.910156 0.691406 0.913086 0.687500
1 0.989258 0.715820 0.993164 0.716797 0.994141 0.719727 0.990234 0.726562 0.983398 0.726562 0.983398 0.719727
1 0.954102 0.734375 0.959961 0.736328 0.958984 0.742188 0.958984 0.742188 0.955078 0.743164 0.951172 0.739258
1 0.961914 0.746094 0.971680 0.750000 0.972656 0.754883 0.967773 0.756836 0.958984 0.755859 0.955078 0.750000
1 0.950195 0.765625 0.957031 0.766602 0.956055 0.772461 0.951172 0.773438 0.947266 0.768555
1 0.962891 0.764648 0.964844 0.769531 0.959961 0.772461 0.960938 0.775391 0.956055 0.775391 0.954102 0.769531 0.959961 0.765625
1 0.970703 0.755859 0.973633 0.762695 0.969727 0.766602 0.964844 0.766602 0.963867 0.760742 0.963867 0.760742
1 0.964844 0.765625 0.970703 0.766602 0.970703 0.769531 0.975586 0.772461 0.968750 0.778320 0.964844 0.779297 0.962891 0.777344 0.959961 0.771484
1 0.917969 0.771484 0.923828 0.770508 0.925781 0.774414 0.924805 0.778320 0.920898 0.781250 0.914062 0.776367
0 0.951172 0.802734 0.960938 0.802734 0.966797 0.805664 0.971680 0.806641 0.973633 0.812500 0.967773 0.814453 0.962891 0.816406 0.967773 0.821289 0.966797 0.828125 0.961914 0.831055 0.964844 0.833984 0.963867 0.838867 0.956055 0.838867 0.956055 0.845703 0.961914 0.846680 0.958008 0.852539 0.948242 0.849609 0.948242 0.849609 0.949219 0.840820 0.944336 0.833984 0.938477 0.828125 0.944336 0.818359 0.942383 0.811523 0.946289 0.807617
0 0.959961 0.933594 0.974609 0.935547 0.976562 0.943359 0.982422 0.951172 0.977539 0.957031 0.968750 0.958984 0.964844 0.962891 0.964844 0.962891 0.964844 0.966797 0.969727 0.972656 0.969727 0.972656 0.964844 0.975586 0.962891 0.984375 0.951172 0.987305 0.943359 0.986328 0.941406 0.979492 0.946289 0.976562 0.943359 0.971680 0.950195 0.964844 0.949219 0.957031 0.945312 0.951172 0.945312 0.951172 0.946289 0.942383 0.954102 0.939453
1 0.961914 0.991211 0.969727 0.993164 0.970703 1.000000 0.952148 1.000000 0.952148 1.000000 0.953125 0.993164
1 0.980469 0.982422 0.991211 0.985352 0.991211 0.985352 0.996094 0.991211 0.992188 0.995117 0.989258 0.997070 0.989258 1.000000 0.966797 1.000000 0.968750 0.988281 0.974609 0.985352
1 0.994141 0.947266 1.000000 0.946289 1.000000 0.964844 0.996094 0.966797 0.993164 0.967773 0.989258 0.962891 0.990234 0.953125
1 1.000000 0.971680 1.000000 0.986328 0.994141 0.985352 0.993164 0.979492 0.994141 0.975586
1 0.866211 0.954102 0.868164 0.956055 0.868164 0.960938 0.865234 0.962891 0.860352 0.963867 0.858398 0.958984 0.859375 0.955078
1 0.875977 0.958984 0.880859 0.960938 0.884766 0.962891 0.884766 0.968750 0.879883 0.973633 0.872070 0.975586 0.867188 0.977539 0.861328 0.973633 0.861328 0.973633 0.861328 0.968750 0.864258 0.960938 0.869141 0.959961
1 0.863281 0.981445 0.869141 0.985352 0.868164 0.991211 0.864258 0.995117 0.858398 0.990234 0.858398 0.985352 0.858398 0.985352
1 0.825195 0.973633 0.831055 0.976562 0.831055 0.980469 0.824219 0.984375 0.819336 0.979492 0.820312 0.975586
1 0.784180 0.933594 0.789062 0.937500 0.789062 0.942383 0.783203 0.946289 0.778320 0.940430 0.778320 0.935547
1 0.763672 0.915039 0.768555 0.916016 0.770508 0.918945 0.769531 0.920898 0.762695 0.919922 0.761719 0.916992
1 0.789062 0.916016 0.792969 0.916016 0.791992 0.920898 0.787109 0.920898
1 0.799805 0.916016 0.803711 0.916992 0.803711 0.919922 0.796875 0.919922 0.795898 0.917969
1 0.833984 0.915039 0.835938 0.916992 0.836914 0.920898 0.829102 0.920898 0.830078 0.916992
1 0.841797 0.877930 0.846680 0.879883 0.849609 0.883789 0.848633 0.889648 0.843750 0.890625 0.843750 0.890625 0.834961 0.886719 0.834961 0.886719 0.834961 0.880859
1 0.831055 0.859375 0.835938 0.865234 0.837891 0.872070 0.832031 0.875000 0.822266 0.874023 0.818359 0.866211 0.818359 0.866211 0.822266 0.860352
1 0.757812 0.816406 0.763672 0.812500 0.769531 0.812500 0.775391 0.816406 0.775391 0.816406 0.775391 0.823242 0.768555 0.827148 0.762695 0.828125 0.760742 0.831055 0.755859 0.828125 0.755859 0.828125 0.754883 0.821289 0.754883 0.821289
1 0.752930 0.832031 0.763672 0.832031 0.767578 0.838867 0.767578 0.838867 0.764648 0.844727 0.758789 0.846680 0.753906 0.852539 0.747070 0.851562 0.743164 0.844727 0.748047 0.834961
1 0.886719 0.803711 0.889648 0.807617 0.890625 0.812500 0.886719 0.816406 0.886719 0.816406 0.881836 0.817383 0.877930 0.819336 0.875000 0.815430 0.876953 0.808594
1 0.891602 0.776367 0.894531 0.781250 0.893555 0.786133 0.888672 0.788086 0.885742 0.784180 0.886719 0.779297
1 0.865234 0.791992 0.870117 0.795898 0.870117 0.801758 0.864258 0.804688 0.861328 0.801758 0.860352 0.795898
1 0.857422 0.803711 0.860352 0.810547 0.857422 0.815430 0.857422 0.815430 0.852539 0.813477 0.847656 0.812500 0.847656 0.812500 0.846680 0.806641
1 0.847656 0.791992 0.852539 0.795898 0.852539 0.802734 0.844727 0.802734 0.844727 0.802734 0.840820 0.797852
1 0.842773 0.810547 0.845703 0.813477 0.844727 0.817383 0.840820 0.817383 0.840820 0.813477
1 0.829102 0.807617 0.832031 0.809570 0.832031 0.814453 0.827148 0.817383 0.822266 0.817383 0.821289 0.813477
1 0.772461 0.793945 0.778320 0.793945 0.784180 0.797852 0.783203 0.803711 0.779297 0.807617 0.771484 0.808594 0.766602 0.805664 0.766602 0.805664 0.766602 0.798828
1 0.718750 0.805664 0.724609 0.807617 0.726562 0.810547 0.723633 0.813477 0.718750 0.813477 0.717773 0.807617
1 0.802734 0.779297 0.808594 0.784180 0.806641 0.791016 0.797852 0.791992 0.791992 0.787109 0.791992 0.783203 0.798828 0.781250
1 0.796875 0.748047 0.801758 0.755859 0.801758 0.759766 0.796875 0.763672 0.791016 0.760742 0.789062 0.753906
1 0.810547 0.746094 0.817383 0.750000 0.818359 0.758789 0.814453 0.761719 0.807617 0.760742 0.803711 0.755859 0.803711 0.755859 0.801758 0.750977
0 0.806641 0.760742 0.811523 0.762695 0.820312 0.761719 0.826172 0.766602 0.831055 0.772461 0.838867 0.774414 0.837891 0.784180 0.840820 0.786133 0.838867 0.790039 0.833008 0.791016 0.834961 0.794922 0.826172 0.798828 0.826172 0.803711 0.818359 0.805664 0.809570 0.803711 0.809570 0.803711 0.804688 0.799805 0.801758 0.805664 0.794922 0.804688 0.794922 0.798828 0.803711 0.793945 0.811523 0.787109 0.807617 0.781250 0.807617 0.781250 0.801758 0.778320 0.795898 0.781250 0.789062 0.779297 0.789062 0.770508 0.793945 0.762695 0.798828 0.761719
1 0.691406 0.785156 0.693359 0.788086 0.691406 0.791992 0.687500 0.791016 0.686523 0.787109
1 0.693359 0.726562 0.700195 0.730469 0.699219 0.734375 0.697266 0.738281 0.690430 0.737305 0.685547 0.731445
1 0.736328 0.741211 0.741211 0.747070 0.742188 0.752930 0.739258 0.758789 0.735352 0.757812 0.729492 0.754883 0.727539 0.749023 0.730469 0.743164
0 0.767578 0.702148 0.775391 0.708984 0.779297 0.714844 0.778320 0.720703 0.775391 0.723633 0.768555 0.727539 0.759766 0.725586 0.755859 0.726562 0.753906 0.731445 0.746094 0.731445 0.746094 0.724609 0.750977 0.719727 0.755859 0.712891 0.756836 0.705078 0.759766 0.702148
1 0.810547 0.711914 0.814453 0.718750 0.812500 0.723633 0.808594 0.725586 0.804688 0.727539 0.800781 0.727539 0.799805 0.720703 0.802734 0.713867
1 0.818359 0.721680 0.822266 0.727539 0.821289 0.735352 0.811523 0.737305 0.807617 0.732422 0.808594 0.726562
1 0.888672 0.731445 0.893555 0.736328 0.893555 0.745117 0.889648 0.750977 0.883789 0.752930 0.883789 0.752930 0.882812 0.756836 0.877930 0.756836 0.875977 0.750977 0.879883 0.747070 0.879883 0.740234 0.882812 0.735352
1 0.831055 0.720703 0.837891 0.727539 0.839844 0.731445 0.837891 0.736328 0.837891 0.736328 0.830078 0.736328 0.825195 0.731445 0.826172 0.725586
0 0.859375 0.694336 0.866211 0.701172 0.870117 0.707031 0.869141 0.713867 0.863281 0.718750 0.858398 0.720703 0.854492 0.715820 0.850586 0.711914 0.847656 0.705078 0.849609 0.699219
1 0.747070 0.678711 0.750000 0.681641 0.750000 0.684570 0.747070 0.685547 0.743164 0.680664
1 0.804688 0.649414 0.810547 0.651367 0.811523 0.654297 0.809570 0.659180 0.804688 0.661133 0.800781 0.664062 0.797852 0.661133 0.799805 0.653320
1 0.747070 0.655273 0.750977 0.658203 0.749023 0.663086 0.745117 0.667969 0.740234 0.664062 0.742188 0.661133
1 0.738281 0.651367 0.741211 0.653320 0.743164 0.657227 0.739258 0.660156 0.734375 0.659180 0.733398 0.654297
1 0.723633 0.639648 0.728516 0.640625 0.730469 0.646484 0.729492 0.649414 0.722656 0.651367 0.718750 0.646484
1 0.788086 0.541992 0.794922 0.547852 0.794922 0.552734 0.787109 0.552734 0.780273 0.549805
1 0.795898 0.555664 0.806641 0.564453 0.806641 0.571289 0.799805 0.573242 0.795898 0.577148 0.789062 0.577148 0.785156 0.570312 0.789062 0.564453 0.784180 0.561523 0.784180 0.561523 0.781250 0.556641 0.785156 0.552734
1 0.784180 0.561523 0.785156 0.566406 0.782227 0.572266 0.777344 0.572266 0.774414 0.567383 0.778320 0.563477
1 0.776367 0.568359 0.778320 0.576172 0.774414 0.578125 0.767578 0.577148 0.763672 0.573242 0.768555 0.568359
1 0.766602 0.557617 0.773438 0.562500 0.771484 0.567383 0.764648 0.569336 0.759766 0.567383 0.757812 0.559570
1 0.758789 0.543945 0.765625 0.545898 0.768555 0.551758 0.761719 0.556641 0.752930 0.555664 0.750000 0.550781 0.752930 0.544922
1 0.742188 0.527344 0.746094 0.532227 0.746094 0.537109 0.741211 0.540039 0.734375 0.536133 0.735352 0.531250
1 0.749023 0.538086 0.750000 0.541992 0.749023 0.544922 0.745117 0.545898 0.744141 0.539062
1 0.678711 0.553711 0.682617 0.558594 0.685547 0.560547 0.680664 0.569336 0.673828 0.572266 0.671875 0.565430 0.666016 0.562500 0.669922 0.556641 0.674805 0.555664
1 0.682617 0.506836 0.687500 0.510742 0.689453 0.516602 0.685547 0.518555 0.675781 0.518555 0.670898 0.513672 0.670898 0.507812
1 0.732422 0.484375 0.732422 0.490234 0.727539 0.495117 0.721680 0.489258 0.724609 0.484375
1 0.681641 0.480469 0.682617 0.485352 0.678711 0.488281 0.674805 0.484375 0.676758 0.480469
1 0.677734 0.493164 0.680664 0.498047 0.679688 0.500977 0.674805 0.501953 0.671875 0.498047 0.674805 0.495117
1 0.705078 0.460938 0.713867 0.458984 0.718750 0.459961 0.721680 0.466797 0.716797 0.472656 0.710938 0.476562 0.704102 0.472656 0.702148 0.466797
1 0.699219 0.470703 0.703125 0.478516 0.702148 0.483398 0.695312 0.486328 0.689453 0.483398 0.689453 0.477539 0.694336 0.472656
1 0.696289 0.453125 0.697266 0.458984 0.696289 0.464844 0.689453 0.464844 0.686523 0.458984 0.689453 0.453125
1 0.727539 0.411133 0.720703 0.414062 0.715820 0.418945 0.717773 0.426758 0.722656 0.427734 0.718750 0.432617 0.720703 0.437500 0.724609 0.439453 0.731445 0.434570 0.735352 0.425781 0.732422 0.417969
1 0.685547 0.283203 0.690430 0.289062 0.696289 0.292969 0.699219 0.298828 0.696289 0.300781 0.698242 0.303711 0.689453 0.311523 0.678711 0.299805 0.673828 0.298828 0.673828 0.298828 0.670898 0.290039 0.674805 0.281250 0.682617 0.279297
1 0.611328 0.322266 0.617188 0.322266 0.619141 0.325195 0.618164 0.329102 0.612305 0.331055 0.609375 0.327148
1 0.573242 0.281250 0.578125 0.278320 0.582031 0.281250 0.582031 0.285156 0.578125 0.288086 0.577148 0.290039 0.570312 0.286133 0.567383 0.281250
1 0.541016 0.197266 0.544922 0.199219 0.546875 0.203125 0.545898 0.207031 0.540039 0.208008 0.536133 0.204102 0.536133 0.199219
1 0.526367 0.216797 0.533203 0.217773 0.533203 0.224609 0.530273 0.229492 0.524414 0.229492 0.519531 0.224609 0.520508 0.219727
1 0.535156 0.273438 0.541016 0.274414 0.541016 0.281250 0.536133 0.282227 0.531250 0.278320
1 0.507812 0.242188 0.510742 0.241211 0.513672 0.242188 0.513672 0.246094 0.510742 0.247070 0.505859 0.245117
1 0.588867 0.177734 0.595703 0.180664 0.603516 0.182617 0.608398 0.183594 0.610352 0.188477 0.606445 0.193359 0.595703 0.195312 0.588867 0.192383 0.582031 0.187500 0.581055 0.181641
1 0.661133 0.184570 0.664062 0.183594 0.666992 0.187500 0.666016 0.190430 0.662109 0.191406 0.658203 0.188477
1 0.557617 0.111328 0.564453 0.118164 0.562500 0.123047 0.556641 0.124023 0.552734 0.120117 0.551758 0.114258
1 0.710938 0.068359 0.710938 0.073242 0.708008 0.075195 0.703125 0.076172 0.702148 0.072266 0.705078 0.068359
1 0.573242 0.049805 0.579102 0.051758 0.581055 0.055664 0.570312 0.056641 0.569336 0.051758
1 0.462891 0.145508 0.465820 0.147461 0.465820 0.151367 0.460938 0.154297 0.458984 0.149414
1 0.422852 0.333008 0.430664 0.333984 0.431641 0.342773 0.419922 0.348633 0.413086 0.353516 0.404297 0.350586 0.398438 0.343750 0.398438 0.343750 0.404297 0.340820 0.414062 0.337891
1 0.375000 0.327148 0.378906 0.334961 0.376953 0.337891 0.373047 0.334961 0.369141 0.335938 0.366211 0.331055 0.370117 0.329102
1 0.424805 0.397461 0.422852 0.401367 0.417969 0.401367 0.416992 0.396484 0.420898 0.394531
1 0.397461 0.375000 0.393555 0.378906 0.389648 0.378906 0.385742 0.374023 0.387695 0.370117 0.394531 0.368164
0 0.352539 0.408203 0.358398 0.407227 0.361328 0.412109 0.365234 0.412109 0.367188 0.407227 0.367188 0.407227 0.363281 0.401367 0.362305 0.397461 0.355469 0.399414 0.348633 0.403320 0.343750 0.408203 0.338867 0.412109 0.339844 0.416992 0.345703 0.417969 0.352539 0.417969 0.357422 0.413086
1 0.499023 0.392578 0.505859 0.394531 0.505859 0.398438 0.498047 0.401367 0.497070 0.398438 0.492188 0.400391 0.489258 0.395508 0.494141 0.389648 0.494141 0.389648
1 0.358398 0.466797 0.362305 0.468750 0.362305 0.471680 0.359375 0.472656 0.357422 0.469727
1 0.428711 0.474609 0.432617 0.479492 0.431641 0.483398 0.424805 0.482422 0.420898 0.478516 0.420898 0.478516 0.423828 0.474609
1 0.410156 0.483398 0.413086 0.487305 0.409180 0.491211 0.404297 0.491211 0.401367 0.485352 0.405273 0.482422
1 0.413086 0.491211 0.414062 0.497070 0.411133 0.500000 0.405273 0.498047 0.404297 0.492188
1 0.438477 0.633789 0.443359 0.634766 0.444336 0.639648 0.440430 0.641602 0.435547 0.641602 0.433594 0.636719
1 0.444336 0.642578 0.447266 0.648438 0.443359 0.651367 0.435547 0.650391 0.435547 0.643555
1 0.465820 0.663086 0.470703 0.667969 0.470703 0.667969 0.469727 0.672852 0.461914 0.673828 0.458008 0.666016 0.458008 0.666016
1 0.493164 0.643555 0.497070 0.647461 0.494141 0.650391 0.488281 0.650391 0.486328 0.646484
1 0.426758 0.668945 0.432617 0.671875 0.438477 0.670898 0.439453 0.674805 0.432617 0.676758 0.429688 0.679688 0.424805 0.679688 0.424805 0.679688 0.418945 0.672852 0.418945 0.672852
0 0.465820 0.714844 0.473633 0.715820 0.475586 0.709961 0.482422 0.709961 0.487305 0.708984 0.490234 0.716797 0.483398 0.719727 0.481445 0.725586 0.476562 0.730469 0.476562 0.730469 0.466797 0.728516 0.466797 0.728516 0.461914 0.731445 0.458008 0.733398 0.455078 0.729492 0.456055 0.722656 0.461914 0.719727
1 0.518555 0.728516 0.516602 0.736328 0.511719 0.738281 0.508789 0.734375 0.510742 0.728516
0 0.525391 0.791016 0.532227 0.795898 0.539062 0.799805 0.540039 0.806641 0.546875 0.811523 0.544922 0.818359 0.538086 0.821289 0.531250 0.819336 0.525391 0.814453 0.521484 0.818359 0.521484 0.818359 0.516602 0.815430 0.514648 0.809570 0.520508 0.805664 0.521484 0.796875
0 0.388672 1.000000 0.391602 0.991211 0.398438 0.990234 0.404297 0.987305 0.410156 0.984375 0.415039 0.986328 0.415039 0.986328 0.417969 0.991211 0.417969 0.997070 0.418945 1.000000
1 0.458984 1.000000 0.463867 0.995117 0.471680 0.996094 0.474609 1.000000
1 0.574219 1.000000 0.578125 0.995117 0.585938 0.994141 0.591797 1.000000
1 0.484375 0.907227 0.491211 0.907227 0.492188 0.910156 0.492188 0.913086 0.486328 0.914062 0.482422 0.910156
1 0.355469 0.958008 0.360352 0.960938 0.360352 0.964844 0.356445 0.965820 0.352539 0.961914 0.352539 0.961914
1 0.245117 0.979492 0.250000 0.980469 0.251953 0.985352 0.247070 0.988281 0.242188 0.984375
1 0.305664 0.852539 0.311523 0.851562 0.312500 0.858398 0.315430 0.866211 0.308594 0.870117 0.302734 0.860352 0.299805 0.856445
0 0.275391 0.685547 0.278320 0.692383 0.285156 0.694336 0.288086 0.700195 0.288086 0.700195 0.289062 0.707031 0.289062 0.707031 0.281250 0.712891 0.281250 0.712891 0.274414 0.708984 0.266602 0.709961 0.262695 0.708008 0.256836 0.705078 0.255859 0.697266 0.262695 0.695312 0.265625 0.689453 0.265625 0.689453 0.270508 0.687500
1 0.153320 0.689453 0.162109 0.692383 0.165039 0.700195 0.161133 0.705078 0.156250 0.705078 0.148438 0.701172 0.148438 0.694336
1 0.223633 0.677734 0.226562 0.682617 0.223633 0.687500 0.217773 0.686523 0.214844 0.682617 0.217773 0.680664
0 0.242188 0.671875 0.237305 0.673828 0.231445 0.673828 0.230469 0.666016 0.230469 0.666016 0.225586 0.662109 0.229492 0.653320 0.233398 0.650391 0.238281 0.649414 0.242188 0.654297 0.242188 0.665039
1 0.364258 0.616211 0.366211 0.621094 0.361328 0.623047 0.356445 0.621094 0.356445 0.616211 0.356445 0.616211
1 0.250000 0.611328 0.255859 0.615234 0.257812 0.619141 0.248047 0.625977 0.243164 0.622070 0.243164 0.616211
1 0.317383 0.675781 0.312500 0.683594 0.304688 0.682617 0.302734 0.675781 0.307617 0.670898 0.307617 0.670898
0 0.306641 0.576172 0.308594 0.580078 0.314453 0.585938 0.317383 0.591797 0.326172 0.594727 0.326172 0.599609 0.320312 0.603516 0.312500 0.602539 0.306641 0.604492 0.295898 0.593750 0.297852 0.588867 0.291992 0.583984 0.291992 0.576172 0.296875 0.572266
1 0.223633 0.569336 0.228516 0.572266 0.228516 0.577148 0.222656 0.578125 0.219727 0.574219 0.219727 0.574219
1 0.280273 0.548828 0.281250 0.554688 0.274414 0.558594 0.268555 0.555664 0.268555 0.548828 0.273438 0.546875
1 0.291016 0.499023 0.294922 0.501953 0.299805 0.503906 0.300781 0.508789 0.294922 0.512695 0.288086 0.507812 0.289062 0.501953
1 0.378906 0.512695 0.380859 0.515625 0.378906 0.518555 0.375977 0.518555 0.374023 0.515625
1 0.371094 0.519531 0.372070 0.523438 0.369141 0.525391 0.365234 0.522461 0.368164 0.519531
1 0.360352 0.528320 0.360352 0.532227 0.356445 0.535156 0.354492 0.531250 0.357422 0.528320
1 0.351562 0.532227 0.355469 0.535156 0.353516 0.538086 0.348633 0.537109 0.349609 0.534180
1 0.393555 0.512695 0.395508 0.515625 0.392578 0.518555 0.388672 0.514648
1 0.400391 0.521484 0.400391 0.525391 0.395508 0.525391 0.393555 0.520508 0.399414 0.520508
1 0.408203 0.528320 0.408203 0.531250 0.403320 0.532227 0.402344 0.527344
1 0.410156 0.535156 0.413086 0.538086 0.408203 0.541992 0.404297 0.536133
1 0.364258 0.504883 0.370117 0.508789 0.370117 0.511719 0.365234 0.514648 0.359375 0.511719 0.358398 0.507812
1 0.230469 0.380859 0.235352 0.382812 0.234375 0.386719 0.229492 0.388672 0.226562 0.383789
1 0.240234 0.332031 0.243164 0.335938 0.241211 0.339844 0.237305 0.338867 0.235352 0.333984
1 0.310547 0.199219 0.316406 0.197266 0.316406 0.197266 0.318359 0.201172 0.315430 0.207031 0.308594 0.210938 0.304688 0.209961
1 0.095703 0.168945 0.094727 0.175781 0.087891 0.179688 0.087891 0.179688 0.085938 0.185547 0.085938 0.185547 0.077148 0.193359 0.067383 0.193359 0.069336 0.185547 0.077148 0.180664 0.083008 0.170898 0.088867 0.166992 0.088867 0.166992
1 0.154297 0.245117 0.160156 0.249023 0.158203 0.255859 0.152344 0.257812 0.149414 0.251953
1 0.151367 0.254883 0.151367 0.259766 0.144531 0.262695 0.142578 0.257812
1 0.157227 0.258789 0.160156 0.264648 0.153320 0.266602 0.153320 0.266602 0.148438 0.262695 0.148438 0.262695 0.151367 0.258789
0 0.111328 0.425781 0.106445 0.443359 0.086914 0.462891 0.075195 0.483398 0.058594 0.505859 0.046875 0.523438 0.037109 0.536133 0.038086 0.541016 0.027344 0.548828 0.020508 0.562500 0.000000 0.585938 0.000000 0.585938 0.000000 0.554688 0.015625 0.537109 0.027344 0.524414 0.038086 0.504883 0.048828 0.496094 0.060547 0.476562 0.060547 0.476562 0.077148 0.459961 0.078125 0.446289 0.088867 0.431641 0.108398 0.420898
0 0.105469 0.445312 0.106445 0.454102 0.106445 0.458984 0.099609 0.467773 0.095703 0.476562 0.102539 0.477539 0.113281 0.465820 0.122070 0.454102 0.136719 0.438477 0.144531 0.419922 0.152344 0.415039 0.152344 0.415039 0.159180 0.409180 0.164062 0.392578 0.173828 0.384766 0.175781 0.371094 0.175781 0.371094 0.183594 0.363281 0.185547 0.354492 0.190430 0.351562 0.198242 0.342773 0.201172 0.333008 0.201172 0.333008 0.204102 0.326172 0.210938 0.315430 0.208008 0.311523 0.203125 0.318359 0.193359 0.327148 0.191406 0.332031 0.191406 0.332031 0.185547 0.331055 0.178711 0.333008 0.176758 0.338867 0.173828 0.346680 0.173828 0.346680 0.177734 0.349609 0.173828 0.355469 0.171875 0.361328 0.166992 0.362305 0.161133 0.366211 0.157227 0.372070 0.148438 0.378906 0.146484 0.383789 0.142578 0.392578 0.140625 0.398438 0.136719 0.407227 0.130859 0.409180 0.127930 0.413086 0.128906 0.420898 0.119141 0.429688 0.112305 0.441406 0.112305 0.441406
0 0.090820 0.767578 0.087891 0.758789 0.082031 0.753906 0.077148 0.762695 0.076172 0.774414 0.076172 0.788086 0.076172 0.788086 0.076172 0.799805 0.077148 0.808594 0.079102 0.811523 0.084961 0.803711 0.087891 0.792969 0.086914 0.781250 0.088867 0.773438
0 0.074219 0.742188 0.062500 0.752930 0.050781 0.762695 0.039062 0.771484 0.039062 0.771484 0.032227 0.776367 0.022461 0.784180 0.006836 0.787109 0.000000 0.784180 0.000000 0.776367 0.008789 0.781250 0.017578 0.779297 0.024414 0.775391 0.029297 0.772461 0.035156 0.766602 0.043945 0.761719 0.047852 0.756836 0.056641 0.751953 0.066406 0.742188
1 0.014648 0.707031 0.018555 0.705078 0.018555 0.701172 0.012695 0.701172 0.009766 0.707031 0.009766 0.707031 0.008789 0.710938 0.010742 0.713867
1 0.039062 0.719727 0.043945 0.719727 0.044922 0.723633 0.041992 0.725586 0.035156 0.725586 0.033203 0.721680
1 0.138672 0.928711 0.140625 0.933594 0.139648 0.936523 0.135742 0.936523 0.131836 0.933594 0.133789 0.928711
1 0.153320 0.944336 0.153320 0.948242 0.149414 0.951172 0.145508 0.946289 0.147461 0.942383
1 0.001953 0.962891 0.006836 0.963867 0.010742 0.967773 0.010742 0.967773 0.008789 0.972656 0.003906 0.973633 0.000000 0.969727
1 0.372070 0.906250 0.374023 0.911133 0.369141 0.914062 0.363281 0.911133 0.363281 0.907227
1 0.627930 0.961914 0.628906 0.968750 0.624023 0.970703 0.624023 0.970703 0.620117 0.966797 0.622070 0.961914
1 0.625977 0.979492 0.632812 0.984375 0.628906 0.990234 0.628906 0.990234 0.622070 0.991211 0.617188 0.986328 0.617188 0.980469 0.622070 0.979492
1 0.663086 0.920898 0.666016 0.924805 0.666016 0.927734 0.661133 0.928711 0.661133 0.933594 0.656250 0.925781 0.656250 0.925781
1 0.667969 0.947266 0.674805 0.954102 0.674805 0.961914 0.666016 0.963867 0.662109 0.955078 0.656250 0.954102 0.653320 0.945312 0.659180 0.941406 0.667969 0.940430
0 0.644531 0.985352 0.649414 0.992188 0.651367 1.000000 0.701172 1.000000 0.699219 0.995117 0.689453 0.994141 0.681641 0.993164 0.679688 0.986328 0.681641 0.980469 0.673828 0.973633 0.668945 0.968750 0.664062 0.968750 0.664062 0.968750 0.660156 0.968750 0.658203 0.977539 0.651367 0.979492
1 0.767578 0.860352 0.773438 0.865234 0.773438 0.869141 0.765625 0.874023 0.759766 0.867188
0 0.644531 0.870117 0.653320 0.876953 0.655273 0.883789 0.662109 0.888672 0.663086 0.896484 0.657227 0.900391 0.647461 0.892578 0.639648 0.884766 0.635742 0.878906 0.637695 0.870117
1 0.692383 0.750977 0.703125 0.754883 0.699219 0.760742 0.692383 0.763672 0.693359 0.772461 0.693359 0.772461 0.691406 0.777344 0.680664 0.774414 0.676758 0.768555 0.679688 0.758789 0.687500 0.755859
1 0.686523 0.718750 0.686523 0.729492 0.680664 0.736328 0.671875 0.732422 0.671875 0.732422 0.669922 0.725586 0.674805 0.717773
1 0.667969 0.737305 0.670898 0.744141 0.675781 0.749023 0.682617 0.745117 0.682617 0.752930 0.676758 0.754883 0.666016 0.752930 0.659180 0.748047 0.659180 0.741211
1 0.658203 0.675781 0.659180 0.680664 0.656250 0.685547 0.649414 0.684570 0.646484 0.680664 0.648438 0.674805
1 0.660156 0.685547 0.666016 0.689453 0.666016 0.695312 0.662109 0.700195 0.655273 0.696289 0.651367 0.688477 0.655273 0.687500
1 0.778320 0.680664 0.776367 0.685547 0.770508 0.688477 0.767578 0.684570 0.771484 0.679688
1 0.796875 0.676758 0.802734 0.684570 0.800781 0.691406 0.800781 0.691406 0.791992 0.694336 0.784180 0.687500 0.783203 0.677734 0.783203 0.677734 0.791016 0.674805
1 0.636719 0.658203 0.639648 0.662109 0.638672 0.666016 0.632812 0.665039 0.632812 0.661133
1 0.693359 0.648438 0.696289 0.653320 0.690430 0.656250 0.688477 0.649414
1 0.601562 0.646484 0.607422 0.651367 0.603516 0.656250 0.597656 0.654297 0.595703 0.649414
1 0.719727 0.602539 0.723633 0.610352 0.716797 0.614258 0.708008 0.613281 0.706055 0.606445