1 0.418490 0.835668 0.410552 0.832655 0.406917 0.831411 0.402947 0.824812 0.404860 0.819072 0.409403 0.814577 0.415669 0.812377 0.421024 0.812712 0.425138 0.818021 0.427194 0.826103 0.426189 0.832320 0.423081 0.835716 0.420451 0.836624
1 0.409739 0.813074 0.407491 0.809422 0.411237 0.805816 0.412314 0.798370 0.414891 0.795700 0.419620 0.794764 0.424631 0.798136 0.426645 0.803568 0.424397 0.809797 0.421634 0.811295 0.421260 0.812091
1 0.403979 0.806003 0.399015 0.804926 0.395924 0.800478 0.399812 0.795420 0.403604 0.795561 0.406930 0.797012 0.408007 0.802585 0.405056 0.805488
1 0.396439 0.833465 0.392719 0.832063 0.390835 0.824817 0.396632 0.821773 0.398517 0.820855 0.400690 0.825349 0.400353 0.831001 0.397937 0.833996
1 0.387260 0.848442 0.375520 0.846413 0.372428 0.842886 0.370592 0.838296 0.376921 0.832981 0.380157 0.830856 0.384264 0.827136 0.387453 0.828103 0.391270 0.831436 0.395135 0.835156 0.395473 0.839214 0.394071 0.844094 0.391463 0.847959
1 0.391153 0.861540 0.385830 0.861101 0.381728 0.856412 0.381874 0.851040 0.385293 0.848598 0.391104 0.847963 0.393889 0.848109 0.394475 0.849282 0.394621 0.855826 0.393352 0.860319 0.392472 0.862469
1 0.287656 0.897938 0.283034 0.894702 0.282225 0.887942 0.286212 0.884533 0.291181 0.884476 0.293088 0.889733 0.292395 0.894298 0.291701 0.896782
1 0.332489 0.874377 0.324216 0.870890 0.319902 0.869177 0.320493 0.863563 0.327938 0.860549 0.334321 0.859958 0.338517 0.863977 0.337157 0.870831 0.334321 0.875026
1 0.323921 0.921668 0.318945 0.915938 0.321659 0.910660 0.326484 0.909303 0.330180 0.911641 0.330858 0.916164 0.327616 0.921819
1 0.313063 0.925740 0.307710 0.926117 0.304242 0.921291 0.306881 0.914958 0.312988 0.913299 0.317060 0.917069 0.317813 0.922724 0.315703 0.925589
1 0.286071 0.946248 0.276722 0.944815 0.270689 0.941348 0.273856 0.933279 0.282603 0.928529 0.290067 0.930792 0.293460 0.933657 0.293385 0.939915 0.289389 0.942855
1 0.306542 0.976780 0.296589 0.972535 0.296516 0.966241 0.300540 0.961191 0.306542 0.959729 0.313421 0.959875 0.316714 0.964778 0.316349 0.971730 0.308078 0.977072
1 0.322935 0.961777 0.310347 0.959436 0.304858 0.955996 0.309835 0.947945 0.320153 0.946263 0.324691 0.948604 0.326594 0.954971 0.325569 0.959362
1 0.333034 0.962802 0.327180 0.960899 0.325423 0.958045 0.326960 0.952629 0.331570 0.949922 0.336254 0.951166 0.338157 0.957167 0.335376 0.961046
1 0.343061 0.968510 0.336547 0.967485 0.333692 0.961704 0.337938 0.958045 0.343719 0.956581 0.347086 0.960021 0.346280 0.966388 0.340719 0.968437
1 0.351257 0.985050 0.343719 0.986733 0.336035 0.981976 0.335303 0.973194 0.342841 0.969974 0.347086 0.966681 0.351037 0.965510 0.355648 0.970120 0.356819 0.980805 0.354696 0.985196 0.352647 0.987611
1 0.376191 0.921627 0.368036 0.920586 0.366647 0.917752 0.368961 0.912951 0.377348 0.910060 0.379835 0.914513 0.379488 0.920413 0.378100 0.921106
1 0.376770 0.934468 0.369135 0.934063 0.366764 0.932038 0.367573 0.924114 0.369540 0.922669 0.375208 0.922610 0.378968 0.923651 0.380645 0.927874 0.378852 0.932906
1 0.372530 0.949975 0.366426 0.947991 0.365260 0.940954 0.369304 0.934694 0.375407 0.934384 0.377896 0.939166 0.376029 0.947524
1 0.365065 0.941810 0.365882 0.948030 0.371325 0.949936 0.376651 0.947098 0.377312 0.950752 0.372491 0.955456 0.366349 0.956117 0.362577 0.953279 0.360595 0.948613 0.362033 0.943481 0.363860 0.940799
1 0.377312 0.935852 0.379975 0.933265 0.385604 0.936384 0.389066 0.938780 0.390055 0.942014 0.390777 0.947226 0.388115 0.950040 0.383740 0.949659 0.381078 0.947986 0.379366 0.946616 0.377578 0.946540 0.378567 0.940568
1 0.370624 0.974371 0.361510 0.971886 0.361656 0.966231 0.369991 0.960187 0.372817 0.959506 0.376229 0.960480 0.376229 0.965403 0.374523 0.970131 0.373305 0.972324
1 0.385733 0.977978 0.379057 0.976418 0.375791 0.971593 0.376034 0.966427 0.378374 0.960627 0.383540 0.959115 0.387050 0.960919 0.388561 0.966280 0.388269 0.970326
1 0.368724 0.986020 0.361510 0.985971 0.359707 0.984947 0.358244 0.979489 0.358976 0.975833 0.362582 0.972909 0.366871 0.973591 0.370624 0.976856 0.371989 0.982218 0.368724 0.984314
1 0.383668 0.993324 0.373829 0.990211 0.372439 0.986376 0.374662 0.981039 0.383557 0.979094 0.386836 0.981317 0.388337 0.987543 0.385836 0.992212
1 0.370104 1.000000 0.360099 1.000000 0.357208 0.992379 0.359765 0.987877 0.363045 0.986876 0.368771 0.986987 0.370437 0.986709
1 0.371661 0.999772 0.371049 0.992602 0.375107 0.990601 0.378554 0.991323 0.382778 0.992990 0.384835 0.996159 0.383779 0.998327 0.382945 1.000000
1 0.401865 0.917009 0.397350 0.914146 0.399930 0.906808 0.403559 0.905437 0.405938 0.905195 0.408800 0.907453 0.408639 0.913783 0.406743 0.916121 0.404405 0.916444
1 0.406179 0.928983 0.400655 0.927612 0.396986 0.923983 0.399729 0.919024 0.403599 0.917210 0.407510 0.917774 0.409001 0.919911 0.410171 0.925556 0.407872 0.928298
1 0.415251 0.921928 0.410493 0.920637 0.407993 0.916848 0.409808 0.909389 0.414646 0.905558 0.417428 0.905760 0.420532 0.910396 0.420855 0.917331 0.420613 0.919226
1 0.432452 0.925367 0.425172 0.924193 0.421237 0.921081 0.421003 0.912860 0.423234 0.907400 0.428460 0.904112 0.435447 0.908691 0.437678 0.912039 0.437443 0.917676
1 0.528379 0.919407 0.518933 0.914078 0.519417 0.903543 0.523414 0.901242 0.533889 0.899305 0.537824 0.901727 0.540549 0.906268 0.538914 0.912201 0.535766 0.916439
1 0.514694 0.913291 0.510093 0.911596 0.506763 0.905238 0.508821 0.899365 0.512999 0.893854 0.518872 0.892099 0.525049 0.893188 0.527410 0.897427 0.525836 0.898032 0.519114 0.901303 0.517116 0.899486 0.519478 0.907479 0.517722 0.913049 0.517237 0.913230
1 0.506577 0.900092 0.502108 0.900807 0.499188 0.896338 0.501572 0.892167 0.506577 0.890200 0.509318 0.892346 0.509318 0.895443 0.508663 0.897410
1 0.558492 0.915722 0.549029 0.913420 0.549477 0.906771 0.557341 0.903126 0.560985 0.904725 0.564694 0.908241 0.563352 0.914443
1 0.552099 0.929021 0.546600 0.926975 0.546216 0.921477 0.550819 0.919238 0.554400 0.920772 0.557405 0.924545 0.554848 0.928317
1 0.542124 0.930363 0.536689 0.926783 0.536817 0.919941 0.542508 0.917576 0.543211 0.922755 0.542827 0.929148
1 0.571791 0.936821 0.561881 0.934583 0.563479 0.924481 0.570768 0.919110 0.574924 0.920069 0.579271 0.924929 0.578696 0.931259 0.575883 0.935287
1 0.557085 0.932409 0.555679 0.930300 0.557789 0.925568 0.559323 0.920709 0.563031 0.920517 0.563479 0.924289 0.561753 0.930044 0.561688 0.932921
1 0.462982 0.921668 0.456097 0.920831 0.454681 0.911757 0.456676 0.910855 0.461631 0.909633 0.464656 0.911563 0.467617 0.915361 0.466974 0.919673
1 0.443739 0.922118 0.438848 0.920510 0.438012 0.915876 0.439878 0.911178 0.444770 0.910727 0.448181 0.913044 0.448373 0.917613
1 0.575330 0.970155 0.570279 0.967890 0.570279 0.964027 0.572693 0.961354 0.577187 0.960908 0.580157 0.963359 0.579823 0.966627 0.578746 0.968187
1 0.576492 0.947836 0.572770 0.947079 0.571619 0.943538 0.573950 0.940148 0.576825 0.939482 0.579307 0.941722
1 0.577673 0.955100 0.574798 0.954282 0.573617 0.950802 0.575040 0.948714 0.576946 0.947261 0.579276 0.948351 0.579640 0.951195 0.579246 0.954131
1 0.594560 0.953118 0.588255 0.950949 0.587041 0.945513 0.590106 0.943459 0.594271 0.943633 0.596150 0.946641 0.595774 0.952020 0.595195 0.953437
1 0.592737 0.957225 0.587330 0.956819 0.585652 0.952279 0.588892 0.951701 0.592709 0.953233 0.595108 0.954333 0.595484 0.955056
1 0.589523 0.969483 0.584658 0.966624 0.586280 0.963680 0.589097 0.962313 0.591871 0.963594 0.593108 0.966752 0.591529 0.969654
1 0.593108 0.962740 0.588628 0.961973 0.586792 0.958856 0.589652 0.957363 0.593664 0.957192 0.595755 0.958003 0.595798 0.959753 0.594518 0.962441
1 0.589753 0.978202 0.585052 0.978286 0.582953 0.974299 0.584213 0.971319 0.590173 0.970018 0.591768 0.970479 0.593782 0.972368 0.593194 0.976439
1 0.589837 0.987185 0.583163 0.985673 0.584842 0.980847 0.588452 0.978370 0.592271 0.978832 0.591516 0.983323 0.591306 0.987604 0.590802 0.987646
1 0.588577 0.995578 0.584632 0.993313 0.582785 0.989450 0.588284 0.986387 0.591810 0.988275 0.589375 0.990794 0.589249 0.994949
1 0.583499 1.000000 0.580268 0.998643 0.582282 0.995117 0.588326 0.994865 0.591474 0.996166 0.592313 0.997593 0.591558 1.000000 0.589963 1.000000
1 0.615893 0.984236 0.603923 0.978975 0.603682 0.974293 0.608846 0.970866 0.612369 0.970866 0.618258 0.972556 0.622167 0.975307 0.621057 0.979120 0.618644 0.983512
1 0.613383 0.996882 0.604405 0.997268 0.600110 0.988242 0.604164 0.983415 0.609521 0.982112 0.615603 0.984140 0.618161 0.986697 0.618740 0.989932 0.615893 0.994951
1 0.531776 0.833532 0.520357 0.823772 0.527970 0.816550 0.534802 0.817525 0.540755 0.821137 0.538315 0.826896
1 0.547295 0.850808 0.540072 0.850612 0.536070 0.843487 0.539779 0.836362 0.546709 0.833239 0.551979 0.834801 0.548368 0.839681 0.555396 0.845635 0.547782 0.849538
1 0.531679 0.849343 0.529434 0.838900 0.533631 0.838217 0.536070 0.840071 0.535875 0.845732 0.534118 0.848074
1 0.594946 0.799314 0.589110 0.796497 0.587232 0.790192 0.590318 0.784691 0.595349 0.784289 0.600782 0.786905 0.602593 0.791869 0.600380 0.795960
1 0.599313 0.908507 0.591271 0.902404 0.590481 0.895296 0.593641 0.890629 0.601036 0.891706 0.605057 0.895655 0.604268 0.902835 0.601826 0.907430
1 0.626471 0.921118 0.618164 0.915937 0.620308 0.908613 0.624505 0.905755 0.631650 0.907898 0.635581 0.913258 0.632008 0.918885
1 0.605037 0.854640 0.599852 0.849868 0.603274 0.844268 0.606489 0.843957 0.610482 0.846912 0.612038 0.850958 0.608200 0.854847
1 0.608356 0.844994 0.601978 0.841830 0.604260 0.836852 0.608667 0.835504 0.612765 0.839497 0.613490 0.842660 0.611364 0.844994
1 0.611364 0.836852 0.608200 0.834467 0.606696 0.830369 0.611104 0.829177 0.614942 0.831562 0.614839 0.836074 0.614009 0.838355
1 0.612231 0.822267 0.607979 0.819236 0.612231 0.814838 0.615750 0.815474 0.617461 0.818797 0.615849 0.822071
1 0.613333 0.807344 0.608162 0.803281 0.608394 0.799819 0.611994 0.797326 0.616241 0.800466 0.616380 0.805405 0.615318 0.807206
1 0.621643 0.801989 0.617719 0.801527 0.614349 0.799357 0.612502 0.794880 0.612964 0.788417 0.617349 0.786247 0.620673 0.788278 0.622058 0.793126 0.621827 0.798526 0.620442 0.801204
1 0.678880 0.786838 0.670118 0.785813 0.669372 0.782316 0.673753 0.778401 0.677948 0.777144 0.682516 0.780546 0.682469 0.785347 0.680558 0.787211
1 0.669186 0.807159 0.666855 0.807346 0.664292 0.802451 0.665178 0.797511 0.669139 0.794621 0.672262 0.795041 0.672867 0.799188 0.672541 0.803011
1 0.691909 0.791367 0.688370 0.790992 0.687578 0.786661 0.691243 0.784496 0.694824 0.783663 0.696615 0.786994 0.695823 0.790117
1 0.680992 0.947092 0.673259 0.945029 0.673259 0.939229 0.677513 0.936716 0.683377 0.938263 0.685633 0.941421 0.684344 0.945738
1 0.681830 0.926276 0.678672 0.923827 0.677126 0.917383 0.679896 0.913193 0.685182 0.913387 0.688146 0.917963 0.687437 0.922796 0.685697 0.926405
1 0.776686 0.957259 0.773029 0.952330 0.776288 0.946289 0.789642 0.945256 0.793219 0.948595 0.793060 0.953603
1 0.736083 0.884769 0.730512 0.880298 0.731904 0.875021 0.737842 0.872382 0.742606 0.876633 0.742973 0.881544 0.738574 0.883742
1 0.750375 0.886675 0.744438 0.886748 0.742093 0.880298 0.745024 0.874874 0.752867 0.875167 0.756166 0.881177 0.754187 0.885648
1 0.783053 0.880414 0.777396 0.878983 0.776646 0.872985 0.780463 0.869373 0.786120 0.873462 0.789323 0.873599
1 0.815949 0.958982 0.809805 0.956716 0.810461 0.951407 0.816009 0.947589 0.820960 0.947470 0.823405 0.952302 0.820482 0.958863
1 0.831697 0.963397 0.825136 0.962442 0.822332 0.956656 0.828596 0.950631 0.832234 0.951168 0.835873 0.955522 0.834740 0.961310 0.832771 0.963934
1 0.868110 0.976636 0.863201 0.973552 0.862824 0.966377 0.868929 0.962160 0.874530 0.964426 0.875349 0.968202 0.867418 0.979594
1 0.878559 0.976006 0.875475 0.973803 0.874152 0.967572 0.876607 0.960964 0.877929 0.960209 0.883026 0.963167 0.883656 0.968517 0.881517 0.972104 0.879376 0.976006
1 0.897817 0.974559 0.890894 0.971034 0.895236 0.963041 0.899894 0.963922 0.901782 0.964174 0.903419 0.968894 0.897754 0.974055
1 0.912322 0.976503 0.907047 0.975014 0.908723 0.969242 0.916666 0.966573 0.918031 0.967070 0.921011 0.972097 0.919335 0.976503
1 0.905991 0.961174 0.900592 0.959250 0.898233 0.955650 0.905433 0.952113 0.908226 0.952981 0.911267 0.953229 0.912694 0.958195 0.908723 0.960678
1 0.953362 0.983275 0.950118 0.979232 0.952375 0.976082 0.957923 0.977116 0.958534 0.982617 0.954914 0.984780
1 0.985361 0.993045 0.980285 0.990540 0.981669 0.985925 0.985361 0.983551 0.990438 0.985133 0.990899 0.989880 0.987735 0.993440
1 0.997559 0.996144 0.991625 0.994430 0.990307 0.990474 0.993471 0.985331 0.999142 0.984869 0.999009 0.990540 0.999142 0.997265
1 0.986219 0.983814 0.983384 0.980848 0.984372 0.976364 0.988131 0.973331 0.992746 0.974452 0.993142 0.981639 0.990504 0.983419
1 0.996240 0.985265 0.993010 0.983419 0.993075 0.977155 0.996306 0.973199 1.000000 0.976034 1.000000 0.982232 0.999339 0.984605
1 0.937658 0.803029 0.931165 0.802460 0.929627 0.795853 0.934924 0.789530 0.938569 0.789359 0.942557 0.792549 0.942728 0.798758 0.941360 0.802346
1 0.980091 0.794442 0.970964 0.790850 0.973003 0.783275 0.980285 0.781042 0.986694 0.782888 0.987374 0.789005 0.984267 0.792403
1 0.926680 0.811195 0.919583 0.808860 0.922278 0.802482 0.927129 0.802842 0.932698 0.805896 0.938626 0.806614 0.943656 0.806614 0.944285 0.809399 0.940872 0.813621 0.937459 0.815776
1 0.932856 0.728753 0.925750 0.727438 0.926347 0.719615 0.928258 0.717823 0.932498 0.718421 0.935843 0.721705 0.935007 0.727080
1 0.930468 0.739802 0.923839 0.736576 0.923360 0.731739 0.925332 0.728812 0.929034 0.727141 0.935902 0.730007 0.936619 0.732813 0.934290 0.738129 0.931603 0.740339
1 0.884649 0.706151 0.877222 0.704508 0.875124 0.698102 0.879943 0.693735 0.884365 0.693169 0.888731 0.694643 0.886576 0.700936 0.886293 0.706662
1 0.776570 0.452979 0.770665 0.448422 0.771458 0.441685 0.777244 0.437762 0.781246 0.438752 0.785051 0.442121 0.786518 0.448580 0.784853 0.452306 0.781207 0.453652
1 0.711556 0.540579 0.708512 0.534425 0.711423 0.531116 0.716452 0.531183 0.718371 0.536608 0.715459 0.539983
1 0.704541 0.539189 0.701299 0.534689 0.702357 0.529859 0.706460 0.527543 0.708114 0.531314 0.708379 0.536344 0.705997 0.538594
1 0.702557 0.551033 0.697461 0.549445 0.697196 0.539520 0.699446 0.539255 0.705600 0.539520 0.708445 0.543622 0.704938 0.550570
1 0.696458 0.568876 0.690876 0.560635 0.697373 0.555707 0.700077 0.556579 0.703304 0.559980 0.702998 0.564341 0.698333 0.568309
1 0.692939 0.589807 0.688052 0.589314 0.686347 0.581540 0.689495 0.578522 0.694612 0.578194 0.696449 0.579966 0.698122 0.583246 0.694579 0.588789
1 0.686084 0.601877 0.682902 0.598630 0.686183 0.593513 0.688216 0.593808 0.690315 0.595842 0.690053 0.600598 0.687462 0.602533
1 0.693104 0.595776 0.688314 0.594365 0.686871 0.590922 0.691037 0.588953 0.693202 0.589872 0.694252 0.591774 0.693727 0.593972
1 0.788655 0.324815 0.784218 0.317652 0.788422 0.312669 0.796363 0.311268 0.799945 0.316796 0.795818 0.323258 0.793639 0.325127
1 0.771201 0.354777 0.770083 0.350069 0.773998 0.348904 0.777261 0.351374 0.772273 0.355336
1 0.774791 0.364985 0.769244 0.362328 0.768405 0.357946 0.771621 0.354917 0.776516 0.354171 0.779592 0.355522 0.782621 0.360417 0.782155 0.362654 0.779312 0.364519
1 0.771714 0.378316 0.767799 0.378270 0.764909 0.372116 0.769337 0.367036 0.773206 0.367223 0.776143 0.370205 0.776981 0.375612 0.774650 0.378223
1 0.767426 0.387313 0.762672 0.385960 0.760807 0.379715 0.763697 0.375846 0.766866 0.376592 0.769570 0.379621 0.772880 0.379715 0.773905 0.379295 0.772041 0.384003 0.770782 0.386146
1 0.999778 0.114647 0.990848 0.115144 0.986878 0.120034 0.986452 0.124854 0.989430 0.128753 0.995313 0.132085 0.999495 0.131376
1 0.994888 0.148033 0.989501 0.146828 0.988225 0.141512 0.993399 0.136692 0.997298 0.135629 0.998928 0.135416 0.999708 0.145765
1 0.974544 0.123933 0.967739 0.120602 0.965896 0.113797 0.972843 0.106354 0.977380 0.107204 0.983830 0.112875 0.982058 0.120956 0.979789 0.124146
1 0.951011 0.134211 0.943780 0.129533 0.943568 0.120389 0.945270 0.116562 0.951861 0.112875 0.957887 0.115356 0.960438 0.122870 0.959517 0.128328 0.956114 0.131234
1 0.964550 0.133856 0.960154 0.132864 0.958737 0.127123 0.961714 0.122657 0.967102 0.122303 0.970504 0.126484 0.969370 0.132014
1 0.920835 0.101994 0.915460 0.097659 0.916558 0.090896 0.921471 0.086850 0.925748 0.089972 0.930314 0.096618 0.930835 0.098757 0.926904 0.101647
1 0.917838 0.122743 0.912462 0.118984 0.912462 0.110900 0.914119 0.109082 0.920869 0.108759 0.923859 0.110900 0.925800 0.114377 0.926285 0.119064 0.919656 0.124278
1 0.908784 0.124521 0.907936 0.124764 0.903611 0.124036 0.901469 0.119914 0.901913 0.116276 0.905188 0.112720 0.908461 0.110698 0.910684 0.111184 0.911654 0.113002 0.912099 0.121449 0.912584 0.121732 0.911896 0.123592
1 0.893222 0.120500 0.888162 0.116310 0.891178 0.113038 0.893171 0.108541 0.893835 0.104452 0.898639 0.104146 0.902626 0.107774 0.902728 0.110994 0.901246 0.115185 0.898128 0.118507
1 0.885249 0.123106 0.876509 0.123106 0.874567 0.119733 0.879423 0.113754 0.881978 0.112067 0.884533 0.108898 0.886066 0.108643 0.887344 0.112425 0.889082 0.121011 0.887190 0.123005
1 0.883357 0.135781 0.876407 0.133227 0.874312 0.126838 0.877071 0.123362 0.882029 0.121931 0.886016 0.123260 0.888213 0.124896 0.888775 0.127553 0.888622 0.131897 0.887702 0.134760
1 0.402197 0.788288 0.389976 0.782177 0.394769 0.770075 0.403396 0.766121 0.411063 0.767799 0.414299 0.773190 0.412022 0.780859
1 0.450963 0.763965 0.444972 0.761089 0.448687 0.751983 0.456594 0.750066 0.463064 0.753062 0.454677 0.764563
1 0.226155 0.994042 0.214405 0.990670 0.213077 0.980146 0.221558 0.970849 0.230651 0.970235 0.238314 0.974629 0.242503 0.985663 0.238109 0.990772 0.234533 0.992611
1 0.233978 0.937191 0.229079 0.930123 0.232117 0.924729 0.237884 0.922992 0.242534 0.925473 0.244270 0.931921 0.241976 0.936509
1 0.227467 0.935393 0.223064 0.934773 0.220895 0.929255 0.225235 0.923984 0.229761 0.922992 0.230753 0.924419 0.228583 0.931859 0.230443 0.934773
1 0.196794 0.930144 0.190804 0.923947 0.196257 0.919568 0.201916 0.918700 0.204891 0.920353 0.208278 0.924525 0.207411 0.927913 0.204644 0.928904
1 0.147490 0.928454 0.141603 0.919303 0.146420 0.912881 0.151878 0.908438 0.154982 0.909241 0.159103 0.911597 0.161618 0.919143 0.160227 0.925029 0.156909 0.929524 0.152734 0.931022
1 0.039361 0.904860 0.027700 0.908500 0.020976 0.899986 0.025541 0.893755 0.034796 0.891102 0.039546 0.892582 0.043927 0.895297 0.044976 0.903317 0.043434 0.907637
1 0.000677 0.888140 0.007896 0.888387 0.011166 0.892706 0.009500 0.900109 0.004935 0.903009 0.000307 0.899245
1 0.028156 0.956431 0.022681 0.953382 0.022494 0.947969 0.028280 0.945480 0.032885 0.946165 0.034938 0.950022 0.033756 0.953880
1 0.125932 0.836399 0.119936 0.831767 0.120821 0.824068 0.129475 0.820525 0.134652 0.822501 0.137854 0.828701 0.136219 0.834832 0.128384 0.837967
1 0.086338 0.627534 0.080328 0.625839 0.078094 0.620061 0.081253 0.614128 0.087031 0.612664 0.091576 0.614744 0.093580 0.620215 0.091269 0.626301
1 0.026473 0.461272 0.019761 0.457801 0.020301 0.449547 0.027398 0.446461 0.033801 0.445921 0.035035 0.450704 0.032258 0.457646 0.030483 0.460115
1 0.059308 0.543826 0.056109 0.540794 0.056661 0.534839 0.062946 0.530703 0.065207 0.532027 0.067026 0.538975 0.064380 0.544488 0.060796 0.545314
1 0.787371 0.235799 0.780115 0.224860 0.780874 0.214247 0.788346 0.207533 0.796252 0.201469 0.803940 0.199086 0.807623 0.210891 0.807081 0.221828 0.805132 0.228543 0.790188 0.238938 0.787371 0.238831
1 0.785802 0.268538 0.781807 0.259501 0.784756 0.249322 0.792176 0.243329 0.796742 0.246373 0.798739 0.256361 0.792366 0.264258 0.785992 0.264543
1 0.838282 0.208387 0.828375 0.199662 0.831850 0.194190 0.839466 0.189089 0.849669 0.192120 0.852183 0.197074 0.850408 0.203950 0.844050 0.209939
1 0.848338 0.190271 0.843532 0.190050 0.841535 0.183026 0.845454 0.177333 0.849742 0.177111 0.853661 0.182582 0.853439 0.189532 0.850112 0.191898
1 0.742175 0.209665 0.732863 0.202444 0.733813 0.193608 0.742935 0.189522 0.751391 0.190947 0.755286 0.199688 0.752056 0.207100
1 0.717729 0.239510 0.710887 0.227168 0.722397 0.217896 0.725851 0.218600 0.732629 0.222628 0.736657 0.229598 0.733013 0.237080 0.727961 0.241045
1 0.708329 0.228319 0.697842 0.217832 0.699568 0.207729 0.706986 0.203828 0.715044 0.204787 0.718753 0.209902 0.721886 0.215466 0.719840 0.218983 0.717153 0.220518
1 0.718257 0.203115 0.705979 0.203419 0.704010 0.195841 0.716286 0.186974 0.722273 0.186520 0.726138 0.187353 0.729775 0.194249
1 0.738869 0.230095 0.732731 0.219637 0.723031 0.216984 0.718787 0.208951 0.722425 0.201069 0.728032 0.197432 0.734398 0.205616 0.742128 0.215089 0.742507 0.221379 0.742053 0.225547 0.739703 0.229791
1 0.753478 0.229505 0.743241 0.224388 0.745021 0.213818 0.760598 0.205028 0.765159 0.205474 0.767829 0.210035 0.766494 0.219826
1 0.911896 0.057865 0.904315 0.053492 0.903951 0.047223 0.915541 0.042412 0.918895 0.045036 0.922175 0.051451 0.918895 0.055824
1 0.901837 0.066540 0.896808 0.059542 0.899796 0.055022 0.906430 0.054585 0.910438 0.059323 0.908543 0.064280 0.904170 0.066176
1 0.891049 0.077036 0.886165 0.075214 0.886311 0.067925 0.892361 0.063843 0.898338 0.066831 0.899941 0.072080 0.897755 0.075870
1 0.882691 0.088171 0.877014 0.083402 0.881707 0.077271 0.889655 0.076286 0.892456 0.081888 0.890715 0.085900
1 0.859680 0.118146 0.854532 0.114514 0.856046 0.107397 0.865281 0.104445 0.869975 0.106641 0.870655 0.112242 0.865811 0.116330
1 0.826431 0.191552 0.823629 0.185378 0.828663 0.181484 0.833744 0.182529 0.835264 0.185141 0.835026 0.189367 0.829043 0.191409
1 0.828045 0.182007 0.826479 0.179110 0.828473 0.174836 0.833887 0.175121 0.836593 0.178920 0.835073 0.181722 0.832937 0.182102
1 0.829850 0.174456 0.829612 0.169802 0.833507 0.166383 0.837828 0.166811 0.839063 0.171892 0.837211 0.174741 0.834979 0.174741
1 0.840127 0.157145 0.835622 0.154430 0.837781 0.148506 0.843705 0.147457 0.847038 0.151345 0.846482 0.155170 0.845988 0.157021
1 0.831550 0.166833 0.831056 0.160045 0.837474 0.157453 0.842965 0.160106 0.843768 0.164364 0.842718 0.166154 0.840312 0.167820
1 0.869372 0.154147 0.864105 0.148482 0.868653 0.144094 0.874559 0.142019 0.878229 0.146168 0.878229 0.150557 0.874159 0.154308
1 0.926665 0.038835 0.923117 0.023757 0.931276 0.017105 0.939259 0.014888 0.946000 0.017105 0.949459 0.027039 0.949282 0.035997 0.937574 0.041763 0.934647 0.040343
1 0.954515 0.030055 0.947774 0.022427 0.947862 0.007703 0.955401 0.008324 0.959305 0.009300 0.965336 0.015154 0.965779 0.022516 0.963650 0.026861 0.958506 0.029079
1 0.974560 0.010719 0.966488 0.006195 0.969416 0.000000 0.977486 0.000000 0.985646 0.001672 0.981479 0.007260 0.977664 0.010985
1 0.964537 0.041851 0.957619 0.036529 0.958861 0.029256 0.966400 0.026329 0.971987 0.029256 0.972254 0.036707 0.970746 0.041142
1 0.956664 0.048087 0.949200 0.046772 0.948148 0.041306 0.949883 0.036417 0.953773 0.033894 0.958188 0.034998 0.961396 0.038414 0.963077 0.042252 0.962710 0.046142 0.959766 0.048612
1 0.984851 0.017538 0.979760 0.012886 0.981237 0.007850 0.984851 0.005332 0.990160 0.005988 0.992678 0.010751 0.992678 0.015787 0.989776 0.017648
1 0.992240 0.000000 0.990980 0.004839 0.992459 0.007303 0.995306 0.011188 0.998535 0.012010 0.999794 0.002595 1.000000 0.000000
1 0.898980 0.019771 0.892289 0.013761 0.893714 0.008310 0.901087 0.005770 0.905856 0.007813 0.907158 0.011965 0.905052 0.015930
1 0.906910 0.027515 0.902140 0.025470 0.900839 0.020142 0.904246 0.015930 0.909450 0.015186 0.913291 0.018717 0.913477 0.022868 0.911123 0.026090
1 0.864215 0.041392 0.861639 0.035860 0.864215 0.031692 0.869595 0.028510 0.875202 0.031011 0.876263 0.033663 0.868004 0.036391 0.866034 0.040406
1 0.873875 0.047502 0.869146 0.045342 0.867149 0.041837 0.867435 0.038536 0.868882 0.036396 0.871205 0.035092 0.875586 0.035377 0.877074 0.036294 0.879580 0.039596 0.879866 0.040798 0.879092 0.042122 0.877257 0.042855 0.874954 0.044262 0.875077 0.046320
1 0.878399 0.055275 0.875476 0.051123 0.875012 0.047595 0.875979 0.044470 0.878036 0.042575 0.881161 0.041668 0.884467 0.041547 0.887088 0.044168 0.888861 0.047232 0.888922 0.049731 0.887935 0.052493 0.883137 0.055336
1 0.874733 0.095214 0.870529 0.090856 0.872822 0.085811 0.876225 0.084244 0.880123 0.085314 0.883296 0.089557 0.878671 0.095405 0.877830 0.095176
1 0.778356 0.070912 0.773171 0.064254 0.775348 0.055804 0.780854 0.052730 0.788344 0.053307 0.792890 0.053114 0.795258 0.057212 0.792697 0.067519 0.788600 0.072385 0.784631 0.071232
1 0.640804 0.110864 0.636586 0.102983 0.640359 0.094880 0.651460 0.091327 0.658676 0.097544 0.658564 0.104981 0.652349 0.107979 0.647131 0.111753
1 0.653681 0.161789 0.646790 0.158754 0.646158 0.151421 0.649382 0.144088 0.656210 0.139093 0.662216 0.141433 0.664997 0.149588 0.664365 0.157237 0.660382 0.161030
1 0.630732 0.170387 0.625485 0.166720 0.624221 0.158754 0.628330 0.151863 0.635095 0.148702 0.639899 0.151421 0.642617 0.159449 0.639077 0.166024
1 0.647703 0.182344 0.640048 0.181626 0.638313 0.169664 0.640107 0.164521 0.645251 0.160454 0.650574 0.162966 0.656376 0.166794 0.659785 0.168109 0.660383 0.176243 0.657153 0.182104 0.652010 0.183002
1 0.632368 0.207141 0.621334 0.199348 0.629128 0.185998 0.633218 0.184069 0.641011 0.185535 0.645641 0.192557 0.644638 0.201045 0.641474 0.207295
1 0.613574 0.207189 0.604859 0.204119 0.601845 0.201270 0.604421 0.191238 0.611108 0.187730 0.614507 0.188114 0.619056 0.192718 0.618946 0.198693 0.620316 0.204229 0.618728 0.206257
1 0.614342 0.225771 0.601790 0.222866 0.600419 0.215192 0.605078 0.209107 0.612862 0.206970 0.617467 0.206915 0.622619 0.209984 0.621961 0.218810 0.619166 0.224839
1 0.689100 0.203552 0.674872 0.196285 0.670895 0.187335 0.671736 0.178845 0.682904 0.175097 0.692160 0.175937 0.699197 0.183970 0.700956 0.190548 0.700345 0.197050 0.696826 0.200492
1 0.677091 0.208370 0.665464 0.206152 0.660645 0.203093 0.653531 0.202327 0.655443 0.186724 0.665234 0.178921 0.667835 0.177927 0.670972 0.185806 0.671354 0.193531 0.673954 0.197279 0.680150 0.198962 0.683058 0.201027 0.680150 0.205999
1 0.645041 0.228718 0.635173 0.222139 0.633873 0.214566 0.639074 0.207300 0.645576 0.201868 0.649937 0.202251 0.660492 0.214720 0.661640 0.221680 0.659804 0.225199 0.648789 0.230171 0.643435 0.228411
1 0.665623 0.226667 0.662209 0.224204 0.661388 0.220330 0.660929 0.214913 0.661650 0.211006 0.666182 0.207427 0.669268 0.208609 0.673044 0.216128 0.673404 0.222201 0.672715 0.224795 0.668775 0.227882
1 0.679348 0.222464 0.676031 0.222005 0.673273 0.217244 0.672157 0.209266 0.675112 0.208937 0.678165 0.209463 0.682762 0.215372 0.683813 0.218722 0.683517 0.220560 0.681416 0.222398
1 0.625858 0.249928 0.620317 0.245178 0.622448 0.240063 0.626284 0.237080 0.632068 0.242620 0.635052 0.243838 0.631765 0.248831
1 0.637062 0.260461 0.629207 0.259608 0.626406 0.254312 0.628232 0.250658 0.634018 0.247065 0.638706 0.246213 0.642177 0.251023 0.643698 0.257295 0.641080 0.260644
1 0.618795 0.259791 0.627989 0.258208 0.639862 0.261374 0.644063 0.269777 0.642298 0.280920 0.634626 0.280615 0.627441 0.276536 0.616420 0.274709 0.612827 0.264906
1 0.646316 0.268560 0.641385 0.260705 0.648935 0.254007 0.655815 0.257112 0.654537 0.267402
1 0.647621 0.249424 0.641601 0.242399 0.648011 0.232477 0.655202 0.231307 0.658380 0.234094 0.661390 0.241563 0.659662 0.246246 0.655593 0.249424
1 0.672101 0.245910 0.668110 0.242551 0.665854 0.235306 0.668058 0.231421 0.672048 0.230161 0.676982 0.231264 0.680343 0.236775 0.681130 0.240187 0.678610 0.244073 0.676300 0.246067
1 0.435984 0.271543 0.426482 0.262858 0.428562 0.250758 0.436207 0.243929 0.442369 0.242741 0.449569 0.245042 0.455211 0.250387 0.457216 0.256845 0.454766 0.264194 0.449718 0.268797 0.445041 0.270133
1 0.552210 0.188627 0.544628 0.184058 0.545934 0.177480 0.549549 0.174066 0.555424 0.173564 0.558285 0.177179 0.559641 0.181799 0.556779 0.185614
1 0.548745 0.205849 0.545131 0.205397 0.543423 0.203288 0.546888 0.199572 0.551406 0.197865 0.554219 0.199724 0.555223 0.201632 0.553063 0.205548
1 0.547992 0.199623 0.543021 0.198770 0.541314 0.193046 0.544930 0.187221 0.550353 0.186819 0.555021 0.189330 0.556578 0.191790 0.555122 0.195907 0.552913 0.198368
1 0.539607 0.192744 0.536042 0.193297 0.535691 0.186418 0.537498 0.183004 0.540813 0.182149 0.544276 0.184861 0.544478 0.187171 0.543122 0.190484
1 0.607309 0.173802 0.601445 0.175882 0.596970 0.167183 0.597474 0.161383 0.603147 0.155078 0.610650 0.153313 0.615567 0.154322 0.619098 0.160185 0.618025 0.167435 0.614433 0.172730 0.611344 0.175126
1 0.588055 0.155412 0.584235 0.155539 0.583918 0.148729 0.587354 0.144720 0.592955 0.143829 0.596200 0.147584 0.595373 0.151657 0.591555 0.154967
1 0.594419 0.165595 0.590791 0.162667 0.590536 0.156939 0.593782 0.152229 0.599319 0.150767 0.603074 0.152930 0.602437 0.155539 0.599383 0.159485
1 0.561171 0.174893 0.556499 0.171136 0.557125 0.167283 0.561267 0.165021 0.565553 0.164395 0.568201 0.167572 0.566708 0.173352 0.562086 0.175422
1 0.576677 0.169450 0.570416 0.169307 0.569550 0.165310 0.572872 0.162131 0.578892 0.159868 0.582455 0.162564 0.582455 0.166562 0.579759 0.169980
1 0.565501 0.192263 0.560974 0.190688 0.558479 0.185504 0.560711 0.176974 0.564582 0.175202 0.570685 0.176317 0.576130 0.183011 0.580724 0.186291 0.579607 0.192065 0.577114 0.196330 0.572324 0.198692 0.566944 0.195740
1 0.576852 0.170609 0.583741 0.170675 0.590237 0.178155 0.589975 0.183273 0.585775 0.185307 0.580854 0.186423 0.576590 0.183732 0.571603 0.176974 0.569766 0.171922
1 0.587153 0.198430 0.581511 0.196921 0.580985 0.192000 0.584136 0.187473 0.590565 0.185176 0.593649 0.191803 0.590303 0.196462
1 0.553709 0.226311 0.548735 0.221591 0.550816 0.215451 0.554622 0.214385 0.560712 0.216466 0.562082 0.219104 0.559342 0.223723 0.556297 0.226767
1 0.527222 0.206014 0.523017 0.205163 0.521564 0.199255 0.524519 0.195200 0.528724 0.192347 0.532679 0.193648 0.533330 0.196952 0.532429 0.200857 0.529876 0.205063
1 0.583079 0.248734 0.579531 0.240851 0.583079 0.234741 0.589681 0.232771 0.596776 0.236712 0.597269 0.242624 0.592736 0.247157
1 0.542801 0.290430 0.537291 0.283923 0.539946 0.277615 0.547913 0.274030 0.554619 0.274562 0.558204 0.279740 0.557806 0.284255 0.554885 0.285583 0.548644 0.287973
1 0.544395 0.274097 0.542801 0.269582 0.547647 0.263938 0.556412 0.261748 0.563582 0.264204 0.567366 0.268719 0.566039 0.273565 0.561922 0.276421 0.556412 0.273698
1 0.569494 0.261203 0.562410 0.256132 0.561963 0.250093 0.565841 0.246066 0.572253 0.244351 0.578144 0.246737 0.580828 0.251808 0.579038 0.255760 0.574863 0.258892
1 0.537953 0.262172 0.531689 0.258966 0.530571 0.250391 0.536536 0.244873 0.543918 0.244202 0.547423 0.247855 0.547870 0.253820 0.545186 0.259860 0.540339 0.263962
1 0.544888 0.242114 0.550256 0.235328 0.558011 0.233986 0.563604 0.238312 0.565169 0.241368 0.562560 0.245171 0.560770 0.251584 0.563230 0.255461 0.566884 0.257176 0.568077 0.260830 0.567332 0.262545 0.565915 0.263813 0.561739 0.264186 0.554730 0.262545 0.549734 0.261575 0.546080 0.260681 0.549585 0.249869
1 0.522737 0.313085 0.513303 0.307531 0.518400 0.299086 0.528215 0.294141 0.533997 0.293913 0.540007 0.302281 0.541681 0.308748 0.537496 0.312248 0.531715 0.311792 0.527149 0.309129
1 0.526566 0.335418 0.520430 0.332305 0.519984 0.323854 0.524165 0.319852 0.530836 0.316827 0.536084 0.314781 0.541599 0.309979 0.550672 0.306954 0.555119 0.313447 0.554496 0.323854 0.551027 0.325812 0.546313 0.325544 0.540531 0.326700
1 0.695091 0.306822 0.684899 0.302455 0.687812 0.293566 0.690877 0.290348 0.696011 0.289045 0.703750 0.294563 0.704439 0.301765 0.699306 0.305826
1 0.690724 0.319543 0.682218 0.317627 0.680991 0.307665 0.684977 0.304601 0.694479 0.305137 0.701068 0.307896 0.701068 0.311573 0.696624 0.317014 0.693865 0.320232
1 0.667627 0.333046 0.655321 0.325253 0.659096 0.317787 0.664182 0.316311 0.670171 0.316393 0.676733 0.320494 0.679687 0.324351 0.676897 0.329683 0.673042 0.332964
1 0.668693 0.314916 0.663115 0.315244 0.662295 0.305728 0.665740 0.299329 0.673042 0.297688 0.677226 0.299411 0.680261 0.304087 0.680015 0.310568 0.677144 0.315736 0.674519 0.317049
1 0.654829 0.321479 0.649579 0.320740 0.649251 0.312537 0.654501 0.303923 0.660080 0.303677 0.662049 0.306056 0.662623 0.311799 0.661967 0.314178 0.660244 0.314670 0.657701 0.316229
1 0.674979 0.318884 0.680006 0.313083 0.681475 0.314205 0.682403 0.317839 0.686502 0.319270 0.692611 0.320159 0.694544 0.321513 0.694119 0.324992 0.691258 0.329749 0.687197 0.331837 0.682983 0.331721 0.679000 0.329517 0.681011 0.323562
1 0.670928 0.345408 0.658829 0.339558 0.658829 0.331207 0.661498 0.330299 0.667292 0.331435 0.673313 0.335127 0.676607 0.333025 0.677971 0.332400 0.678368 0.335070 0.677914 0.340637 0.676381 0.343988 0.673881 0.345237
1 0.677778 0.361435 0.669475 0.354982 0.669643 0.348025 0.671719 0.346791 0.674412 0.345893 0.678228 0.343144 0.680416 0.340338 0.681874 0.340002 0.684343 0.343873 0.686082 0.348025 0.686419 0.351279 0.686082 0.355768 0.678564 0.361267
1 0.634809 0.345846 0.627929 0.345498 0.626797 0.338008 0.629496 0.333828 0.628713 0.324510 0.633764 0.318327 0.642473 0.320330 0.645956 0.325729 0.644389 0.332696 0.641950 0.336267
1 0.643844 0.308244 0.638411 0.306477 0.637821 0.298490 0.641487 0.293188 0.648360 0.291486 0.652681 0.293843 0.654645 0.300585 0.652812 0.304971 0.649932 0.307981 0.646462 0.309226
1 0.674420 0.379603 0.667773 0.371735 0.671097 0.364207 0.680862 0.360613 0.683508 0.364071 0.686898 0.365699 0.686967 0.372956 0.682423 0.376890 0.677404 0.379603
1 0.667977 0.367463 0.661873 0.365835 0.657601 0.371261 0.659093 0.376957 0.664314 0.380213 0.669604 0.379806 0.671436 0.376482 0.667096 0.372820
1 0.670079 0.392760 0.661806 0.390725 0.660991 0.385096 0.663840 0.381501 0.669401 0.379467 0.674895 0.380010 0.676454 0.383265 0.675098 0.388690 0.672996 0.392284
1 0.667300 0.408129 0.661186 0.405741 0.659496 0.398812 0.661768 0.394909 0.669396 0.392405 0.675743 0.393337 0.678655 0.397705 0.678830 0.404052 0.674637 0.408303
1 0.660751 0.417069 0.653498 0.415680 0.653982 0.409636 0.657064 0.406130 0.662383 0.407641 0.666191 0.410300 0.666735 0.412415 0.666070 0.415740 0.661477 0.419124
1 0.671812 0.416344 0.667460 0.415136 0.666070 0.411146 0.668729 0.408607 0.673746 0.407762 0.674108 0.410783 0.678340 0.410481 0.673746 0.416888 0.672960 0.416404
1 0.647029 0.423793 0.637641 0.425182 0.634141 0.417126 0.642862 0.408404 0.651751 0.404960 0.654640 0.406571 0.652473 0.413349 0.652973 0.416626 0.658807 0.417793 0.661861 0.421404 0.660695 0.425793 0.656862 0.426848
1 0.657108 0.439828 0.647838 0.435287 0.637684 0.429359 0.642540 0.424503 0.651433 0.424314 0.661333 0.428035 0.665937 0.429485 0.667766 0.436297 0.664991 0.440144
1 0.652693 0.455595 0.643360 0.453198 0.642918 0.441531 0.649793 0.437873 0.656982 0.439828 0.662090 0.443675 0.660955 0.449478 0.656604 0.453198
1 0.662405 0.476406 0.649352 0.474829 0.643864 0.463604 0.647648 0.457612 0.655405 0.455657 0.660892 0.451180 0.665685 0.450234 0.671234 0.453072 0.673315 0.455973 0.673757 0.458811 0.667955 0.466253 0.666694 0.471172 0.663288 0.475838
1 0.635792 0.469910 0.624062 0.464550 0.624503 0.451369 0.629927 0.448342 0.637306 0.445819 0.642855 0.449351 0.645883 0.453576 0.648026 0.457234 0.645945 0.459315 0.643612 0.464424 0.642666 0.467324 0.638945 0.468775
1 0.636297 0.446702 0.630621 0.444937 0.628854 0.437432 0.631819 0.432008 0.637369 0.431566 0.643738 0.433144 0.647774 0.435414 0.645945 0.437432 0.641405 0.442792 0.642035 0.446135
1 0.627450 0.414173 0.619592 0.411260 0.618644 0.404417 0.622302 0.399065 0.627856 0.398117 0.634090 0.400421 0.637951 0.406043 0.638696 0.409566 0.635173 0.413495
1 0.622369 0.436597 0.617560 0.430771 0.617966 0.424132 0.623386 0.418373 0.630973 0.415189 0.635444 0.420338 0.637206 0.424267 0.633006 0.431719 0.629212 0.432126
1 0.609769 0.430432 0.603604 0.427180 0.602858 0.420202 0.608143 0.415799 0.613698 0.416138 0.617424 0.419524 0.618033 0.423387 0.614578 0.428874
1 0.612275 0.415596 0.604213 0.413428 0.602723 0.407263 0.605229 0.400624 0.610717 0.398117 0.615662 0.399879 0.618102 0.402521 0.618711 0.407060 0.617018 0.413225
1 0.613308 0.468997 0.605122 0.462481 0.607461 0.453878 0.611220 0.450202 0.617651 0.451539 0.621995 0.457804 0.621327 0.463149 0.620324 0.466324
1 0.648555 0.487172 0.635918 0.481613 0.633447 0.478193 0.635158 0.473681 0.641903 0.469215 0.644421 0.467885 0.645324 0.469120 0.647509 0.474678 0.652877 0.477434 0.657865 0.477386 0.658673 0.480996 0.657771 0.483704 0.656487 0.485890
1 0.644026 0.505836 0.636470 0.505168 0.634798 0.493934 0.638008 0.489722 0.644360 0.487715 0.654992 0.495070 0.654056 0.501758 0.650378 0.504031 0.648104 0.507240
1 0.624069 0.508979 0.612142 0.504009 0.608024 0.492934 0.612426 0.485834 0.619242 0.485550 0.627832 0.489597 0.633441 0.493998 0.636423 0.497264 0.632802 0.502802 0.630104 0.506777
1 0.631607 0.529480 0.623683 0.524826 0.625354 0.512393 0.632553 0.507885 0.634880 0.510139 0.639460 0.516174 0.639024 0.524391 0.637352 0.527226
1 0.620047 0.537042 0.615320 0.537333 0.609140 0.531952 0.608194 0.521772 0.612775 0.515229 0.619247 0.516901 0.623173 0.525990 0.626954 0.530353 0.624918 0.534934
1 0.635606 0.558128 0.627536 0.556092 0.623973 0.547076 0.626300 0.538060 0.632189 0.534643 0.639533 0.535006 0.643169 0.542277 0.642732 0.547876
1 0.569667 0.574786 0.552082 0.565127 0.551958 0.546923 0.559512 0.534291 0.564961 0.530576 0.580441 0.531195 0.587624 0.537759 0.593072 0.549028 0.591587 0.559802 0.583661 0.568471 0.579079 0.573548
1 0.571429 0.617326 0.560832 0.613566 0.559602 0.605431 0.561174 0.600919 0.566438 0.594835 0.574573 0.593263 0.580795 0.597501 0.579495 0.606115 0.579222 0.613088 0.577308 0.615891
1 0.629477 0.580587 0.623234 0.576559 0.623348 0.570089 0.628171 0.566685 0.634187 0.566457 0.640372 0.568897 0.641904 0.572188 0.636286 0.579509 0.634754 0.580474
1 0.619546 0.571678 0.615403 0.569691 0.616481 0.561236 0.617560 0.560612 0.623178 0.560726 0.626299 0.565663 0.625788 0.568159 0.623518 0.570713
1 0.630107 0.650150 0.622023 0.642529 0.623871 0.633406 0.630685 0.628094 0.642694 0.631559 0.648814 0.637563 0.647660 0.642298 0.641886 0.647841
1 0.549720 0.629000 0.540423 0.624248 0.539872 0.615640 0.548136 0.607720 0.552750 0.606894 0.556951 0.609304 0.560257 0.615227 0.564939 0.620392 0.565077 0.624110 0.561358 0.625832 0.553508 0.630171
1 0.559844 0.648352 0.550753 0.646286 0.547930 0.637678 0.551235 0.631066 0.559017 0.628242 0.564871 0.629964 0.570587 0.635818 0.570793 0.643118 0.566730 0.647043
1 0.548338 0.646390 0.540015 0.649917 0.539873 0.657888 0.543753 0.665224 0.551795 0.668681 0.563434 0.663531 0.567384 0.657465 0.567807 0.648436 0.558778 0.649212
1 0.500304 0.665527 0.489484 0.646079 0.493045 0.631150 0.507700 0.619235 0.512904 0.620057 0.525778 0.624987 0.533585 0.638136 0.534818 0.645531 0.527422 0.655667 0.515917 0.661830
1 0.434627 0.654496 0.427345 0.647609 0.432965 0.637478 0.439613 0.636211 0.446738 0.638902 0.449191 0.645473 0.444363 0.652280 0.436526 0.653784
1 0.451117 0.623636 0.443856 0.619517 0.445463 0.612675 0.449651 0.608835 0.455446 0.609952 0.460752 0.616863 0.457890 0.621053
1 0.450822 0.641023 0.444814 0.635700 0.446343 0.628480 0.451402 0.624317 0.457410 0.621787 0.461732 0.622841 0.465896 0.631221 0.465000 0.637598 0.462997 0.640813 0.457674 0.642024
1 0.468636 0.639970 0.466738 0.637387 0.466106 0.629165 0.466738 0.623948 0.469743 0.623579 0.473959 0.629481 0.475698 0.636913 0.473695 0.639812 0.469321 0.641287
1 0.480652 0.631221 0.473854 0.628322 0.473748 0.621418 0.478649 0.617992 0.484394 0.618361 0.491245 0.622525 0.492142 0.623368 0.490929 0.627848 0.485870 0.630589
1 0.495830 0.619987 0.489731 0.620468 0.482467 0.612175 0.484180 0.609365 0.489320 0.605527 0.496173 0.605253 0.499600 0.610462 0.499463 0.616287 0.497201 0.619439
1 0.483221 0.610462 0.478766 0.610873 0.477464 0.605321 0.480616 0.599839 0.486510 0.598057 0.489937 0.599564 0.491308 0.600661 0.490279 0.603334
1 0.447306 0.661185 0.444226 0.655709 0.446084 0.650526 0.449311 0.646566 0.456106 0.642753 0.458551 0.646371 0.459871 0.654047 0.457915 0.658398 0.452929 0.659376
1 0.467497 0.662016 0.462413 0.661967 0.459675 0.655563 0.462657 0.649402 0.466715 0.646420 0.473120 0.646127 0.475711 0.649989 0.475857 0.655024 0.472826 0.658887
1 0.473805 0.667980 0.469942 0.665390 0.471653 0.659620 0.475906 0.654145 0.480894 0.652972 0.485831 0.658104 0.486564 0.662603 0.484120 0.666465 0.480600 0.669007 0.477227 0.670376
1 0.494270 0.598189 0.483479 0.595095 0.479632 0.583803 0.480134 0.575857 0.486490 0.571006 0.501379 0.566573 0.506815 0.568831 0.511750 0.568915 0.511248 0.571090 0.504641 0.575355 0.500960 0.580123 0.505979 0.587232 0.505143 0.592167 0.502884 0.594175 0.498284 0.596433
1 0.481889 0.569120 0.492399 0.558701 0.503280 0.553654 0.506476 0.554720 0.508976 0.558748 0.506013 0.563702 0.503466 0.565369 0.501012 0.564536 0.489297 0.569814 0.487260 0.571019 0.483463 0.571481
1 0.526719 0.556269 0.517411 0.550702 0.518082 0.539091 0.521249 0.531510 0.528926 0.527288 0.541497 0.535156 0.541689 0.542354
1 0.505121 0.550240 0.497783 0.544875 0.494707 0.537064 0.498810 0.524993 0.502123 0.519864 0.508277 0.518286 0.516482 0.524520 0.519401 0.530200 0.517666 0.532725 0.509224 0.540615 0.509224 0.548584
1 0.512151 0.516604 0.501535 0.512157 0.504703 0.503819 0.514264 0.500096 0.518488 0.501764 0.521045 0.504542 0.520545 0.511990 0.515320 0.517883 0.511484 0.517271
1 0.481707 0.527464 0.465262 0.524041 0.462645 0.513637 0.467074 0.507260 0.478553 0.501286 0.487749 0.501085 0.495736 0.503837 0.498556 0.510146 0.495804 0.517127 0.489829 0.522229
1 0.455041 0.517677 0.446404 0.511271 0.450867 0.500620 0.458208 0.498604 0.467133 0.506953 0.461734 0.515878
1 0.500508 0.500685 0.494640 0.494686 0.501290 0.484514 0.504681 0.484774 0.509963 0.487904 0.511201 0.492990 0.502921 0.500880
1 0.529402 0.492337 0.516631 0.489890 0.510054 0.486219 0.507377 0.472069 0.511124 0.466640 0.519995 0.461057 0.528332 0.459833 0.534756 0.463733 0.545539 0.478876 0.553646 0.483848 0.557316 0.490348 0.553340 0.495319 0.545463 0.500749 0.539727 0.501820 0.535903 0.500290
1 0.517231 0.499869 0.512028 0.497838 0.512706 0.493312 0.516483 0.490247 0.521614 0.491530 0.524430 0.494310 0.524038 0.497909 0.520652 0.500332
1 0.515021 0.459128 0.508462 0.453191 0.513433 0.446080 0.521165 0.444285 0.528275 0.443181 0.537182 0.448703 0.540219 0.454848 0.535663 0.459404 0.534075 0.460025
1 0.565926 0.499541 0.560820 0.488703 0.563238 0.481895 0.580526 0.476789 0.586349 0.481806 0.589305 0.488882 0.589574 0.493540 0.585901 0.496943
1 0.565747 0.521129 0.560282 0.511544 0.565567 0.503751 0.574525 0.499989 0.586438 0.500079 0.593515 0.497481 0.596471 0.496227 0.604802 0.500885 0.604802 0.503304 0.600681 0.508678 0.593515 0.513515 0.586797 0.516471
1 0.550274 0.395819 0.543504 0.387945 0.546963 0.380881 0.552188 0.379482 0.559325 0.383604 0.561165 0.388387 0.558147 0.392729 0.556382 0.395451
1 0.525723 0.389501 0.521245 0.382481 0.523121 0.377883 0.527841 0.373949 0.533227 0.375100 0.536676 0.380364 0.536979 0.385508 0.533529 0.387564
1 0.499248 0.391955 0.489081 0.387675 0.490486 0.375836 0.500920 0.370084 0.511487 0.370151 0.516236 0.374164 0.517507 0.381655 0.513360 0.387407 0.510618 0.390751
1 0.489148 0.375970 0.483864 0.369215 0.485002 0.361590 0.491155 0.358646 0.499047 0.360854 0.500786 0.366004 0.500117 0.369081
1 0.472875 0.368660 0.481626 0.364354 0.483403 0.370507 0.488395 0.373378 0.490445 0.374608 0.489967 0.379600 0.489010 0.382881 0.487096 0.385206 0.478345 0.388282 0.472875 0.387188 0.468909 0.384658 0.467542 0.377139 0.468636 0.372079
1 0.457025 0.374013 0.448001 0.362564 0.451845 0.357635 0.457359 0.352119 0.463459 0.350197 0.472316 0.353624 0.478417 0.358888 0.479252 0.361395 0.474656 0.365405 0.468055 0.370336 0.464713 0.373762
1 0.458651 0.425890 0.452278 0.418626 0.452896 0.412938 0.458172 0.407525 0.463585 0.408073 0.467696 0.411843 0.468450 0.418353 0.464064 0.423834
1 0.445837 0.443021 0.447824 0.437608 0.452964 0.436443 0.458515 0.439321 0.460502 0.441925 0.459062 0.446517 0.453991 0.447339 0.450634 0.447955
1 0.354457 0.339579 0.358162 0.330523 0.364130 0.325653 0.371333 0.327162 0.377438 0.340471 0.376890 0.346164 0.368521 0.351995 0.362621 0.352407
1 0.350384 0.356423 0.344267 0.351835 0.343655 0.345718 0.346612 0.341640 0.351251 0.339601 0.355940 0.341334 0.358082 0.346584 0.358540 0.349949 0.357470 0.353415
1 0.339526 0.367587 0.333358 0.361929 0.332746 0.354384 0.341005 0.349745 0.345286 0.351784 0.349722 0.355709 0.351403 0.359839 0.351200 0.362591 0.348600 0.365956 0.344879 0.367536
1 0.339874 0.378805 0.336972 0.374450 0.338810 0.369032 0.343551 0.366662 0.349984 0.367533 0.353371 0.373725 0.354048 0.377208 0.350130 0.382868 0.347228 0.382916
1 0.372622 0.373983 0.365208 0.370092 0.364281 0.362555 0.367927 0.357674 0.373919 0.352669 0.378924 0.349827 0.382260 0.353905 0.383001 0.362678 0.380406 0.369041 0.377564 0.370771
1 0.385967 0.353720 0.382074 0.350445 0.384546 0.343341 0.389858 0.340808 0.393689 0.342414 0.394060 0.346430 0.392639 0.350260
1 0.375525 0.390417 0.368977 0.388873 0.368854 0.378988 0.374043 0.373983 0.379727 0.372995 0.384299 0.374787 0.385163 0.381953 0.384052 0.386093 0.382568 0.389182
1 0.384731 0.389923 0.384731 0.376578 0.387943 0.369041 0.392145 0.368361 0.394369 0.376764 0.391774 0.383004 0.388005 0.388379
1 0.417530 0.364351 0.412903 0.358111 0.414619 0.351977 0.418207 0.349637 0.425589 0.349896 0.428501 0.354420 0.428449 0.359619 0.419714 0.363986
1 0.429488 0.379168 0.420650 0.376465 0.419975 0.367210 0.426733 0.362687 0.433544 0.360815 0.436871 0.363051 0.438640 0.367366 0.434740 0.373813 0.433128 0.375997 0.431568 0.377765
1 0.407652 0.374177 0.402713 0.371733 0.400218 0.366638 0.402869 0.359516 0.407704 0.356032 0.411292 0.356968 0.414100 0.360503 0.417479 0.363831 0.419402 0.366015 0.419351 0.367522 0.419143 0.372565 0.417427 0.374749 0.413008 0.375373
1 0.499110 0.452875 0.492728 0.447261 0.490344 0.440339 0.492189 0.431726 0.495342 0.428419 0.501495 0.427496 0.507801 0.430572 0.510954 0.439108 0.510339 0.445646 0.507570 0.449414 0.505879 0.451567
1 0.487421 0.456874 0.478423 0.452645 0.472809 0.447184 0.471193 0.438416 0.473347 0.430648 0.484729 0.426188 0.488497 0.428342 0.489497 0.432494 0.487421 0.440031 0.489959 0.445876 0.491574 0.450029 0.490805 0.454644 0.488959 0.458104
1 0.324483 0.467285 0.317568 0.461956 0.316680 0.455612 0.321311 0.450601 0.327021 0.447936 0.332223 0.451234 0.334126 0.458022 0.333047 0.462337 0.328416 0.464938
1 0.341422 0.460878 0.336980 0.457198 0.337742 0.449966 0.344847 0.442733 0.348907 0.442733 0.352968 0.445716 0.353348 0.451044 0.349225 0.455803
1 0.310334 0.485447 0.302539 0.480784 0.303444 0.470971 0.306298 0.466587 0.311238 0.465194 0.316250 0.472363 0.316598 0.479462 0.315623 0.480993
1 0.301916 0.519426 0.296190 0.510785 0.297336 0.507193 0.301760 0.503862 0.305403 0.501937 0.310869 0.508442 0.311546 0.513960 0.309620 0.517136
1 0.398557 0.470307 0.391739 0.461695 0.396978 0.454375 0.405518 0.452079 0.414560 0.454160 0.414774 0.458682 0.411545 0.465929 0.407526 0.469015 0.403508 0.469661
1 0.382410 0.476406 0.376669 0.472746 0.377458 0.465283 0.381262 0.459758 0.386500 0.459471 0.391523 0.462341 0.390591 0.468513 0.388581 0.472962
1 0.362351 0.479422 0.357392 0.476479 0.359409 0.470513 0.364031 0.465975 0.368233 0.459083 0.375545 0.455302 0.376301 0.455974 0.376217 0.464546 0.375209 0.472950 0.372939 0.476564 0.369746 0.478413
1 0.378402 0.456142 0.373191 0.450428 0.379915 0.443956 0.387227 0.442947 0.392353 0.445637 0.395883 0.450007 0.394622 0.453284 0.390000 0.455974
1 0.363076 0.541312 0.359147 0.537740 0.361076 0.526952 0.365577 0.523952 0.373007 0.524237 0.377793 0.530453 0.376579 0.538098 0.371292 0.542526 0.367006 0.543384
1 0.332448 0.524517 0.328404 0.519411 0.328935 0.512384 0.334570 0.506151 0.341001 0.505952 0.344117 0.509400 0.342261 0.517423 0.340271 0.523124
1 0.314083 0.525843 0.312027 0.524782 0.310834 0.520473 0.311299 0.515699 0.314613 0.508671 0.315343 0.502638 0.325686 0.501179 0.329531 0.503102 0.327409 0.507875 0.325553 0.516693 0.323166 0.522992 0.320713 0.525312
1 0.404452 0.510732 0.399394 0.506147 0.397443 0.501300 0.403609 0.497295 0.413147 0.499561 0.415466 0.502301 0.416309 0.505146 0.409511 0.510258 0.408036 0.511259
1 0.411355 0.496557 0.406402 0.497137 0.400184 0.496188 0.397391 0.489021 0.399288 0.482593 0.404979 0.480959 0.413253 0.480221 0.418153 0.480432 0.420156 0.487282 0.417521 0.492025 0.411250 0.497453
1 0.398144 0.482019 0.391089 0.477245 0.389763 0.470138 0.391778 0.466955 0.394006 0.465895 0.399151 0.471252 0.403766 0.470986 0.406312 0.470190 0.406630 0.475548 0.404402 0.480640
1 0.373684 0.493261 0.371817 0.484839 0.373400 0.477829 0.385271 0.475738 0.389906 0.478847 0.393750 0.484387 0.393863 0.490604 0.391602 0.492922 0.387871 0.495013 0.384875 0.495918
1 0.278720 0.356140 0.271268 0.346394 0.267326 0.337150 0.270192 0.325899 0.279651 0.318733 0.287391 0.315581 0.301938 0.317157 0.307670 0.324466 0.311038 0.334068 0.311182 0.341378 0.308315 0.347039 0.303156 0.354062 0.295202 0.357859
1 0.253816 0.366234 0.241987 0.360639 0.243688 0.343710 0.249354 0.339814 0.262883 0.337477 0.267558 0.341302 0.270745 0.345339 0.270887 0.351501 0.269258 0.359435 0.258846 0.367297 0.257570 0.366589
1 0.236669 0.389923 0.226320 0.384827 0.226164 0.375499 0.238629 0.368443 0.248036 0.370246 0.253759 0.372677 0.256580 0.378399 0.253288 0.383809 0.245214 0.390001
1 0.213450 0.390977 0.205651 0.386190 0.204765 0.378302 0.211146 0.372630 0.217439 0.370060 0.224885 0.373428 0.226657 0.378745 0.227277 0.385747 0.224087 0.390888
1 0.210563 0.413248 0.205637 0.407335 0.206829 0.402979 0.210875 0.399036 0.218085 0.398414 0.220989 0.401267 0.221976 0.406765 0.219226 0.410396
1 0.222182 0.410537 0.221584 0.404886 0.219573 0.398312 0.221476 0.392715 0.227344 0.388530 0.234407 0.391736 0.237505 0.398203 0.237776 0.403745 0.236310 0.409560 0.232397 0.412603 0.228539 0.413852
1 0.240620 0.412386 0.237537 0.409256 0.238249 0.403849 0.237680 0.395500 0.239482 0.392417 0.244272 0.392228 0.250060 0.402093 0.250106 0.406884 0.249301 0.409351 0.245648 0.412860 0.241996 0.413145
1 0.251720 0.409065 0.249917 0.400670 0.248589 0.394789 0.254803 0.390614 0.258929 0.391706 0.263957 0.396449 0.265996 0.401571 0.263577 0.404181 0.260447 0.408022 0.253664 0.410584
1 0.109074 0.395521 0.103110 0.392597 0.103798 0.387034 0.107238 0.384167 0.111425 0.383479 0.115841 0.388181 0.115152 0.392310 0.112629 0.394489
1 0.333300 0.470193 0.330744 0.466582 0.332633 0.462304 0.335134 0.458137 0.338245 0.457525 0.341356 0.461804 0.341634 0.465749 0.340245 0.467972 0.336801 0.471083
1 0.003075 0.010017 0.007207 0.012120 0.018398 0.008289 0.022681 0.002505 0.024634 0.000000 0.001423 0.000000 0.000070 0.010392
1 0.006681 0.034504 0.000221 0.027443 0.000000 0.017303 0.004127 0.010617 0.014567 0.010467 0.022681 0.007913 0.026361 0.010843 0.024107 0.019256 0.020803 0.028495 0.015619 0.034203 0.010737 0.035330
1 0.025985 0.031800 0.022154 0.024063 0.026511 0.014448 0.032821 0.009565 0.041233 0.011068 0.045064 0.015801 0.042887 0.020683 0.034248 0.029847 0.030492 0.031424
1 0.105342 0.045186 0.097389 0.039884 0.098915 0.030405 0.106386 0.026549 0.112812 0.027513 0.116427 0.030405 0.116187 0.037795 0.111929 0.042213
1 0.079637 0.050809 0.073933 0.043820 0.076584 0.033939 0.081886 0.030405 0.085260 0.028798 0.091364 0.034823 0.092328 0.042053 0.090159 0.046471 0.084697 0.048881
1 0.139353 0.065466 0.127276 0.057365 0.127576 0.050914 0.137777 0.047089 0.144303 0.047464 0.150078 0.052039 0.151278 0.058640 0.146553 0.064040 0.142953 0.066141
1 0.081149 0.149733 0.079810 0.141874 0.085079 0.134462 0.091331 0.132140 0.099190 0.135087 0.102405 0.145357 0.099815 0.149645
1 0.060897 0.145443 0.052562 0.141275 0.055843 0.130189 0.060366 0.126021 0.068436 0.127440 0.074111 0.131608 0.074200 0.139146 0.069766 0.144468
1 0.034951 0.141178 0.028801 0.134259 0.032474 0.126144 0.040161 0.124009 0.045030 0.126742 0.046995 0.134601 0.043578 0.140494 0.039137 0.141604
1 0.007812 0.419922 0.002930 0.418945 0.003906 0.414062 0.008789 0.415039
1 0.025391 0.414062 0.021484 0.411133 0.024414 0.407227 0.027344 0.411133
1 0.000000 0.457031 0.003906 0.454102 0.002930 0.449219 0.000000 0.447266
1 0.029297 0.428711 0.030273 0.422852 0.035156 0.423828 0.038086 0.426758 0.036133 0.429688 0.033203 0.432617
1 0.051758 0.415039 0.047852 0.414062 0.044922 0.416016 0.043945 0.410156 0.046875 0.408203 0.051758 0.408203 0.051758 0.408203 0.056641 0.412109
1 0.072266 0.407227 0.068359 0.402344 0.070312 0.398438 0.076172 0.401367 0.081055 0.407227 0.080078 0.411133 0.077148 0.409180
1 0.073242 0.410156 0.070312 0.415039 0.067383 0.419922 0.072266 0.422852 0.076172 0.418945 0.076172 0.413086
1 0.104492 0.403320 0.099609 0.406250 0.099609 0.400391 0.103516 0.397461 0.107422 0.399414
1 0.115234 0.427734 0.115234 0.436523 0.117188 0.439453 0.121094 0.440430 0.124023 0.437500 0.127930 0.437500 0.125977 0.430664 0.122070 0.426758
1 0.020508 0.384766 0.016602 0.383789 0.016602 0.376953 0.020508 0.375000 0.027344 0.376953 0.027344 0.382812
1 0.029297 0.391602 0.023438 0.391602 0.021484 0.385742 0.023438 0.380859 0.028320 0.384766 0.032227 0.387695
1 0.169922 0.398438 0.164062 0.399414 0.162109 0.394531 0.166016 0.391602 0.167969 0.386719 0.172852 0.387695 0.176758 0.391602 0.176758 0.397461
1 0.171875 0.407227 0.168945 0.403320 0.171875 0.399414 0.176758 0.397461 0.177734 0.402344 0.175781 0.407227
1 0.197266 0.398438 0.194336 0.394531 0.197266 0.390625 0.202148 0.389648 0.204102 0.394531 0.201172 0.397461
1 0.187500 0.414062 0.184570 0.410156 0.187500 0.406250 0.191406 0.408203 0.193359 0.411133 0.192383 0.415039
1 0.290039 0.413086 0.284180 0.409180 0.281250 0.404297 0.284180 0.400391 0.288086 0.396484 0.292969 0.397461 0.297852 0.399414 0.298828 0.404297 0.296875 0.409180
1 0.302734 0.407227 0.296875 0.407227 0.296875 0.402344 0.301758 0.400391 0.304688 0.399414 0.307617 0.401367 0.307617 0.404297 0.305664 0.409180
1 0.317383 0.370117 0.312500 0.367188 0.314453 0.362305 0.318359 0.359375 0.322266 0.361328 0.322266 0.364258 0.320312 0.366211
1 0.323242 0.443359 0.318359 0.447266 0.313477 0.445312 0.313477 0.440430 0.318359 0.439453 0.321289 0.435547 0.325195 0.436523 0.326172 0.439453
1 0.332031 0.445312 0.330078 0.444336 0.326172 0.442383 0.327148 0.437500 0.332031 0.435547 0.334961 0.438477 0.338867 0.437500 0.338867 0.440430
1 0.359375 0.466797 0.356445 0.462891 0.354492 0.459961 0.356445 0.453125 0.360352 0.453125 0.363281 0.455078 0.368164 0.456055 0.368164 0.460938 0.365234 0.467773
1 0.372070 0.450195 0.369141 0.446289 0.366211 0.442383 0.371094 0.439453 0.373047 0.436523 0.381836 0.435547 0.381836 0.442383 0.379883 0.448242 0.375000 0.449219
1 0.364258 0.449219 0.358398 0.445312 0.358398 0.441406 0.363281 0.438477 0.367188 0.439453 0.369141 0.445312 0.370117 0.449219 0.367188 0.451172
1 0.405273 0.431641 0.402344 0.431641 0.398438 0.427734 0.399414 0.422852 0.402344 0.418945 0.405273 0.419922 0.409180 0.422852 0.411133 0.427734 0.412109 0.431641
1 0.390625 0.431641 0.384766 0.431641 0.382812 0.426758 0.388672 0.422852 0.388672 0.422852 0.392578 0.424805
1 0.415039 0.402344 0.409180 0.400391 0.410156 0.394531 0.415039 0.394531 0.417969 0.399414
1 0.425781 0.413086 0.420898 0.411133 0.423828 0.407227 0.427734 0.407227 0.428711 0.411133
1 0.425781 0.399414 0.420898 0.394531 0.425781 0.391602 0.430664 0.391602 0.431641 0.395508 0.429688 0.400391
1 0.435547 0.416016 0.430664 0.413086 0.430664 0.408203 0.435547 0.405273 0.440430 0.404297 0.444336 0.408203 0.444336 0.413086 0.442383 0.417969
1 0.541016 0.525391 0.535156 0.523438 0.534180 0.515625 0.533203 0.509766 0.537109 0.505859 0.541992 0.505859 0.546875 0.507812 0.550781 0.510742 0.554688 0.514648 0.553711 0.519531 0.548828 0.521484
1 0.604492 0.322266 0.598633 0.317383 0.599609 0.311523 0.600586 0.306641 0.600586 0.301758 0.605469 0.300781 0.610352 0.303711 0.612305 0.308594 0.611328 0.313477 0.609375 0.318359
1 0.588867 0.317383 0.583008 0.315430 0.583008 0.308594 0.586914 0.305664 0.592773 0.306641 0.593750 0.311523
1 0.591797 0.333984 0.588867 0.330078 0.588867 0.324219 0.593750 0.323242 0.599609 0.323242 0.602539 0.327148 0.602539 0.332031 0.597656 0.333008
1 0.584961 0.358398 0.581055 0.363281 0.582031 0.370117 0.584961 0.374023 0.589844 0.375000 0.594727 0.374023 0.593750 0.369141 0.589844 0.365234 0.589844 0.361328 0.588867 0.358398
1 0.571289 0.361328 0.567383 0.360352 0.567383 0.354492 0.570312 0.352539 0.574219 0.352539 0.577148 0.355469 0.580078 0.354492 0.581055 0.356445 0.581055 0.361328 0.578125 0.364258 0.574219 0.363281
1 0.546875 0.341797 0.541992 0.340820 0.538086 0.336914 0.541992 0.333008 0.546875 0.332031 0.551758 0.333008 0.555664 0.335938 0.553711 0.340820
1 0.502930 0.347656 0.497070 0.344727 0.497070 0.339844 0.500000 0.335938 0.504883 0.333008 0.513672 0.332031 0.514648 0.336914 0.511719 0.340820 0.507812 0.344727
1 0.500977 0.353516 0.495117 0.358398 0.491211 0.352539 0.487305 0.349609 0.483398 0.345703 0.484375 0.340820 0.489258 0.338867 0.493164 0.342773 0.495117 0.347656
1 0.576172 0.304688 0.570312 0.297852 0.577148 0.292969 0.581055 0.289062 0.583984 0.283203 0.590820 0.275391 0.595703 0.275391 0.597656 0.280273 0.593750 0.287109 0.593750 0.294922 0.590820 0.301758 0.585938 0.303711
1 0.646484 0.402344 0.641602 0.398438 0.643555 0.390625 0.647461 0.387695 0.652344 0.389648 0.653320 0.395508 0.653320 0.400391
1 0.647461 0.387695 0.638672 0.382812 0.632812 0.382812 0.631836 0.377930 0.634766 0.374023 0.639648 0.370117 0.644531 0.368164 0.651367 0.371094 0.653320 0.375977 0.652344 0.381836
1 0.628906 0.387695 0.621094 0.385742 0.615234 0.380859 0.614258 0.373047 0.618164 0.369141 0.624023 0.369141 0.630859 0.365234 0.634766 0.362305 0.638672 0.365234 0.638672 0.372070 0.634766 0.375977
1 0.654297 0.379883 0.645508 0.371094 0.642578 0.362305 0.645508 0.357422 0.650391 0.354492 0.657227 0.360352 0.659180 0.367188 0.660156 0.372070
1 0.612305 0.397461 0.609375 0.400391 0.605469 0.397461 0.601562 0.393555 0.601562 0.386719 0.602539 0.379883 0.609375 0.375977 0.614258 0.376953 0.616211 0.381836 0.613281 0.389648 0.612305 0.394531
1 0.581055 0.477539 0.578125 0.473633 0.583008 0.465820 0.588867 0.465820 0.593750 0.468750 0.593750 0.474609 0.589844 0.479492
1 0.583984 0.466797 0.574219 0.466797 0.573242 0.461914 0.578125 0.459961 0.580078 0.453125 0.583984 0.449219 0.588867 0.452148 0.590820 0.457031 0.591797 0.461914
1 0.575195 0.451172 0.567383 0.447266 0.563477 0.443359 0.561523 0.438477 0.563477 0.430664 0.569336 0.429688 0.575195 0.432617 0.583984 0.437500 0.586914 0.443359
1 0.603516 0.452148 0.595703 0.450195 0.594727 0.443359 0.598633 0.433594 0.599609 0.428711 0.604492 0.428711 0.612305 0.432617 0.612305 0.437500 0.612305 0.442383 0.612305 0.447266
1 0.353516 0.519531 0.345703 0.516602 0.343750 0.511719 0.346680 0.507812 0.351562 0.506836 0.357422 0.505859 0.361328 0.508789 0.364258 0.514648 0.360352 0.519531
1 0.302734 0.541992 0.297852 0.538086 0.293945 0.534180 0.297852 0.529297 0.302734 0.528320 0.307617 0.526367 0.312500 0.529297 0.311523 0.537109
1 0.302734 0.570312 0.292969 0.570312 0.289062 0.566406 0.286133 0.562500 0.289062 0.558594 0.293945 0.557617 0.298828 0.558594
1 0.304688 0.569336 0.300781 0.563477 0.306641 0.558594 0.309570 0.554688 0.315430 0.556641 0.315430 0.563477 0.309570 0.568359
1 0.333008 0.564453 0.327148 0.558594 0.326172 0.551758 0.332031 0.550781 0.336914 0.554688 0.340820 0.558594 0.342773 0.563477
1 0.291016 0.625000 0.286133 0.624023 0.283203 0.620117 0.284180 0.615234 0.289062 0.616211 0.292969 0.619141
1 0.293945 0.615234 0.289062 0.616211 0.284180 0.612305 0.283203 0.609375 0.287109 0.605469 0.291992 0.606445 0.296875 0.605469 0.302734 0.606445 0.302734 0.611328 0.299805 0.612305 0.298828 0.616211
1 0.312500 0.617188 0.309570 0.613281 0.311523 0.608398 0.316406 0.607422 0.320312 0.610352 0.323242 0.614258 0.319336 0.618164 0.317383 0.623047 0.312500 0.623047
1 0.304688 0.603516 0.296875 0.600586 0.296875 0.595703 0.294922 0.590820 0.294922 0.585938 0.298828 0.583008 0.302734 0.585938 0.305664 0.589844 0.308594 0.594727 0.308594 0.599609
1 0.326172 0.588867 0.324219 0.587891 0.323242 0.584961 0.323242 0.583984 0.328125 0.582031 0.333984 0.581055 0.336914 0.584961 0.335938 0.589844 0.331055 0.591797 0.327148 0.588867
1 0.326172 0.597656 0.322266 0.594727 0.317383 0.589844 0.320312 0.586914 0.325195 0.587891 0.329102 0.590820 0.333008 0.594727 0.329102 0.594727
1 0.326172 0.604492 0.321289 0.606445 0.318359 0.602539 0.320312 0.597656 0.325195 0.597656 0.327148 0.600586
1 0.337891 0.592773 0.333984 0.589844 0.334961 0.584961 0.337891 0.581055 0.341797 0.583984 0.342773 0.588867
1 0.343750 0.602539 0.338867 0.602539 0.335938 0.598633 0.337891 0.593750 0.340820 0.588867 0.345703 0.589844 0.349609 0.593750 0.349609 0.598633 0.346680 0.603516
1 0.359375 0.613281 0.355469 0.608398 0.354492 0.603516 0.358398 0.599609 0.363281 0.599609 0.366211 0.603516 0.368164 0.608398 0.366211 0.613281
1 0.346680 0.621094 0.340820 0.622070 0.337891 0.618164 0.341797 0.614258 0.346680 0.612305 0.347656 0.616211
1 0.365234 0.625000 0.360352 0.625977 0.357422 0.621094 0.359375 0.616211 0.366211 0.613281 0.370117 0.617188
1 0.096680 0.042969 0.090820 0.042969 0.086914 0.039062 0.087891 0.034180 0.091797 0.030273 0.100586 0.024414 0.102539 0.029297 0.100586 0.036133
1 0.094727 0.060547 0.087891 0.060547 0.084961 0.055664 0.084961 0.048828 0.087891 0.044922 0.092773 0.043945 0.096680 0.048828 0.097656 0.053711
1 0.113281 0.054688 0.107422 0.055664 0.102539 0.052734 0.098633 0.048828 0.100586 0.042969 0.105469 0.040039 0.110352 0.041016 0.114258 0.043945 0.117188 0.048828
1 0.053711 0.112305 0.047852 0.112305 0.046875 0.107422 0.049805 0.103516 0.049805 0.098633 0.055664 0.098633 0.058594 0.103516 0.062500 0.103516 0.064453 0.109375 0.060547 0.113281
1 0.054688 0.101562 0.048828 0.099609 0.049805 0.094727 0.053711 0.091797 0.057617 0.093750 0.059570 0.098633
1 0.102539 0.114258 0.098633 0.111328 0.095703 0.106445 0.099609 0.102539 0.104492 0.104492 0.108398 0.107422 0.109375 0.112305 0.112305 0.116211 0.107422 0.117188
1 0.115234 0.116211 0.109375 0.113281 0.106445 0.109375 0.104492 0.104492 0.109375 0.102539 0.114258 0.101562 0.117188 0.105469 0.117188 0.112305 0.120117 0.114258 0.119141 0.118164
1 0.372070 0.526367 0.368164 0.521484 0.371094 0.515625 0.375977 0.513672 0.379883 0.516602 0.382812 0.521484 0.383789 0.526367 0.378906 0.529297
1 0.360352 0.530273 0.353516 0.526367 0.352539 0.521484 0.354492 0.516602 0.360352 0.516602 0.364258 0.519531 0.368164 0.523438 0.368164 0.528320
1 0.345703 0.512695 0.339844 0.510742 0.340820 0.503906 0.344727 0.500977 0.350586 0.501953 0.354492 0.505859 0.354492 0.510742 0.352539 0.515625
1 0.360352 0.513672 0.356445 0.509766 0.355469 0.504883 0.359375 0.501953 0.364258 0.501953 0.367188 0.505859 0.365234 0.510742
1 0.329102 0.505859 0.325195 0.501953 0.321289 0.498047 0.324219 0.493164 0.328125 0.490234 0.333008 0.492188 0.335938 0.496094 0.339844 0.499023 0.342773 0.503906 0.341797 0.508789 0.337891 0.510742 0.332031 0.509766
1 0.351562 0.484375 0.346680 0.482422 0.343750 0.478516 0.341797 0.473633 0.346680 0.467773 0.352539 0.466797 0.355469 0.471680 0.362305 0.478516 0.363281 0.484375 0.358398 0.484375
1 0.347656 0.499023 0.339844 0.500977 0.334961 0.497070 0.333008 0.491211 0.335938 0.486328 0.339844 0.483398 0.345703 0.487305 0.348633 0.491211
1 0.325195 0.482422 0.319336 0.481445 0.315430 0.477539 0.317383 0.467773 0.322266 0.464844 0.329102 0.465820 0.332031 0.473633 0.330078 0.478516
1 0.484375 0.419922 0.481445 0.428711 0.476562 0.425781 0.473633 0.420898 0.469727 0.416992 0.467773 0.411133 0.472656 0.407227 0.477539 0.410156
1 0.488281 0.419922 0.481445 0.416992 0.477539 0.412109 0.475586 0.407227 0.480469 0.404297 0.485352 0.405273 0.489258 0.409180 0.491211 0.414062
1 0.499023 0.413086 0.493164 0.412109 0.489258 0.408203 0.487305 0.404297 0.488281 0.398438 0.493164 0.396484 0.499023 0.397461 0.501953 0.401367 0.501953 0.406250
1 0.512695 0.405273 0.508789 0.402344 0.503906 0.398438 0.503906 0.391602 0.505859 0.386719 0.513672 0.388672 0.518555 0.393555 0.517578 0.399414
1 0.509766 0.415039 0.505859 0.418945 0.501953 0.414062 0.498047 0.405273 0.502930 0.404297 0.512695 0.402344 0.514648 0.407227
1 0.531250 0.417969 0.525391 0.418945 0.522461 0.415039 0.523438 0.410156 0.527344 0.408203 0.532227 0.411133
1 0.538086 0.412109 0.533203 0.412109 0.532227 0.406250 0.536133 0.402344 0.541016 0.404297 0.542969 0.410156
1 0.474609 0.487305 0.472656 0.482422 0.469727 0.477539 0.472656 0.473633 0.477539 0.471680 0.483398 0.474609 0.487305 0.476562 0.493164 0.481445 0.489258 0.484375 0.484375 0.482422 0.480469 0.484375
1 0.532227 0.526367 0.527344 0.526367 0.525391 0.520508 0.520508 0.510742 0.524414 0.504883 0.531250 0.504883 0.537109 0.505859 0.538086 0.511719 0.541992 0.518555 0.543945 0.523438 0.540039 0.526367
1 0.464844 0.540039 0.469727 0.538086 0.474609 0.537109 0.477539 0.541016 0.478516 0.545898 0.475586 0.549805 0.470703 0.549805 0.466797 0.546875
1 0.471680 0.547852 0.467773 0.553711 0.467773 0.559570 0.472656 0.561523 0.477539 0.562500 0.480469 0.557617 0.480469 0.551758 0.476562 0.548828
1 0.437500 0.564453 0.432617 0.561523 0.429688 0.557617 0.432617 0.553711 0.439453 0.553711 0.442383 0.557617
1 0.440430 0.551758 0.432617 0.548828 0.432617 0.541016 0.437500 0.538086 0.442383 0.539062 0.446289 0.542969 0.447266 0.548828
1 0.425781 0.560547 0.418945 0.557617 0.413086 0.555664 0.412109 0.550781 0.417969 0.549805 0.422852 0.547852 0.427734 0.549805 0.429688 0.559570
1 0.458984 0.530273 0.451172 0.529297 0.448242 0.523438 0.456055 0.517578 0.460938 0.519531 0.461914 0.525391
1 0.472656 0.587891 0.462891 0.586914 0.458008 0.582031 0.458984 0.575195 0.464844 0.574219 0.469727 0.574219 0.474609 0.577148 0.475586 0.582031 0.474609 0.583008
1 0.440430 0.596680 0.436523 0.592773 0.438477 0.583008 0.444336 0.584961 0.446289 0.589844 0.449219 0.594727 0.448242 0.600586 0.443359 0.601562
1 0.437500 0.579102 0.434570 0.572266 0.442383 0.569336 0.447266 0.567383 0.449219 0.572266 0.449219 0.578125 0.445312 0.581055
1 0.423828 0.617188 0.418945 0.612305 0.418945 0.606445 0.423828 0.604492 0.429688 0.605469 0.432617 0.610352 0.432617 0.615234
1 0.392578 0.596680 0.384766 0.593750 0.386719 0.588867 0.391602 0.587891 0.394531 0.587891
1 0.419922 0.589844 0.414062 0.586914 0.414062 0.581055 0.418945 0.579102 0.423828 0.577148 0.428711 0.581055 0.426758 0.587891
1 0.403320 0.603516 0.398438 0.602539 0.396484 0.597656 0.398438 0.592773 0.404297 0.591797 0.409180 0.592773 0.412109 0.596680 0.408203 0.600586
1 0.400391 0.618164 0.393555 0.617188 0.391602 0.612305 0.395508 0.608398 0.399414 0.605469 0.406250 0.606445 0.410156 0.610352 0.406250 0.614258
1 0.489258 0.653320 0.482422 0.648438 0.482422 0.653320 0.483398 0.659180 0.490234 0.661133 0.490234 0.662109 0.492188 0.657227
1 0.489258 0.643555 0.483398 0.641602 0.478516 0.639648 0.476562 0.633789 0.481445 0.630859 0.487305 0.630859 0.492188 0.634766 0.493164 0.639648