0 0.009766 0.000000 0.007812 0.003906 0.005859 0.003906 0.003906 0.001953 0.002930 0.000000 0.000000 0.000000 0.000000 0.037109 0.001953 0.035156 0.004883 0.039062 0.009766 0.041016 0.009766 0.045898 0.011719 0.051758 0.014648 0.055664 0.019531 0.064453 0.023438 0.067383 0.028320 0.068359 0.032227 0.064453 0.037109 0.063477 0.041016 0.059570 0.042969 0.054688 0.046875 0.050781 0.048828 0.045898 0.046875 0.041016 0.042969 0.038086 0.038086 0.037109 0.035156 0.033203 0.032227 0.031250 0.035156 0.027344 0.039062 0.023438 0.041016 0.018555 0.042969 0.013672 0.046875 0.009766 0.046875 0.004883 0.042969 0.000977 0.040039 0.004883 0.036133 0.003906 0.034180 0.001953 0.033203 0.000000
1 0.060547 0.056641 0.055664 0.054688 0.050781 0.055664 0.045898 0.057617 0.042969 0.063477 0.043945 0.071289 0.047852 0.075195 0.050781 0.079102 0.055664 0.079102 0.059570 0.075195 0.064453 0.074219 0.066406 0.069336 0.066406 0.063477 0.064453 0.059570
0 0.124023 0.000000 0.125977 0.004883 0.127930 0.006836 0.123047 0.008789 0.121094 0.013672 0.121094 0.018555 0.124023 0.023438 0.128906 0.025391 0.133789 0.026367 0.137695 0.022461 0.144531 0.014648 0.149414 0.012695 0.151367 0.007812 0.152344 0.002930 0.150391 0.000000
0 0.147461 0.026367 0.142578 0.024414 0.137695 0.025391 0.132812 0.027344 0.131836 0.032227 0.131836 0.037109 0.134766 0.045898 0.139648 0.048828 0.144531 0.049805 0.148438 0.046875 0.155273 0.043945 0.157227 0.036133 0.160156 0.030273 0.158203 0.023438 0.151367 0.021484
1 0.160156 0.028320 0.155273 0.026367 0.152344 0.022461 0.153320 0.017578 0.156250 0.012695 0.161133 0.011719 0.166016 0.017578 0.164062 0.020508 0.163086 0.025391
1 0.158203 0.072266 0.155273 0.069336 0.159180 0.066406 0.161133 0.068359 0.161133 0.072266
1 0.000000 0.162109 0.004883 0.166992 0.009766 0.166016 0.012695 0.162109 0.012695 0.157227 0.011719 0.152344 0.007812 0.148438 0.003906 0.145508 0.000000 0.145508
1 0.045898 0.161133 0.041992 0.157227 0.041992 0.152344 0.041992 0.147461 0.046875 0.145508 0.051758 0.145508 0.053711 0.149414 0.054688 0.155273 0.052734 0.160156
1 0.041992 0.191406 0.037109 0.191406 0.036133 0.185547 0.036133 0.180664 0.038086 0.175781 0.042969 0.174805 0.047852 0.175781 0.054688 0.174805 0.056641 0.177734 0.054688 0.181641 0.052734 0.186523 0.048828 0.191406
0 0.062500 0.180664 0.063477 0.187500 0.059570 0.191406 0.055664 0.194336 0.055664 0.199219 0.061523 0.202148 0.066406 0.203125 0.071289 0.201172 0.074219 0.196289 0.075195 0.191406 0.079102 0.188477 0.081055 0.183594 0.080078 0.178711 0.081055 0.173828 0.081055 0.168945 0.082031 0.164062 0.077148 0.161133 0.072266 0.161133 0.065430 0.166992 0.066406 0.171875 0.068359 0.176758 0.063477 0.176758 0.061523 0.177734
1 0.079102 0.134766 0.074219 0.136719 0.069336 0.137695 0.068359 0.132812 0.064453 0.129883 0.067383 0.125000 0.072266 0.124023 0.078125 0.117188 0.083008 0.117188 0.086914 0.116211 0.090820 0.119141 0.092773 0.124023 0.090820 0.128906 0.087891 0.133789
0 0.093750 0.130859 0.090820 0.135742 0.086914 0.138672 0.088867 0.141602 0.088867 0.147461 0.091797 0.151367 0.092773 0.156250 0.095703 0.161133 0.098633 0.165039 0.103516 0.164062 0.109375 0.165039 0.113281 0.167969 0.116211 0.164062 0.116211 0.159180 0.115234 0.154297 0.115234 0.148438 0.111328 0.144531 0.107422 0.141602 0.104492 0.137695 0.103516 0.132812 0.098633 0.130859
1 0.110352 0.126953 0.105469 0.124023 0.106445 0.119141 0.109375 0.115234 0.114258 0.115234 0.119141 0.117188 0.124023 0.124023 0.123047 0.128906 0.117188 0.129883
1 0.131836 0.111328 0.123047 0.107422 0.119141 0.104492 0.117188 0.099609 0.117188 0.094727 0.122070 0.091797 0.126953 0.091797 0.131836 0.093750 0.138672 0.093750 0.142578 0.096680 0.142578 0.101562 0.142578 0.106445 0.137695 0.109375
1 0.168945 0.106445 0.163086 0.103516 0.163086 0.098633 0.166992 0.094727 0.171875 0.093750 0.179688 0.096680 0.178711 0.102539 0.175781 0.106445
0 0.190430 0.076172 0.189453 0.069336 0.190430 0.064453 0.195312 0.062500 0.197266 0.057617 0.200195 0.053711 0.205078 0.050781 0.209961 0.050781 0.212891 0.055664 0.213867 0.060547 0.212891 0.065430 0.208984 0.069336 0.204102 0.070312 0.200195 0.073242 0.196289 0.076172
1 0.216797 0.070312 0.211914 0.065430 0.211914 0.059570 0.216797 0.057617 0.221680 0.058594 0.225586 0.060547 0.223633 0.065430 0.219727 0.071289
0 0.258789 0.002930 0.253906 0.000977 0.249023 0.001953 0.245117 0.004883 0.242188 0.009766 0.246094 0.013672 0.244141 0.018555 0.245117 0.023438 0.245117 0.028320 0.248047 0.032227 0.253906 0.032227 0.258789 0.035156 0.262695 0.031250 0.267578 0.029297 0.268555 0.024414 0.267578 0.019531 0.266602 0.009766 0.263672 0.005859
0 0.267578 0.055664 0.262695 0.054688 0.257812 0.055664 0.252930 0.052734 0.250977 0.047852 0.253906 0.043945 0.256836 0.040039 0.262695 0.040039 0.267578 0.041992 0.272461 0.040039 0.277344 0.038086 0.281250 0.041016 0.282227 0.045898 0.281250 0.050781 0.279297 0.055664 0.274414 0.057617
1 0.294922 0.087891 0.290039 0.084961 0.288086 0.080078 0.291992 0.077148 0.297852 0.077148 0.297852 0.082031
1 0.243164 0.123047 0.237305 0.125977 0.235352 0.130859 0.230469 0.130859 0.227539 0.125977 0.226562 0.121094 0.229492 0.116211 0.232422 0.112305 0.237305 0.109375 0.242188 0.107422 0.247070 0.107422 0.251953 0.109375 0.254883 0.113281 0.255859 0.118164 0.250000 0.119141
1 0.244141 0.122070 0.238281 0.125977 0.236328 0.130859 0.238281 0.136719 0.242188 0.139648 0.247070 0.140625 0.251953 0.140625 0.256836 0.139648 0.260742 0.135742 0.262695 0.131836 0.263672 0.126953 0.261719 0.117188 0.256836 0.116211 0.250977 0.119141
1 0.236328 0.113281 0.228516 0.114258 0.224609 0.111328 0.221680 0.107422 0.222656 0.102539 0.226562 0.098633 0.231445 0.096680 0.236328 0.096680 0.241211 0.099609 0.243164 0.104492 0.243164 0.109375
1 0.273438 0.121094 0.269531 0.118164 0.268555 0.113281 0.272461 0.111328 0.278320 0.111328 0.281250 0.115234 0.279297 0.120117
1 0.296875 0.162109 0.294922 0.157227 0.298828 0.153320 0.303711 0.152344 0.306641 0.157227 0.307617 0.162109 0.302734 0.165039
1 0.041992 0.231445 0.037109 0.229492 0.034180 0.225586 0.035156 0.220703 0.040039 0.217773 0.042969 0.213867 0.046875 0.210938 0.051758 0.212891 0.053711 0.217773 0.054688 0.222656 0.050781 0.226562 0.045898 0.228516
0 0.047852 0.246094 0.043945 0.242188 0.044922 0.237305 0.050781 0.234375 0.046875 0.231445 0.045898 0.226562 0.048828 0.222656 0.054688 0.221680 0.059570 0.221680 0.061523 0.226562 0.060547 0.231445 0.060547 0.237305 0.061523 0.243164 0.056641 0.246094
1 0.065430 0.225586 0.058594 0.225586 0.055664 0.221680 0.052734 0.212891 0.055664 0.208984 0.061523 0.207031 0.067383 0.207031 0.076172 0.208008 0.081055 0.208984 0.079102 0.217773 0.076172 0.221680 0.071289 0.223633
1 0.078125 0.233398 0.074219 0.230469 0.071289 0.226562 0.072266 0.221680 0.077148 0.221680 0.078125 0.222656 0.083984 0.218750 0.088867 0.218750 0.088867 0.223633 0.085938 0.228516 0.082031 0.229492 0.081055 0.233398
1 0.094727 0.253906 0.089844 0.252930 0.086914 0.249023 0.089844 0.245117 0.091797 0.240234 0.097656 0.238281 0.101562 0.242188 0.103516 0.247070 0.104492 0.251953 0.099609 0.253906
1 0.137695 0.249023 0.133789 0.245117 0.130859 0.241211 0.125977 0.241211 0.125000 0.235352 0.125977 0.230469 0.129883 0.226562 0.134766 0.226562 0.145508 0.224609 0.150391 0.227539 0.153320 0.231445 0.155273 0.236328 0.156250 0.241211 0.154297 0.250977 0.149414 0.249023 0.144531 0.250000
1 0.123047 0.272461 0.115234 0.269531 0.115234 0.263672 0.116211 0.258789 0.120117 0.255859 0.125000 0.257812 0.128906 0.260742 0.129883 0.265625 0.127930 0.271484
1 0.029297 0.309570 0.024414 0.308594 0.020508 0.305664 0.020508 0.299805 0.023438 0.295898 0.028320 0.295898 0.033203 0.297852 0.036133 0.299805 0.040039 0.301758 0.040039 0.305664 0.039062 0.311523 0.034180 0.312500 0.031250 0.310547
1 0.012695 0.328125 0.006836 0.329102 0.003906 0.325195 0.002930 0.320312 0.004883 0.315430 0.006836 0.310547 0.010742 0.306641 0.015625 0.307617 0.018555 0.311523 0.019531 0.316406 0.019531 0.321289 0.017578 0.326172
1 0.019531 0.330078 0.016602 0.326172 0.015625 0.321289 0.017578 0.316406 0.020508 0.311523 0.025391 0.311523 0.029297 0.308594 0.034180 0.309570 0.037109 0.313477 0.036133 0.318359 0.035156 0.328125 0.031250 0.332031 0.026367 0.333008
1 0.024414 0.368164 0.019531 0.366211 0.019531 0.361328 0.024414 0.359375 0.028320 0.363281 0.027344 0.367188
1 0.036133 0.360352 0.030273 0.357422 0.030273 0.352539 0.033203 0.348633 0.035156 0.343750 0.040039 0.343750 0.043945 0.346680 0.049805 0.347656 0.050781 0.352539 0.048828 0.357422 0.046875 0.362305 0.041016 0.362305
1 0.051758 0.362305 0.046875 0.361328 0.046875 0.355469 0.050781 0.351562 0.055664 0.351562 0.058594 0.355469 0.056641 0.360352
1 0.039062 0.342773 0.035156 0.336914 0.031250 0.333984 0.031250 0.329102 0.036133 0.326172 0.040039 0.321289 0.043945 0.324219 0.048828 0.325195 0.051758 0.329102 0.051758 0.333984 0.050781 0.338867 0.045898 0.341797
0 0.066406 0.303711 0.061523 0.303711 0.057617 0.299805 0.057617 0.293945 0.062500 0.291992 0.071289 0.286133 0.076172 0.287109 0.079102 0.291016 0.079102 0.296875 0.081055 0.301758 0.083008 0.306641 0.081055 0.311523 0.077148 0.313477 0.073242 0.317383 0.073242 0.323242 0.068359 0.324219 0.062500 0.319336 0.060547 0.309570
1 0.082031 0.309570 0.085938 0.313477 0.090820 0.312500 0.095703 0.310547 0.100586 0.306641 0.104492 0.303711 0.104492 0.298828 0.102539 0.293945 0.097656 0.293945 0.092773 0.296875 0.087891 0.297852 0.080078 0.302734
0 0.081055 0.300781 0.077148 0.297852 0.077148 0.292969 0.077148 0.290039 0.072266 0.288086 0.071289 0.287109 0.070312 0.281250 0.072266 0.276367 0.076172 0.272461 0.080078 0.268555 0.085938 0.268555 0.089844 0.265625 0.094727 0.264648 0.098633 0.268555 0.102539 0.272461 0.101562 0.278320 0.099609 0.283203 0.098633 0.288086 0.098633 0.292969 0.094727 0.295898 0.089844 0.297852
1 0.075195 0.275391 0.071289 0.271484 0.067383 0.267578 0.065430 0.262695 0.068359 0.258789 0.073242 0.256836 0.078125 0.255859 0.084961 0.259766 0.084961 0.264648 0.083984 0.269531 0.081055 0.274414
0 0.065430 0.291992 0.059570 0.291016 0.054688 0.289062 0.054688 0.283203 0.058594 0.280273 0.054688 0.276367 0.050781 0.273438 0.053711 0.269531 0.054688 0.263672 0.059570 0.261719 0.064453 0.261719 0.070312 0.261719 0.073242 0.265625 0.073242 0.271484 0.075195 0.276367 0.073242 0.281250 0.073242 0.286133 0.071289 0.291016
1 0.063477 0.262695 0.055664 0.259766 0.054688 0.254883 0.057617 0.250977 0.061523 0.248047 0.067383 0.248047 0.070312 0.251953 0.070312 0.256836 0.068359 0.261719
1 0.111328 0.286133 0.107422 0.283203 0.107422 0.278320 0.110352 0.273438 0.115234 0.273438 0.118164 0.278320 0.117188 0.284180
1 0.085938 0.350586 0.077148 0.351562 0.076172 0.346680 0.078125 0.340820 0.081055 0.336914 0.085938 0.337891 0.089844 0.340820 0.090820 0.345703
1 0.085938 0.362305 0.083008 0.366211 0.080078 0.361328 0.078125 0.350586 0.082031 0.346680 0.086914 0.346680 0.091797 0.346680 0.094727 0.351562 0.096680 0.356445 0.096680 0.362305 0.095703 0.367188 0.090820 0.369141 0.087891 0.368164
0 0.125000 0.361328 0.117188 0.371094 0.117188 0.376953 0.120117 0.386719 0.123047 0.390625 0.125000 0.395508 0.124023 0.400391 0.125000 0.405273 0.128906 0.408203 0.135742 0.416016 0.140625 0.418945 0.145508 0.418945 0.150391 0.416992 0.154297 0.414062 0.163086 0.410156 0.168945 0.410156 0.173828 0.408203 0.176758 0.404297 0.177734 0.398438 0.176758 0.393555 0.171875 0.394531 0.171875 0.388672 0.166992 0.387695 0.162109 0.390625 0.160156 0.385742 0.160156 0.380859 0.156250 0.377930 0.152344 0.374023 0.148438 0.371094 0.142578 0.371094 0.137695 0.369141 0.134766 0.365234 0.130859 0.362305
1 0.161133 0.327148 0.156250 0.325195 0.151367 0.317383 0.156250 0.314453 0.161133 0.312500 0.166016 0.310547 0.171875 0.311523 0.174805 0.315430 0.176758 0.320312 0.173828 0.325195 0.169922 0.328125
1 0.171875 0.325195 0.163086 0.329102 0.162109 0.333984 0.161133 0.339844 0.164062 0.344727 0.168945 0.347656 0.173828 0.348633 0.174805 0.353516 0.178711 0.356445 0.184570 0.355469 0.187500 0.351562 0.191406 0.342773 0.189453 0.337891 0.186523 0.331055 0.179688 0.325195
1 0.128906 0.367188 0.122070 0.369141 0.117188 0.368164 0.113281 0.364258 0.113281 0.359375 0.116211 0.354492 0.117188 0.349609 0.121094 0.345703 0.125977 0.342773 0.131836 0.343750 0.133789 0.348633 0.130859 0.352539 0.127930 0.357422 0.130859 0.361328 0.132812 0.366211
1 0.083008 0.414062 0.078125 0.411133 0.078125 0.406250 0.082031 0.403320 0.086914 0.403320 0.089844 0.407227 0.087891 0.412109
1 0.063477 0.461914 0.058594 0.458008 0.054688 0.454102 0.057617 0.449219 0.063477 0.449219 0.068359 0.449219 0.071289 0.453125 0.069336 0.458008
1 0.010742 0.485352 0.004883 0.481445 0.004883 0.476562 0.006836 0.471680 0.011719 0.470703 0.016602 0.472656 0.018555 0.477539 0.018555 0.482422 0.014648 0.484375
1 0.028320 0.531250 0.024414 0.528320 0.025391 0.522461 0.031250 0.521484 0.033203 0.526367
0 0.205078 0.290039 0.200195 0.288086 0.201172 0.283203 0.206055 0.281250 0.209961 0.277344 0.214844 0.276367 0.219727 0.278320 0.219727 0.283203 0.224609 0.283203 0.228516 0.286133 0.229492 0.291992 0.227539 0.296875 0.227539 0.301758 0.228516 0.304688 0.226562 0.309570 0.224609 0.311523 0.219727 0.312500 0.215820 0.310547 0.211914 0.305664 0.211914 0.301758 0.208984 0.296875 0.206055 0.295898
1 0.243164 0.318359 0.237305 0.319336 0.232422 0.319336 0.228516 0.316406 0.229492 0.310547 0.232422 0.306641 0.231445 0.300781 0.234375 0.296875 0.238281 0.287109 0.243164 0.287109 0.248047 0.286133 0.252930 0.288086 0.257812 0.288086 0.261719 0.291016 0.260742 0.295898 0.258789 0.300781 0.255859 0.310547 0.251953 0.313477
1 0.264648 0.314453 0.257812 0.313477 0.252930 0.312500 0.249023 0.309570 0.248047 0.303711 0.250977 0.298828 0.255859 0.296875 0.258789 0.291992 0.263672 0.289062 0.273438 0.287109 0.278320 0.289062 0.281250 0.293945 0.282227 0.298828 0.281250 0.303711 0.278320 0.307617 0.275391 0.311523 0.270508 0.313477
1 0.262695 0.333984 0.261719 0.328125 0.262695 0.322266 0.266602 0.319336 0.271484 0.319336 0.276367 0.317383 0.281250 0.319336 0.284180 0.324219 0.284180 0.329102 0.283203 0.333984 0.278320 0.337891 0.274414 0.340820 0.268555 0.339844
1 0.291016 0.363281 0.286133 0.361328 0.283203 0.357422 0.286133 0.353516 0.291016 0.350586 0.295898 0.349609 0.298828 0.353516 0.300781 0.358398 0.297852 0.362305
1 0.307617 0.313477 0.302734 0.308594 0.300781 0.303711 0.300781 0.298828 0.298828 0.292969 0.302734 0.290039 0.307617 0.290039 0.312500 0.289062 0.317383 0.290039 0.320312 0.293945 0.328125 0.300781 0.328125 0.306641 0.324219 0.309570 0.315430 0.311523
1 0.325195 0.279297 0.318359 0.274414 0.316406 0.269531 0.318359 0.264648 0.322266 0.261719 0.321289 0.255859 0.325195 0.251953 0.330078 0.250977 0.334961 0.253906 0.336914 0.258789 0.341797 0.267578 0.340820 0.272461 0.338867 0.277344 0.334961 0.280273 0.330078 0.279297
1 0.293945 0.272461 0.289062 0.271484 0.285156 0.267578 0.286133 0.262695 0.288086 0.257812 0.291992 0.254883 0.296875 0.252930 0.300781 0.256836 0.301758 0.261719 0.301758 0.266602 0.299805 0.270508
1 0.235352 0.196289 0.229492 0.195312 0.229492 0.189453 0.233398 0.186523 0.238281 0.188477 0.238281 0.192383
1 0.358398 0.141602 0.350586 0.136719 0.350586 0.131836 0.353516 0.127930 0.359375 0.128906 0.361328 0.133789 0.362305 0.138672
1 0.340820 0.107422 0.334961 0.104492 0.334961 0.099609 0.337891 0.094727 0.335938 0.089844 0.336914 0.084961 0.340820 0.082031 0.345703 0.081055 0.350586 0.083008 0.353516 0.087891 0.352539 0.092773 0.352539 0.100586 0.356445 0.098633 0.356445 0.101562 0.353516 0.107422 0.348633 0.109375
1 0.363281 0.103516 0.358398 0.104492 0.357422 0.099609 0.361328 0.095703 0.364258 0.092773 0.368164 0.093750 0.370117 0.096680 0.372070 0.096680 0.374023 0.097656 0.374023 0.100586 0.372070 0.103516 0.370117 0.104492 0.367188 0.105469 0.365234 0.103516
1 0.376953 0.104492 0.372070 0.102539 0.372070 0.097656 0.375000 0.093750 0.379883 0.093750 0.383789 0.097656 0.382812 0.102539 0.379883 0.104492
1 0.437500 0.058594 0.431641 0.057617 0.428711 0.052734 0.428711 0.047852 0.426758 0.041992 0.431641 0.040039 0.436523 0.041016 0.441406 0.041992 0.441406 0.047852 0.440430 0.052734
1 0.445312 0.095703 0.439453 0.096680 0.437500 0.091797 0.438477 0.086914 0.442383 0.077148 0.447266 0.078125 0.450195 0.082031 0.452148 0.087891 0.452148 0.092773 0.450195 0.097656
0 0.463867 0.105469 0.458008 0.104492 0.453125 0.103516 0.449219 0.100586 0.446289 0.096680 0.448242 0.091797 0.453125 0.088867 0.452148 0.082031 0.454102 0.077148 0.458984 0.074219 0.463867 0.073242 0.466797 0.078125 0.471680 0.078125 0.476562 0.077148 0.480469 0.080078 0.483398 0.084961 0.488281 0.083984 0.491211 0.088867 0.490234 0.093750 0.486328 0.097656 0.479492 0.105469 0.475586 0.109375 0.470703 0.109375
1 0.510742 0.055664 0.505859 0.052734 0.500977 0.050781 0.501953 0.045898 0.500977 0.041016 0.501953 0.036133 0.504883 0.032227 0.508789 0.029297 0.513672 0.028320 0.518555 0.031250 0.521484 0.035156 0.524414 0.039062 0.524414 0.044922 0.524414 0.049805 0.520508 0.053711 0.515625 0.055664
1 0.431641 0.045898 0.426758 0.045898 0.423828 0.041992 0.423828 0.036133 0.424805 0.031250 0.424805 0.026367 0.429688 0.024414 0.434570 0.026367 0.434570 0.032227 0.435547 0.041992
1 0.407227 0.024414 0.402344 0.023438 0.402344 0.018555 0.406250 0.014648 0.411133 0.013672 0.412109 0.018555 0.410156 0.024414
0 0.416992 0.000000 0.417969 0.004883 0.420898 0.008789 0.424805 0.010742 0.426758 0.009766 0.430664 0.009766 0.435547 0.008789 0.445312 0.007812 0.448242 0.006836 0.451172 0.006836 0.454102 0.007812 0.456055 0.005859 0.458008 0.002930 0.457031 0.000000
0 0.463867 0.000000 0.466797 0.003906 0.466797 0.008789 0.470703 0.011719 0.473633 0.016602 0.478516 0.018555 0.488281 0.019531 0.491211 0.015625 0.493164 0.011719 0.497070 0.008789 0.497070 0.003906 0.496094 0.000000
0 0.496094 0.000000 0.495117 0.004883 0.497070 0.009766 0.499023 0.014648 0.503906 0.016602 0.508789 0.016602 0.513672 0.014648 0.518555 0.014648 0.521484 0.010742 0.526367 0.008789 0.529297 0.004883 0.532227 0.000000
1 0.558594 0.018555 0.553711 0.018555 0.552734 0.013672 0.557617 0.010742 0.562500 0.011719 0.564453 0.016602 0.562500 0.018555
0 0.564453 0.000000 0.564453 0.004883 0.565430 0.009766 0.568359 0.014648 0.572266 0.017578 0.575195 0.021484 0.577148 0.026367 0.582031 0.027344 0.586914 0.027344 0.591797 0.026367 0.596680 0.028320 0.601562 0.028320 0.606445 0.028320 0.616211 0.026367 0.619141 0.022461 0.620117 0.017578 0.617188 0.013672 0.614258 0.009766 0.613281 0.004883 0.613281 0.000000
0 0.624023 0.001953 0.620117 0.002930 0.615234 0.003906 0.613281 0.008789 0.614258 0.013672 0.617188 0.017578 0.621094 0.021484 0.623047 0.025391 0.624023 0.030273 0.627930 0.034180 0.632812 0.034180 0.635742 0.030273 0.638672 0.025391 0.642578 0.021484 0.642578 0.016602 0.642578 0.011719 0.640625 0.006836 0.636719 0.002930 0.631836 0.000977 0.625977 0.000977
0 0.631836 0.000000 0.630859 0.001953 0.633789 0.005859 0.638672 0.007812 0.640625 0.012695 0.641602 0.015625 0.642578 0.019531 0.647461 0.020508 0.651367 0.017578 0.655273 0.014648 0.657227 0.009766 0.660156 0.005859 0.661133 0.000977 0.662109 0.000000
1 0.671875 0.000000 0.675781 0.002930 0.679688 0.005859 0.685547 0.004883 0.690430 0.002930 0.690430 0.000000
0 0.671875 0.001953 0.666992 0.003906 0.666992 0.008789 0.664062 0.012695 0.664062 0.018555 0.668945 0.021484 0.672852 0.021484 0.677734 0.021484 0.678711 0.016602 0.679688 0.010742 0.681641 0.007812 0.681641 0.002930 0.679688 0.002930 0.674805 0.001953
1 0.688477 0.007812 0.683594 0.004883 0.678711 0.007812 0.676758 0.012695 0.677734 0.017578 0.681641 0.021484 0.686523 0.020508 0.691406 0.018555 0.692383 0.012695
1 0.666016 0.029297 0.661133 0.028320 0.657227 0.025391 0.658203 0.020508 0.663086 0.018555 0.666992 0.016602 0.669922 0.019531 0.669922 0.022461 0.669922 0.027344
1 0.672852 0.028320 0.668945 0.025391 0.669922 0.020508 0.674805 0.018555 0.678711 0.022461 0.678711 0.027344
1 0.679688 0.029297 0.679688 0.026367 0.681641 0.022461 0.681641 0.019531 0.685547 0.018555 0.689453 0.018555 0.692383 0.020508 0.694336 0.024414 0.690430 0.029297 0.687500 0.029297 0.685547 0.031250 0.682617 0.030273
1 0.654297 0.030273 0.650391 0.028320 0.645508 0.025391 0.643555 0.020508 0.646484 0.016602 0.651367 0.013672 0.656250 0.013672 0.661133 0.015625 0.663086 0.020508 0.662109 0.025391 0.660156 0.029297
0 0.644531 0.039062 0.641602 0.037109 0.640625 0.032227 0.635742 0.030273 0.636719 0.025391 0.638672 0.020508 0.644531 0.020508 0.648438 0.023438 0.653320 0.024414 0.656250 0.029297 0.656250 0.034180 0.653320 0.038086 0.648438 0.039062
0 0.640625 0.052734 0.636719 0.048828 0.632812 0.045898 0.628906 0.042969 0.627930 0.037109 0.630859 0.032227 0.634766 0.029297 0.640625 0.029297 0.644531 0.032227 0.647461 0.036133 0.655273 0.041016 0.656250 0.045898 0.652344 0.049805 0.648438 0.052734
1 0.694336 0.009766 0.689453 0.010742 0.686523 0.005859 0.688477 0.000977 0.693359 0.000977 0.696289 0.002930 0.697266 0.005859 0.697266 0.008789
0 0.696289 0.024414 0.691406 0.023438 0.689453 0.018555 0.690430 0.013672 0.692383 0.008789 0.696289 0.004883 0.701172 0.003906 0.703125 0.004883 0.706055 0.005859 0.707031 0.010742 0.708984 0.012695 0.708008 0.016602 0.704102 0.020508 0.700195 0.023438
0 0.698242 0.000000 0.700195 0.004883 0.704102 0.007812 0.708984 0.008789 0.711914 0.008789 0.710938 0.011719 0.713867 0.011719 0.718750 0.009766 0.722656 0.006836 0.725586 0.003906 0.725586 0.000000
0 0.703125 0.037109 0.698242 0.039062 0.693359 0.037109 0.689453 0.034180 0.687500 0.029297 0.690430 0.025391 0.694336 0.022461 0.699219 0.023438 0.703125 0.020508 0.708008 0.017578 0.712891 0.019531 0.713867 0.021484 0.711914 0.024414 0.712891 0.028320 0.711914 0.033203 0.708984 0.036133
0 0.621094 0.076172 0.615234 0.074219 0.610352 0.072266 0.607422 0.068359 0.605469 0.063477 0.606445 0.058594 0.609375 0.053711 0.604492 0.052734 0.603516 0.047852 0.604492 0.042969 0.610352 0.042969 0.613281 0.039062 0.618164 0.038086 0.622070 0.041016 0.625000 0.044922 0.627930 0.048828 0.629883 0.053711 0.631836 0.063477 0.631836 0.068359 0.628906 0.073242
1 0.629883 0.078125 0.626953 0.074219 0.627930 0.069336 0.630859 0.064453 0.635742 0.063477 0.640625 0.065430 0.640625 0.070312 0.638672 0.076172
1 0.603516 0.095703 0.599609 0.093750 0.594727 0.091797 0.592773 0.086914 0.591797 0.082031 0.596680 0.079102 0.601562 0.079102 0.606445 0.079102 0.611328 0.082031 0.612305 0.086914 0.612305 0.091797 0.608398 0.095703
1 0.612305 0.045898 0.605469 0.044922 0.604492 0.040039 0.607422 0.036133 0.613281 0.037109 0.615234 0.041016
1 0.646484 0.126953 0.642578 0.124023 0.639648 0.120117 0.641602 0.115234 0.645508 0.112305 0.649414 0.109375 0.654297 0.109375 0.658203 0.113281 0.657227 0.118164 0.654297 0.122070 0.651367 0.125977
1 0.654297 0.129883 0.651367 0.125000 0.652344 0.119141 0.655273 0.115234 0.660156 0.113281 0.665039 0.115234 0.666016 0.121094 0.664062 0.125977 0.660156 0.130859 0.656250 0.131836
1 0.670898 0.133789 0.667969 0.128906 0.669922 0.124023 0.673828 0.122070 0.678711 0.122070 0.682617 0.125977 0.681641 0.130859 0.676758 0.133789
1 0.703125 0.140625 0.700195 0.136719 0.697266 0.132812 0.697266 0.126953 0.701172 0.123047 0.706055 0.122070 0.715820 0.123047 0.718750 0.127930 0.718750 0.132812 0.715820 0.137695 0.711914 0.141602 0.707031 0.142578
1 0.219727 0.397461 0.213867 0.396484 0.210938 0.392578 0.209961 0.387695 0.212891 0.382812 0.209961 0.378906 0.213867 0.375000 0.218750 0.375000 0.222656 0.378906 0.225586 0.375000 0.234375 0.373047 0.238281 0.376953 0.240234 0.381836 0.239258 0.391602 0.234375 0.393555 0.225586 0.398438
1 0.216797 0.429688 0.210938 0.428711 0.206055 0.426758 0.203125 0.421875 0.205078 0.416992 0.208008 0.413086 0.205078 0.408203 0.204102 0.403320 0.209961 0.401367 0.214844 0.398438 0.218750 0.395508 0.224609 0.396484 0.228516 0.400391 0.233398 0.402344 0.237305 0.405273 0.239258 0.410156 0.243164 0.419922 0.242188 0.424805 0.238281 0.428711 0.230469 0.434570 0.224609 0.434570
1 0.272461 0.416992 0.266602 0.413086 0.265625 0.408203 0.268555 0.402344 0.266602 0.393555 0.271484 0.392578 0.276367 0.394531 0.286133 0.398438 0.287109 0.403320 0.285156 0.408203 0.282227 0.412109 0.278320 0.415039
1 0.162109 0.440430 0.156250 0.443359 0.152344 0.440430 0.151367 0.435547 0.156250 0.432617 0.161133 0.431641 0.165039 0.428711 0.169922 0.429688 0.171875 0.434570 0.169922 0.439453
1 0.082031 0.493164 0.076172 0.488281 0.076172 0.482422 0.081055 0.476562 0.091797 0.476562 0.095703 0.479492 0.097656 0.484375 0.097656 0.489258 0.093750 0.493164 0.088867 0.494141
1 0.050781 0.555664 0.046875 0.552734 0.046875 0.547852 0.050781 0.544922 0.055664 0.547852 0.053711 0.550781
1 0.045898 0.576172 0.041992 0.573242 0.041992 0.568359 0.045898 0.565430 0.050781 0.563477 0.054688 0.566406 0.054688 0.571289 0.051758 0.576172
1 0.012695 0.596680 0.007812 0.595703 0.007812 0.590820 0.009766 0.585938 0.014648 0.584961 0.018555 0.588867 0.018555 0.593750
1 0.030273 0.627930 0.025391 0.625977 0.024414 0.621094 0.029297 0.619141 0.034180 0.620117 0.034180 0.625977
1 0.032227 0.658203 0.027344 0.658203 0.023438 0.654297 0.020508 0.650391 0.020508 0.645508 0.023438 0.641602 0.028320 0.643555 0.028320 0.649414 0.032227 0.652344 0.034180 0.655273
1 0.047852 0.651367 0.042969 0.649414 0.041016 0.644531 0.044922 0.640625 0.049805 0.641602 0.051758 0.647461
1 0.086914 0.657227 0.081055 0.655273 0.079102 0.650391 0.076172 0.646484 0.075195 0.641602 0.079102 0.638672 0.082031 0.642578 0.086914 0.645508 0.088867 0.649414 0.091797 0.654297 0.091797 0.654297
1 0.099609 0.648438 0.095703 0.645508 0.097656 0.640625 0.102539 0.642578 0.102539 0.646484
1 0.102539 0.696289 0.097656 0.693359 0.098633 0.688477 0.099609 0.683594 0.104492 0.681641 0.108398 0.685547 0.110352 0.690430 0.108398 0.695312
1 0.122070 0.640625 0.115234 0.636719 0.115234 0.631836 0.115234 0.625977 0.117188 0.620117 0.123047 0.621094 0.125000 0.624023 0.130859 0.625000 0.134766 0.631836 0.134766 0.631836 0.133789 0.637695 0.130859 0.641602 0.125000 0.640625
0 0.143555 0.634766 0.139648 0.629883 0.136719 0.625977 0.133789 0.622070 0.132812 0.616211 0.135742 0.612305 0.139648 0.613281 0.141602 0.617188 0.143555 0.619141 0.146484 0.617188 0.148438 0.610352 0.156250 0.607422 0.160156 0.609375 0.162109 0.613281 0.161133 0.621094 0.160156 0.628906 0.159180 0.634766 0.154297 0.638672 0.149414 0.636719
1 0.123047 0.593750 0.115234 0.591797 0.114258 0.586914 0.114258 0.582031 0.117188 0.576172 0.122070 0.573242 0.126953 0.575195 0.131836 0.577148 0.132812 0.583008 0.131836 0.587891 0.129883 0.593750
1 0.119141 0.571289 0.114258 0.568359 0.116211 0.563477 0.121094 0.562500 0.125000 0.565430 0.122070 0.570312
1 0.105469 0.549805 0.100586 0.545898 0.102539 0.541016 0.107422 0.539062 0.113281 0.538086 0.116211 0.541992 0.114258 0.546875 0.111328 0.550781
1 0.103516 0.535156 0.098633 0.532227 0.099609 0.527344 0.104492 0.525391 0.109375 0.526367 0.109375 0.532227
1 0.163086 0.537109 0.160156 0.532227 0.164062 0.528320 0.168945 0.526367 0.172852 0.529297 0.171875 0.534180 0.168945 0.539062
0 0.159180 0.503906 0.153320 0.502930 0.152344 0.498047 0.155273 0.493164 0.160156 0.491211 0.165039 0.490234 0.166016 0.495117 0.170898 0.492188 0.175781 0.493164 0.174805 0.498047 0.169922 0.500977 0.165039 0.501953
1 0.147461 0.483398 0.141602 0.483398 0.137695 0.475586 0.138672 0.470703 0.142578 0.468750 0.148438 0.468750 0.153320 0.470703 0.155273 0.475586 0.153320 0.480469
0 0.177734 0.504883 0.169922 0.501953 0.169922 0.497070 0.173828 0.488281 0.178711 0.488281 0.182617 0.485352 0.186523 0.485352 0.191406 0.487305 0.191406 0.491211 0.187500 0.495117 0.186523 0.499023 0.186523 0.502930 0.182617 0.503906
1 0.180664 0.475586 0.177734 0.470703 0.173828 0.466797 0.173828 0.461914 0.175781 0.457031 0.180664 0.454102 0.185547 0.452148 0.190430 0.451172 0.198242 0.454102 0.198242 0.459961 0.199219 0.466797 0.196289 0.474609 0.191406 0.477539 0.186523 0.478516
1 0.194336 0.499023 0.190430 0.493164 0.193359 0.488281 0.194336 0.483398 0.198242 0.478516 0.198242 0.478516 0.203125 0.481445 0.207031 0.484375 0.209961 0.487305 0.210938 0.491211 0.208984 0.494141 0.207031 0.499023 0.200195 0.499023
1 0.253906 0.447266 0.250977 0.443359 0.250977 0.438477 0.249023 0.433594 0.253906 0.430664 0.262695 0.425781 0.267578 0.424805 0.271484 0.427734 0.274414 0.435547 0.275391 0.441406 0.275391 0.441406 0.272461 0.442383 0.272461 0.449219 0.270508 0.452148 0.263672 0.453125 0.259766 0.451172
1 0.226562 0.479492 0.221680 0.480469 0.216797 0.479492 0.216797 0.474609 0.220703 0.470703 0.221680 0.465820 0.223633 0.460938 0.227539 0.457031 0.230469 0.453125 0.231445 0.448242 0.238281 0.448242 0.243164 0.452148 0.246094 0.458008 0.244141 0.462891 0.239258 0.465820 0.237305 0.470703 0.234375 0.475586
1 0.245117 0.458984 0.242188 0.455078 0.240234 0.450195 0.241211 0.445312 0.246094 0.443359 0.255859 0.443359 0.256836 0.448242 0.256836 0.453125 0.250977 0.460938
1 0.245117 0.477539 0.240234 0.476562 0.237305 0.471680 0.237305 0.466797 0.242188 0.463867 0.246094 0.460938 0.253906 0.455078 0.258789 0.457031 0.261719 0.461914 0.262695 0.466797 0.259766 0.470703 0.256836 0.474609 0.250977 0.479492 0.250977 0.479492
1 0.264648 0.469727 0.259766 0.467773 0.259766 0.462891 0.259766 0.458008 0.263672 0.454102 0.268555 0.455078 0.273438 0.457031 0.273438 0.461914 0.271484 0.466797
1 0.268555 0.458008 0.263672 0.454102 0.264648 0.449219 0.268555 0.445312 0.273438 0.444336 0.275391 0.449219 0.273438 0.454102 0.271484 0.458008
1 0.276367 0.457031 0.275391 0.454102 0.271484 0.451172 0.272461 0.446289 0.276367 0.443359 0.280273 0.439453 0.283203 0.435547 0.288086 0.432617 0.292969 0.434570 0.293945 0.439453 0.294922 0.444336 0.294922 0.449219 0.292969 0.454102 0.288086 0.455078 0.286133 0.459961 0.280273 0.461914
1 0.282227 0.458984 0.277344 0.457031 0.274414 0.461914 0.268555 0.469727 0.263672 0.468750 0.261719 0.473633 0.266602 0.474609 0.272461 0.473633 0.277344 0.475586 0.282227 0.473633 0.286133 0.470703 0.289062 0.467773 0.288086 0.460938
1 0.233398 0.499023 0.228516 0.494141 0.223633 0.493164 0.221680 0.488281 0.223633 0.483398 0.226562 0.479492 0.231445 0.479492 0.236328 0.481445 0.239258 0.485352 0.240234 0.491211 0.241211 0.496094
1 0.242188 0.510742 0.235352 0.506836 0.234375 0.500977 0.235352 0.496094 0.240234 0.493164 0.245117 0.495117 0.246094 0.490234 0.250977 0.488281 0.255859 0.487305 0.257812 0.492188 0.253906 0.496094 0.251953 0.500977 0.250977 0.505859
1 0.253906 0.488281 0.248047 0.487305 0.247070 0.481445 0.249023 0.472656 0.253906 0.470703 0.258789 0.471680 0.261719 0.475586 0.261719 0.480469 0.258789 0.485352
1 0.261719 0.508789 0.256836 0.506836 0.253906 0.502930 0.251953 0.497070 0.252930 0.492188 0.255859 0.487305 0.256836 0.482422 0.262695 0.481445 0.265625 0.485352 0.267578 0.480469 0.273438 0.479492 0.277344 0.482422 0.280273 0.486328 0.279297 0.492188 0.279297 0.497070 0.276367 0.501953 0.272461 0.504883
1 0.284180 0.489258 0.278320 0.487305 0.276367 0.482422 0.279297 0.478516 0.285156 0.478516 0.289062 0.480469 0.291016 0.485352
1 0.283203 0.502930 0.281250 0.496094 0.279297 0.491211 0.284180 0.488281 0.293945 0.486328 0.297852 0.489258 0.298828 0.495117 0.295898 0.499023 0.291016 0.501953
1 0.276367 0.522461 0.270508 0.520508 0.265625 0.518555 0.262695 0.514648 0.262695 0.509766 0.263672 0.504883 0.270508 0.502930 0.275391 0.501953 0.279297 0.498047 0.284180 0.496094 0.289062 0.498047 0.289062 0.503906 0.289062 0.508789 0.288086 0.518555 0.284180 0.522461
1 0.259766 0.539062 0.253906 0.535156 0.256836 0.530273 0.261719 0.528320 0.264648 0.532227 0.265625 0.537109
1 0.300781 0.541016 0.292969 0.539062 0.291016 0.534180 0.288086 0.530273 0.289062 0.525391 0.292969 0.522461 0.293945 0.517578 0.296875 0.513672 0.302734 0.513672 0.306641 0.517578 0.310547 0.514648 0.315430 0.511719 0.320312 0.514648 0.322266 0.519531 0.323242 0.525391 0.317383 0.534180 0.312500 0.535156 0.308594 0.538086
1 0.311523 0.558594 0.305664 0.556641 0.300781 0.553711 0.297852 0.548828 0.300781 0.544922 0.305664 0.541016 0.310547 0.539062 0.314453 0.536133 0.319336 0.538086 0.324219 0.536133 0.327148 0.541016 0.327148 0.545898 0.325195 0.551758 0.321289 0.555664 0.316406 0.555664
1 0.291016 0.602539 0.287109 0.595703 0.289062 0.590820 0.291992 0.586914 0.292969 0.582031 0.291992 0.576172 0.294922 0.572266 0.299805 0.571289 0.305664 0.571289 0.309570 0.573242 0.311523 0.579102 0.309570 0.583984 0.305664 0.586914 0.305664 0.591797 0.302734 0.601562 0.297852 0.603516
1 0.169922 0.601562 0.160156 0.597656 0.160156 0.592773 0.160156 0.586914 0.162109 0.572266 0.166992 0.568359 0.171875 0.567383 0.175781 0.570312 0.175781 0.576172 0.176758 0.581055 0.178711 0.585938 0.177734 0.590820 0.175781 0.595703
1 0.188477 0.586914 0.181641 0.583008 0.180664 0.578125 0.182617 0.573242 0.187500 0.570312 0.192383 0.570312 0.196289 0.574219 0.196289 0.580078 0.195312 0.584961
1 0.091797 0.736328 0.086914 0.732422 0.086914 0.726562 0.090820 0.722656 0.095703 0.720703 0.100586 0.718750 0.103516 0.722656 0.104492 0.727539 0.104492 0.733398 0.100586 0.737305 0.096680 0.738281
1 0.161133 0.696289 0.156250 0.695312 0.156250 0.690430 0.153320 0.685547 0.155273 0.680664 0.160156 0.672852 0.165039 0.673828 0.168945 0.677734 0.172852 0.686523 0.172852 0.691406 0.169922 0.696289
1 0.155273 0.666016 0.149414 0.665039 0.147461 0.660156 0.150391 0.656250 0.156250 0.655273 0.159180 0.659180 0.159180 0.663086
1 0.208008 0.622070 0.203125 0.620117 0.198242 0.618164 0.197266 0.613281 0.199219 0.608398 0.202148 0.603516 0.206055 0.599609 0.214844 0.597656 0.218750 0.600586 0.224609 0.601562 0.224609 0.606445 0.223633 0.611328 0.220703 0.616211 0.221680 0.621094 0.219727 0.625000 0.213867 0.624023
1 0.215820 0.601562 0.209961 0.601562 0.205078 0.600586 0.203125 0.595703 0.204102 0.590820 0.205078 0.580078 0.208984 0.576172 0.213867 0.579102 0.218750 0.576172 0.223633 0.575195 0.228516 0.575195 0.231445 0.580078 0.232422 0.584961 0.230469 0.589844 0.227539 0.594727 0.222656 0.602539
1 0.223633 0.623047 0.217773 0.619141 0.217773 0.613281 0.218750 0.608398 0.223633 0.606445 0.227539 0.609375 0.230469 0.613281 0.232422 0.619141 0.230469 0.624023
1 0.206055 0.646484 0.201172 0.645508 0.199219 0.640625 0.196289 0.636719 0.195312 0.630859 0.196289 0.625977 0.200195 0.623047 0.209961 0.619141 0.213867 0.622070 0.216797 0.625977 0.216797 0.630859 0.215820 0.637695 0.211914 0.645508
1 0.216797 0.660156 0.209961 0.659180 0.208984 0.654297 0.205078 0.650391 0.205078 0.644531 0.207031 0.640625 0.212891 0.638672 0.218750 0.640625 0.222656 0.643555 0.224609 0.649414 0.223633 0.654297
1 0.222656 0.647461 0.216797 0.644531 0.213867 0.640625 0.213867 0.634766 0.217773 0.630859 0.222656 0.633789 0.227539 0.632812 0.231445 0.635742 0.232422 0.640625 0.230469 0.645508
1 0.215820 0.694336 0.209961 0.689453 0.206055 0.685547 0.206055 0.680664 0.208008 0.675781 0.212891 0.674805 0.217773 0.672852 0.225586 0.674805 0.225586 0.679688 0.227539 0.684570 0.224609 0.689453 0.221680 0.693359
1 0.199219 0.714844 0.191406 0.707031 0.190430 0.702148 0.194336 0.698242 0.199219 0.696289 0.208984 0.692383 0.211914 0.696289 0.212891 0.701172 0.212891 0.707031 0.209961 0.710938 0.205078 0.712891
1 0.165039 0.739258 0.157227 0.739258 0.152344 0.736328 0.148438 0.734375 0.150391 0.729492 0.155273 0.727539 0.160156 0.727539 0.164062 0.731445
1 0.148438 0.734375 0.133789 0.731445 0.136719 0.726562 0.141602 0.725586 0.146484 0.728516 0.152344 0.732422
0 0.061523 0.750000 0.058594 0.745117 0.054688 0.742188 0.051758 0.738281 0.055664 0.734375 0.059570 0.732422 0.064453 0.733398 0.067383 0.737305 0.073242 0.738281 0.077148 0.741211 0.073242 0.744141 0.071289 0.749023
1 0.013672 0.780273 0.008789 0.779297 0.007812 0.774414 0.011719 0.771484 0.016602 0.772461 0.020508 0.775391 0.019531 0.778320
0 0.028320 0.771484 0.024414 0.768555 0.023438 0.760742 0.024414 0.757812 0.025391 0.754883 0.031250 0.754883 0.036133 0.753906 0.038086 0.755859 0.038086 0.758789 0.034180 0.762695 0.038086 0.766602 0.037109 0.771484 0.034180 0.775391 0.029297 0.776367
1 0.038086 0.782227 0.033203 0.780273 0.031250 0.775391 0.034180 0.771484 0.039062 0.771484 0.043945 0.774414 0.048828 0.777344 0.049805 0.782227 0.048828 0.787109 0.044922 0.786133 0.038086 0.787109 0.037109 0.785156
1 0.011719 0.749023 0.008789 0.748047 0.005859 0.744141 0.008789 0.740234 0.014648 0.741211 0.015625 0.744141 0.018555 0.746094 0.020508 0.748047 0.017578 0.750977 0.015625 0.750977
1 0.016602 0.746094 0.012695 0.743164 0.013672 0.738281 0.018555 0.737305 0.021484 0.741211 0.018555 0.746094
1 0.007812 0.763672 0.002930 0.761719 0.004883 0.756836 0.008789 0.753906 0.011719 0.755859 0.010742 0.758789
0 0.024414 0.798828 0.019531 0.796875 0.015625 0.793945 0.014648 0.789062 0.019531 0.788086 0.024414 0.788086 0.029297 0.791016 0.034180 0.792969 0.034180 0.797852 0.029297 0.799805
0 0.050781 0.817383 0.044922 0.817383 0.041016 0.813477 0.036133 0.804688 0.039062 0.800781 0.042969 0.797852 0.047852 0.797852 0.051758 0.800781 0.054688 0.799805 0.058594 0.802734 0.060547 0.807617 0.058594 0.812500 0.056641 0.817383 0.052734 0.818359
0 0.054688 0.827148 0.052734 0.830078 0.047852 0.830078 0.042969 0.829102 0.041992 0.827148 0.039062 0.826172 0.040039 0.821289 0.043945 0.820312 0.045898 0.816406 0.051758 0.812500 0.056641 0.813477 0.060547 0.817383 0.063477 0.816406 0.063477 0.821289 0.063477 0.825195 0.060547 0.826172
0 0.073242 0.834961 0.067383 0.835938 0.062500 0.833984 0.061523 0.829102 0.062500 0.824219 0.067383 0.822266 0.072266 0.822266 0.077148 0.824219 0.082031 0.823242 0.086914 0.825195 0.087891 0.830078 0.088867 0.834961 0.083984 0.836914 0.079102 0.837891
1 0.084961 0.789062 0.080078 0.789062 0.079102 0.784180 0.081055 0.779297 0.085938 0.780273 0.088867 0.785156
1 0.092773 0.784180 0.087891 0.781250 0.084961 0.776367 0.083984 0.771484 0.085938 0.766602 0.090820 0.768555 0.096680 0.768555 0.098633 0.770508 0.099609 0.774414 0.100586 0.780273 0.098633 0.781250 0.096680 0.784180
1 0.076172 0.765625 0.071289 0.765625 0.067383 0.762695 0.066406 0.757812 0.066406 0.748047 0.069336 0.744141 0.075195 0.744141 0.080078 0.746094 0.083984 0.749023 0.084961 0.753906 0.083008 0.758789
1 0.083008 0.760742 0.083008 0.755859 0.088867 0.755859 0.092773 0.758789 0.092773 0.761719 0.089844 0.763672 0.086914 0.762695
1 0.042969 0.978516 0.035156 0.975586 0.030273 0.972656 0.029297 0.967773 0.029297 0.962891 0.026367 0.958984 0.026367 0.956055 0.031250 0.954102 0.037109 0.954102 0.041992 0.956055 0.046875 0.954102 0.050781 0.958008 0.055664 0.960938 0.056641 0.965820 0.057617 0.975586 0.053711 0.978516 0.048828 0.978516
1 0.088867 0.966797 0.083984 0.961914 0.084961 0.957031 0.088867 0.954102 0.091797 0.955078 0.091797 0.963867
1 0.115234 0.960938 0.110352 0.960938 0.105469 0.962891 0.101562 0.958984 0.101562 0.954102 0.104492 0.950195 0.109375 0.951172 0.112305 0.947266 0.117188 0.943359 0.122070 0.944336 0.125977 0.947266 0.129883 0.950195 0.128906 0.956055 0.126953 0.960938 0.123047 0.963867
1 0.110352 0.976562 0.104492 0.971680 0.101562 0.967773 0.104492 0.962891 0.108398 0.959961 0.113281 0.958984 0.117188 0.962891 0.111328 0.963867 0.112305 0.968750
1 0.133789 0.960938 0.126953 0.962891 0.124023 0.958984 0.126953 0.954102 0.131836 0.953125 0.136719 0.953125 0.140625 0.956055 0.139648 0.960938
1 0.132812 0.880859 0.132812 0.875000 0.126953 0.874023 0.129883 0.870117 0.134766 0.870117 0.140625 0.869141 0.144531 0.866211 0.149414 0.866211 0.154297 0.869141 0.156250 0.874023 0.153320 0.877930 0.148438 0.880859 0.142578 0.878906 0.139648 0.881836 0.136719 0.882812 0.135742 0.881836
1 0.166016 0.849609 0.158203 0.848633 0.153320 0.846680 0.151367 0.841797 0.150391 0.836914 0.154297 0.833984 0.160156 0.833984 0.165039 0.834961 0.168945 0.833984 0.174805 0.834961 0.175781 0.843750 0.172852 0.849609
1 0.174805 0.796875 0.169922 0.796875 0.169922 0.791992 0.171875 0.787109 0.175781 0.784180 0.178711 0.789062 0.178711 0.794922
1 0.312500 0.431641 0.307617 0.429688 0.306641 0.424805 0.309570 0.419922 0.309570 0.415039 0.313477 0.411133 0.317383 0.408203 0.322266 0.407227 0.324219 0.413086 0.323242 0.417969 0.324219 0.422852 0.320312 0.426758
1 0.329102 0.409180 0.324219 0.407227 0.324219 0.402344 0.325195 0.397461 0.330078 0.396484 0.334961 0.398438 0.336914 0.403320 0.335938 0.408203
1 0.334961 0.431641 0.331055 0.428711 0.330078 0.423828 0.333008 0.419922 0.337891 0.421875 0.342773 0.422852 0.342773 0.427734 0.339844 0.431641
1 0.322266 0.383789 0.317383 0.382812 0.316406 0.377930 0.319336 0.373047 0.323242 0.370117 0.325195 0.375000 0.325195 0.379883 0.324219 0.381836
1 0.337891 0.389648 0.334961 0.383789 0.337891 0.379883 0.338867 0.375000 0.341797 0.371094 0.346680 0.370117 0.351562 0.371094 0.353516 0.375977 0.353516 0.380859 0.351562 0.386719 0.347656 0.389648 0.343750 0.392578
1 0.266602 0.251953 0.260742 0.249023 0.260742 0.244141 0.262695 0.239258 0.267578 0.238281 0.272461 0.240234 0.273438 0.245117 0.270508 0.250000
1 0.284180 0.233398 0.281250 0.229492 0.281250 0.224609 0.286133 0.222656 0.291016 0.224609 0.293945 0.229492 0.292969 0.234375
1 0.291992 0.216797 0.288086 0.212891 0.286133 0.208008 0.288086 0.203125 0.292969 0.202148 0.297852 0.205078 0.298828 0.209961 0.303711 0.210938 0.303711 0.215820 0.298828 0.217773
1 0.405273 0.126953 0.400391 0.125000 0.397461 0.121094 0.398438 0.116211 0.403320 0.115234 0.408203 0.114258 0.413086 0.116211 0.412109 0.121094 0.410156 0.126953
1 0.385742 0.131836 0.379883 0.133789 0.375977 0.129883 0.374023 0.125000 0.375977 0.120117 0.379883 0.116211 0.384766 0.116211 0.389648 0.118164 0.388672 0.123047 0.388672 0.127930
1 0.384766 0.143555 0.376953 0.143555 0.373047 0.140625 0.372070 0.135742 0.375000 0.130859 0.379883 0.130859 0.384766 0.131836 0.386719 0.136719
1 0.429688 0.131836 0.425781 0.128906 0.426758 0.124023 0.430664 0.120117 0.430664 0.115234 0.430664 0.110352 0.435547 0.107422 0.440430 0.107422 0.445312 0.110352 0.447266 0.116211 0.447266 0.121094 0.442383 0.123047 0.435547 0.128906
1 0.440430 0.154297 0.430664 0.154297 0.426758 0.150391 0.423828 0.146484 0.423828 0.141602 0.420898 0.135742 0.422852 0.131836 0.428711 0.127930 0.433594 0.128906 0.435547 0.124023 0.441406 0.122070 0.447266 0.123047 0.452148 0.123047 0.456055 0.126953 0.459961 0.129883 0.463867 0.133789 0.462891 0.138672 0.460938 0.143555 0.458008 0.147461 0.456055 0.152344 0.451172 0.154297 0.446289 0.155273
1 0.466797 0.150391 0.458984 0.145508 0.456055 0.141602 0.457031 0.136719 0.458984 0.131836 0.461914 0.122070 0.466797 0.119141 0.471680 0.120117 0.475586 0.123047 0.480469 0.123047 0.485352 0.122070 0.487305 0.125977 0.489258 0.130859 0.495117 0.130859 0.498047 0.130859 0.498047 0.136719 0.496094 0.141602 0.494141 0.146484 0.492188 0.151367 0.486328 0.153320 0.480469 0.154297 0.476562 0.153320 0.470703 0.153320
1 0.482422 0.171875 0.477539 0.166992 0.478516 0.162109 0.482422 0.159180 0.487305 0.158203 0.491211 0.162109 0.489258 0.166992 0.487305 0.170898
1 0.440430 0.187500 0.433594 0.189453 0.430664 0.184570 0.433594 0.179688 0.438477 0.177734 0.443359 0.175781 0.446289 0.179688 0.445312 0.185547
1 0.444336 0.201172 0.439453 0.198242 0.441406 0.193359 0.446289 0.190430 0.450195 0.193359 0.448242 0.198242
1 0.426758 0.250000 0.419922 0.250977 0.416992 0.246094 0.418945 0.241211 0.423828 0.238281 0.428711 0.239258 0.431641 0.243164
1 0.426758 0.240234 0.420898 0.237305 0.421875 0.232422 0.426758 0.230469 0.431641 0.231445 0.431641 0.236328
1 0.446289 0.245117 0.441406 0.242188 0.440430 0.237305 0.444336 0.233398 0.449219 0.233398 0.454102 0.234375 0.458008 0.237305 0.456055 0.242188 0.452148 0.245117
1 0.460938 0.244141 0.463867 0.239258 0.468750 0.239258 0.469727 0.244141 0.465820 0.246094
1 0.458984 0.209961 0.453125 0.208984 0.453125 0.203125 0.458008 0.201172 0.462891 0.200195 0.463867 0.205078 0.462891 0.209961
1 0.469727 0.208984 0.462891 0.206055 0.462891 0.201172 0.465820 0.196289 0.470703 0.198242 0.475586 0.200195 0.475586 0.205078
1 0.480469 0.218750 0.474609 0.212891 0.476562 0.208008 0.480469 0.204102 0.485352 0.202148 0.489258 0.198242 0.494141 0.200195 0.495117 0.205078 0.491211 0.208984 0.487305 0.211914 0.487305 0.217773
1 0.488281 0.236328 0.486328 0.229492 0.488281 0.224609 0.491211 0.220703 0.496094 0.218750 0.500000 0.223633 0.500977 0.228516 0.500000 0.234375 0.496094 0.237305
1 0.513672 0.247070 0.508789 0.240234 0.511719 0.235352 0.514648 0.231445 0.519531 0.229492 0.523438 0.232422 0.524414 0.237305 0.522461 0.242188 0.518555 0.246094
1 0.519531 0.258789 0.517578 0.253906 0.520508 0.250000 0.525391 0.248047 0.529297 0.250977 0.527344 0.254883 0.524414 0.257812
1 0.566406 0.261719 0.562500 0.258789 0.563477 0.253906 0.567383 0.250977 0.572266 0.250977 0.577148 0.252930 0.576172 0.257812 0.573242 0.261719
1 0.554688 0.206055 0.547852 0.203125 0.543945 0.201172 0.543945 0.195312 0.547852 0.192383 0.549805 0.187500 0.552734 0.183594 0.557617 0.185547 0.562500 0.184570 0.567383 0.189453 0.570312 0.193359 0.570312 0.199219 0.567383 0.203125 0.562500 0.205078
1 0.577148 0.208008 0.570312 0.204102 0.568359 0.199219 0.569336 0.194336 0.574219 0.191406 0.574219 0.186523 0.579102 0.182617 0.583008 0.179688 0.588867 0.180664 0.591797 0.184570 0.591797 0.189453 0.592773 0.199219 0.591797 0.205078 0.586914 0.207031
1 0.531250 0.157227 0.528320 0.153320 0.528320 0.148438 0.531250 0.143555 0.536133 0.141602 0.541016 0.139648 0.545898 0.140625 0.549805 0.144531 0.549805 0.149414 0.546875 0.154297 0.541992 0.155273 0.537109 0.157227 0.537109 0.158203
1 0.574219 0.145508 0.568359 0.141602 0.566406 0.136719 0.568359 0.131836 0.575195 0.125000 0.580078 0.125000 0.584961 0.126953 0.587891 0.130859 0.587891 0.135742 0.585938 0.140625 0.583008 0.144531
1 0.894531 0.914062 0.890625 0.911133 0.887695 0.907227 0.887695 0.902344 0.891602 0.898438 0.895508 0.895508 0.900391 0.896484 0.905273 0.896484 0.909180 0.892578 0.914062 0.892578 0.916016 0.897461 0.915039 0.902344 0.918945 0.906250 0.917969 0.911133 0.913086 0.914062 0.908203 0.915039 0.903320 0.916992
0 0.895508 1.000000 0.894531 0.995117 0.897461 0.991211 0.905273 0.989258 0.910156 0.987305 0.915039 0.988281 0.917969 0.988281 0.918945 0.991211 0.923828 0.991211 0.927734 0.989258 0.927734 0.991211 0.930664 0.995117 0.930664 0.997070 0.928711 0.999023 0.928711 1.000000
0 0.692383 0.983398 0.688477 0.986328 0.683594 0.984375 0.679688 0.980469 0.678711 0.975586 0.674805 0.971680 0.674805 0.963867 0.679688 0.965820 0.684570 0.965820 0.689453 0.966797 0.694336 0.968750 0.703125 0.973633 0.704102 0.978516 0.701172 0.982422 0.698242 0.987305 0.694336 0.986328
0 0.659180 0.971680 0.651367 0.970703 0.647461 0.967773 0.645508 0.962891 0.645508 0.958008 0.648438 0.953125 0.651367 0.949219 0.656250 0.950195 0.660156 0.954102 0.667969 0.958984 0.670898 0.963867 0.672852 0.968750 0.672852 0.973633 0.667969 0.976562 0.663086 0.974609
1 0.560547 1.000000 0.555664 0.997070 0.555664 0.994141 0.556641 0.989258 0.561523 0.986328 0.565430 0.989258 0.570312 0.989258 0.575195 0.991211 0.579102 0.995117 0.578125 1.000000
1 0.579102 1.000000 0.580078 0.995117 0.584961 0.994141 0.589844 0.995117 0.592773 0.999023 0.592773 1.000000
1 0.598633 0.999023 0.591797 0.999023 0.588867 0.994141 0.591797 0.990234 0.593750 0.985352 0.599609 0.985352 0.603516 0.988281 0.605469 0.993164 0.603516 0.998047
1 0.603516 0.989258 0.599609 0.987305 0.595703 0.983398 0.594727 0.978516 0.595703 0.973633 0.597656 0.968750 0.601562 0.965820 0.607422 0.967773 0.612305 0.968750 0.612305 0.971680 0.612305 0.977539 0.610352 0.982422 0.609375 0.986328
1 0.554688 0.995117 0.551758 0.995117 0.549805 0.993164 0.551758 0.990234 0.553711 0.985352 0.558594 0.985352 0.560547 0.990234 0.558594 0.994141
1 0.548828 0.994141 0.543945 0.993164 0.541992 0.988281 0.541016 0.983398 0.545898 0.983398 0.550781 0.984375 0.550781 0.984375 0.553711 0.986328 0.553711 0.991211 0.551758 0.994141
1 0.501953 1.000000 0.502930 0.995117 0.506836 0.991211 0.511719 0.989258 0.516602 0.991211 0.518555 0.996094 0.517578 1.000000
1 0.528320 0.945312 0.524414 0.940430 0.525391 0.935547 0.524414 0.929688 0.528320 0.925781 0.529297 0.920898 0.534180 0.918945 0.539062 0.917969 0.543945 0.920898 0.546875 0.924805 0.547852 0.929688 0.547852 0.935547 0.545898 0.940430 0.542969 0.944336 0.538086 0.946289
1 0.445312 1.000000 0.445312 0.992188 0.447266 0.988281 0.455078 0.981445 0.459961 0.985352 0.464844 0.986328 0.465820 0.991211 0.466797 0.997070 0.462891 1.000000
0 0.458984 0.980469 0.454102 0.978516 0.453125 0.973633 0.448242 0.974609 0.443359 0.974609 0.440430 0.969727 0.441406 0.964844 0.443359 0.958008 0.443359 0.953125 0.445312 0.948242 0.450195 0.948242 0.455078 0.949219 0.459961 0.951172 0.464844 0.951172 0.473633 0.955078 0.471680 0.959961 0.474609 0.964844 0.474609 0.969727 0.471680 0.973633 0.470703 0.979492
1 0.468750 0.937500 0.460938 0.935547 0.460938 0.929688 0.456055 0.926758 0.458008 0.921875 0.461914 0.917969 0.463867 0.913086 0.468750 0.913086 0.473633 0.915039 0.481445 0.920898 0.480469 0.925781 0.479492 0.930664 0.479492 0.935547 0.475586 0.938477
1 0.444336 0.899414 0.440430 0.892578 0.436523 0.889648 0.434570 0.884766 0.436523 0.879883 0.440430 0.876953 0.446289 0.875977 0.451172 0.876953 0.455078 0.880859 0.456055 0.886719 0.458984 0.896484 0.455078 0.899414 0.450195 0.900391
1 0.448242 0.914062 0.444336 0.911133 0.443359 0.906250 0.444336 0.901367 0.449219 0.898438 0.454102 0.898438 0.458984 0.899414 0.461914 0.903320 0.462891 0.908203 0.458008 0.911133 0.453125 0.913086
1 0.434570 0.923828 0.427734 0.925781 0.423828 0.922852 0.419922 0.918945 0.419922 0.913086 0.423828 0.911133 0.426758 0.906250 0.428711 0.901367 0.433594 0.899414 0.438477 0.899414 0.443359 0.902344 0.445312 0.907227 0.445312 0.912109 0.442383 0.916016 0.438477 0.919922
1 0.443359 0.947266 0.439453 0.944336 0.434570 0.941406 0.429688 0.941406 0.425781 0.937500 0.423828 0.932617 0.424805 0.927734 0.428711 0.924805 0.438477 0.920898 0.442383 0.923828 0.447266 0.924805 0.453125 0.930664 0.452148 0.935547 0.449219 0.945312
1 0.425781 0.962891 0.417969 0.958984 0.417969 0.953125 0.418945 0.947266 0.423828 0.942383 0.435547 0.939453 0.440430 0.942383 0.444336 0.947266 0.443359 0.953125 0.438477 0.956055 0.433594 0.958008
1 0.440430 0.970703 0.432617 0.972656 0.429688 0.968750 0.427734 0.963867 0.428711 0.958008 0.432617 0.954102 0.434570 0.958984 0.438477 0.954102 0.443359 0.954102 0.446289 0.958984 0.447266 0.963867
1 0.428711 0.993164 0.426758 0.987305 0.422852 0.984375 0.422852 0.979492 0.423828 0.974609 0.425781 0.969727 0.430664 0.966797 0.435547 0.968750 0.437500 0.973633 0.441406 0.976562 0.444336 0.980469 0.444336 0.985352 0.442383 0.990234 0.439453 0.994141 0.434570 0.994141
1 0.367188 0.953125 0.364258 0.949219 0.363281 0.944336 0.363281 0.939453 0.366211 0.935547 0.371094 0.933594 0.375977 0.933594 0.377930 0.938477 0.380859 0.942383 0.379883 0.947266 0.377930 0.952148 0.373047 0.954102 0.370117 0.956055
1 0.162109 0.990234 0.157227 0.988281 0.154297 0.984375 0.155273 0.979492 0.160156 0.976562 0.165039 0.976562 0.167969 0.981445 0.166992 0.986328
0 0.202148 0.982422 0.196289 0.984375 0.191406 0.981445 0.190430 0.976562 0.192383 0.971680 0.192383 0.966797 0.193359 0.961914 0.192383 0.952148 0.188477 0.947266 0.185547 0.943359 0.186523 0.940430 0.191406 0.936523 0.196289 0.934570 0.201172 0.933594 0.206055 0.934570 0.207031 0.939453 0.206055 0.944336 0.209961 0.948242 0.210938 0.953125 0.209961 0.958008 0.208008 0.958984 0.209961 0.962891 0.208008 0.966797 0.203125 0.967773 0.203125 0.971680 0.208008 0.972656 0.208008 0.979492
0 0.225586 0.976562 0.222656 0.974609 0.220703 0.969727 0.221680 0.966797 0.224609 0.962891 0.225586 0.958008 0.227539 0.953125 0.232422 0.955078 0.237305 0.952148 0.242188 0.952148 0.247070 0.953125 0.248047 0.958008 0.248047 0.962891 0.246094 0.968750 0.241211 0.969727 0.238281 0.974609 0.234375 0.977539 0.229492 0.979492
1 0.251953 0.944336 0.246094 0.943359 0.244141 0.938477 0.245117 0.933594 0.249023 0.929688 0.251953 0.925781 0.256836 0.926758 0.261719 0.926758 0.265625 0.929688 0.266602 0.934570 0.267578 0.939453 0.264648 0.943359 0.259766 0.946289
1 0.228516 1.000000 0.230469 0.994141 0.234375 0.990234 0.239258 0.989258 0.244141 0.989258 0.250000 0.990234 0.251953 0.995117 0.254883 1.000000
1 0.254883 0.983398 0.250000 0.985352 0.245117 0.984375 0.241211 0.980469 0.245117 0.976562 0.248047 0.972656 0.252930 0.971680 0.262695 0.969727 0.267578 0.971680 0.270508 0.975586 0.267578 0.980469 0.264648 0.984375 0.259766 0.986328
1 0.233398 0.902344 0.228516 0.901367 0.226562 0.896484 0.228516 0.891602 0.230469 0.886719 0.234375 0.882812 0.235352 0.877930 0.240234 0.875977 0.245117 0.876953 0.249023 0.880859 0.249023 0.885742 0.248047 0.893555 0.250977 0.896484 0.244141 0.905273 0.239258 0.905273
1 0.181641 0.920898 0.175781 0.919922 0.170898 0.917969 0.167969 0.914062 0.168945 0.909180 0.171875 0.905273 0.177734 0.903320 0.181641 0.899414 0.186523 0.900391 0.193359 0.906250 0.194336 0.911133 0.193359 0.916016 0.190430 0.919922
1 0.244141 0.869141 0.235352 0.867188 0.236328 0.862305 0.232422 0.858398 0.230469 0.853516 0.234375 0.850586 0.239258 0.852539 0.244141 0.854492 0.248047 0.857422 0.250000 0.862305 0.249023 0.867188
1 0.262695 0.847656 0.256836 0.846680 0.252930 0.843750 0.252930 0.838867 0.253906 0.833984 0.257812 0.831055 0.265625 0.825195 0.270508 0.827148 0.273438 0.831055 0.275391 0.835938 0.275391 0.840820 0.271484 0.844727
1 0.287109 0.860352 0.282227 0.859375 0.283203 0.853516 0.287109 0.850586 0.291016 0.854492 0.291016 0.858398
1 0.319336 0.961914 0.306641 0.961914 0.307617 0.957031 0.310547 0.952148 0.315430 0.951172 0.320312 0.953125
0 0.320312 0.953125 0.314453 0.954102 0.313477 0.949219 0.309570 0.945312 0.304688 0.945312 0.303711 0.940430 0.305664 0.935547 0.308594 0.930664 0.313477 0.929688 0.317383 0.932617 0.321289 0.935547 0.326172 0.937500 0.327148 0.942383 0.326172 0.947266
1 0.321289 0.932617 0.319336 0.928711 0.319336 0.923828 0.322266 0.918945 0.327148 0.916992 0.329102 0.921875 0.329102 0.926758 0.325195 0.930664
1 0.340820 0.922852 0.334961 0.923828 0.332031 0.918945 0.334961 0.914062 0.337891 0.910156 0.342773 0.908203 0.346680 0.911133 0.347656 0.916016 0.346680 0.920898
1 0.325195 0.919922 0.320312 0.918945 0.318359 0.914062 0.320312 0.909180 0.324219 0.906250 0.333984 0.902344 0.335938 0.907227 0.335938 0.913086 0.333008 0.916992
0 0.320312 0.912109 0.315430 0.912109 0.311523 0.908203 0.310547 0.903320 0.311523 0.898438 0.312500 0.892578 0.314453 0.882812 0.319336 0.880859 0.324219 0.879883 0.328125 0.883789 0.328125 0.889648 0.330078 0.894531 0.327148 0.902344 0.329102 0.907227 0.325195 0.912109
1 0.319336 0.878906 0.314453 0.877930 0.313477 0.873047 0.316406 0.869141 0.320312 0.866211 0.325195 0.867188 0.327148 0.872070 0.326172 0.876953
1 0.310547 0.865234 0.304688 0.864258 0.301758 0.860352 0.305664 0.856445 0.309570 0.847656 0.314453 0.847656 0.317383 0.851562 0.319336 0.856445 0.315430 0.860352 0.314453 0.864258
1 0.347656 0.897461 0.340820 0.896484 0.336914 0.892578 0.337891 0.887695 0.340820 0.883789 0.345703 0.881836 0.349609 0.878906 0.358398 0.874023 0.364258 0.875000 0.368164 0.878906 0.370117 0.883789 0.373047 0.887695 0.372070 0.892578 0.370117 0.897461 0.365234 0.899414 0.360352 0.900391 0.355469 0.900391
0 0.343750 0.868164 0.339844 0.871094 0.336914 0.875977 0.333984 0.872070 0.333984 0.867188 0.337891 0.859375 0.342773 0.856445 0.343750 0.861328 0.348633 0.863281 0.351562 0.867188 0.348633 0.871094 0.346680 0.867188
0 0.253906 0.760742 0.250000 0.763672 0.245117 0.764648 0.240234 0.763672 0.236328 0.760742 0.231445 0.758789 0.229492 0.755859 0.220703 0.753906 0.215820 0.754883 0.209961 0.753906 0.205078 0.754883 0.201172 0.750977 0.196289 0.749023 0.188477 0.743164 0.189453 0.738281 0.193359 0.735352 0.198242 0.734375 0.203125 0.736328 0.208008 0.735352 0.211914 0.731445 0.208984 0.728516 0.205078 0.725586 0.202148 0.720703 0.198242 0.716797 0.199219 0.711914 0.203125 0.708984 0.208984 0.708008 0.214844 0.708008 0.220703 0.708008 0.224609 0.711914 0.228516 0.714844 0.233398 0.714844 0.238281 0.716797 0.244141 0.716797 0.249023 0.718750 0.253906 0.717773 0.257812 0.713867 0.264648 0.711914 0.265625 0.707031 0.264648 0.702148 0.265625 0.699219 0.266602 0.694336 0.268555 0.689453 0.273438 0.687500 0.280273 0.692383 0.282227 0.697266 0.284180 0.702148 0.284180 0.707031 0.282227 0.711914 0.281250 0.716797 0.277344 0.719727 0.276367 0.724609 0.272461 0.728516 0.267578 0.730469 0.263672 0.726562 0.258789 0.725586 0.256836 0.729492 0.258789 0.734375 0.257812 0.739258 0.259766 0.743164 0.264648 0.745117 0.269531 0.745117 0.274414 0.747070 0.273438 0.751953 0.270508 0.755859 0.265625 0.756836 0.263672 0.761719 0.258789 0.762695
1 0.274414 0.688477 0.266602 0.687500 0.261719 0.685547 0.258789 0.680664 0.256836 0.675781 0.259766 0.670898 0.263672 0.666992 0.267578 0.664062 0.277344 0.660156 0.282227 0.659180 0.287109 0.662109 0.291016 0.665039 0.292969 0.669922 0.293945 0.674805 0.291016 0.679688 0.286133 0.681641 0.282227 0.684570 0.279297 0.689453
1 0.289062 0.698242 0.282227 0.696289 0.277344 0.694336 0.277344 0.688477 0.281250 0.684570 0.286133 0.683594 0.289062 0.678711 0.292969 0.681641 0.294922 0.686523 0.295898 0.691406 0.292969 0.697266
1 0.258789 0.666992 0.252930 0.666992 0.249023 0.664062 0.249023 0.659180 0.250977 0.654297 0.256836 0.645508 0.263672 0.638672 0.272461 0.632812 0.276367 0.636719 0.283203 0.643555 0.284180 0.648438 0.281250 0.653320 0.279297 0.658203 0.273438 0.665039 0.263672 0.667969
1 0.318359 0.604492 0.314453 0.601562 0.309570 0.598633 0.311523 0.593750 0.316406 0.591797 0.321289 0.591797 0.326172 0.593750 0.325195 0.598633
0 0.333008 0.580078 0.326172 0.576172 0.325195 0.571289 0.321289 0.567383 0.322266 0.562500 0.326172 0.558594 0.327148 0.553711 0.332031 0.544922 0.332031 0.540039 0.330078 0.535156 0.332031 0.530273 0.330078 0.525391 0.326172 0.521484 0.325195 0.516602 0.321289 0.506836 0.319336 0.501953 0.315430 0.498047 0.315430 0.493164 0.318359 0.486328 0.320312 0.481445 0.320312 0.476562 0.323242 0.466797 0.328125 0.464844 0.333984 0.464844 0.338867 0.466797 0.341797 0.470703 0.340820 0.475586 0.340820 0.480469 0.345703 0.481445 0.348633 0.485352 0.352539 0.488281 0.357422 0.486328 0.360352 0.482422 0.359375 0.477539 0.360352 0.472656 0.360352 0.461914 0.362305 0.452148 0.365234 0.448242 0.362305 0.443359 0.360352 0.438477 0.363281 0.434570 0.368164 0.427734 0.373047 0.416016 0.371094 0.411133 0.367188 0.408203 0.367188 0.401367 0.367188 0.390625 0.366211 0.385742 0.364258 0.375000 0.368164 0.370117 0.373047 0.367188 0.377930 0.367188 0.381836 0.369141 0.384766 0.365234 0.381836 0.361328 0.380859 0.356445 0.379883 0.351562 0.384766 0.344727 0.389648 0.344727 0.394531 0.346680 0.398438 0.344727 0.396484 0.336914 0.392578 0.333984 0.389648 0.330078 0.392578 0.324219 0.396484 0.321289 0.401367 0.319336 0.406250 0.318359 0.410156 0.321289 0.416016 0.320312 0.416992 0.315430 0.418945 0.309570 0.422852 0.306641 0.423828 0.300781 0.421875 0.295898 0.423828 0.291016 0.425781 0.289062 0.425781 0.285156 0.421875 0.279297 0.419922 0.271484 0.421875 0.266602 0.427734 0.267578 0.432617 0.269531 0.439453 0.270508 0.442383 0.274414 0.442383 0.276367 0.448242 0.276367 0.453125 0.277344 0.457031 0.281250 0.458008 0.287109 0.464844 0.288086 0.470703 0.288086 0.478516 0.295898 0.479492 0.300781 0.476562 0.304688 0.471680 0.306641 0.465820 0.304688 0.462891 0.308594 0.460938 0.313477 0.462891 0.318359 0.463867 0.324219 0.462891 0.329102 0.467773 0.328125 0.472656 0.330078 0.481445 0.333008 0.484375 0.334961 0.488281 0.336914 0.494141 0.337891 0.499023 0.338867 0.501953 0.342773 0.502930 0.347656 0.508789 0.348633 0.513672 0.347656 0.518555 0.348633 0.521484 0.352539 0.520508 0.357422 0.516602 0.361328 0.511719 0.362305 0.506836 0.361328 0.501953 0.360352 0.492188 0.361328 0.490234 0.366211 0.487305 0.370117 0.485352 0.375000 0.480469 0.383789 0.477539 0.387695 0.472656 0.386719 0.467773 0.384766 0.463867 0.381836 0.459961 0.378906 0.460938 0.373047 0.456055 0.374023 0.451172 0.375000 0.446289 0.374023 0.441406 0.376953 0.444336 0.380859 0.447266 0.380859 0.448242 0.385742 0.447266 0.390625 0.450195 0.394531 0.448242 0.399414 0.444336 0.403320 0.439453 0.405273 0.434570 0.405273 0.430664 0.409180 0.430664 0.414062 0.434570 0.416992 0.439453 0.419922 0.444336 0.419922 0.446289 0.424805 0.443359 0.428711 0.438477 0.431641 0.435547 0.435547 0.430664 0.436523 0.425781 0.434570 0.421875 0.436523 0.418945 0.441406 0.417969 0.446289 0.416016 0.451172 0.411133 0.453125 0.406250 0.454102 0.402344 0.457031 0.408203 0.458008 0.409180 0.462891 0.411133 0.467773 0.411133 0.472656 0.410156 0.478516 0.408203 0.483398 0.409180 0.488281 0.408203 0.493164 0.403320 0.494141 0.393555 0.496094 0.391602 0.503906 0.387695 0.506836 0.388672 0.511719 0.383789 0.513672 0.383789 0.518555 0.388672 0.520508 0.398438 0.519531 0.402344 0.523438 0.403320 0.528320 0.399414 0.532227 0.393555 0.535156 0.392578 0.544922 0.393555 0.550781 0.400391 0.552734 0.402344 0.556641 0.400391 0.561523 0.403320 0.565430 0.402344 0.570312 0.398438 0.573242 0.395508 0.577148 0.394531 0.582031 0.382812 0.579102 0.380859 0.575195 0.377930 0.575195 0.375000 0.579102 0.370117 0.579102 0.359375 0.578125 0.356445 0.578125 0.353516 0.584961 0.350586 0.585938 0.346680 0.588867 0.341797 0.591797 0.338867 0.594727 0.337891 0.587891 0.336914 0.583984
1 0.575195 0.340820 0.563477 0.335938 0.558594 0.333984 0.556641 0.329102 0.554688 0.324219 0.555664 0.319336 0.559570 0.314453 0.568359 0.308594 0.573242 0.308594 0.583008 0.313477 0.585938 0.318359 0.588867 0.329102 0.585938 0.333008 0.582031 0.335938
1 0.591797 0.349609 0.584961 0.342773 0.589844 0.338867 0.594727 0.337891 0.599609 0.339844 0.600586 0.344727 0.595703 0.346680
1 0.583008 0.299805 0.575195 0.297852 0.576172 0.291992 0.579102 0.286133 0.583984 0.285156 0.587891 0.289062 0.588867 0.293945
1 0.642578 0.287109 0.635742 0.283203 0.635742 0.277344 0.641602 0.271484 0.648438 0.277344 0.645508 0.283203
0 0.631836 0.254883 0.624023 0.253906 0.620117 0.250977 0.616211 0.248047 0.613281 0.243164 0.611328 0.238281 0.610352 0.231445 0.611328 0.226562 0.611328 0.221680 0.607422 0.213867 0.612305 0.206055 0.617188 0.201172 0.619141 0.196289 0.624023 0.194336 0.628906 0.195312 0.632812 0.199219 0.633789 0.204102 0.632812 0.208984 0.637695 0.216797 0.644531 0.223633 0.644531 0.228516 0.642578 0.234375 0.637695 0.237305 0.638672 0.246094 0.635742 0.250977
1 0.630859 0.195312 0.620117 0.194336 0.616211 0.190430 0.614258 0.184570 0.616211 0.179688 0.620117 0.176758 0.625000 0.175781 0.631836 0.179688 0.635742 0.184570 0.635742 0.190430
1 0.640625 0.187500 0.631836 0.186523 0.626953 0.183594 0.625977 0.178711 0.625977 0.173828 0.631836 0.169922 0.636719 0.169922 0.641602 0.172852 0.644531 0.176758 0.646484 0.181641 0.646484 0.186523
1 0.630859 0.168945 0.621094 0.165039 0.618164 0.161133 0.621094 0.155273 0.625977 0.154297 0.630859 0.155273 0.635742 0.159180 0.638672 0.163086 0.637695 0.167969
1 0.649414 0.166992 0.641602 0.166016 0.641602 0.156250 0.646484 0.153320 0.651367 0.153320 0.656250 0.157227 0.658203 0.164062 0.654297 0.167969
0 0.718750 0.068359 0.708984 0.064453 0.705078 0.061523 0.705078 0.056641 0.705078 0.051758 0.708008 0.046875 0.713867 0.039062 0.718750 0.038086 0.720703 0.033203 0.724609 0.030273 0.729492 0.027344 0.729492 0.022461 0.734375 0.021484 0.739258 0.019531 0.742188 0.013672 0.747070 0.012695 0.756836 0.015625 0.762695 0.007812 0.765625 0.012695 0.764648 0.017578 0.760742 0.021484 0.751953 0.030273 0.747070 0.040039 0.743164 0.045898 0.739258 0.049805 0.734375 0.051758 0.732422 0.056641 0.727539 0.058594 0.727539 0.063477
0 0.774414 0.050781 0.767578 0.050781 0.764648 0.046875 0.766602 0.041992 0.771484 0.040039 0.775391 0.037109 0.781250 0.037109 0.786133 0.038086 0.789062 0.041992 0.792969 0.044922 0.791992 0.050781 0.787109 0.051758 0.781250 0.052734
1 0.770508 0.058594 0.766602 0.064453 0.762695 0.061523 0.757812 0.058594 0.759766 0.053711 0.763672 0.050781 0.769531 0.052734
1 0.791016 0.054688 0.786133 0.053711 0.784180 0.048828 0.789062 0.046875 0.792969 0.049805
1 0.798828 0.049805 0.793945 0.047852 0.789062 0.046875 0.791992 0.041992 0.796875 0.040039 0.799805 0.036133 0.804688 0.035156 0.803711 0.040039 0.804688 0.044922 0.803711 0.050781
1 0.811523 0.138672 0.805664 0.136719 0.799805 0.135742 0.797852 0.130859 0.799805 0.125977 0.806641 0.121094 0.811523 0.118164 0.817383 0.118164 0.821289 0.122070 0.822266 0.126953 0.821289 0.131836 0.818359 0.136719
0 0.858398 0.041992 0.854492 0.037109 0.855469 0.032227 0.853516 0.027344 0.854492 0.021484 0.858398 0.018555 0.862305 0.015625 0.872070 0.011719 0.872070 0.016602 0.874023 0.021484 0.878906 0.023438 0.883789 0.022461 0.886719 0.026367 0.883789 0.032227 0.880859 0.036133 0.875000 0.037109 0.870117 0.036133 0.866211 0.039062
1 0.882812 0.059570 0.877930 0.058594 0.875977 0.052734 0.877930 0.047852 0.878906 0.042969 0.883789 0.040039 0.888672 0.041016 0.893555 0.042969 0.902344 0.043945 0.904297 0.048828 0.904297 0.054688 0.899414 0.066406 0.894531 0.065430
1 0.893555 0.032227 0.885742 0.030273 0.885742 0.024414 0.887695 0.019531 0.889648 0.014648 0.889648 0.009766 0.893555 0.006836 0.897461 0.009766 0.899414 0.014648 0.899414 0.019531 0.901367 0.024414 0.904297 0.029297 0.899414 0.032227
0 1.000000 0.210938 0.993164 0.215820 0.993164 0.220703 0.992188 0.231445 0.990234 0.236328 0.983398 0.244141 0.976562 0.244141 0.973633 0.240234 0.970703 0.236328 0.969727 0.231445 0.964844 0.229492 0.961914 0.234375 0.958984 0.238281 0.954102 0.240234 0.953125 0.246094 0.957031 0.250000 0.958008 0.254883 0.958984 0.259766 0.963867 0.257812 0.968750 0.256836 0.973633 0.258789 0.978516 0.258789 0.983398 0.257812 0.988281 0.258789 0.992188 0.262695 0.997070 0.261719 0.998047 0.255859 1.000000 0.254883
1 0.909180 0.283203 0.899414 0.286133 0.898438 0.281250 0.899414 0.276367 0.901367 0.271484 0.905273 0.268555 0.908203 0.264648 0.914062 0.263672 0.916992 0.268555 0.922852 0.272461 0.918945 0.278320 0.915039 0.280273
1 0.911133 0.304688 0.908203 0.299805 0.909180 0.294922 0.907227 0.289062 0.911133 0.286133 0.916016 0.289062 0.919922 0.285156 0.924805 0.286133 0.925781 0.291016 0.926758 0.296875 0.924805 0.300781 0.919922 0.302734
1 0.907227 0.291016 0.902344 0.289062 0.903320 0.284180 0.906250 0.280273 0.911133 0.277344 0.915039 0.280273 0.917969 0.284180 0.916992 0.290039 0.912109 0.291992
1 0.931641 0.311523 0.923828 0.312500 0.918945 0.312500 0.918945 0.307617 0.918945 0.301758 0.921875 0.297852 0.927734 0.295898 0.932617 0.295898 0.935547 0.300781 0.935547 0.305664
1 0.918945 0.337891 0.910156 0.337891 0.908203 0.333008 0.908203 0.328125 0.912109 0.324219 0.915039 0.320312 0.918945 0.316406 0.922852 0.319336 0.926758 0.323242 0.925781 0.328125 0.921875 0.332031
1 0.929688 0.334961 0.924805 0.330078 0.924805 0.325195 0.929688 0.323242 0.934570 0.325195 0.935547 0.330078
1 0.926758 0.321289 0.921875 0.320312 0.922852 0.314453 0.927734 0.314453 0.928711 0.318359
1 0.915039 0.239258 0.909180 0.237305 0.906250 0.233398 0.907227 0.228516 0.911133 0.225586 0.916992 0.225586 0.921875 0.228516 0.924805 0.232422 0.926758 0.237305 0.924805 0.242188 0.919922 0.244141
1 0.983398 0.629883 0.975586 0.629883 0.975586 0.624023 0.976562 0.618164 0.981445 0.615234 0.986328 0.616211 0.991211 0.618164 0.996094 0.618164 0.998047 0.623047 0.996094 0.628906 0.992188 0.632812 0.987305 0.633789
1 0.900391 0.608398 0.895508 0.611328 0.890625 0.608398 0.888672 0.603516 0.891602 0.599609 0.891602 0.593750 0.895508 0.584961 0.900391 0.583008 0.905273 0.584961 0.908203 0.589844 0.907227 0.595703 0.906250 0.600586
1 0.928711 0.607422 0.921875 0.603516 0.917969 0.600586 0.916992 0.595703 0.921875 0.592773 0.926758 0.592773 0.931641 0.593750 0.934570 0.598633 0.932617 0.603516
1 0.922852 0.618164 0.914062 0.619141 0.913086 0.614258 0.914062 0.609375 0.917969 0.605469 0.922852 0.607422 0.924805 0.612305
1 0.934570 0.576172 0.928711 0.573242 0.928711 0.567383 0.931641 0.563477 0.936523 0.563477 0.939453 0.568359 0.939453 0.573242
1 0.943359 0.458984 0.937500 0.453125 0.940430 0.448242 0.943359 0.443359 0.948242 0.444336 0.951172 0.448242 0.951172 0.453125 0.948242 0.458008
1 0.919922 0.455078 0.915039 0.453125 0.914062 0.447266 0.919922 0.443359 0.922852 0.436523 0.927734 0.434570 0.931641 0.439453 0.928711 0.443359 0.925781 0.447266 0.922852 0.451172
1 0.914062 0.448242 0.908203 0.451172 0.903320 0.449219 0.903320 0.444336 0.906250 0.440430 0.909180 0.435547 0.914062 0.433594 0.918945 0.435547 0.919922 0.440430
1 0.878906 0.442383 0.871094 0.440430 0.868164 0.435547 0.871094 0.431641 0.875977 0.430664 0.880859 0.432617 0.880859 0.437500
1 0.903320 0.423828 0.898438 0.422852 0.893555 0.419922 0.893555 0.415039 0.896484 0.411133 0.901367 0.411133 0.907227 0.416992
1 0.861328 0.438477 0.853516 0.434570 0.853516 0.429688 0.855469 0.423828 0.860352 0.415039 0.865234 0.414062 0.867188 0.418945 0.867188 0.423828 0.870117 0.427734 0.867188 0.432617
1 0.882812 0.388672 0.876953 0.385742 0.876953 0.380859 0.877930 0.375977 0.880859 0.372070 0.891602 0.361328 0.896484 0.360352 0.899414 0.364258 0.899414 0.369141 0.899414 0.379883 0.894531 0.381836 0.892578 0.386719 0.889648 0.390625
1 0.790039 0.411133 0.784180 0.414062 0.779297 0.414062 0.775391 0.411133 0.779297 0.407227 0.786133 0.400391 0.791016 0.397461 0.795898 0.399414 0.798828 0.404297 0.801758 0.414062 0.796875 0.415039
1 0.796875 0.369141 0.790039 0.372070 0.789062 0.367188 0.788086 0.361328 0.791016 0.357422 0.798828 0.351562 0.803711 0.351562 0.808594 0.354492 0.809570 0.360352 0.808594 0.365234 0.802734 0.366211
1 0.792969 0.389648 0.786133 0.385742 0.789062 0.381836 0.793945 0.378906 0.798828 0.376953 0.802734 0.375977 0.805664 0.378906 0.803711 0.385742 0.804688 0.389648 0.801758 0.393555 0.798828 0.397461 0.793945 0.395508 0.793945 0.395508
1 0.796875 0.377930 0.791992 0.379883 0.789062 0.383789 0.785156 0.379883 0.787109 0.375000 0.790039 0.370117 0.794922 0.368164 0.799805 0.370117 0.801758 0.374023 0.798828 0.378906
0 0.836914 0.268555 0.846680 0.239258 0.844727 0.234375 0.839844 0.237305 0.835938 0.240234 0.833008 0.245117 0.829102 0.253906 0.824219 0.254883 0.821289 0.258789 0.815430 0.258789 0.812500 0.262695 0.814453 0.267578 0.820312 0.266602 0.825195 0.268555 0.825195 0.273438 0.830078 0.275391 0.833984 0.272461
1 0.826172 0.289062 0.820312 0.286133 0.816406 0.283203 0.814453 0.278320 0.819336 0.275391 0.824219 0.275391 0.828125 0.278320 0.833008 0.279297 0.834961 0.281250 0.833984 0.284180 0.832031 0.288086
1 0.834961 0.139648 0.830078 0.141602 0.826172 0.138672 0.825195 0.132812 0.829102 0.129883 0.833984 0.129883 0.836914 0.125977 0.840820 0.128906 0.840820 0.131836
1 0.737305 0.652344 0.731445 0.649414 0.731445 0.643555 0.737305 0.636719 0.742188 0.634766 0.747070 0.633789 0.747070 0.638672 0.744141 0.647461
1 0.751953 0.629883 0.746094 0.627930 0.745117 0.623047 0.747070 0.618164 0.751953 0.616211 0.758789 0.618164 0.758789 0.624023
1 0.737305 0.604492 0.731445 0.601562 0.726562 0.599609 0.724609 0.594727 0.724609 0.588867 0.728516 0.585938 0.733398 0.583008 0.739258 0.582031 0.743164 0.584961 0.746094 0.589844 0.746094 0.594727 0.745117 0.600586
1 0.708008 0.616211 0.700195 0.614258 0.699219 0.609375 0.699219 0.604492 0.702148 0.600586 0.707031 0.598633 0.710938 0.601562 0.711914 0.606445 0.712891 0.611328
1 0.749023 0.699219 0.741211 0.696289 0.743164 0.690430 0.748047 0.688477 0.751953 0.692383
1 0.720703 0.685547 0.715820 0.683594 0.715820 0.678711 0.716797 0.673828 0.715820 0.668945 0.720703 0.666016 0.730469 0.663086 0.731445 0.667969 0.728516 0.671875 0.723633 0.680664
1 0.690430 0.686523 0.684570 0.683594 0.679688 0.681641 0.678711 0.676758 0.681641 0.671875 0.686523 0.669922 0.691406 0.672852 0.693359 0.676758 0.693359 0.681641
1 0.735352 0.781250 0.728516 0.781250 0.724609 0.777344 0.724609 0.772461 0.729492 0.771484 0.734375 0.771484 0.738281 0.768555 0.743164 0.768555 0.748047 0.766602 0.751953 0.769531 0.751953 0.774414 0.749023 0.779297 0.745117 0.783203
0 0.733398 0.961914 0.729492 0.960938 0.728516 0.956055 0.728516 0.951172 0.727539 0.946289 0.724609 0.941406 0.727539 0.936523 0.731445 0.932617 0.736328 0.929688 0.741211 0.931641 0.745117 0.927734 0.750000 0.925781 0.753906 0.928711 0.751953 0.933594 0.749023 0.937500 0.749023 0.940430 0.749023 0.944336 0.750000 0.949219 0.750977 0.954102 0.750000 0.958984 0.746094 0.961914 0.737305 0.967773 0.733398 0.965820
1 0.753906 0.950195 0.747070 0.948242 0.747070 0.943359 0.750977 0.939453 0.755859 0.938477 0.759766 0.941406 0.763672 0.944336 0.763672 0.950195 0.758789 0.953125
1 0.730469 0.962891 0.725586 0.963867 0.721680 0.960938 0.721680 0.957031 0.725586 0.957031 0.728516 0.956055 0.730469 0.959961
1 0.503906 0.820312 0.501953 0.818359 0.499023 0.814453 0.500000 0.809570 0.498047 0.804688 0.500977 0.800781 0.504883 0.797852 0.513672 0.796875 0.516602 0.800781 0.516602 0.806641 0.513672 0.811523 0.511719 0.816406
1 0.516602 0.820312 0.512695 0.816406 0.512695 0.811523 0.514648 0.806641 0.519531 0.804688 0.528320 0.801758 0.532227 0.805664 0.533203 0.810547 0.532227 0.815430 0.527344 0.817383 0.522461 0.819336
1 0.531250 0.825195 0.527344 0.822266 0.527344 0.817383 0.531250 0.814453 0.536133 0.817383 0.534180 0.820312 0.536133 0.824219 0.534180 0.827148
1 0.507812 0.896484 0.503906 0.892578 0.504883 0.886719 0.509766 0.884766 0.514648 0.884766 0.517578 0.889648 0.515625 0.894531
1 0.519531 0.898438 0.517578 0.892578 0.521484 0.887695 0.526367 0.888672 0.529297 0.893555 0.528320 0.898438 0.524414 0.901367
0 0.403320 0.860352 0.403320 0.866211 0.398438 0.870117 0.393555 0.872070 0.388672 0.871094 0.386719 0.866211 0.387695 0.861328 0.390625 0.857422 0.390625 0.852539 0.390625 0.846680 0.384766 0.842773 0.381836 0.838867 0.381836 0.833984 0.379883 0.829102 0.374023 0.822266 0.372070 0.817383 0.367188 0.815430 0.366211 0.810547 0.370117 0.806641 0.374023 0.802734 0.375977 0.797852 0.381836 0.798828 0.386719 0.801758 0.390625 0.804688 0.395508 0.807617 0.400391 0.809570 0.404297 0.808594 0.405273 0.808594 0.410156 0.811523 0.416992 0.815430 0.416992 0.820312 0.416992 0.825195 0.416992 0.830078 0.416016 0.835938 0.415039 0.845703 0.409180 0.856445 0.406250 0.858398
0 0.426758 0.834961 0.421875 0.839844 0.419922 0.844727 0.416992 0.849609 0.410156 0.851562 0.409180 0.855469 0.413086 0.857422 0.413086 0.863281 0.413086 0.867188 0.406250 0.864258 0.401367 0.867188 0.397461 0.873047 0.399414 0.879883 0.404297 0.880859 0.414062 0.879883 0.416992 0.875977 0.421875 0.875000 0.423828 0.870117 0.426758 0.860352 0.427734 0.855469 0.428711 0.850586 0.427734 0.844727 0.431641 0.841797 0.434570 0.838867 0.432617 0.834961
1 0.479492 0.757812 0.472656 0.753906 0.467773 0.750977 0.466797 0.746094 0.471680 0.736328 0.476562 0.733398 0.480469 0.728516 0.485352 0.726562 0.490234 0.726562 0.494141 0.730469 0.497070 0.736328 0.491211 0.745117 0.488281 0.749023 0.486328 0.754883
1 0.459961 0.719727 0.452148 0.720703 0.449219 0.716797 0.450195 0.711914 0.455078 0.704102 0.458984 0.699219 0.463867 0.701172 0.467773 0.704102 0.470703 0.708984 0.467773 0.713867
1 0.495117 0.708984 0.495117 0.715820 0.490234 0.718750 0.486328 0.715820 0.486328 0.709961 0.489258 0.706055 0.490234 0.700195 0.490234 0.695312 0.493164 0.691406 0.499023 0.689453 0.505859 0.690430 0.507812 0.695312 0.507812 0.700195 0.503906 0.703125 0.499023 0.705078
1 0.478516 0.637695 0.472656 0.632812 0.472656 0.626953 0.473633 0.622070 0.476562 0.617188 0.477539 0.612305 0.481445 0.603516 0.486328 0.603516 0.497070 0.604492 0.499023 0.609375 0.496094 0.615234 0.495117 0.620117 0.493164 0.630859 0.489258 0.634766
1 0.462891 0.625000 0.459961 0.628906 0.455078 0.628906 0.450195 0.626953 0.448242 0.622070 0.451172 0.617188 0.454102 0.613281 0.452148 0.608398 0.454102 0.603516 0.458984 0.602539 0.463867 0.599609 0.468750 0.598633 0.469727 0.604492 0.467773 0.609375 0.462891 0.615234 0.464844 0.621094
1 0.507812 0.620117 0.500000 0.617188 0.495117 0.615234 0.493164 0.610352 0.494141 0.601562 0.498047 0.598633 0.503906 0.598633 0.507812 0.601562 0.511719 0.606445 0.512695 0.611328
1 0.536133 0.635742 0.529297 0.632812 0.528320 0.627930 0.531250 0.622070 0.536133 0.619141 0.541016 0.618164 0.545898 0.621094 0.547852 0.625977 0.546875 0.631836 0.541992 0.635742
1 0.487305 0.531250 0.479492 0.529297 0.476562 0.525391 0.477539 0.520508 0.483398 0.519531 0.488281 0.521484 0.493164 0.521484 0.498047 0.523438 0.497070 0.528320
1 0.477539 0.516602 0.470703 0.515625 0.469727 0.510742 0.472656 0.506836 0.477539 0.506836 0.481445 0.509766
1 0.454102 0.606445 0.445312 0.605469 0.441406 0.601562 0.443359 0.596680 0.447266 0.591797 0.449219 0.586914 0.454102 0.585938 0.458008 0.588867 0.460938 0.592773 0.459961 0.598633
1 0.563477 0.620117 0.557617 0.615234 0.555664 0.609375 0.558594 0.605469 0.563477 0.603516 0.566406 0.608398 0.571289 0.611328 0.573242 0.616211 0.570312 0.620117
1 0.504883 0.592773 0.497070 0.590820 0.495117 0.585938 0.498047 0.581055 0.502930 0.580078 0.507812 0.580078 0.511719 0.583008 0.511719 0.587891
1 0.622070 0.557617 0.615234 0.555664 0.615234 0.549805 0.616211 0.544922 0.620117 0.541992 0.625977 0.541016 0.627930 0.545898 0.627930 0.550781 0.626953 0.555664
1 0.783203 0.212891 0.777344 0.208984 0.777344 0.204102 0.780273 0.198242 0.786133 0.198242 0.791016 0.202148 0.791992 0.208008 0.788086 0.212891
1 0.772461 0.231445 0.764648 0.231445 0.759766 0.228516 0.756836 0.224609 0.755859 0.219727 0.761719 0.215820 0.769531 0.208984 0.774414 0.208008 0.780273 0.211914 0.778320 0.216797 0.778320 0.221680 0.777344 0.226562
1 0.713867 0.213867 0.705078 0.210938 0.702148 0.207031 0.703125 0.200195 0.708008 0.198242 0.712891 0.196289 0.717773 0.198242 0.718750 0.204102 0.717773 0.208984
0 0.738281 0.209961 0.731445 0.204102 0.731445 0.194336 0.728516 0.190430 0.725586 0.186523 0.724609 0.181641 0.724609 0.175781 0.727539 0.171875 0.732422 0.169922 0.736328 0.173828 0.747070 0.178711 0.750977 0.181641 0.757812 0.189453 0.757812 0.194336 0.760742 0.203125 0.761719 0.208984 0.758789 0.212891 0.753906 0.215820 0.749023 0.215820 0.743164 0.214844
1 0.755859 0.247070 0.750977 0.247070 0.746094 0.244141 0.747070 0.238281 0.746094 0.232422 0.749023 0.228516 0.753906 0.228516 0.759766 0.231445 0.761719 0.236328 0.761719 0.241211
0 0.744141 0.254883 0.740234 0.250000 0.735352 0.248047 0.732422 0.252930 0.730469 0.257812 0.727539 0.261719 0.724609 0.271484 0.727539 0.275391 0.738281 0.274414 0.742188 0.270508 0.747070 0.270508 0.752930 0.269531 0.754883 0.264648 0.758789 0.260742 0.758789 0.255859 0.757812 0.250977 0.752930 0.249023 0.750000 0.252930
1 0.743164 0.291016 0.734375 0.291016 0.731445 0.286133 0.731445 0.281250 0.733398 0.275391 0.737305 0.269531 0.742188 0.269531 0.747070 0.272461 0.750000 0.276367 0.750000 0.282227 0.749023 0.287109
1 0.748047 0.306641 0.745117 0.301758 0.742188 0.293945 0.747070 0.291016 0.750977 0.294922 0.751953 0.299805
1 0.672852 0.230469 0.665039 0.226562 0.663086 0.221680 0.664062 0.216797 0.668945 0.213867 0.673828 0.215820 0.678711 0.214844 0.681641 0.218750 0.680664 0.223633 0.676758 0.227539
1 0.664062 0.255859 0.661133 0.251953 0.663086 0.246094 0.667969 0.243164 0.670898 0.247070 0.671875 0.251953
1 0.722656 0.329102 0.714844 0.321289 0.717773 0.314453 0.722656 0.314453 0.732422 0.315430 0.733398 0.320312 0.731445 0.325195
1 0.733398 0.335938 0.727539 0.331055 0.726562 0.325195 0.731445 0.319336 0.735352 0.315430 0.739258 0.317383 0.742188 0.323242 0.742188 0.329102 0.740234 0.333984
1 0.740234 0.360352 0.735352 0.354492 0.735352 0.348633 0.739258 0.345703 0.745117 0.345703 0.747070 0.352539 0.746094 0.357422
1 0.711914 0.353516 0.706055 0.348633 0.708984 0.339844 0.713867 0.336914 0.718750 0.334961 0.722656 0.338867 0.722656 0.346680 0.718750 0.350586
1 0.708984 0.340820 0.702148 0.340820 0.702148 0.335938 0.702148 0.330078 0.705078 0.326172 0.708984 0.322266 0.713867 0.323242 0.715820 0.328125 0.714844 0.333984
1 0.693359 0.320312 0.702148 0.320312 0.705078 0.324219 0.706055 0.329102 0.704102 0.333984 0.699219 0.335938 0.694336 0.336914 0.688477 0.334961 0.686523 0.330078 0.687500 0.325195
1 0.701172 0.389648 0.695312 0.385742 0.695312 0.379883 0.696289 0.369141 0.701172 0.368164 0.707031 0.372070 0.712891 0.375000 0.714844 0.383789 0.709961 0.388672
1 0.725586 0.407227 0.718750 0.401367 0.719727 0.395508 0.723633 0.393555 0.729492 0.393555 0.731445 0.398438 0.731445 0.403320
1 0.721680 0.424805 0.714844 0.421875 0.714844 0.415039 0.717773 0.411133 0.722656 0.412109 0.725586 0.416992
1 0.477539 0.430664 0.475586 0.423828 0.475586 0.418945 0.479492 0.409180 0.484375 0.406250 0.488281 0.403320 0.493164 0.406250 0.491211 0.412109 0.488281 0.416016 0.486328 0.420898 0.481445 0.423828
1 0.482422 0.455078 0.477539 0.457031 0.473633 0.454102 0.472656 0.449219 0.474609 0.444336 0.479492 0.443359 0.485352 0.443359 0.487305 0.448242 0.487305 0.453125
1 0.500000 0.458008 0.495117 0.453125 0.497070 0.447266 0.500000 0.443359 0.504883 0.442383 0.507812 0.446289 0.510742 0.448242 0.512695 0.454102 0.508789 0.458008
1 0.517578 0.455078 0.512695 0.453125 0.512695 0.447266 0.516602 0.443359 0.517578 0.437500 0.521484 0.433594 0.526367 0.433594 0.527344 0.439453 0.528320 0.449219 0.524414 0.452148
1 0.524414 0.458008 0.524414 0.449219 0.529297 0.447266 0.533203 0.444336 0.538086 0.444336 0.540039 0.449219 0.540039 0.454102 0.539062 0.463867 0.534180 0.466797 0.529297 0.470703 0.526367 0.467773 0.521484 0.470703 0.522461 0.461914
1 0.580078 0.478516 0.573242 0.478516 0.571289 0.473633 0.572266 0.468750 0.572266 0.462891 0.569336 0.458984 0.572266 0.454102 0.576172 0.451172 0.581055 0.449219 0.584961 0.452148 0.589844 0.452148 0.594727 0.454102 0.598633 0.452148 0.600586 0.455078 0.599609 0.460938 0.595703 0.464844 0.593750 0.470703 0.592773 0.476562 0.588867 0.479492 0.587891 0.482422
1 0.603516 0.471680 0.596680 0.469727 0.595703 0.464844 0.597656 0.459961 0.601562 0.457031 0.606445 0.455078 0.609375 0.458984 0.609375 0.463867 0.608398 0.469727
1 0.565430 0.378906 0.560547 0.375977 0.561523 0.371094 0.566406 0.369141 0.571289 0.370117 0.572266 0.375000
1 0.554688 0.374023 0.546875 0.370117 0.549805 0.365234 0.553711 0.362305 0.558594 0.365234 0.558594 0.370117
1 0.537109 0.372070 0.530273 0.368164 0.526367 0.365234 0.531250 0.363281 0.536133 0.360352 0.541016 0.358398 0.541992 0.363281
1 0.584961 0.393555 0.578125 0.391602 0.576172 0.386719 0.579102 0.381836 0.583008 0.378906 0.587891 0.379883 0.588867 0.385742
1 0.612305 0.421875 0.605469 0.422852 0.601562 0.419922 0.597656 0.416992 0.595703 0.412109 0.594727 0.407227 0.596680 0.402344 0.599609 0.398438 0.604492 0.399414 0.610352 0.398438 0.612305 0.404297 0.612305 0.409180 0.614258 0.414062
1 0.629883 0.427734 0.624023 0.430664 0.620117 0.428711 0.611328 0.422852 0.609375 0.414062 0.613281 0.411133 0.610352 0.406250 0.610352 0.401367 0.612305 0.396484 0.609375 0.392578 0.609375 0.387695 0.613281 0.378906 0.617188 0.382812 0.622070 0.383789 0.626953 0.385742 0.632812 0.385742 0.637695 0.383789 0.642578 0.385742 0.646484 0.388672 0.647461 0.394531 0.647461 0.399414 0.644531 0.410156 0.640625 0.414062 0.635742 0.416016 0.634766 0.425781
1 0.647461 0.431641 0.642578 0.429688 0.643555 0.423828 0.645508 0.418945 0.644531 0.414062 0.642578 0.409180 0.643555 0.403320 0.645508 0.398438 0.648438 0.393555 0.653320 0.391602 0.658203 0.393555 0.662109 0.396484 0.667969 0.396484 0.672852 0.397461 0.675781 0.402344 0.673828 0.407227 0.668945 0.408203 0.662109 0.404297 0.659180 0.410156 0.656250 0.416016 0.656250 0.421875 0.651367 0.429688
1 0.639648 0.431641 0.635742 0.428711 0.636719 0.422852 0.634766 0.417969 0.635742 0.411133 0.639648 0.408203 0.644531 0.412109 0.645508 0.417969 0.645508 0.422852 0.642578 0.427734
1 0.678711 0.446289 0.671875 0.442383 0.667969 0.439453 0.666992 0.434570 0.669922 0.430664 0.674805 0.429688 0.679688 0.430664 0.682617 0.434570 0.683594 0.439453
1 0.691406 0.416016 0.684570 0.415039 0.680664 0.412109 0.679688 0.407227 0.683594 0.403320 0.688477 0.401367 0.693359 0.402344 0.698242 0.406250 0.698242 0.412109