1 0.298828 0.011719 0.304688 0.008789 0.305664 0.012695 0.303711 0.018555 0.300781 0.025391 0.294922 0.025391 0.291992 0.019531 0.292969 0.019531
1 0.128906 0.014648 0.131836 0.021484 0.129883 0.028320 0.125000 0.027344 0.124023 0.017578
1 0.146484 0.044922 0.158203 0.046875 0.159180 0.052734 0.154297 0.056641 0.142578 0.057617 0.141602 0.049805
1 0.021484 0.093750 0.030273 0.106445 0.026367 0.114258 0.015625 0.116211 0.010742 0.105469 0.013672 0.094727
1 0.072266 0.063477 0.081055 0.062500 0.091797 0.069336 0.089844 0.077148 0.079102 0.077148 0.068359 0.077148 0.069336 0.077148 0.068359 0.068359
0 0.033203 0.100586 0.044922 0.097656 0.052734 0.106445 0.051758 0.111328 0.057617 0.115234 0.054688 0.122070 0.054688 0.122070 0.056641 0.129883 0.054688 0.136719 0.052734 0.147461 0.050781 0.155273 0.055664 0.159180 0.051758 0.166016 0.038086 0.165039 0.027344 0.164062 0.018555 0.165039 0.010742 0.161133 0.000000 0.160156 0.000000 0.144531 0.012695 0.146484 0.022461 0.149414 0.028320 0.147461 0.035156 0.152344 0.032227 0.141602 0.028320 0.132812 0.033203 0.120117 0.031250 0.108398
1 0.063477 0.092773 0.064453 0.098633 0.058594 0.100586 0.056641 0.095703
1 0.070312 0.104492 0.075195 0.106445 0.075195 0.112305 0.067383 0.110352
1 0.077148 0.105469 0.082031 0.104492 0.084961 0.109375 0.079102 0.113281
0 0.096680 0.066406 0.104492 0.065430 0.105469 0.072266 0.115234 0.078125 0.114258 0.089844 0.115234 0.100586 0.114258 0.106445 0.104492 0.107422 0.103516 0.113281 0.114258 0.115234 0.115234 0.126953 0.115234 0.132812 0.116211 0.138672 0.111328 0.142578 0.105469 0.142578 0.103516 0.147461 0.096680 0.145508 0.096680 0.136719 0.096680 0.124023 0.093750 0.117188 0.094727 0.105469 0.094727 0.092773 0.095703 0.078125 0.100586 0.074219
1 0.242188 0.124023 0.247070 0.129883 0.244141 0.136719 0.234375 0.133789 0.230469 0.125000 0.236328 0.121094
1 0.243164 0.149414 0.245117 0.159180 0.239258 0.159180 0.237305 0.153320
1 0.231445 0.170898 0.236328 0.171875 0.238281 0.180664 0.234375 0.186523 0.230469 0.182617 0.226562 0.177734
1 0.226562 0.212891 0.235352 0.214844 0.236328 0.223633 0.236328 0.223633 0.228516 0.225586 0.224609 0.221680
0 0.184570 0.093750 0.186523 0.098633 0.185547 0.105469 0.179688 0.112305 0.182617 0.121094 0.182617 0.121094 0.181641 0.127930 0.177734 0.137695 0.178711 0.142578 0.180664 0.151367 0.175781 0.159180 0.170898 0.159180 0.167969 0.151367 0.169922 0.142578 0.167969 0.133789 0.168945 0.122070 0.164062 0.113281 0.164062 0.103516 0.170898 0.107422 0.173828 0.104492 0.173828 0.094727
1 0.193359 0.097656 0.203125 0.098633 0.208008 0.108398 0.204102 0.115234 0.195312 0.113281 0.190430 0.111328 0.191406 0.106445
1 0.198242 0.118164 0.203125 0.125000 0.197266 0.129883 0.191406 0.125977 0.190430 0.118164
1 0.197266 0.131836 0.201172 0.134766 0.197266 0.140625 0.192383 0.137695 0.190430 0.131836
1 0.195312 0.141602 0.201172 0.145508 0.201172 0.146484 0.200195 0.154297 0.200195 0.165039 0.195312 0.164062 0.189453 0.154297 0.192383 0.148438
1 0.199219 0.172852 0.207031 0.177734 0.208008 0.185547 0.201172 0.188477 0.196289 0.180664
1 0.190430 0.183594 0.196289 0.184570 0.196289 0.191406 0.188477 0.189453
1 0.187500 0.195312 0.195312 0.194336 0.199219 0.200195 0.199219 0.200195 0.194336 0.208008 0.187500 0.206055
1 0.111328 0.154297 0.104492 0.148438 0.096680 0.149414 0.096680 0.155273 0.100586 0.159180 0.109375 0.162109
1 0.106445 0.164062 0.113281 0.165039 0.113281 0.170898 0.107422 0.169922
1 0.099609 0.166016 0.110352 0.171875 0.114258 0.177734 0.110352 0.183594 0.104492 0.181641 0.103516 0.177734 0.096680 0.173828
0 0.000000 0.199219 0.010742 0.194336 0.019531 0.198242 0.029297 0.195312 0.036133 0.199219 0.042969 0.199219 0.043945 0.206055 0.034180 0.204102 0.022461 0.206055 0.017578 0.208008 0.019531 0.210938 0.030273 0.209961 0.037109 0.210938 0.041992 0.209961 0.049805 0.209961 0.054688 0.207031 0.062500 0.207031 0.068359 0.208984 0.064453 0.215820 0.050781 0.217773 0.039062 0.215820 0.030273 0.215820 0.019531 0.216797 0.000000 0.215820
1 0.194336 0.212891 0.196289 0.221680 0.200195 0.227539 0.194336 0.232422 0.181641 0.228516 0.178711 0.215820 0.185547 0.210938
1 0.219727 0.233398 0.229492 0.234375 0.230469 0.241211 0.222656 0.243164 0.216797 0.240234
1 0.173828 0.222656 0.181641 0.221680 0.182617 0.228516 0.174805 0.232422
1 0.157227 0.231445 0.164062 0.229492 0.168945 0.232422 0.168945 0.236328 0.158203 0.238281
1 0.147461 0.230469 0.154297 0.228516 0.154297 0.235352 0.158203 0.239258 0.158203 0.242188 0.169922 0.241211 0.176758 0.237305 0.187500 0.235352 0.186523 0.245117 0.194336 0.247070 0.189453 0.257812 0.182617 0.254883 0.170898 0.254883 0.158203 0.251953 0.152344 0.249023 0.152344 0.243164 0.145508 0.241211
0 0.004883 0.234375 0.011719 0.230469 0.019531 0.232422 0.030273 0.234375 0.040039 0.235352 0.041992 0.245117 0.039062 0.250000 0.027344 0.249023 0.022461 0.239258 0.011719 0.240234 0.007812 0.239258
1 0.187500 0.268555 0.187500 0.277344 0.179688 0.275391 0.182617 0.266602
1 0.143555 0.287109 0.155273 0.288086 0.156250 0.297852 0.146484 0.297852 0.140625 0.293945
0 0.174805 0.287109 0.185547 0.291016 0.197266 0.291016 0.216797 0.294922 0.218750 0.300781 0.213867 0.302734 0.198242 0.301758 0.180664 0.300781 0.173828 0.297852 0.166992 0.291016
0 0.000977 0.264648 0.010742 0.264648 0.018555 0.264648 0.024414 0.269531 0.028320 0.278320 0.031250 0.282227 0.029297 0.297852 0.031250 0.303711 0.023438 0.306641 0.011719 0.303711 0.009766 0.295898 0.000000 0.294922
1 0.017578 0.316406 0.024414 0.313477 0.030273 0.319336 0.030273 0.328125 0.020508 0.327148
1 0.062500 0.344727 0.071289 0.346680 0.076172 0.353516 0.083008 0.358398 0.083008 0.363281 0.073242 0.364258 0.061523 0.358398 0.061523 0.359375
1 0.201172 0.354492 0.208008 0.356445 0.208008 0.365234 0.207031 0.372070 0.195312 0.372070 0.194336 0.364258
1 0.000000 0.386719 0.014648 0.387695 0.017578 0.396484 0.022461 0.400391 0.022461 0.407227 0.000000 0.404297
1 0.057617 0.385742 0.066406 0.382812 0.075195 0.385742 0.078125 0.395508 0.078125 0.395508 0.071289 0.400391 0.064453 0.396484 0.054688 0.398438 0.051758 0.391602
1 0.051758 0.407227 0.061523 0.413086 0.063477 0.422852 0.059570 0.425781 0.052734 0.422852 0.050781 0.416016
0 0.105469 0.368164 0.111328 0.366211 0.122070 0.369141 0.125977 0.373047 0.135742 0.375000 0.140625 0.377930 0.149414 0.376953 0.156250 0.377930 0.161133 0.370117 0.172852 0.372070 0.172852 0.383789 0.179688 0.390625 0.179688 0.405273 0.169922 0.402344 0.159180 0.400391 0.148438 0.403320 0.139648 0.396484 0.137695 0.402344 0.136719 0.414062 0.138672 0.422852 0.153320 0.423828 0.161133 0.412109 0.168945 0.408203 0.168945 0.408203 0.177734 0.414062 0.172852 0.425781 0.169922 0.431641 0.153320 0.434570 0.140625 0.434570 0.124023 0.431641 0.120117 0.417969 0.119141 0.407227 0.122070 0.397461 0.120117 0.390625 0.111328 0.392578 0.109375 0.400391 0.099609 0.396484 0.099609 0.379883 0.099609 0.380859
1 0.194336 0.394531 0.202148 0.394531 0.203125 0.402344 0.196289 0.405273
1 0.195312 0.406250 0.202148 0.409180 0.202148 0.409180 0.202148 0.417969 0.196289 0.418945 0.190430 0.416016
1 0.183594 0.428711 0.194336 0.431641 0.195312 0.441406 0.185547 0.444336 0.182617 0.435547
1 0.105469 0.417969 0.112305 0.418945 0.118164 0.426758 0.112305 0.433594 0.101562 0.426758
1 0.100586 0.435547 0.110352 0.440430 0.111328 0.448242 0.098633 0.447266 0.096680 0.439453
1 0.160156 0.439453 0.168945 0.438477 0.168945 0.449219 0.160156 0.453125 0.157227 0.446289
1 0.139648 0.450195 0.148438 0.450195 0.148438 0.457031 0.139648 0.459961 0.135742 0.455078
1 0.184570 0.448242 0.188477 0.447266 0.190430 0.446289 0.195312 0.453125 0.193359 0.458008 0.198242 0.461914 0.191406 0.470703 0.183594 0.468750 0.180664 0.458984
1 0.050781 0.445312 0.060547 0.448242 0.060547 0.455078 0.054688 0.461914 0.048828 0.461914 0.047852 0.452148 0.046875 0.447266
1 0.065430 0.447266 0.076172 0.447266 0.083008 0.454102 0.083984 0.464844 0.077148 0.463867 0.074219 0.458984 0.071289 0.455078 0.065430 0.453125
1 0.063477 0.456055 0.070312 0.458008 0.074219 0.461914 0.069336 0.465820 0.061523 0.464844
1 0.080078 0.464844 0.085938 0.464844 0.085938 0.470703 0.082031 0.471680 0.078125 0.468750
1 0.045898 0.464844 0.054688 0.467773 0.055664 0.478516 0.051758 0.484375 0.044922 0.486328 0.041016 0.480469 0.042969 0.468750
1 0.056641 0.489258 0.064453 0.493164 0.064453 0.501953 0.055664 0.502930 0.049805 0.499023 0.049805 0.491211
1 0.069336 0.495117 0.077148 0.495117 0.080078 0.503906 0.076172 0.506836 0.070312 0.501953
1 0.027344 0.491211 0.028320 0.497070 0.025391 0.499023 0.022461 0.494141
1 0.099609 0.460938 0.106445 0.461914 0.108398 0.468750 0.108398 0.468750 0.103516 0.471680 0.094727 0.467773
1 0.112305 0.461914 0.121094 0.459961 0.122070 0.467773 0.117188 0.470703 0.113281 0.467773
1 0.120117 0.439453 0.125977 0.443359 0.125977 0.449219 0.120117 0.449219
1 0.160156 0.466797 0.166992 0.468750 0.165039 0.474609 0.157227 0.474609
1 0.172852 0.467773 0.180664 0.466797 0.189453 0.472656 0.185547 0.481445 0.176758 0.485352 0.172852 0.476562
1 0.138672 0.462891 0.147461 0.463867 0.149414 0.470703 0.149414 0.470703 0.140625 0.472656
1 0.095703 0.478516 0.103516 0.476562 0.108398 0.484375 0.098633 0.486328
1 0.101562 0.486328 0.095703 0.490234 0.095703 0.494141 0.098633 0.494141 0.103516 0.492188
1 0.093750 0.500977 0.102539 0.499023 0.101562 0.503906 0.101562 0.503906 0.094727 0.505859
1 0.096680 0.506836 0.104492 0.505859 0.105469 0.510742 0.101562 0.512695 0.099609 0.510742
1 0.083984 0.514648 0.094727 0.510742 0.099609 0.518555 0.093750 0.521484 0.084961 0.521484
0 0.116211 0.501953 0.121094 0.497070 0.131836 0.499023 0.142578 0.496094 0.149414 0.500977 0.153320 0.507812 0.149414 0.513672 0.149414 0.519531 0.140625 0.519531 0.138672 0.513672 0.132812 0.516602 0.136719 0.524414 0.134766 0.531250 0.128906 0.531250 0.126953 0.526367 0.121094 0.529297 0.114258 0.528320 0.106445 0.530273 0.102539 0.523438 0.109375 0.518555 0.116211 0.515625 0.111328 0.505859
1 0.055664 0.500977 0.061523 0.504883 0.063477 0.510742 0.054688 0.514648 0.044922 0.511719 0.042969 0.501953 0.048828 0.498047
1 0.062500 0.535156 0.069336 0.534180 0.069336 0.538086 0.065430 0.540039
1 0.067383 0.559570 0.077148 0.561523 0.076172 0.567383 0.071289 0.569336 0.065430 0.564453
1 0.004883 0.538086 0.012695 0.540039 0.017578 0.532227 0.024414 0.537109 0.023438 0.548828 0.015625 0.554688 0.011719 0.557617 0.004883 0.554688
1 0.030273 0.606445 0.039062 0.608398 0.041992 0.617188 0.032227 0.620117 0.026367 0.612305
1 0.041016 0.591797 0.046875 0.590820 0.048828 0.598633 0.043945 0.603516 0.038086 0.598633
1 0.051758 0.594727 0.059570 0.596680 0.059570 0.603516 0.052734 0.605469 0.049805 0.600586
1 0.116211 0.608398 0.123047 0.610352 0.124023 0.616211 0.116211 0.614258
1 0.112305 0.621094 0.120117 0.622070 0.116211 0.625977 0.110352 0.625977
1 0.085938 0.605469 0.093750 0.604492 0.100586 0.609375 0.100586 0.609375 0.100586 0.619141 0.093750 0.621094 0.085938 0.618164
1 0.053711 0.607422 0.061523 0.606445 0.063477 0.615234 0.060547 0.625000 0.054688 0.629883 0.047852 0.624023
0 0.026367 0.649414 0.033203 0.644531 0.045898 0.646484 0.056641 0.646484 0.061523 0.656250 0.058594 0.663086 0.060547 0.668945 0.051758 0.675781 0.055664 0.681641 0.049805 0.690430 0.034180 0.687500 0.027344 0.678711 0.038086 0.676758 0.036133 0.667969 0.033203 0.662109 0.026367 0.659180
1 0.096680 0.628906 0.104492 0.626953 0.106445 0.632812 0.106445 0.632812 0.098633 0.638672 0.094727 0.634766
0 0.087891 0.641602 0.094727 0.643555 0.097656 0.651367 0.105469 0.649414 0.114258 0.651367 0.114258 0.651367 0.117188 0.659180 0.108398 0.666016 0.093750 0.665039 0.081055 0.661133 0.081055 0.651367
1 0.148438 0.669922 0.155273 0.669922 0.157227 0.676758 0.150391 0.679688 0.145508 0.676758
1 0.119141 0.681641 0.127930 0.681641 0.128906 0.688477 0.123047 0.690430 0.119141 0.688477
1 0.087891 0.691406 0.096680 0.692383 0.096680 0.700195 0.096680 0.700195 0.088867 0.702148
1 0.103516 0.691406 0.114258 0.690430 0.113281 0.700195 0.108398 0.707031 0.100586 0.702148
1 0.116211 0.700195 0.123047 0.702148 0.120117 0.708008 0.116211 0.706055
1 0.062500 0.688477 0.054688 0.689453 0.054688 0.697266 0.060547 0.696289
1 0.175781 0.674805 0.179688 0.669922 0.188477 0.671875 0.192383 0.677734 0.189453 0.682617 0.173828 0.680664
1 0.067383 0.746094 0.073242 0.748047 0.072266 0.752930 0.067383 0.751953
1 0.054688 0.748047 0.059570 0.748047 0.058594 0.751953 0.052734 0.751953
1 0.031250 0.759766 0.038086 0.758789 0.038086 0.765625 0.032227 0.765625
1 0.025391 0.769531 0.031250 0.769531 0.031250 0.774414 0.027344 0.775391
0 0.131836 0.706055 0.138672 0.701172 0.148438 0.704102 0.151367 0.713867 0.144531 0.726562 0.143555 0.740234 0.142578 0.756836 0.138672 0.766602 0.135742 0.785156 0.134766 0.800781 0.134766 0.811523 0.132812 0.824219 0.126953 0.833008 0.114258 0.834961 0.103516 0.834961 0.094727 0.834961 0.079102 0.834961 0.072266 0.831055 0.062500 0.829102 0.052734 0.830078 0.042969 0.826172 0.047852 0.817383 0.057617 0.820312 0.057617 0.820312 0.067383 0.820312 0.075195 0.826172 0.086914 0.821289 0.098633 0.825195 0.110352 0.824219 0.122070 0.819336 0.127930 0.806641 0.122070 0.796875 0.122070 0.783203 0.128906 0.779297 0.128906 0.767578 0.130859 0.759766 0.126953 0.752930 0.131836 0.744141 0.131836 0.738281 0.131836 0.728516 0.136719 0.715820
1 0.020508 0.801758 0.026367 0.810547 0.019531 0.816406 0.013672 0.810547 0.013672 0.803711
1 0.031250 0.809570 0.041016 0.814453 0.041016 0.814453 0.039062 0.824219 0.031250 0.823242 0.028320 0.817383
0 0.016602 0.846680 0.025391 0.846680 0.032227 0.849609 0.041016 0.851562 0.048828 0.852539 0.052734 0.860352 0.049805 0.864258 0.046875 0.862305 0.037109 0.861328 0.024414 0.858398 0.014648 0.858398 0.009766 0.850586
1 0.021484 0.833984 0.027344 0.834961 0.026367 0.839844 0.021484 0.838867
1 0.031250 0.835938 0.036133 0.836914 0.036133 0.840820 0.031250 0.840820
1 0.038086 0.835938 0.042969 0.835938 0.041992 0.840820 0.038086 0.841797
1 0.000000 0.779297 0.006836 0.782227 0.007812 0.791992 0.000000 0.791016
1 0.118164 0.846680 0.118164 0.855469 0.111328 0.854492 0.112305 0.845703
1 0.038086 0.944336 0.044922 0.944336 0.044922 0.951172 0.039062 0.952148
1 0.017578 0.965820 0.020508 0.967773 0.022461 0.974609 0.015625 0.974609
1 0.006836 0.977539 0.011719 0.979492 0.011719 0.988281 0.003906 0.990234 0.002930 0.985352
1 0.138672 0.957031 0.144531 0.960938 0.144531 0.967773 0.137695 0.972656 0.132812 0.966797
1 0.155273 0.950195 0.160156 0.950195 0.160156 0.956055 0.156250 0.958984
0 0.363281 0.014648 0.369141 0.017578 0.378906 0.017578 0.393555 0.018555 0.396484 0.014648 0.388672 0.011719 0.380859 0.002930 0.380859 0.000000 0.360352 0.000000
1 0.411133 0.011719 0.418945 0.010742 0.425781 0.011719 0.426758 0.019531 0.419922 0.023438 0.411133 0.019531
1 0.347656 0.016602 0.356445 0.014648 0.358398 0.021484 0.353516 0.025391 0.348633 0.022461
1 0.339844 0.024414 0.346680 0.025391 0.348633 0.034180 0.343750 0.039062 0.340820 0.047852 0.340820 0.047852 0.333984 0.048828 0.329102 0.041016 0.334961 0.031250
0 0.412109 0.026367 0.418945 0.031250 0.420898 0.040039 0.412109 0.041992 0.405273 0.041016 0.395508 0.042969 0.389648 0.045898 0.397461 0.046875 0.400391 0.054688 0.400391 0.054688 0.400391 0.060547 0.397461 0.066406 0.387695 0.068359 0.377930 0.069336 0.374023 0.060547 0.380859 0.053711 0.375977 0.047852 0.380859 0.041016 0.392578 0.035156 0.401367 0.031250
1 0.308594 0.080078 0.308594 0.090820 0.297852 0.089844 0.303711 0.078125
1 0.399414 0.091797 0.414062 0.093750 0.417969 0.103516 0.410156 0.110352 0.399414 0.109375 0.395508 0.097656
1 0.286133 0.100586 0.294922 0.104492 0.296875 0.114258 0.284180 0.113281 0.279297 0.106445 0.279297 0.107422
1 0.400391 0.116211 0.411133 0.127930 0.411133 0.135742 0.399414 0.136719 0.392578 0.130859 0.392578 0.121094
1 0.394531 0.132812 0.401367 0.137695 0.398438 0.142578 0.389648 0.138672 0.389648 0.131836
1 0.399414 0.142578 0.401367 0.150391 0.391602 0.153320 0.386719 0.148438 0.388672 0.141602
1 0.416992 0.146484 0.422852 0.151367 0.422852 0.160156 0.410156 0.164062 0.404297 0.154297 0.405273 0.154297 0.409180 0.146484
1 0.388672 0.145508 0.389648 0.152344 0.382812 0.153320 0.379883 0.143555
0 0.321289 0.108398 0.330078 0.113281 0.336914 0.125000 0.340820 0.138672 0.341797 0.150391 0.329102 0.150391 0.314453 0.148438 0.302734 0.147461 0.291992 0.146484 0.292969 0.156250 0.291016 0.164062 0.285156 0.168945 0.270508 0.166016 0.270508 0.152344 0.271484 0.142578 0.262695 0.140625 0.262695 0.125977 0.266602 0.117188 0.278320 0.119141 0.285156 0.123047 0.292969 0.123047 0.296875 0.127930 0.310547 0.127930 0.319336 0.122070 0.319336 0.123047 0.314453 0.113281 0.314453 0.109375
1 0.349609 0.141602 0.357422 0.140625 0.357422 0.149414 0.348633 0.149414
0 0.393555 0.158203 0.406250 0.166992 0.416992 0.170898 0.422852 0.178711 0.417969 0.184570 0.410156 0.179688 0.404297 0.189453 0.406250 0.194336 0.404297 0.201172 0.414062 0.199219 0.417969 0.204102 0.416992 0.209961 0.407227 0.213867 0.403320 0.222656 0.400391 0.234375 0.399414 0.243164 0.400391 0.252930 0.408203 0.246094 0.418945 0.248047 0.415039 0.260742 0.402344 0.259766 0.387695 0.257812 0.388672 0.246094 0.389648 0.231445 0.391602 0.212891 0.388672 0.204102 0.386719 0.196289 0.387695 0.196289 0.389648 0.181641 0.385742 0.173828 0.387695 0.165039
1 0.356445 0.204102 0.363281 0.206055 0.370117 0.212891 0.364258 0.218750 0.356445 0.211914
1 0.340820 0.205078 0.349609 0.203125 0.353516 0.210938 0.348633 0.214844 0.339844 0.211914
1 0.267578 0.185547 0.280273 0.186523 0.277344 0.198242 0.268555 0.196289
1 0.298828 0.174805 0.307617 0.180664 0.307617 0.189453 0.297852 0.186523
1 0.298828 0.166992 0.306641 0.165039 0.307617 0.169922 0.300781 0.171875
1 0.283203 0.169922 0.286133 0.174805 0.279297 0.179688 0.273438 0.173828
0 0.248047 0.200195 0.256836 0.198242 0.266602 0.204102 0.274414 0.208984 0.276367 0.217773 0.269531 0.218750 0.265625 0.223633 0.275391 0.224609 0.286133 0.232422 0.295898 0.241211 0.294922 0.252930 0.293945 0.263672 0.284180 0.263672 0.275391 0.267578 0.268555 0.269531 0.261719 0.268555 0.252930 0.264648 0.251953 0.272461 0.249023 0.280273 0.247070 0.289062 0.243164 0.295898 0.243164 0.300781 0.250000 0.296875 0.259766 0.294922 0.265625 0.287109 0.272461 0.291016 0.272461 0.291016 0.274414 0.300781 0.270508 0.308594 0.258789 0.308594 0.248047 0.308594 0.248047 0.323242 0.247070 0.331055 0.246094 0.340820 0.244141 0.349609 0.236328 0.356445 0.229492 0.353516 0.230469 0.345703 0.222656 0.339844 0.230469 0.331055 0.228516 0.322266 0.232422 0.312500 0.227539 0.300781 0.232422 0.295898 0.239258 0.286133 0.230469 0.277344 0.236328 0.265625 0.245117 0.253906 0.240234 0.249023 0.242188 0.238281 0.238281 0.232422 0.243164 0.221680 0.243164 0.211914 0.243164 0.205078
1 0.283203 0.213867 0.290039 0.216797 0.287109 0.222656 0.288086 0.222656 0.282227 0.220703
1 0.291016 0.217773 0.298828 0.216797 0.298828 0.223633 0.291992 0.224609
1 0.301758 0.217773 0.307617 0.215820 0.312500 0.222656 0.308594 0.229492 0.301758 0.227539
1 0.304688 0.233398 0.308594 0.235352 0.308594 0.241211 0.303711 0.239258
1 0.316406 0.250000 0.323242 0.253906 0.323242 0.253906 0.323242 0.260742 0.316406 0.259766
1 0.325195 0.226562 0.333984 0.229492 0.331055 0.235352 0.324219 0.233398
1 0.346680 0.225586 0.353516 0.227539 0.352539 0.236328 0.342773 0.234375 0.342773 0.234375
1 0.357422 0.226562 0.368164 0.226562 0.371094 0.237305 0.360352 0.241211 0.355469 0.235352
1 0.367188 0.254883 0.373047 0.252930 0.373047 0.260742 0.367188 0.260742
0 0.350586 0.267578 0.360352 0.267578 0.360352 0.267578 0.370117 0.268555 0.375000 0.262695 0.385742 0.260742 0.393555 0.272461 0.402344 0.271484 0.408203 0.276367 0.407227 0.283203 0.397461 0.284180 0.391602 0.294922 0.391602 0.294922 0.384766 0.298828 0.374023 0.299805 0.368164 0.291992 0.360352 0.280273 0.349609 0.285156 0.349609 0.285156 0.341797 0.278320 0.343750 0.272461
1 0.399414 0.294922 0.406250 0.299805 0.404297 0.307617 0.395508 0.307617 0.392578 0.299805
1 0.379883 0.303711 0.381836 0.310547 0.378906 0.315430 0.368164 0.314453 0.368164 0.304688
1 0.376953 0.322266 0.383789 0.326172 0.385742 0.334961 0.374023 0.339844 0.368164 0.331055
1 0.398438 0.323242 0.406250 0.327148 0.405273 0.333984 0.393555 0.332031
0 0.254883 0.310547 0.267578 0.308594 0.269531 0.319336 0.268555 0.325195 0.274414 0.332031 0.281250 0.338867 0.287109 0.343750 0.296875 0.338867 0.311523 0.338867 0.316406 0.341797 0.329102 0.341797 0.329102 0.342773 0.341797 0.345703 0.350586 0.347656 0.355469 0.355469 0.362305 0.354492 0.364258 0.349609 0.371094 0.343750 0.381836 0.343750 0.388672 0.350586 0.385742 0.359375 0.383789 0.370117 0.386719 0.375000 0.381836 0.379883 0.370117 0.373047 0.357422 0.371094 0.347656 0.369141 0.333984 0.370117 0.322266 0.364258 0.306641 0.359375 0.297852 0.361328 0.289062 0.353516 0.277344 0.352539 0.265625 0.351562 0.260742 0.342773 0.260742 0.330078 0.250000 0.323242
1 0.230469 0.358398 0.235352 0.369141 0.232422 0.372070 0.221680 0.372070 0.221680 0.372070 0.221680 0.363281
1 0.289062 0.387695 0.294922 0.388672 0.295898 0.396484 0.289062 0.395508
1 0.308594 0.390625 0.319336 0.390625 0.330078 0.392578 0.330078 0.403320 0.318359 0.405273 0.307617 0.398438
1 0.344727 0.398438 0.351562 0.400391 0.349609 0.405273 0.344727 0.404297
1 0.369141 0.378906 0.376953 0.377930 0.382812 0.383789 0.380859 0.391602 0.366211 0.388672
1 0.372070 0.389648 0.379883 0.393555 0.379883 0.401367 0.371094 0.403320 0.363281 0.396484
1 0.397461 0.357422 0.402344 0.360352 0.399414 0.365234 0.395508 0.361328
1 0.394531 0.361328 0.396484 0.367188 0.392578 0.369141 0.389648 0.363281
1 0.397461 0.376953 0.400391 0.382812 0.394531 0.386719 0.390625 0.380859
1 0.394531 0.395508 0.397461 0.403320 0.392578 0.406250 0.390625 0.398438
1 0.366211 0.416016 0.372070 0.417969 0.372070 0.428711 0.366211 0.429688 0.361328 0.424805
1 0.378906 0.448242 0.385742 0.452148 0.385742 0.457031 0.375000 0.456055 0.374023 0.450195
1 0.339844 0.424805 0.349609 0.429688 0.350586 0.438477 0.341797 0.440430 0.333984 0.432617
1 0.315430 0.422852 0.328125 0.424805 0.327148 0.432617 0.320312 0.434570 0.321289 0.434570 0.312500 0.430664
1 0.301758 0.419922 0.310547 0.421875 0.310547 0.429688 0.301758 0.434570 0.294922 0.426758
1 0.272461 0.413086 0.282227 0.416016 0.283203 0.424805 0.274414 0.428711 0.264648 0.425781 0.264648 0.417969
1 0.255859 0.450195 0.264648 0.458008 0.256836 0.465820 0.249023 0.457031 0.249023 0.457031
1 0.401367 0.421875 0.408203 0.425781 0.406250 0.436523 0.396484 0.438477 0.393555 0.426758
1 0.375977 0.473633 0.384766 0.475586 0.383789 0.484375 0.372070 0.482422
1 0.338867 0.492188 0.348633 0.492188 0.353516 0.497070 0.348633 0.500977 0.335938 0.500977 0.333984 0.495117
1 0.336914 0.510742 0.338867 0.520508 0.333984 0.526367 0.325195 0.522461 0.325195 0.522461 0.325195 0.513672
1 0.307617 0.509766 0.312500 0.517578 0.306641 0.522461 0.296875 0.522461 0.293945 0.511719
0 0.215820 0.479492 0.221680 0.480469 0.231445 0.481445 0.231445 0.481445 0.233398 0.490234 0.233398 0.491211 0.243164 0.489258 0.248047 0.497070 0.248047 0.501953 0.252930 0.504883 0.254883 0.509766 0.254883 0.516602 0.256836 0.518555 0.260742 0.513672 0.268555 0.514648 0.271484 0.517578 0.276367 0.518555 0.286133 0.519531 0.293945 0.519531 0.296875 0.525391 0.306641 0.525391 0.312500 0.529297 0.319336 0.529297 0.319336 0.529297 0.321289 0.526367 0.327148 0.526367 0.332031 0.533203 0.343750 0.531250 0.354492 0.536133 0.359375 0.542969 0.362305 0.548828 0.354492 0.551758 0.343750 0.550781 0.328125 0.548828 0.317383 0.541992 0.312500 0.536133 0.305664 0.540039 0.292969 0.539062 0.290039 0.532227 0.285156 0.536133 0.276367 0.532227 0.268555 0.528320 0.260742 0.528320 0.261719 0.528320 0.250977 0.527344 0.244141 0.531250 0.231445 0.532227 0.228516 0.537109 0.237305 0.542969 0.236328 0.547852 0.225586 0.542969 0.210938 0.538086 0.211914 0.530273 0.205078 0.522461 0.206055 0.518555 0.207031 0.506836 0.213867 0.505859 0.213867 0.513672 0.222656 0.511719 0.219727 0.503906 0.208984 0.498047 0.213867 0.491211 0.219727 0.490234 0.213867 0.484375
1 0.352539 0.553711 0.360352 0.561523 0.356445 0.566406 0.342773 0.563477 0.342773 0.552734
1 0.324219 0.554688 0.327148 0.559570 0.324219 0.565430 0.317383 0.559570
1 0.340820 0.559570 0.333984 0.556641 0.331055 0.563477 0.333984 0.567383
1 0.343750 0.564453 0.353516 0.568359 0.353516 0.575195 0.344727 0.579102 0.336914 0.573242 0.337891 0.566406
1 0.236328 0.536133 0.240234 0.538086 0.239258 0.542969 0.234375 0.540039
1 0.242188 0.536133 0.249023 0.538086 0.247070 0.541992 0.243164 0.541016
1 0.251953 0.541016 0.258789 0.542969 0.257812 0.549805 0.251953 0.546875
1 0.267578 0.541992 0.273438 0.544922 0.272461 0.553711 0.265625 0.549805 0.265625 0.549805
1 0.277344 0.542969 0.281250 0.546875 0.281250 0.554688 0.274414 0.552734
1 0.285156 0.549805 0.293945 0.549805 0.291992 0.555664 0.283203 0.554688
1 0.295898 0.552734 0.303711 0.552734 0.303711 0.557617 0.295898 0.558594
1 0.204102 0.573242 0.212891 0.573242 0.212891 0.579102 0.204102 0.581055
1 0.247070 0.580078 0.242188 0.591797 0.232422 0.589844 0.232422 0.582031
1 0.250977 0.596680 0.258789 0.597656 0.256836 0.606445 0.251953 0.605469
1 0.281250 0.588867 0.275391 0.590820 0.273438 0.601562 0.278320 0.604492 0.282227 0.598633
0 0.317383 0.591797 0.327148 0.588867 0.333008 0.598633 0.338867 0.593750 0.349609 0.594727 0.354492 0.600586 0.344727 0.606445 0.344727 0.606445 0.337891 0.607422 0.335938 0.612305 0.329102 0.611328 0.326172 0.607422 0.318359 0.607422 0.314453 0.597656
1 0.346680 0.613281 0.354492 0.617188 0.354492 0.623047 0.347656 0.625000 0.342773 0.618164
1 0.358398 0.623047 0.364258 0.625977 0.364258 0.630859 0.353516 0.633789 0.351562 0.626953
1 0.359375 0.633789 0.368164 0.638672 0.367188 0.648438 0.357422 0.647461 0.355469 0.641602
1 0.385742 0.656250 0.396484 0.654297 0.397461 0.662109 0.385742 0.664062 0.380859 0.662109
1 0.403320 0.647461 0.407227 0.649414 0.405273 0.653320
1 0.401367 0.657227 0.406250 0.657227 0.406250 0.661133 0.400391 0.662109
1 0.398438 0.669922 0.403320 0.671875 0.402344 0.675781 0.397461 0.675781
1 0.203125 0.626953 0.208984 0.628906 0.206055 0.636719 0.201172 0.633789
1 0.214844 0.637695 0.218750 0.640625 0.216797 0.644531 0.209961 0.645508 0.208984 0.640625 0.208984 0.640625
1 0.219727 0.626953 0.226562 0.628906 0.226562 0.635742 0.220703 0.633789
1 0.246094 0.632812 0.250977 0.634766 0.249023 0.639648 0.244141 0.637695
1 0.206055 0.648438 0.213867 0.651367 0.212891 0.658203 0.206055 0.656250 0.203125 0.652344
1 0.192383 0.682617 0.198242 0.683594 0.193359 0.696289 0.190430 0.692383 0.190430 0.685547
1 0.255859 0.676758 0.261719 0.680664 0.261719 0.686523 0.252930 0.682617
1 0.254883 0.684570 0.257812 0.689453 0.257812 0.695312 0.252930 0.692383
1 0.363281 0.673828 0.371094 0.675781 0.373047 0.679688 0.371094 0.684570 0.362305 0.684570 0.359375 0.676758
0 0.378906 0.683594 0.385742 0.682617 0.392578 0.690430 0.385742 0.702148 0.385742 0.707031 0.389648 0.712891 0.385742 0.720703 0.381836 0.729492 0.380859 0.733398 0.383789 0.741211 0.378906 0.742188 0.377930 0.752930 0.374023 0.759766 0.372070 0.769531 0.371094 0.777344 0.365234 0.778320 0.364258 0.768555 0.366211 0.757812 0.371094 0.749023 0.368164 0.742188 0.360352 0.745117 0.349609 0.740234 0.335938 0.735352 0.327148 0.731445 0.324219 0.722656 0.331055 0.717773 0.337891 0.719727 0.337891 0.726562 0.344727 0.730469 0.357422 0.728516 0.363281 0.727539 0.363281 0.714844 0.368164 0.708984 0.369141 0.694336 0.373047 0.684570
1 0.289062 0.716797 0.297852 0.716797 0.301758 0.729492 0.294922 0.734375 0.289062 0.729492
1 0.266602 0.709961 0.269531 0.716797 0.263672 0.721680 0.257812 0.718750 0.258789 0.708008
1 0.195312 0.734375 0.203125 0.736328 0.203125 0.745117 0.197266 0.743164
1 0.193359 0.747070 0.198242 0.754883 0.193359 0.761719 0.186523 0.760742 0.186523 0.750977
1 0.271484 0.731445 0.273438 0.743164 0.267578 0.747070 0.264648 0.740234
1 0.248047 0.756836 0.253906 0.757812 0.253906 0.764648 0.248047 0.765625
1 0.267578 0.748047 0.274414 0.750000 0.273438 0.758789 0.273438 0.758789 0.264648 0.758789 0.262695 0.750977
1 0.292969 0.763672 0.297852 0.770508 0.296875 0.778320 0.289062 0.776367 0.281250 0.771484 0.283203 0.766602 0.289062 0.767578
1 0.312500 0.764648 0.319336 0.768555 0.318359 0.776367 0.308594 0.775391
1 0.274414 0.773438 0.276367 0.780273 0.270508 0.781250 0.267578 0.772461
1 0.238281 0.772461 0.245117 0.773438 0.245117 0.778320 0.236328 0.779297
1 0.232422 0.790039 0.238281 0.791992 0.239258 0.791992 0.236328 0.799805 0.230469 0.796875
1 0.241211 0.808594 0.249023 0.811523 0.247070 0.817383 0.240234 0.816406
0 0.358398 0.791992 0.367188 0.793945 0.369141 0.802734 0.363281 0.805664 0.365234 0.814453 0.365234 0.820312 0.357422 0.822266 0.350586 0.815430 0.355469 0.800781
1 0.229492 0.807617 0.229492 0.815430 0.222656 0.813477 0.222656 0.808594
0 0.267578 0.822266 0.274414 0.822266 0.287109 0.822266 0.299805 0.825195 0.300781 0.825195 0.309570 0.826172 0.320312 0.828125 0.325195 0.836914 0.315430 0.838867 0.301758 0.833984 0.288086 0.829102 0.277344 0.831055
1 0.365234 0.857422 0.372070 0.860352 0.371094 0.868164 0.364258 0.867188
1 0.355469 0.889648 0.363281 0.892578 0.363281 0.892578 0.363281 0.899414 0.355469 0.898438 0.355469 0.898438
1 0.227539 0.847656 0.230469 0.840820 0.240234 0.839844 0.250000 0.845703 0.259766 0.845703 0.270508 0.842773 0.273438 0.848633 0.280273 0.851562 0.282227 0.858398 0.276367 0.857422 0.254883 0.853516
1 0.215820 0.903320 0.224609 0.906250 0.224609 0.916016 0.215820 0.917969 0.215820 0.917969 0.213867 0.911133
1 0.209961 0.895508 0.213867 0.901367 0.213867 0.908203 0.207031 0.907227
1 0.207031 0.885742 0.216797 0.885742 0.216797 0.892578 0.207031 0.891602
1 0.250000 0.907227 0.259766 0.910156 0.259766 0.918945 0.250000 0.916992
1 0.259766 0.926758 0.264648 0.929688 0.264648 0.935547 0.257812 0.934570
0 0.179688 0.953125 0.191406 0.954102 0.193359 0.960938 0.192383 0.971680 0.184570 0.974609 0.185547 0.963867 0.174805 0.961914 0.173828 0.954102
0 0.212891 0.949219 0.219727 0.949219 0.222656 0.953125 0.219727 0.961914 0.218750 0.972656 0.222656 0.977539 0.227539 0.979492 0.235352 0.982422 0.239258 0.984375 0.246094 0.981445 0.250977 0.978516 0.255859 0.985352 0.263672 0.986328 0.273438 0.986328 0.279297 0.989258 0.285156 0.998047 0.285156 1.000000 0.248047 1.000000 0.247070 0.992188 0.224609 0.994141 0.221680 0.997070 0.213867 0.995117 0.212891 1.000000 0.196289 1.000000 0.197266 0.991211 0.203125 0.986328 0.208984 0.986328 0.205078 0.978516 0.208984 0.973633 0.211914 0.958008
1 0.441406 0.000977 0.443359 0.008789 0.453125 0.012695 0.460938 0.000000
1 0.474609 0.000000 0.473633 0.006836 0.477539 0.014648 0.488281 0.013672 0.492188 0.000000
1 0.479492 0.025391 0.469727 0.025391 0.469727 0.036133 0.478516 0.036133
1 0.471680 0.040039 0.477539 0.044922 0.478516 0.055664 0.472656 0.066406 0.465820 0.060547 0.464844 0.046875
1 0.439453 0.033203 0.446289 0.036133 0.444336 0.043945 0.436523 0.041992
1 0.449219 0.047852 0.455078 0.048828 0.455078 0.048828 0.455078 0.059570 0.446289 0.064453 0.441406 0.056641
0 0.448242 0.071289 0.457031 0.078125 0.456055 0.091797 0.453125 0.107422 0.456055 0.117188 0.445312 0.122070 0.438477 0.129883 0.426758 0.122070 0.438477 0.112305 0.438477 0.099609 0.444336 0.095703 0.439453 0.083984 0.440430 0.075195
1 0.457031 0.113281 0.464844 0.117188 0.461914 0.125977 0.452148 0.121094
1 0.472656 0.119141 0.482422 0.121094 0.481445 0.125977 0.471680 0.125000 0.471680 0.125000
1 0.492188 0.098633 0.502930 0.097656 0.503906 0.107422 0.503906 0.107422 0.493164 0.111328
1 0.497070 0.089844 0.504883 0.090820 0.502930 0.097656 0.492188 0.096680
1 0.495117 0.048828 0.502930 0.054688 0.501953 0.062500 0.491211 0.059570
1 0.492188 0.063477 0.500977 0.063477 0.501953 0.073242 0.492188 0.071289
1 0.560547 0.048828 0.567383 0.049805 0.569336 0.066406 0.563477 0.069336 0.558594 0.063477
1 0.516602 0.107422 0.522461 0.114258 0.517578 0.122070 0.511719 0.118164
1 0.524414 0.106445 0.533203 0.105469 0.535156 0.112305 0.527344 0.114258
1 0.546875 0.113281 0.558594 0.105469 0.559570 0.112305 0.565430 0.115234 0.565430 0.123047 0.553711 0.124023 0.544922 0.120117
1 0.592773 0.001953 0.594727 0.009766 0.599609 0.012695 0.607422 0.016602 0.611328 0.006836 0.612305 0.001953
1 0.593750 0.012695 0.603516 0.015625 0.603516 0.015625 0.604492 0.024414 0.596680 0.026367 0.596680 0.027344 0.588867 0.019531
1 0.593750 0.030273 0.598633 0.040039 0.596680 0.050781 0.585938 0.051758 0.582031 0.036133
1 0.639648 0.022461 0.647461 0.025391 0.647461 0.025391 0.644531 0.036133 0.630859 0.033203
1 0.642578 0.039062 0.642578 0.048828 0.631836 0.050781 0.632812 0.040039
1 0.636719 0.050781 0.643555 0.052734 0.643555 0.059570 0.634766 0.059570
1 0.583008 0.069336 0.590820 0.069336 0.590820 0.078125 0.583008 0.078125
1 0.583984 0.086914 0.592773 0.093750 0.590820 0.102539 0.592773 0.110352 0.587891 0.119141 0.574219 0.116211 0.569336 0.102539 0.577148 0.091797
1 0.605469 0.087891 0.618164 0.087891 0.624023 0.096680 0.615234 0.101562 0.602539 0.099609
1 0.641602 0.082031 0.647461 0.089844 0.639648 0.097656 0.631836 0.091797
0 0.445312 0.200195 0.431641 0.202148 0.418945 0.199219 0.415039 0.189453 0.427734 0.180664 0.427734 0.180664 0.430664 0.168945 0.432617 0.150391 0.439453 0.136719 0.449219 0.133789 0.459961 0.136719 0.472656 0.133789 0.482422 0.137695 0.482422 0.138672 0.495117 0.135742 0.501953 0.138672 0.509766 0.136719 0.515625 0.141602 0.506836 0.148438 0.490234 0.145508 0.473633 0.143555 0.463867 0.146484 0.463867 0.156250 0.476562 0.152344 0.484375 0.153320 0.498047 0.154297 0.502930 0.152344 0.513672 0.150391 0.515625 0.154297 0.528320 0.154297 0.533203 0.159180 0.540039 0.153320 0.550781 0.158203 0.555664 0.163086 0.572266 0.161133 0.580078 0.173828 0.571289 0.184570 0.562500 0.194336 0.546875 0.190430 0.539062 0.180664 0.528320 0.191406 0.521484 0.199219 0.506836 0.192383 0.492188 0.185547 0.490234 0.173828 0.479492 0.168945 0.463867 0.168945 0.445312 0.171875 0.445312 0.184570
1 0.562500 0.127930 0.573242 0.131836 0.573242 0.146484 0.560547 0.148438 0.550781 0.134766
1 0.573242 0.132812 0.583008 0.131836 0.583008 0.141602 0.576172 0.141602
1 0.588867 0.131836 0.597656 0.132812 0.597656 0.139648 0.587891 0.140625
1 0.600586 0.133789 0.613281 0.133789 0.615234 0.144531 0.602539 0.147461
1 0.602539 0.144531 0.615234 0.147461 0.614258 0.155273 0.603516 0.153320
1 0.601562 0.157227 0.612305 0.157227 0.612305 0.166992 0.604492 0.166016
1 0.621094 0.121094 0.633789 0.128906 0.639648 0.146484 0.630859 0.149414 0.622070 0.144531 0.616211 0.133789
0 0.597656 0.181641 0.612305 0.185547 0.623047 0.191406 0.622070 0.203125 0.621094 0.214844 0.612305 0.224609 0.598633 0.223633 0.598633 0.210938 0.601562 0.201172 0.588867 0.194336 0.586914 0.184570
1 0.457031 0.172852 0.465820 0.177734 0.463867 0.189453 0.456055 0.184570
1 0.471680 0.175781 0.480469 0.178711 0.480469 0.185547 0.472656 0.182617
1 0.481445 0.188477 0.492188 0.189453 0.489258 0.198242 0.480469 0.195312 0.481445 0.195312
1 0.469727 0.189453 0.474609 0.195312 0.474609 0.202148 0.464844 0.198242 0.464844 0.191406
1 0.492188 0.197266 0.501953 0.198242 0.501953 0.206055 0.493164 0.205078
1 0.477539 0.204102 0.487305 0.200195 0.492188 0.208984 0.485352 0.214844 0.477539 0.210938
1 0.463867 0.203125 0.476562 0.205078 0.476562 0.213867 0.469727 0.213867 0.461914 0.209961
1 0.459961 0.217773 0.467773 0.219727 0.467773 0.226562 0.456055 0.226562
1 0.475586 0.219727 0.484375 0.218750 0.486328 0.227539 0.475586 0.226562 0.475586 0.226562
1 0.458984 0.230469 0.468750 0.234375 0.466797 0.245117 0.459961 0.249023 0.459961 0.249023 0.450195 0.241211 0.450195 0.241211
1 0.434570 0.250977 0.441406 0.257812 0.436523 0.264648 0.426758 0.258789
0 0.481445 0.232422 0.489258 0.239258 0.484375 0.250000 0.492188 0.250977 0.497070 0.261719 0.496094 0.269531 0.482422 0.273438 0.482422 0.261719 0.471680 0.251953 0.477539 0.240234
1 0.554688 0.193359 0.562500 0.194336 0.563477 0.204102 0.563477 0.204102 0.553711 0.208984 0.547852 0.201172
1 0.523438 0.224609 0.534180 0.226562 0.533203 0.232422 0.526367 0.244141 0.514648 0.246094 0.511719 0.233398
1 0.517578 0.246094 0.525391 0.252930 0.525391 0.252930 0.525391 0.262695 0.517578 0.264648 0.507812 0.253906
1 0.553711 0.225586 0.566406 0.232422 0.561523 0.245117 0.550781 0.250000 0.545898 0.235352 0.548828 0.227539
0 0.579102 0.226562 0.594727 0.228516 0.607422 0.229492 0.607422 0.229492 0.609375 0.235352 0.618164 0.244141 0.613281 0.251953 0.603516 0.250977 0.595703 0.246094 0.586914 0.253906 0.586914 0.261719 0.594727 0.261719 0.607422 0.257812 0.614258 0.263672 0.613281 0.274414 0.607422 0.287109 0.608398 0.295898 0.607422 0.308594 0.605469 0.324219 0.600586 0.330078 0.590820 0.323242 0.583984 0.313477 0.583984 0.304688 0.574219 0.299805 0.575195 0.291992 0.582031 0.291992 0.589844 0.290039 0.587891 0.279297 0.600586 0.275391 0.591797 0.269531 0.579102 0.266602 0.579102 0.266602 0.575195 0.259766 0.583008 0.247070 0.576172 0.234375 0.576172 0.234375
1 0.503906 0.276367 0.512695 0.276367 0.511719 0.284180 0.503906 0.283203 0.503906 0.284180
1 0.514648 0.268555 0.524414 0.268555 0.523438 0.273438 0.517578 0.273438
1 0.522461 0.274414 0.527344 0.278320 0.527344 0.289062 0.517578 0.284180
1 0.534180 0.281250 0.541992 0.283203 0.541016 0.292969 0.531250 0.290039
1 0.545898 0.281250 0.557617 0.281250 0.558594 0.290039 0.546875 0.291016
1 0.571289 0.272461 0.583984 0.272461 0.587891 0.285156 0.578125 0.289062 0.566406 0.281250
1 0.458008 0.299805 0.465820 0.305664 0.459961 0.313477 0.453125 0.309570
1 0.485352 0.292969 0.498047 0.291992 0.499023 0.304688 0.499023 0.304688 0.492188 0.307617 0.485352 0.299805 0.485352 0.299805
1 0.507812 0.292969 0.517578 0.293945 0.518555 0.302734 0.511719 0.306641 0.504883 0.299805
1 0.528320 0.299805 0.535156 0.302734 0.531250 0.314453 0.522461 0.306641 0.522461 0.306641
1 0.492188 0.305664 0.500000 0.313477 0.489258 0.325195 0.489258 0.326172 0.473633 0.327148 0.473633 0.327148 0.467773 0.314453 0.472656 0.300781 0.483398 0.299805
0 0.430664 0.324219 0.451172 0.324219 0.458984 0.327148 0.458984 0.340820 0.450195 0.343750 0.435547 0.344727 0.420898 0.346680 0.418945 0.333008
0 0.514648 0.322266 0.525391 0.322266 0.534180 0.325195 0.534180 0.331055 0.531250 0.338867 0.519531 0.335938 0.510742 0.337891 0.507812 0.325195
1 0.578125 0.335938 0.592773 0.338867 0.592773 0.347656 0.572266 0.347656 0.561523 0.344727 0.561523 0.338867
1 0.590820 0.359375 0.595703 0.367188 0.589844 0.373047 0.581055 0.366211 0.581055 0.359375
1 0.450195 0.386719 0.467773 0.394531 0.464844 0.402344 0.450195 0.402344 0.442383 0.391602
1 0.547852 0.405273 0.565430 0.406250 0.564453 0.414062 0.555664 0.416992 0.541992 0.413086
1 0.579102 0.404297 0.588867 0.403320 0.588867 0.413086 0.579102 0.413086
1 0.549805 0.430664 0.557617 0.437500 0.554688 0.450195 0.547852 0.455078 0.534180 0.448242 0.535156 0.435547
1 0.464844 0.422852 0.474609 0.431641 0.474609 0.431641 0.469727 0.439453 0.456055 0.437500 0.454102 0.424805
1 0.466797 0.437500 0.468750 0.448242 0.461914 0.452148 0.456055 0.443359
1 0.465820 0.478516 0.473633 0.493164 0.469727 0.503906 0.457031 0.504883 0.448242 0.496094 0.448242 0.496094 0.449219 0.482422
1 0.538086 0.484375 0.546875 0.487305 0.546875 0.487305 0.543945 0.497070 0.535156 0.495117
1 0.538086 0.496094 0.544922 0.503906 0.539062 0.514648 0.524414 0.514648 0.511719 0.507812 0.517578 0.499023 0.527344 0.493164
0 0.424805 0.401367 0.437500 0.400391 0.437500 0.400391 0.439453 0.416992 0.438477 0.431641 0.442383 0.437500 0.438477 0.454102 0.431641 0.462891 0.432617 0.485352 0.435547 0.495117 0.423828 0.503906 0.436523 0.509766 0.451172 0.511719 0.456055 0.522461 0.445312 0.523438 0.428711 0.523438 0.418945 0.518555 0.403320 0.517578 0.394531 0.513672 0.394531 0.504883 0.388672 0.500977 0.387695 0.488281 0.391602 0.479492 0.396484 0.485352 0.398438 0.500000 0.402344 0.499023 0.400391 0.485352 0.403320 0.475586 0.413086 0.478516 0.418945 0.475586 0.416992 0.465820 0.408203 0.460938 0.410156 0.453125 0.420898 0.451172 0.421875 0.442383 0.413086 0.442383 0.408203 0.432617 0.415039 0.418945 0.420898 0.404297
1 0.391602 0.517578 0.405273 0.523438 0.407227 0.533203 0.392578 0.531250
1 0.413086 0.525391 0.428711 0.526367 0.429688 0.537109 0.423828 0.541992 0.423828 0.541992 0.412109 0.537109
1 0.436523 0.530273 0.447266 0.532227 0.451172 0.539062 0.445312 0.545898 0.429688 0.542969
1 0.415039 0.547852 0.425781 0.552734 0.424805 0.562500 0.424805 0.562500 0.413086 0.561523
1 0.458008 0.556641 0.468750 0.558594 0.466797 0.567383 0.457031 0.565430
0 0.367188 0.560547 0.368164 0.566406 0.376953 0.571289 0.386719 0.575195 0.395508 0.577148 0.409180 0.581055 0.419922 0.582031 0.435547 0.583008 0.440430 0.590820 0.453125 0.592773 0.460938 0.589844 0.463867 0.581055 0.461914 0.571289 0.448242 0.573242 0.434570 0.571289 0.419922 0.569336 0.398438 0.562500 0.384766 0.561523
1 0.511719 0.540039 0.525391 0.540039 0.530273 0.549805 0.522461 0.553711 0.509766 0.548828
1 0.541016 0.528320 0.550781 0.534180 0.543945 0.541016 0.532227 0.539062
1 0.554688 0.538086 0.566406 0.541016 0.567383 0.541016 0.565430 0.547852 0.554688 0.545898 0.554688 0.545898
1 0.574219 0.540039 0.583008 0.543945 0.582031 0.547852 0.574219 0.546875
1 0.571289 0.555664 0.572266 0.567383 0.562500 0.572266 0.563477 0.557617
1 0.576172 0.560547 0.584961 0.564453 0.583984 0.576172 0.572266 0.576172 0.572266 0.576172 0.569336 0.571289
1 0.520508 0.572266 0.525391 0.581055 0.525391 0.581055 0.527344 0.590820 0.514648 0.592773 0.512695 0.580078
1 0.531250 0.579102 0.539062 0.584961 0.537109 0.592773 0.530273 0.590820 0.525391 0.583984
1 0.543945 0.578125 0.560547 0.575195 0.561523 0.583008 0.545898 0.585938
1 0.466797 0.661133 0.468750 0.667969 0.460938 0.669922 0.460938 0.660156
1 0.458984 0.677734 0.464844 0.678711 0.464844 0.687500 0.455078 0.684570
0 0.428711 0.625977 0.435547 0.631836 0.428711 0.641602 0.417969 0.637695 0.417969 0.627930
1 0.458984 0.690430 0.463867 0.692383 0.462891 0.698242 0.457031 0.697266
1 0.456055 0.707031 0.460938 0.710938 0.460938 0.718750 0.453125 0.716797
1 0.392578 0.694336 0.400391 0.695312 0.399414 0.705078 0.392578 0.703125 0.392578 0.703125
1 0.404297 0.713867 0.403320 0.722656 0.394531 0.721680 0.393555 0.712891
1 0.487305 0.664062 0.493164 0.666992 0.491211 0.674805 0.485352 0.671875 0.485352 0.671875
1 0.485352 0.675781 0.490234 0.677734 0.490234 0.684570 0.483398 0.684570
1 0.483398 0.690430 0.488281 0.692383 0.486328 0.700195 0.480469 0.697266
1 0.481445 0.707031 0.488281 0.709961 0.487305 0.717773 0.480469 0.715820
1 0.413086 0.730469 0.423828 0.729492 0.426758 0.738281 0.416992 0.740234
1 0.454102 0.734375 0.458984 0.738281 0.456055 0.743164 0.450195 0.738281
1 0.453125 0.747070 0.458984 0.752930 0.458984 0.759766 0.447266 0.758789 0.447266 0.750000
1 0.475586 0.735352 0.484375 0.735352 0.483398 0.742188 0.476562 0.742188
1 0.477539 0.750977 0.481445 0.753906 0.481445 0.760742 0.474609 0.757812
1 0.452148 0.764648 0.458008 0.775391 0.447266 0.777344 0.443359 0.769531
1 0.446289 0.780273 0.455078 0.780273 0.452148 0.788086 0.443359 0.787109
0 0.478516 0.770508 0.482422 0.770508 0.495117 0.768555 0.506836 0.770508 0.511719 0.755859 0.524414 0.750000 0.525391 0.743164 0.540039 0.746094 0.540039 0.753906 0.531250 0.753906 0.532227 0.759766 0.539062 0.765625 0.539062 0.776367 0.554688 0.779297 0.554688 0.779297 0.551758 0.791016 0.535156 0.786133 0.523438 0.786133 0.516602 0.792969 0.522461 0.800781 0.519531 0.810547 0.513672 0.811523 0.513672 0.811523 0.507812 0.804688 0.505859 0.794922 0.497070 0.797852 0.489258 0.799805 0.477539 0.793945 0.468750 0.784180 0.469727 0.772461
1 0.468750 0.797852 0.478516 0.799805 0.479492 0.809570 0.468750 0.807617
1 0.470703 0.817383 0.478516 0.817383 0.480469 0.827148 0.480469 0.827148 0.469727 0.828125 0.465820 0.823242
1 0.443359 0.819336 0.449219 0.821289 0.449219 0.821289 0.449219 0.829102 0.439453 0.826172
1 0.440430 0.838867 0.446289 0.838867 0.444336 0.846680 0.438477 0.845703
1 0.475586 0.841797 0.466797 0.839844 0.460938 0.846680 0.460938 0.846680 0.467773 0.852539 0.473633 0.853516
1 0.433594 0.858398 0.442383 0.860352 0.438477 0.865234 0.441406 0.874023 0.432617 0.875000
1 0.387695 0.882812 0.384766 0.893555 0.380859 0.892578 0.380859 0.883789
1 0.429688 0.898438 0.436523 0.897461 0.436523 0.903320 0.431641 0.903320
1 0.428711 0.916992 0.432617 0.925781 0.425781 0.930664 0.424805 0.925781
1 0.422852 0.934570 0.428711 0.935547 0.428711 0.942383 0.421875 0.942383
1 0.421875 0.953125 0.428711 0.958984 0.424805 0.963867 0.417969 0.959961
1 0.420898 0.966797 0.428711 0.968750 0.425781 0.979492 0.417969 0.977539
1 0.363281 0.945312 0.373047 0.942383 0.379883 0.952148 0.379883 0.952148 0.377930 0.959961 0.365234 0.961914 0.358398 0.951172
1 0.333984 0.989258 0.345703 0.994141 0.344727 1.000000 0.331055 0.998047
1 0.356445 0.982422 0.361328 0.984375 0.362305 0.991211 0.356445 0.990234 0.356445 0.991211
1 0.352539 0.974609 0.362305 0.973633 0.366211 0.979492 0.359375 0.981445 0.351562 0.978516
1 0.379883 0.981445 0.392578 0.978516 0.401367 0.987305 0.401367 0.987305 0.400391 0.999023 0.380859 0.999023 0.376953 0.986328
1 0.460938 0.864258 0.465820 0.863281 0.465820 0.871094 0.458984 0.870117
1 0.461914 0.872070 0.467773 0.875000 0.464844 0.884766 0.465820 0.884766 0.458984 0.881836
1 0.474609 0.862305 0.485352 0.863281 0.484375 0.872070 0.475586 0.870117
1 0.458008 0.886719 0.463867 0.889648 0.462891 0.894531 0.456055 0.893555
1 0.454102 0.908203 0.460938 0.909180 0.460938 0.909180 0.460938 0.916992 0.454102 0.915039
0 0.452148 0.927734 0.458008 0.929688 0.455078 0.943359 0.458984 0.950195 0.448242 0.949219 0.451172 0.934570
1 0.449219 0.956055 0.456055 0.957031 0.456055 0.960938 0.449219 0.961914
1 0.449219 0.962891 0.456055 0.963867 0.455078 0.970703 0.449219 0.970703
1 0.440430 0.986328 0.449219 0.985352 0.449219 0.992188 0.441406 0.992188
1 0.549805 0.909180 0.555664 0.919922 0.552734 0.929688 0.545898 0.930664 0.540039 0.926758 0.539062 0.914062
1 0.485352 0.884766 0.490234 0.891602 0.483398 0.897461 0.477539 0.888672
1 0.483398 0.898438 0.489258 0.900391 0.489258 0.904297 0.480469 0.904297
1 0.505859 0.909180 0.518555 0.907227 0.517578 0.916016 0.506836 0.916992
1 0.495117 0.895508 0.501953 0.899414 0.499023 0.904297 0.491211 0.902344
1 0.517578 0.895508 0.523438 0.898438 0.523438 0.903320 0.515625 0.902344
1 0.515625 0.857422 0.518555 0.875000 0.510742 0.880859 0.498047 0.879883 0.491211 0.869141 0.498047 0.859375
0 0.519531 0.849609 0.532227 0.842773 0.539062 0.854492 0.548828 0.863281 0.546875 0.870117 0.541992 0.873047 0.547852 0.880859 0.541992 0.884766 0.527344 0.877930 0.527344 0.877930 0.519531 0.862305
1 0.571289 0.872070 0.582031 0.872070 0.583008 0.881836 0.571289 0.880859 0.565430 0.875977
1 0.590820 0.916016 0.597656 0.915039 0.598633 0.921875 0.593750 0.924805
1 0.581055 0.922852 0.589844 0.921875 0.592773 0.928711 0.586914 0.933594 0.579102 0.928711 0.579102 0.928711
1 0.592773 0.931641 0.595703 0.935547 0.587891 0.942383 0.583008 0.935547 0.583008 0.935547
1 0.605469 0.936523 0.610352 0.948242 0.599609 0.946289 0.595703 0.939453
0 0.629883 0.957031 0.619141 0.963867 0.620117 0.971680 0.620117 0.971680 0.619141 0.989258 0.609375 0.992188 0.603516 0.989258 0.603516 0.989258 0.603516 0.974609 0.612305 0.968750 0.608398 0.958984 0.620117 0.953125
1 0.640625 0.997070 0.645508 0.988281 0.653320 0.990234 0.652344 1.000000
0 0.686523 0.930664 0.695312 0.932617 0.696289 0.922852 0.698242 0.911133 0.707031 0.911133 0.708984 0.922852 0.708008 0.934570 0.718750 0.937500 0.730469 0.938477 0.740234 0.941406 0.744141 0.948242 0.738281 0.953125 0.720703 0.950195 0.706055 0.945312 0.689453 0.943359 0.678711 0.938477
0 0.687500 0.875977 0.697266 0.881836 0.706055 0.881836 0.710938 0.883789 0.709961 0.890625 0.708008 0.902344 0.703125 0.900391 0.703125 0.901367 0.704102 0.888672 0.685547 0.883789
0 0.720703 0.899414 0.730469 0.895508 0.733398 0.901367 0.733398 0.901367 0.742188 0.893555 0.744141 0.904297 0.746094 0.912109 0.742188 0.918945 0.738281 0.925781 0.738281 0.925781 0.727539 0.922852 0.727539 0.922852 0.723633 0.911133 0.716797 0.906250
1 0.765625 0.920898 0.774414 0.929688 0.774414 0.929688 0.773438 0.938477 0.758789 0.939453 0.758789 0.939453 0.752930 0.929688 0.751953 0.920898 0.760742 0.916992
1 0.761719 0.948242 0.770508 0.948242 0.770508 0.954102 0.763672 0.953125
1 0.786133 0.955078 0.791016 0.957031 0.790039 0.963867 0.783203 0.961914
1 0.814453 0.946289 0.827148 0.942383 0.833008 0.950195 0.833008 0.957031 0.821289 0.960938 0.821289 0.960938 0.813477 0.955078
1 0.822266 0.977539 0.823242 0.987305 0.815430 0.990234 0.810547 0.981445 0.810547 0.981445
1 0.834961 0.954102 0.843750 0.959961 0.847656 0.972656 0.836914 0.976562 0.836914 0.977539 0.827148 0.967773 0.827148 0.958984
0 0.859375 0.929688 0.872070 0.931641 0.868164 0.940430 0.855469 0.949219 0.848633 0.953125 0.839844 0.947266 0.856445 0.939453
1 0.894531 0.921875 0.899414 0.931641 0.893555 0.934570 0.887695 0.924805
0 0.921875 0.914062 0.922852 0.928711 0.920898 0.935547 0.921875 0.935547 0.915039 0.937500 0.910156 0.928711 0.916016 0.913086
1 0.950195 0.895508 0.952148 0.902344 0.958008 0.907227 0.953125 0.912109 0.944336 0.911133 0.939453 0.900391
1 0.943359 0.864258 0.945312 0.873047 0.952148 0.880859 0.952148 0.880859 0.950195 0.886719 0.936523 0.882812 0.932617 0.870117
1 0.916016 0.867188 0.916016 0.874023 0.908203 0.874023 0.909180 0.865234
1 0.887695 0.882812 0.895508 0.886719 0.895508 0.895508 0.888672 0.892578
1 0.872070 0.864258 0.879883 0.864258 0.879883 0.870117 0.876953 0.878906 0.866211 0.877930
1 0.786133 0.898438 0.792969 0.898438 0.793945 0.905273 0.789062 0.904297
1 0.767578 0.875000 0.773438 0.873047 0.774414 0.877930 0.768555 0.879883
1 0.783203 0.861328 0.786133 0.870117 0.781250 0.873047 0.777344 0.864258
0 0.807617 0.878906 0.800781 0.890625 0.805664 0.903320 0.816406 0.910156 0.831055 0.911133 0.831055 0.911133 0.824219 0.919922 0.838867 0.916016 0.838867 0.916016 0.841797 0.907227 0.849609 0.903320 0.854492 0.891602 0.852539 0.884766 0.841797 0.875000 0.834961 0.861328 0.830078 0.850586 0.821289 0.842773 0.826172 0.831055 0.824219 0.820312 0.814453 0.816406 0.815430 0.802734 0.808594 0.793945 0.793945 0.788086 0.782227 0.788086 0.781250 0.801758 0.791016 0.805664 0.790039 0.811523 0.788086 0.824219 0.788086 0.825195 0.789062 0.841797 0.794922 0.853516 0.806641 0.853516 0.808594 0.862305
1 0.916016 0.812500 0.922852 0.813477 0.921875 0.819336 0.915039 0.818359
1 0.916992 0.796875 0.924805 0.798828 0.922852 0.806641 0.915039 0.802734 0.915039 0.802734
1 0.892578 0.809570 0.898438 0.809570 0.898438 0.816406 0.892578 0.815430
1 0.835938 0.831055 0.844727 0.837891 0.839844 0.847656 0.839844 0.847656 0.831055 0.842773
1 0.772461 0.805664 0.779297 0.806641 0.779297 0.811523 0.775391 0.811523
1 0.767578 0.806641 0.767578 0.815430 0.763672 0.820312 0.758789 0.813477 0.760742 0.804688
1 0.773438 0.770508 0.784180 0.770508 0.785156 0.778320 0.773438 0.779297
1 0.753906 0.783203 0.759766 0.784180 0.758789 0.790039 0.752930 0.789062
1 0.736328 0.785156 0.747070 0.785156 0.747070 0.791992 0.733398 0.792969
1 0.703125 0.834961 0.708984 0.848633 0.704102 0.850586 0.694336 0.844727 0.696289 0.834961
1 0.682617 0.843750 0.689453 0.846680 0.691406 0.865234 0.683594 0.870117 0.677734 0.855469
0 0.531250 0.797852 0.540039 0.802734 0.551758 0.799805 0.557617 0.797852 0.567383 0.792969 0.581055 0.793945 0.584961 0.802734 0.593750 0.797852 0.606445 0.795898 0.609375 0.789062 0.618164 0.776367 0.627930 0.764648 0.630859 0.768555 0.626953 0.772461 0.630859 0.782227 0.630859 0.789062 0.622070 0.798828 0.615234 0.810547 0.617188 0.817383 0.611328 0.825195 0.616211 0.827148 0.624023 0.828125 0.630859 0.833008 0.640625 0.833008 0.647461 0.826172 0.653320 0.828125 0.653320 0.829102 0.653320 0.836914 0.644531 0.846680 0.628906 0.849609 0.616211 0.842773 0.610352 0.835938 0.599609 0.840820 0.585938 0.845703 0.565430 0.844727 0.544922 0.840820 0.533203 0.838867 0.525391 0.830078 0.529297 0.817383 0.530273 0.809570 0.524414 0.802734
1 0.627930 0.813477 0.630859 0.820312 0.623047 0.826172 0.621094 0.817383
1 0.660156 0.829102 0.666016 0.833008 0.665039 0.836914 0.659180 0.834961
1 0.653320 0.773438 0.660156 0.774414 0.662109 0.782227 0.653320 0.783203
1 0.645508 0.788086 0.654297 0.790039 0.650391 0.796875 0.644531 0.793945
1 0.642578 0.815430 0.648438 0.816406 0.648438 0.822266 0.640625 0.821289
1 0.650391 0.819336 0.656250 0.820312 0.656250 0.827148 0.650391 0.826172
1 0.665039 0.808594 0.673828 0.808594 0.670898 0.817383 0.663086 0.815430
1 0.676758 0.825195 0.682617 0.825195 0.682617 0.830078 0.678711 0.831055
1 0.497070 0.755859 0.502930 0.756836 0.503906 0.764648 0.497070 0.766602
1 0.502930 0.729492 0.510742 0.725586 0.512695 0.733398 0.503906 0.736328
1 0.537109 0.717773 0.546875 0.719727 0.545898 0.725586 0.538086 0.724609
0 0.584961 0.726562 0.601562 0.730469 0.606445 0.740234 0.602539 0.754883 0.587891 0.754883 0.574219 0.750977 0.582031 0.738281
1 0.629883 0.725586 0.639648 0.729492 0.636719 0.739258 0.628906 0.736328
1 0.616211 0.697266 0.624023 0.698242 0.629883 0.707031 0.623047 0.709961 0.618164 0.705078
1 0.636719 0.688477 0.642578 0.690430 0.642578 0.701172 0.635742 0.707031 0.632812 0.701172
1 0.530273 0.698242 0.535156 0.700195 0.535156 0.705078 0.530273 0.704102
0 0.531250 0.684570 0.542969 0.686523 0.547852 0.692383 0.551758 0.696289 0.547852 0.698242 0.532227 0.695312
1 0.553711 0.705078 0.551758 0.709961 0.544922 0.708008 0.546875 0.702148
1 0.561523 0.719727 0.568359 0.720703 0.568359 0.720703 0.567383 0.729492 0.560547 0.727539
1 0.466797 0.650391 0.466797 0.659180 0.459961 0.657227 0.459961 0.652344
1 0.562500 0.629883 0.571289 0.635742 0.568359 0.642578 0.556641 0.637695
0 0.557617 0.642578 0.572266 0.650391 0.572266 0.665039 0.569336 0.678711 0.576172 0.686523 0.573242 0.693359 0.573242 0.693359 0.565430 0.688477 0.560547 0.678711 0.549805 0.677734 0.542969 0.672852 0.537109 0.661133 0.537109 0.661133 0.542969 0.656250 0.546875 0.645508
0 0.609375 0.641602 0.623047 0.641602 0.626953 0.651367 0.624023 0.663086 0.614258 0.664062 0.602539 0.658203 0.604492 0.648438
1 0.597656 0.668945 0.602539 0.677734 0.596680 0.681641 0.587891 0.674805
1 0.569336 0.607422 0.570312 0.618164 0.565430 0.623047 0.565430 0.623047 0.561523 0.611328 0.561523 0.611328
1 0.576172 0.620117 0.584961 0.620117 0.588867 0.627930 0.583008 0.634766 0.575195 0.630859
0 0.591797 0.595703 0.611328 0.589844 0.625000 0.589844 0.624023 0.601562 0.630859 0.608398 0.630859 0.625000 0.625000 0.629883 0.617188 0.622070 0.607422 0.620117 0.598633 0.617188 0.600586 0.606445 0.591797 0.605469 0.587891 0.599609
1 0.666016 0.679688 0.675781 0.682617 0.673828 0.689453 0.665039 0.686523
1 0.670898 0.666992 0.676758 0.666992 0.677734 0.674805 0.677734 0.674805 0.672852 0.678711 0.666016 0.673828
0 0.647461 0.573242 0.652344 0.578125 0.663086 0.577148 0.666016 0.583008 0.666992 0.591797 0.676758 0.595703 0.688477 0.596680 0.700195 0.608398 0.695312 0.615234 0.683594 0.608398 0.669922 0.609375 0.659180 0.605469 0.658203 0.597656 0.651367 0.596680 0.641602 0.592773 0.633789 0.581055 0.637695 0.573242
1 0.514648 0.647461 0.523438 0.644531 0.524414 0.653320 0.517578 0.657227
1 0.709961 0.623047 0.714844 0.628906 0.714844 0.633789 0.704102 0.633789 0.701172 0.627930
0 0.701172 0.666016 0.709961 0.669922 0.719727 0.670898 0.726562 0.663086 0.729492 0.662109 0.730469 0.649414 0.738281 0.647461 0.743164 0.659180 0.742188 0.666992 0.740234 0.677734 0.730469 0.681641 0.714844 0.678711 0.704102 0.678711 0.703125 0.691406 0.705078 0.698242 0.701172 0.707031 0.687500 0.702148 0.687500 0.703125 0.687500 0.690430 0.693359 0.679688 0.693359 0.666992
1 0.726562 0.691406 0.732422 0.698242 0.730469 0.711914 0.715820 0.709961 0.715820 0.709961 0.712891 0.698242
0 0.733398 0.624023 0.745117 0.623047 0.750000 0.630859 0.750000 0.639648 0.749023 0.650391 0.756836 0.652344 0.764648 0.658203 0.758789 0.664062 0.749023 0.661133 0.742188 0.650391 0.736328 0.643555 0.732422 0.634766 0.724609 0.626953
1 0.750000 0.593750 0.756836 0.596680 0.756836 0.601562 0.750977 0.601562
1 0.765625 0.607422 0.774414 0.607422 0.781250 0.614258 0.779297 0.617188 0.768555 0.619141
1 0.768555 0.654297 0.777344 0.658203 0.777344 0.670898 0.767578 0.667969 0.764648 0.661133
1 0.788086 0.661133 0.794922 0.660156 0.796875 0.668945 0.791992 0.669922
1 0.774414 0.623047 0.783203 0.623047 0.783203 0.631836 0.773438 0.629883
1 0.779297 0.639648 0.788086 0.635742 0.794922 0.640625 0.792969 0.647461 0.782227 0.647461
1 0.795898 0.741211 0.804688 0.734375 0.809570 0.740234 0.806641 0.746094
1 0.791016 0.743164 0.793945 0.750000 0.788086 0.752930 0.784180 0.746094
0 0.817383 0.719727 0.824219 0.724609 0.831055 0.725586 0.828125 0.731445 0.812500 0.731445 0.808594 0.724609
1 0.805664 0.589844 0.814453 0.589844 0.814453 0.598633 0.806641 0.600586 0.803711 0.594727
1 0.827148 0.609375 0.834961 0.612305 0.836914 0.626953 0.832031 0.627930 0.827148 0.625000 0.820312 0.622070 0.820312 0.616211
1 0.814453 0.639648 0.824219 0.641602 0.824219 0.641602 0.823242 0.650391 0.815430 0.648438
1 0.790039 0.633789 0.799805 0.632812 0.799805 0.632812 0.798828 0.641602 0.791992 0.638672
1 0.836914 0.630859 0.836914 0.643555 0.832031 0.648438 0.826172 0.642578 0.827148 0.632812
1 0.970703 0.771484 0.970703 0.779297 0.964844 0.779297 0.963867 0.773438
0 0.830078 0.741211 0.838867 0.745117 0.847656 0.750977 0.863281 0.751953 0.869141 0.743164 0.878906 0.741211 0.877930 0.751953 0.877930 0.761719 0.875000 0.768555 0.875000 0.775391 0.875000 0.776367 0.867188 0.775391 0.865234 0.766602 0.865234 0.766602 0.856445 0.760742 0.844727 0.756836 0.834961 0.756836 0.825195 0.749023
1 0.943359 0.778320 0.950195 0.781250 0.946289 0.788086 0.939453 0.785156
1 0.957031 0.755859 0.966797 0.758789 0.965820 0.766602 0.958984 0.767578 0.953125 0.761719
1 0.955078 0.743164 0.958984 0.746094 0.958008 0.752930 0.950195 0.749023
0 0.929688 0.740234 0.916992 0.740234 0.909180 0.747070 0.908203 0.757812 0.911133 0.767578 0.920898 0.773438 0.929688 0.771484 0.928711 0.764648 0.920898 0.760742 0.914062 0.753906 0.914062 0.753906 0.920898 0.748047 0.927734 0.750000
1 0.970703 0.750977 0.977539 0.750977 0.979492 0.756836 0.972656 0.760742
1 0.842773 0.717773 0.853516 0.715820 0.853516 0.723633 0.853516 0.723633 0.848633 0.731445 0.842773 0.734375 0.839844 0.724609 0.839844 0.724609
0 0.827148 0.692383 0.833984 0.696289 0.842773 0.696289 0.848633 0.692383 0.857422 0.688477 0.857422 0.688477 0.859375 0.680664 0.850586 0.679688 0.843750 0.674805 0.833008 0.675781 0.825195 0.671875 0.829102 0.663086 0.832031 0.665039 0.833008 0.668945 0.842773 0.669922 0.853516 0.669922 0.863281 0.666992 0.866211 0.657227 0.875000 0.651367 0.876953 0.658203 0.876953 0.667969 0.889648 0.672852 0.889648 0.677734 0.873047 0.677734 0.870117 0.690430 0.878906 0.698242 0.878906 0.706055 0.867188 0.706055 0.858398 0.703125 0.854492 0.693359 0.854492 0.694336 0.847656 0.702148 0.836914 0.705078 0.825195 0.708008 0.821289 0.698242
1 0.844727 0.647461 0.852539 0.647461 0.858398 0.652344 0.856445 0.660156 0.851562 0.658203 0.847656 0.652344
1 0.910156 0.690430 0.908203 0.704102 0.896484 0.708008 0.891602 0.701172 0.899414 0.687500
1 0.912109 0.704102 0.921875 0.703125 0.920898 0.710938 0.912109 0.709961
1 0.932617 0.698242 0.940430 0.702148 0.940430 0.709961 0.930664 0.709961 0.928711 0.705078
1 0.950195 0.674805 0.957031 0.679688 0.959961 0.686523 0.957031 0.689453 0.949219 0.684570
1 0.913086 0.647461 0.922852 0.644531 0.929688 0.654297 0.936523 0.664062 0.936523 0.675781 0.929688 0.678711 0.924805 0.666992 0.913086 0.663086 0.909180 0.656250
1 0.865234 0.629883 0.874023 0.630859 0.874023 0.638672 0.866211 0.637695
1 0.897461 0.633789 0.907227 0.633789 0.907227 0.634766 0.907227 0.642578 0.899414 0.642578
1 0.886719 0.634766 0.892578 0.635742 0.891602 0.641602 0.886719 0.641602
1 0.896484 0.602539 0.904297 0.604492 0.906250 0.612305 0.896484 0.615234 0.894531 0.609375
1 0.876953 0.564453 0.879883 0.571289 0.876953 0.580078 0.867188 0.576172 0.867188 0.567383
1 0.861328 0.617188 0.854492 0.625977 0.850586 0.616211 0.856445 0.612305
1 0.738281 0.536133 0.744141 0.547852 0.741211 0.550781 0.730469 0.544922 0.731445 0.545898
0 0.558594 0.513672 0.554688 0.500977 0.563477 0.489258 0.564453 0.474609 0.562500 0.462891 0.566406 0.442383 0.572266 0.426758 0.580078 0.420898 0.589844 0.427734 0.585938 0.439453 0.581055 0.452148 0.576172 0.487305 0.574219 0.510742 0.572266 0.529297 0.565430 0.535156 0.553711 0.528320
1 0.589844 0.524414 0.600586 0.525391 0.601562 0.534180 0.588867 0.536133
1 0.589844 0.472656 0.597656 0.475586 0.597656 0.488281 0.586914 0.490234 0.584961 0.479492
1 0.604492 0.479492 0.613281 0.480469 0.615234 0.488281 0.607422 0.492188
0 0.609375 0.530273 0.605469 0.521484 0.605469 0.521484 0.615234 0.522461 0.625000 0.517578 0.640625 0.525391 0.652344 0.536133 0.648438 0.546875 0.653320 0.558594 0.650391 0.567383 0.638672 0.564453 0.629883 0.560547 0.620117 0.563477 0.615234 0.570312 0.601562 0.572266 0.587891 0.577148 0.587891 0.577148 0.587891 0.563477 0.601562 0.559570 0.615234 0.553711 0.605469 0.541016
1 0.638672 0.493164 0.639648 0.504883 0.627930 0.506836 0.627930 0.495117 0.634766 0.491211
1 0.648438 0.487305 0.662109 0.484375 0.666016 0.492188 0.661133 0.500000 0.647461 0.498047
1 0.666992 0.488281 0.674805 0.491211 0.674805 0.500000 0.668945 0.500000 0.665039 0.495117
1 0.685547 0.500977 0.696289 0.502930 0.696289 0.511719 0.688477 0.511719
1 0.654297 0.500977 0.672852 0.500977 0.674805 0.516602 0.667969 0.523438 0.653320 0.521484 0.650391 0.510742
1 0.699219 0.529297 0.707031 0.535156 0.707031 0.543945 0.696289 0.541016 0.696289 0.541016 0.693359 0.533203
1 0.721680 0.497070 0.726562 0.512695 0.718750 0.519531 0.709961 0.515625 0.709961 0.501953
1 0.718750 0.482422 0.724609 0.490234 0.718750 0.493164 0.712891 0.488281
1 0.685547 0.466797 0.690430 0.476562 0.685547 0.485352 0.674805 0.479492 0.674805 0.480469 0.673828 0.468750
1 0.786133 0.490234 0.775391 0.500000 0.763672 0.501953 0.763672 0.501953 0.763672 0.492188 0.773438 0.487305
0 0.800781 0.491211 0.799805 0.501953 0.791016 0.514648 0.791016 0.515625 0.785156 0.521484 0.774414 0.520508 0.764648 0.511719 0.771484 0.503906 0.781250 0.503906 0.788086 0.494141
1 0.812500 0.520508 0.819336 0.521484 0.819336 0.527344 0.813477 0.526367
1 0.832031 0.524414 0.839844 0.529297 0.837891 0.535156 0.829102 0.530273
1 0.849609 0.528320 0.858398 0.532227 0.858398 0.532227 0.856445 0.538086 0.843750 0.535156
1 0.866211 0.531250 0.875000 0.531250 0.875000 0.541016 0.866211 0.540039
1 0.891602 0.519531 0.900391 0.516602 0.901367 0.516602 0.905273 0.523438 0.906250 0.523438 0.902344 0.531250 0.890625 0.528320
0 0.913086 0.462891 0.921875 0.467773 0.926758 0.480469 0.925781 0.497070 0.921875 0.512695 0.918945 0.519531 0.910156 0.520508 0.906250 0.513672 0.908203 0.508789 0.907227 0.498047 0.913086 0.485352 0.909180 0.472656
1 0.955078 0.497070 0.967773 0.497070 0.964844 0.511719 0.956055 0.510742 0.951172 0.502930
1 0.967773 0.460938 0.976562 0.465820 0.974609 0.479492 0.961914 0.481445 0.958008 0.474609
0 0.929688 0.500977 0.936523 0.499023 0.936523 0.499023 0.940430 0.510742 0.940430 0.511719 0.945312 0.514648 0.956055 0.513672 0.970703 0.513672 0.980469 0.519531 0.990234 0.510742 1.000000 0.503906 1.000000 0.541992 0.982422 0.540039 0.966797 0.534180 0.959961 0.541016 0.943359 0.538086 0.941406 0.533203 0.931641 0.527344 0.927734 0.514648
1 0.968750 0.444336 0.986328 0.440430 0.991211 0.458008 0.978516 0.464844 0.978516 0.464844 0.967773 0.458984
1 0.997070 0.458984 0.981445 0.464844 0.985352 0.477539 0.985352 0.477539 0.995117 0.478516 1.000000 0.476562
1 0.975586 0.472656 0.985352 0.481445 0.979492 0.489258 0.966797 0.488281 0.966797 0.489258 0.964844 0.480469
0 0.937500 0.441406 0.945312 0.440430 0.949219 0.448242 0.946289 0.459961 0.945312 0.477539 0.942383 0.491211 0.936523 0.495117 0.929688 0.490234 0.930664 0.482422 0.933594 0.465820 0.937500 0.460938 0.935547 0.450195
0 0.813477 0.430664 0.813477 0.442383 0.811523 0.458984 0.810547 0.476562 0.804688 0.484375 0.802734 0.473633 0.803711 0.463867 0.808594 0.444336 0.808594 0.428711
1 0.622070 0.437500 0.620117 0.448242 0.606445 0.450195 0.606445 0.450195 0.605469 0.437500
1 0.652344 0.462891 0.665039 0.465820 0.669922 0.474609 0.666992 0.478516 0.655273 0.474609
0 0.654297 0.414062 0.666016 0.414062 0.670898 0.403320 0.680664 0.402344 0.685547 0.411133 0.680664 0.431641 0.673828 0.439453 0.663086 0.435547 0.663086 0.435547 0.658203 0.428711 0.650391 0.422852
0 0.740234 0.332031 0.756836 0.331055 0.784180 0.334961 0.794922 0.347656 0.792969 0.367188 0.791016 0.373047 0.752930 0.370117 0.753906 0.370117 0.751953 0.381836 0.770508 0.384766 0.773438 0.375977 0.790039 0.377930 0.788086 0.397461 0.786133 0.416016 0.783203 0.429688 0.782227 0.452148 0.783203 0.468750 0.774414 0.483398 0.752930 0.483398 0.752930 0.483398 0.731445 0.480469 0.717773 0.468750 0.712891 0.444336 0.712891 0.429688 0.717773 0.413086 0.718750 0.388672 0.726562 0.368164 0.721680 0.357422 0.731445 0.343750
1 0.833984 0.434570 0.846680 0.437500 0.843750 0.453125 0.832031 0.453125
1 0.875000 0.452148 0.887695 0.454102 0.886719 0.465820 0.877930 0.466797 0.874023 0.458008
1 0.641602 0.376953 0.650391 0.375000 0.656250 0.381836 0.649414 0.387695 0.640625 0.383789
1 0.670898 0.372070 0.680664 0.375000 0.680664 0.381836 0.671875 0.381836
1 0.851562 0.434570 0.857422 0.437500 0.857422 0.446289 0.849609 0.445312
1 0.858398 0.436523 0.868164 0.435547 0.868164 0.444336 0.862305 0.445312
0 0.874023 0.437500 0.877930 0.446289 0.889648 0.452148 0.902344 0.452148 0.908203 0.454102 0.922852 0.456055 0.930664 0.451172 0.933594 0.441406 0.932617 0.427734 0.936523 0.421875 0.934570 0.410156 0.937500 0.395508 0.937500 0.395508 0.931641 0.388672 0.922852 0.376953 0.910156 0.374023 0.897461 0.370117 0.885742 0.371094 0.876953 0.380859 0.872070 0.391602 0.871094 0.406250 0.868164 0.419922 0.873047 0.425781
1 0.941406 0.431641 0.948242 0.432617 0.948242 0.441406 0.939453 0.439453
1 0.946289 0.403320 0.951172 0.405273 0.951172 0.417969 0.942383 0.418945 0.939453 0.412109
1 0.945312 0.387695 0.955078 0.383789 0.956055 0.395508 0.951172 0.401367 0.943359 0.394531
1 0.946289 0.367188 0.956055 0.370117 0.956055 0.379883 0.948242 0.378906
0 0.949219 0.355469 0.956055 0.364258 0.969727 0.364258 0.976562 0.370117 1.000000 0.372070 1.000000 0.274414 0.989258 0.279297 0.977539 0.282227 0.968750 0.296875 0.961914 0.310547 0.956055 0.321289 0.954102 0.332031
0 0.894531 0.260742 0.908203 0.263672 0.920898 0.265625 0.920898 0.265625 0.936523 0.265625 0.942383 0.270508 0.942383 0.280273 0.949219 0.288086 0.947266 0.295898 0.940430 0.297852 0.940430 0.303711 0.949219 0.306641 0.951172 0.318359 0.944336 0.332031 0.941406 0.341797 0.943359 0.348633 0.941406 0.363281 0.939453 0.380859 0.928711 0.380859 0.917969 0.375000 0.900391 0.370117 0.882812 0.371094 0.872070 0.365234 0.865234 0.353516 0.867188 0.345703 0.874023 0.339844 0.874023 0.325195 0.876953 0.314453 0.890625 0.315430 0.893555 0.306641 0.883789 0.303711 0.879883 0.293945 0.879883 0.278320 0.869141 0.281250 0.852539 0.280273 0.848633 0.268555 0.864258 0.265625 0.872070 0.256836 0.883789 0.258789
1 0.639648 0.280273 0.655273 0.276367 0.663086 0.289062 0.655273 0.299805 0.639648 0.293945
1 0.660156 0.246094 0.673828 0.245117 0.673828 0.246094 0.674805 0.261719 0.663086 0.260742
1 0.659180 0.263672 0.670898 0.265625 0.669922 0.275391 0.663086 0.279297 0.657227 0.272461 0.658203 0.272461
1 0.684570 0.250000 0.698242 0.255859 0.698242 0.269531 0.682617 0.268555 0.683594 0.268555 0.679688 0.257812 0.679688 0.257812
1 0.674805 0.267578 0.690430 0.271484 0.691406 0.284180 0.680664 0.287109 0.669922 0.281250 0.670898 0.281250
1 0.702148 0.308594 0.709961 0.310547 0.709961 0.310547 0.708008 0.317383 0.701172 0.316406
0 0.616211 0.302734 0.624023 0.307617 0.623047 0.326172 0.624023 0.332031 0.634766 0.334961 0.633789 0.342773 0.624023 0.343750 0.626953 0.348633 0.649414 0.350586 0.668945 0.352539 0.682617 0.354492 0.685547 0.341797 0.693359 0.333984 0.698242 0.341797 0.698242 0.356445 0.694336 0.368164 0.680664 0.364258 0.658203 0.361328 0.637695 0.361328 0.615234 0.356445 0.609375 0.345703 0.611328 0.333008 0.612305 0.312500
0 0.746094 0.235352 0.761719 0.234375 0.778320 0.240234 0.797852 0.242188 0.809570 0.247070 0.824219 0.247070 0.833984 0.257812 0.833008 0.268555 0.826172 0.270508 0.814453 0.259766 0.799805 0.254883 0.794922 0.267578 0.790039 0.284180 0.790039 0.294922 0.796875 0.303711 0.796875 0.313477 0.812500 0.314453 0.833008 0.317383 0.850586 0.320312 0.861328 0.325195 0.864258 0.333984 0.862305 0.340820 0.843750 0.339844 0.821289 0.335938 0.811523 0.328125 0.795898 0.324219 0.782227 0.321289 0.772461 0.314453 0.767578 0.298828 0.774414 0.286133 0.782227 0.273438 0.780273 0.255859 0.767578 0.253906 0.752930 0.245117 0.750977 0.261719 0.747070 0.269531 0.739258 0.264648 0.741211 0.244141
1 0.807617 0.267578 0.819336 0.274414 0.817383 0.287109 0.804688 0.288086 0.798828 0.276367
0 0.667969 0.076172 0.672852 0.091797 0.671875 0.100586 0.684570 0.093750 0.703125 0.098633 0.707031 0.107422 0.720703 0.116211 0.728516 0.134766 0.727539 0.154297 0.727539 0.154297 0.732422 0.166016 0.731445 0.185547 0.749023 0.182617 0.763672 0.193359 0.777344 0.202148 0.782227 0.213867 0.768555 0.215820 0.750977 0.211914 0.738281 0.212891 0.723633 0.219727 0.723633 0.219727 0.723633 0.227539 0.710938 0.220703 0.708008 0.238281 0.696289 0.235352 0.696289 0.235352 0.697266 0.217773 0.678711 0.213867 0.682617 0.195312 0.672852 0.182617 0.664062 0.187500 0.648438 0.186523 0.634766 0.176758 0.635742 0.152344 0.645508 0.143555 0.662109 0.140625 0.666016 0.127930 0.644531 0.130859 0.645508 0.113281 0.640625 0.097656 0.654297 0.092773 0.655273 0.079102
1 0.659180 0.193359 0.666992 0.192383 0.673828 0.199219 0.675781 0.210938 0.662109 0.210938 0.662109 0.210938 0.658203 0.202148
1 0.953125 0.245117 0.962891 0.249023 0.962891 0.257812 0.950195 0.257812
1 0.961914 0.264648 0.969727 0.271484 0.967773 0.285156 0.958008 0.286133 0.952148 0.275391
1 0.977539 0.256836 0.986328 0.257812 0.988281 0.266602 0.979492 0.270508 0.973633 0.264648
0 0.850586 0.167969 0.864258 0.166016 0.874023 0.177734 0.871094 0.189453 0.873047 0.202148 0.868164 0.220703 0.868164 0.220703 0.849609 0.219727 0.842773 0.207031 0.843750 0.207031 0.846680 0.190430 0.844727 0.177734 0.844727 0.177734
1 0.850586 0.223633 0.858398 0.226562 0.857422 0.234375 0.850586 0.232422
0 0.889648 0.244141 0.886719 0.254883 0.870117 0.251953 0.862305 0.250977 0.867188 0.242188 0.878906 0.243164
1 0.941406 0.243164 0.950195 0.245117 0.949219 0.252930 0.941406 0.251953
1 0.749023 0.218750 0.750000 0.230469 0.740234 0.231445 0.736328 0.217773 0.741211 0.213867
0 0.817383 0.230469 0.826172 0.234375 0.823242 0.243164 0.814453 0.240234 0.802734 0.236328 0.794922 0.232422 0.787109 0.234375 0.776367 0.230469 0.779297 0.223633 0.787109 0.218750 0.787109 0.207031 0.779297 0.204102 0.774414 0.197266 0.773438 0.183594 0.782227 0.177734 0.791016 0.179688 0.791016 0.166016 0.781250 0.163086 0.779297 0.146484 0.792969 0.148438 0.792969 0.148438 0.799805 0.135742 0.786133 0.128906 0.770508 0.122070 0.757812 0.122070 0.741211 0.119141 0.742188 0.104492 0.742188 0.104492 0.754883 0.103516 0.771484 0.106445 0.782227 0.110352 0.796875 0.113281 0.809570 0.125977 0.810547 0.140625 0.808594 0.160156 0.802734 0.181641 0.795898 0.209961 0.796875 0.219727 0.796875 0.219727 0.805664 0.224609
1 0.720703 0.098633 0.729492 0.098633 0.732422 0.109375 0.721680 0.110352
1 0.684570 0.070312 0.690430 0.073242 0.687500 0.080078 0.680664 0.076172
1 0.698242 0.071289 0.711914 0.075195 0.713867 0.089844 0.702148 0.095703 0.688477 0.089844 0.688477 0.089844 0.689453 0.077148 0.689453 0.077148
1 0.745117 0.082031 0.760742 0.082031 0.765625 0.092773 0.757812 0.095703 0.757812 0.095703 0.745117 0.092773
1 0.785156 0.089844 0.793945 0.101562 0.793945 0.101562 0.791992 0.108398 0.782227 0.105469 0.779297 0.093750 0.779297 0.093750
1 0.810547 0.093750 0.820312 0.106445 0.820312 0.107422 0.818359 0.114258 0.803711 0.113281 0.801758 0.101562
0 0.832031 0.099609 0.839844 0.091797 0.853516 0.095703 0.873047 0.092773 0.879883 0.103516 0.876953 0.118164 0.859375 0.121094 0.842773 0.119141 0.829102 0.114258 0.824219 0.105469
0 0.811523 0.119141 0.828125 0.120117 0.838867 0.125000 0.838867 0.125000 0.849609 0.122070 0.858398 0.126953 0.859375 0.126953 0.871094 0.124023 0.877930 0.133789 0.869141 0.140625 0.867188 0.155273 0.865234 0.163086 0.855469 0.163086 0.846680 0.144531 0.837891 0.145508 0.833008 0.134766 0.823242 0.135742 0.814453 0.131836
0 0.934570 0.092773 0.939453 0.110352 0.935547 0.130859 0.935547 0.130859 0.917969 0.132812 0.903320 0.126953 0.907227 0.113281 0.922852 0.109375 0.921875 0.096680
1 0.688477 0.000977 0.691406 0.006836 0.700195 0.010742 0.708008 0.007812 0.706055 0.000000
1 0.700195 0.011719 0.702148 0.024414 0.694336 0.030273 0.685547 0.025391 0.685547 0.009766 0.685547 0.009766
1 0.717773 0.034180 0.721680 0.039062 0.721680 0.047852 0.714844 0.044922
1 0.779297 0.040039 0.792969 0.041016 0.794922 0.052734 0.788086 0.056641 0.777344 0.053711
1 0.833008 0.020508 0.847656 0.025391 0.846680 0.035156 0.835938 0.036133 0.829102 0.028320
1 0.845703 0.040039 0.852539 0.042969 0.851562 0.055664 0.846680 0.054688 0.837891 0.047852 0.837891 0.047852
1 0.876953 0.001953 0.892578 0.005859 0.892578 0.005859 0.891602 0.016602 0.880859 0.016602 0.874023 0.008789
1 0.903320 0.019531 0.916016 0.025391 0.912109 0.032227 0.899414 0.032227 0.897461 0.023438
1 0.910156 0.034180 0.916992 0.040039 0.916992 0.040039 0.912109 0.044922 0.905273 0.041992 0.903320 0.035156
1 0.930664 0.041016 0.945312 0.046875 0.940430 0.061523 0.928711 0.069336 0.916016 0.066406 0.916992 0.051758