1 0.058594 0.133789 0.052734 0.125000 0.051758 0.118164 0.055664 0.114258 0.060547 0.112305 0.065430 0.113281 0.069336 0.117188 0.070312 0.122070 0.070312 0.126953 0.066406 0.130859
1 0.091797 0.061523 0.084961 0.056641 0.089844 0.053711 0.094727 0.051758 0.097656 0.056641
0 0.121094 0.132812 0.114258 0.125977 0.111328 0.121094 0.109375 0.116211 0.110352 0.110352 0.112305 0.104492 0.119141 0.098633 0.128906 0.100586 0.130859 0.105469 0.130859 0.110352 0.128906 0.116211 0.126953 0.122070 0.125977 0.126953
0 0.240234 0.823242 0.233398 0.825195 0.228516 0.824219 0.225586 0.820312 0.225586 0.814453 0.231445 0.808594 0.236328 0.808594 0.246094 0.810547 0.247070 0.815430 0.248047 0.820312 0.251953 0.824219 0.251953 0.829102 0.252930 0.845703 0.252930 0.850586 0.248047 0.852539 0.243164 0.851562 0.240234 0.847656 0.240234 0.842773 0.242188 0.837891 0.241211 0.833008 0.239258 0.828125
1 0.092773 0.780273 0.083008 0.783203 0.078125 0.783203 0.078125 0.778320 0.081055 0.773438 0.085938 0.772461 0.090820 0.773438
1 0.039062 0.802734 0.034180 0.797852 0.034180 0.792969 0.039062 0.787109 0.041016 0.791992 0.043945 0.798828
0 0.172852 0.718750 0.165039 0.715820 0.164062 0.710938 0.164062 0.705078 0.167969 0.701172 0.169922 0.696289 0.173828 0.692383 0.179688 0.690430 0.172852 0.702148 0.175781 0.706055 0.177734 0.715820
1 0.264648 0.754883 0.258789 0.752930 0.261719 0.749023 0.266602 0.747070 0.270508 0.751953
1 0.270508 0.730469 0.263672 0.724609 0.273438 0.722656 0.275391 0.727539
1 0.272461 0.704102 0.266602 0.697266 0.267578 0.692383 0.271484 0.689453 0.275391 0.693359 0.280273 0.695312 0.283203 0.699219 0.281250 0.704102
1 0.276367 0.687500 0.270508 0.684570 0.271484 0.679688 0.275391 0.675781 0.280273 0.675781 0.285156 0.676758 0.285156 0.682617
1 0.283203 0.665039 0.276367 0.665039 0.278320 0.660156 0.281250 0.655273 0.286133 0.657227 0.288086 0.662109
1 0.289062 0.647461 0.282227 0.646484 0.284180 0.641602 0.288086 0.637695 0.293945 0.639648 0.293945 0.644531
1 0.291016 0.628906 0.285156 0.625977 0.286133 0.621094 0.290039 0.617188 0.294922 0.614258 0.298828 0.618164 0.298828 0.623047 0.295898 0.626953
0 0.233398 0.570312 0.225586 0.568359 0.228516 0.563477 0.231445 0.559570 0.233398 0.553711 0.234375 0.548828 0.234375 0.543945 0.236328 0.539062 0.240234 0.528320 0.244141 0.532227 0.244141 0.538086 0.243164 0.542969 0.241211 0.549805 0.239258 0.559570 0.236328 0.565430
0 0.246094 0.517578 0.240234 0.511719 0.242188 0.506836 0.243164 0.501953 0.243164 0.496094 0.245117 0.486328 0.247070 0.481445 0.243164 0.474609 0.247070 0.471680 0.251953 0.474609 0.252930 0.479492 0.251953 0.484375 0.249023 0.490234 0.248047 0.496094 0.248047 0.501953 0.250000 0.506836
0 0.384766 0.858398 0.378906 0.854492 0.373047 0.854492 0.370117 0.849609 0.369141 0.844727 0.368164 0.839844 0.370117 0.833984 0.374023 0.831055 0.381836 0.826172 0.386719 0.823242 0.391602 0.824219 0.393555 0.829102 0.390625 0.834961 0.387695 0.838867 0.382812 0.840820 0.384766 0.845703 0.388672 0.848633 0.388672 0.854492
0 0.370117 0.885742 0.365234 0.886719 0.362305 0.882812 0.360352 0.877930 0.364258 0.875000 0.367188 0.871094 0.366211 0.866211 0.369141 0.861328 0.374023 0.862305 0.377930 0.865234 0.374023 0.869141 0.375977 0.874023 0.372070 0.877930
0 0.425781 0.928711 0.418945 0.927734 0.416016 0.922852 0.418945 0.917969 0.423828 0.916016 0.425781 0.911133 0.425781 0.906250 0.427734 0.901367 0.434570 0.896484 0.436523 0.901367 0.434570 0.906250 0.434570 0.912109 0.431641 0.916016 0.430664 0.920898 0.431641 0.925781
0 0.433594 0.816406 0.423828 0.814453 0.420898 0.810547 0.416016 0.808594 0.413086 0.803711 0.409180 0.800781 0.405273 0.796875 0.411133 0.795898 0.421875 0.793945 0.424805 0.790039 0.430664 0.790039 0.434570 0.791992 0.449219 0.798828 0.452148 0.804688 0.452148 0.809570 0.449219 0.814453 0.449219 0.819336 0.450195 0.824219 0.449219 0.829102 0.444336 0.830078 0.439453 0.830078 0.433594 0.828125 0.428711 0.825195 0.429688 0.820312
0 0.366211 0.468750 0.373047 0.474609 0.373047 0.480469 0.376953 0.484375 0.381836 0.480469 0.390625 0.478516 0.395508 0.481445 0.401367 0.482422 0.407227 0.482422 0.412109 0.479492 0.416992 0.478516 0.421875 0.479492 0.426758 0.475586 0.426758 0.470703 0.422852 0.466797 0.420898 0.460938 0.416992 0.451172 0.421875 0.449219 0.426758 0.447266 0.427734 0.441406 0.422852 0.442383 0.412109 0.450195 0.406250 0.451172 0.395508 0.448242 0.395508 0.443359 0.395508 0.438477 0.400391 0.429688 0.405273 0.428711 0.410156 0.426758 0.411133 0.421875 0.410156 0.416016 0.414062 0.406250 0.417969 0.403320 0.420898 0.398438 0.425781 0.395508 0.426758 0.390625 0.425781 0.385742 0.426758 0.380859 0.431641 0.378906 0.437500 0.378906 0.440430 0.374023 0.440430 0.368164 0.442383 0.363281 0.446289 0.359375 0.451172 0.358398 0.456055 0.359375 0.460938 0.363281 0.461914 0.368164 0.458984 0.372070 0.451172 0.378906 0.445312 0.385742 0.446289 0.391602 0.450195 0.394531 0.455078 0.397461 0.457031 0.402344 0.458008 0.413086 0.463867 0.414062 0.468750 0.414062 0.474609 0.416016 0.477539 0.420898 0.477539 0.425781 0.473633 0.430664 0.465820 0.437500 0.460938 0.435547 0.455078 0.435547 0.450195 0.435547 0.444336 0.438477 0.442383 0.442383 0.441406 0.447266 0.446289 0.449219 0.451172 0.450195 0.458984 0.445312 0.461914 0.450195 0.458984 0.454102 0.460938 0.458984 0.463867 0.463867 0.463867 0.468750 0.466797 0.473633 0.472656 0.473633 0.477539 0.471680 0.481445 0.475586 0.483398 0.480469 0.489258 0.479492 0.492188 0.475586 0.500000 0.468750 0.505859 0.468750 0.510742 0.469727 0.515625 0.468750 0.519531 0.464844 0.519531 0.458984 0.522461 0.447266 0.523438 0.441406 0.522461 0.429688 0.519531 0.426758 0.515625 0.428711 0.510742 0.430664 0.507812 0.432617 0.507812 0.437500 0.503906 0.441406 0.499023 0.440430 0.495117 0.443359 0.489258 0.437500 0.484375 0.439453 0.482422 0.444336 0.475586 0.444336 0.471680 0.441406 0.470703 0.435547 0.477539 0.429688 0.482422 0.427734 0.491211 0.423828 0.503906 0.414062 0.508789 0.416016 0.514648 0.416016 0.518555 0.413086 0.522461 0.405273 0.519531 0.400391 0.520508 0.395508 0.517578 0.387695 0.514648 0.383789 0.509766 0.380859 0.504883 0.373047 0.506836 0.368164 0.509766 0.358398 0.509766 0.352539 0.508789 0.341797 0.505859 0.337891 0.505859 0.332031 0.510742 0.330078 0.516602 0.330078 0.521484 0.331055 0.527344 0.331055 0.532227 0.330078 0.537109 0.332031 0.540039 0.336914 0.540039 0.342773 0.541992 0.353516 0.543945 0.364258 0.546875 0.368164 0.549805 0.372070 0.551758 0.376953 0.551758 0.381836 0.551758 0.387695 0.549805 0.392578 0.550781 0.397461 0.552734 0.404297 0.552734 0.409180 0.550781 0.414062 0.545898 0.414062 0.541016 0.412109 0.540039 0.416992 0.543945 0.419922 0.547852 0.422852 0.550781 0.426758 0.551758 0.435547 0.546875 0.437500 0.545898 0.442383 0.545898 0.447266 0.542969 0.452148 0.540039 0.457031 0.540039 0.461914 0.539062 0.466797 0.534180 0.469727 0.528320 0.469727 0.525391 0.473633 0.525391 0.479492 0.530273 0.480469 0.534180 0.483398 0.536133 0.488281 0.531250 0.491211 0.526367 0.492188 0.523438 0.496094 0.522461 0.500977 0.519531 0.505859 0.518555 0.510742 0.513672 0.509766 0.512695 0.504883 0.509766 0.500977 0.506836 0.497070 0.501953 0.497070 0.498047 0.500977 0.500977 0.504883 0.504883 0.514648 0.500000 0.516602 0.495117 0.513672 0.485352 0.510742 0.482422 0.506836 0.479492 0.501953 0.474609 0.505859 0.472656 0.510742 0.466797 0.509766 0.468750 0.504883 0.472656 0.500977 0.473633 0.496094 0.468750 0.494141 0.462891 0.494141 0.458984 0.498047 0.459961 0.502930 0.459961 0.512695 0.457031 0.517578 0.450195 0.521484 0.453125 0.525391 0.445312 0.522461 0.443359 0.527344 0.447266 0.532227 0.452148 0.531250 0.462891 0.529297 0.465820 0.533203 0.467773 0.538086 0.468750 0.548828 0.464844 0.552734 0.459961 0.554688 0.458008 0.559570 0.451172 0.566406 0.445312 0.566406 0.440430 0.565430 0.436523 0.562500 0.432617 0.558594 0.427734 0.555664 0.420898 0.548828 0.412109 0.536133 0.414062 0.531250 0.418945 0.529297 0.424805 0.529297 0.429688 0.525391 0.430664 0.520508 0.426758 0.516602 0.420898 0.520508 0.415039 0.517578 0.412109 0.514648 0.408203 0.515625 0.408203 0.520508 0.403320 0.517578 0.402344 0.512695 0.405273 0.509766 0.408203 0.506836 0.402344 0.502930 0.402344 0.498047 0.398438 0.495117 0.390625 0.500977 0.385742 0.497070 0.377930 0.500977 0.367188 0.503906 0.358398 0.500977 0.356445 0.496094 0.357422 0.491211 0.361328 0.487305 0.365234 0.484375 0.367188 0.479492 0.366211 0.474609
0 0.493164 0.414062 0.485352 0.410156 0.489258 0.407227 0.484375 0.404297 0.480469 0.400391 0.471680 0.393555 0.466797 0.392578 0.462891 0.388672 0.458008 0.385742 0.454102 0.382812 0.452148 0.377930 0.457031 0.375977 0.462891 0.375977 0.465820 0.372070 0.466797 0.366211 0.470703 0.362305 0.477539 0.353516 0.478516 0.348633 0.482422 0.344727 0.488281 0.343750 0.494141 0.343750 0.498047 0.347656 0.498047 0.353516 0.497070 0.364258 0.501953 0.368164 0.502930 0.373047 0.500977 0.378906 0.497070 0.382812 0.495117 0.387695 0.499023 0.390625 0.503906 0.390625 0.509766 0.388672 0.512695 0.393555 0.512695 0.398438 0.515625 0.403320 0.520508 0.403320 0.522461 0.408203 0.517578 0.410156 0.512695 0.408203 0.508789 0.405273 0.503906 0.404297 0.500977 0.408203
0 0.497070 0.323242 0.487305 0.321289 0.485352 0.316406 0.485352 0.310547 0.481445 0.306641 0.480469 0.301758 0.476562 0.298828 0.472656 0.295898 0.471680 0.291016 0.471680 0.286133 0.467773 0.282227 0.464844 0.278320 0.463867 0.273438 0.465820 0.268555 0.467773 0.263672 0.473633 0.262695 0.478516 0.263672 0.483398 0.266602 0.488281 0.266602 0.492188 0.267578 0.498047 0.262695 0.503906 0.265625 0.506836 0.269531 0.511719 0.267578 0.516602 0.266602 0.520508 0.269531 0.525391 0.267578 0.530273 0.267578 0.535156 0.269531 0.540039 0.268555 0.543945 0.271484 0.545898 0.275391 0.548828 0.280273 0.553711 0.282227 0.558594 0.282227 0.563477 0.284180 0.566406 0.288086 0.571289 0.288086 0.581055 0.291016 0.579102 0.295898 0.575195 0.299805 0.570312 0.300781 0.565430 0.299805 0.560547 0.300781 0.562500 0.305664 0.567383 0.305664 0.577148 0.308594 0.573242 0.313477 0.571289 0.323242 0.566406 0.326172 0.561523 0.329102 0.556641 0.327148 0.556641 0.321289 0.555664 0.310547 0.551758 0.313477 0.555664 0.321289 0.556641 0.330078 0.555664 0.336914 0.550781 0.338867 0.544922 0.339844 0.540039 0.337891 0.537109 0.333984 0.532227 0.324219 0.529297 0.319336 0.522461 0.317383 0.521484 0.323242 0.515625 0.323242 0.511719 0.323242 0.505859 0.321289 0.506836 0.314453 0.507812 0.309570 0.509766 0.304688 0.515625 0.302734 0.525391 0.301758 0.530273 0.304688 0.535156 0.305664 0.538086 0.301758 0.533203 0.298828 0.528320 0.297852 0.524414 0.293945 0.520508 0.295898 0.519531 0.300781 0.519531 0.300781 0.516602 0.300781 0.514648 0.298828 0.509766 0.299805 0.504883 0.297852 0.502930 0.294922 0.504883 0.291992 0.509766 0.293945 0.513672 0.291016 0.515625 0.286133 0.513672 0.281250 0.509766 0.278320 0.505859 0.282227 0.499023 0.290039 0.494141 0.287109 0.493164 0.283203 0.493164 0.277344 0.487305 0.277344 0.486328 0.280273 0.488281 0.283203 0.491211 0.287109 0.492188 0.291016 0.493164 0.294922 0.495117 0.297852 0.498047 0.298828 0.498047 0.301758 0.495117 0.302734 0.492188 0.305664 0.495117 0.309570 0.498047 0.309570 0.500977 0.309570 0.503906 0.311523 0.504883 0.314453 0.503906 0.319336 0.500000 0.322266
0 0.479492 0.454102 0.472656 0.454102 0.467773 0.454102 0.466797 0.458984 0.470703 0.462891 0.475586 0.461914 0.480469 0.460938 0.484375 0.464844 0.486328 0.469727 0.486328 0.474609 0.491211 0.476562 0.493164 0.471680 0.491211 0.466797 0.492188 0.461914 0.497070 0.458984 0.501953 0.460938 0.505859 0.458984 0.512695 0.452148 0.510742 0.447266 0.510742 0.442383 0.507812 0.438477 0.502930 0.439453 0.503906 0.444336 0.501953 0.449219 0.498047 0.452148 0.488281 0.452148 0.486328 0.447266 0.480469 0.448242
0 0.438477 0.328125 0.428711 0.327148 0.423828 0.329102 0.418945 0.326172 0.417969 0.321289 0.418945 0.316406 0.422852 0.312500 0.430664 0.306641 0.434570 0.303711 0.434570 0.297852 0.433594 0.292969 0.437500 0.288086 0.442383 0.286133 0.452148 0.283203 0.457031 0.285156 0.460938 0.288086 0.464844 0.291992 0.464844 0.297852 0.462891 0.302734 0.466797 0.305664 0.469727 0.310547 0.469727 0.315430 0.467773 0.320312 0.468750 0.325195 0.474609 0.325195 0.478516 0.321289 0.484375 0.323242 0.483398 0.327148 0.477539 0.331055 0.478516 0.340820 0.475586 0.346680 0.471680 0.343750 0.466797 0.343750 0.461914 0.346680 0.457031 0.348633 0.453125 0.344727 0.448242 0.348633 0.444336 0.346680 0.443359 0.340820 0.444336 0.333984 0.443359 0.328125 0.447266 0.324219 0.452148 0.325195 0.456055 0.322266 0.454102 0.317383 0.450195 0.314453 0.446289 0.315430 0.446289 0.319336 0.446289 0.323242 0.444336 0.326172 0.442383 0.328125
0 0.400391 0.363281 0.393555 0.366211 0.388672 0.372070 0.383789 0.369141 0.379883 0.366211 0.375977 0.369141 0.374023 0.363281 0.375977 0.358398 0.379883 0.355469 0.379883 0.349609 0.380859 0.343750 0.380859 0.333008 0.380859 0.323242 0.382812 0.318359 0.387695 0.316406 0.392578 0.316406 0.395508 0.320312 0.395508 0.325195 0.399414 0.333008 0.397461 0.337891 0.402344 0.340820 0.411133 0.342773 0.415039 0.339844 0.419922 0.342773 0.416992 0.334961 0.412109 0.333008 0.410156 0.329102 0.405273 0.331055 0.401367 0.327148 0.401367 0.322266 0.405273 0.318359 0.407227 0.313477 0.412109 0.310547 0.416016 0.313477 0.416016 0.318359 0.417969 0.323242 0.421875 0.326172 0.423828 0.331055 0.424805 0.335938 0.426758 0.327148 0.429688 0.323242 0.434570 0.323242 0.437500 0.327148 0.437500 0.333008 0.441406 0.336914 0.439453 0.341797 0.434570 0.343750 0.436523 0.348633 0.433594 0.352539 0.430664 0.357422 0.432617 0.363281 0.430664 0.368164 0.424805 0.368164 0.419922 0.367188 0.414062 0.367188 0.409180 0.367188
0 0.398438 0.428711 0.389648 0.420898 0.385742 0.417969 0.381836 0.415039 0.375977 0.414062 0.372070 0.416992 0.375977 0.420898 0.380859 0.420898 0.383789 0.424805 0.381836 0.429688 0.376953 0.428711 0.373047 0.424805 0.366211 0.416992 0.369141 0.412109 0.373047 0.409180 0.374023 0.404297 0.375977 0.399414 0.381836 0.397461 0.386719 0.397461 0.391602 0.398438 0.396484 0.398438 0.401367 0.401367 0.411133 0.402344 0.412109 0.407227 0.410156 0.412109 0.410156 0.416992 0.407227 0.421875 0.401367 0.421875
0 0.430664 0.554688 0.426758 0.568359 0.423828 0.573242 0.423828 0.578125 0.426758 0.583008 0.428711 0.587891 0.429688 0.593750 0.431641 0.598633 0.427734 0.601562 0.423828 0.604492 0.420898 0.608398 0.423828 0.612305 0.428711 0.615234 0.432617 0.619141 0.433594 0.624023 0.431641 0.628906 0.432617 0.633789 0.436523 0.628906 0.441406 0.626953 0.443359 0.631836 0.448242 0.629883 0.450195 0.624023 0.456055 0.623047 0.460938 0.624023 0.461914 0.618164 0.467773 0.610352 0.469727 0.605469 0.468750 0.599609 0.463867 0.596680 0.460938 0.591797 0.461914 0.586914 0.458984 0.578125 0.454102 0.576172 0.449219 0.576172 0.446289 0.571289 0.444336 0.566406 0.441406 0.562500 0.436523 0.559570
0 0.431641 0.629883 0.426758 0.633789 0.427734 0.638672 0.430664 0.642578 0.430664 0.647461 0.425781 0.648438 0.420898 0.646484 0.416992 0.642578 0.412109 0.641602 0.408203 0.645508 0.406250 0.650391 0.403320 0.660156 0.408203 0.662109 0.410156 0.666992 0.415039 0.669922 0.418945 0.666992 0.426758 0.666992 0.427734 0.671875 0.430664 0.676758 0.427734 0.680664 0.425781 0.685547 0.420898 0.682617 0.417969 0.678711 0.405273 0.668945 0.401367 0.673828 0.396484 0.671875 0.393555 0.666992 0.391602 0.662109 0.386719 0.663086 0.381836 0.666016 0.377930 0.669922 0.377930 0.675781 0.381836 0.678711 0.386719 0.681641 0.382812 0.684570 0.377930 0.687500 0.378906 0.692383 0.381836 0.696289 0.386719 0.699219 0.391602 0.700195 0.396484 0.702148 0.406250 0.706055 0.412109 0.700195 0.414062 0.695312 0.418945 0.696289 0.423828 0.698242 0.421875 0.703125 0.419922 0.708008 0.419922 0.712891 0.420898 0.722656 0.418945 0.737305 0.421875 0.742188 0.427734 0.743164 0.432617 0.743164 0.435547 0.739258 0.440430 0.738281 0.441406 0.743164 0.438477 0.748047 0.441406 0.752930 0.446289 0.754883 0.451172 0.755859 0.459961 0.760742 0.464844 0.762695 0.474609 0.762695 0.476562 0.757812 0.475586 0.752930 0.475586 0.748047 0.476562 0.743164 0.482422 0.744141 0.483398 0.749023 0.489258 0.754883 0.492188 0.750977 0.492188 0.746094 0.491211 0.740234 0.492188 0.734375 0.494141 0.723633 0.496094 0.718750 0.496094 0.713867 0.491211 0.710938 0.485352 0.710938 0.480469 0.712891 0.475586 0.716797 0.475586 0.721680 0.470703 0.722656 0.467773 0.727539 0.460938 0.733398 0.459961 0.738281 0.457031 0.743164 0.454102 0.747070 0.449219 0.748047 0.449219 0.742188 0.452148 0.738281 0.452148 0.733398 0.450195 0.728516 0.453125 0.724609 0.458008 0.726562 0.462891 0.725586 0.468750 0.717773 0.473633 0.711914 0.471680 0.707031 0.467773 0.704102 0.463867 0.707031 0.458984 0.708984 0.456055 0.705078 0.459961 0.701172 0.464844 0.700195 0.462891 0.695312 0.459961 0.690430 0.458008 0.685547 0.461914 0.683594 0.467773 0.682617 0.470703 0.678711 0.472656 0.673828 0.472656 0.668945 0.467773 0.666992 0.462891 0.668945 0.454102 0.668945 0.449219 0.670898 0.444336 0.668945 0.441406 0.665039 0.441406 0.660156 0.446289 0.657227 0.447266 0.662109 0.458008 0.665039 0.459961 0.660156 0.465820 0.661133 0.475586 0.665039 0.474609 0.660156 0.471680 0.656250 0.473633 0.651367 0.476562 0.646484 0.474609 0.641602 0.470703 0.637695 0.461914 0.631836 0.458008 0.634766 0.456055 0.639648 0.453125 0.648438 0.444336 0.646484 0.445312 0.641602 0.449219 0.637695 0.446289 0.633789 0.441406 0.633789
0 0.505859 0.649414 0.499023 0.650391 0.494141 0.649414 0.491211 0.653320 0.493164 0.657227 0.489258 0.661133 0.490234 0.666016 0.487305 0.670898 0.482422 0.668945 0.479492 0.673828 0.480469 0.678711 0.485352 0.680664 0.491211 0.680664 0.494141 0.684570 0.494141 0.689453 0.489258 0.691406 0.480469 0.691406 0.475586 0.691406 0.471680 0.687500 0.466797 0.689453 0.468750 0.694336 0.470703 0.698242 0.471680 0.704102 0.477539 0.709961 0.482422 0.708008 0.485352 0.712891 0.490234 0.712891 0.495117 0.713867 0.499023 0.710938 0.500977 0.706055 0.500977 0.701172 0.498047 0.697266 0.500977 0.693359 0.501953 0.688477 0.505859 0.684570 0.510742 0.682617 0.514648 0.679688 0.509766 0.676758 0.505859 0.673828 0.503906 0.668945 0.502930 0.664062 0.506836 0.661133 0.507812 0.655273 0.511719 0.651367
0 0.356445 0.732422 0.351562 0.732422 0.346680 0.730469 0.343750 0.726562 0.343750 0.721680 0.340820 0.716797 0.336914 0.713867 0.332031 0.714844 0.333984 0.719727 0.330078 0.722656 0.325195 0.719727 0.322266 0.715820 0.319336 0.711914 0.314453 0.708984 0.311523 0.712891 0.306641 0.713867 0.302734 0.710938 0.301758 0.706055 0.303711 0.701172 0.304688 0.695312 0.309570 0.688477 0.314453 0.688477 0.317383 0.683594 0.315430 0.678711 0.311523 0.675781 0.308594 0.670898 0.311523 0.666992 0.318359 0.659180 0.323242 0.660156 0.327148 0.663086 0.326172 0.667969 0.321289 0.669922 0.323242 0.674805 0.328125 0.675781 0.335938 0.681641 0.334961 0.686523 0.335938 0.692383 0.340820 0.694336 0.342773 0.699219 0.341797 0.704102 0.344727 0.708008 0.349609 0.705078 0.353516 0.702148 0.353516 0.697266 0.352539 0.692383 0.347656 0.694336 0.343750 0.689453 0.348633 0.686523 0.350586 0.682617 0.348633 0.677734 0.345703 0.681641 0.341797 0.678711 0.340820 0.673828 0.344727 0.670898 0.340820 0.667969 0.332031 0.665039 0.319336 0.654297 0.316406 0.650391 0.319336 0.645508 0.319336 0.640625 0.321289 0.630859 0.322266 0.625977 0.328125 0.620117 0.330078 0.625000 0.334961 0.626953 0.336914 0.631836 0.341797 0.634766 0.344727 0.638672 0.349609 0.641602 0.352539 0.645508 0.349609 0.650391 0.344727 0.649414 0.339844 0.647461 0.336914 0.643555 0.333008 0.639648 0.338867 0.652344 0.342773 0.657227 0.347656 0.655273 0.351562 0.659180 0.356445 0.660156 0.360352 0.664062 0.360352 0.669922 0.356445 0.673828 0.360352 0.677734 0.364258 0.681641 0.361328 0.686523 0.362305 0.695312 0.366211 0.692383 0.371094 0.691406 0.374023 0.696289 0.375000 0.701172 0.375000 0.707031 0.371094 0.710938 0.366211 0.711914 0.365234 0.716797 0.366211 0.721680 0.364258 0.726562 0.361328 0.730469
0 0.336914 0.588867 0.333984 0.597656 0.329102 0.598633 0.324219 0.599609 0.322266 0.604492 0.323242 0.609375 0.326172 0.614258 0.331055 0.614258 0.336914 0.616211 0.337891 0.621094 0.336914 0.625977 0.342773 0.627930 0.347656 0.627930 0.354492 0.623047 0.359375 0.620117 0.354492 0.609375 0.351562 0.604492 0.352539 0.599609 0.357422 0.603516 0.360352 0.599609 0.356445 0.595703 0.351562 0.593750 0.346680 0.594727 0.343750 0.590820
0 0.358398 0.571289 0.350586 0.572266 0.348633 0.567383 0.347656 0.562500 0.344727 0.558594 0.344727 0.552734 0.346680 0.547852 0.348633 0.537109 0.353516 0.535156 0.358398 0.536133 0.363281 0.535156 0.367188 0.539062 0.369141 0.543945 0.372070 0.548828 0.370117 0.553711 0.370117 0.558594 0.370117 0.567383 0.362305 0.574219
1 0.394531 0.544922 0.392578 0.549805 0.387695 0.552734 0.381836 0.552734 0.377930 0.549805 0.373047 0.541992 0.375000 0.537109 0.379883 0.535156 0.384766 0.534180 0.389648 0.537109
1 0.402344 0.550781 0.395508 0.543945 0.390625 0.541992 0.389648 0.537109 0.393555 0.533203 0.398438 0.530273 0.404297 0.530273 0.408203 0.533203 0.411133 0.539062 0.410156 0.544922 0.408203 0.551758
1 0.372070 0.455078 0.365234 0.448242 0.362305 0.444336 0.361328 0.437500 0.363281 0.432617 0.368164 0.430664 0.373047 0.432617 0.375977 0.436523 0.376953 0.441406 0.376953 0.447266
0 0.700195 0.262695 0.692383 0.252930 0.687500 0.254883 0.682617 0.252930 0.676758 0.252930 0.670898 0.252930 0.666992 0.250000 0.662109 0.252930 0.657227 0.252930 0.644531 0.252930 0.633789 0.251953 0.628906 0.249023 0.625000 0.246094 0.619141 0.245117 0.614258 0.247070 0.608398 0.246094 0.593750 0.243164 0.589844 0.239258 0.584961 0.239258 0.580078 0.237305 0.581055 0.232422 0.584961 0.228516 0.586914 0.223633 0.586914 0.218750 0.590820 0.226562 0.597656 0.233398 0.600586 0.229492 0.600586 0.223633 0.603516 0.219727 0.609375 0.220703 0.620117 0.222656 0.629883 0.224609 0.635742 0.224609 0.646484 0.224609 0.650391 0.226562 0.654297 0.230469 0.659180 0.231445 0.668945 0.238281 0.669922 0.235352 0.679688 0.236328 0.682617 0.244141 0.696289 0.247070 0.699219 0.242188 0.704102 0.243164 0.714844 0.243164 0.719727 0.243164 0.724609 0.244141 0.729492 0.242188 0.738281 0.242188 0.738281 0.247070 0.735352 0.251953 0.731445 0.254883 0.730469 0.260742 0.725586 0.260742 0.720703 0.258789 0.715820 0.257812 0.709961 0.258789 0.706055 0.255859
0 0.569336 0.267578 0.558594 0.266602 0.554688 0.263672 0.549805 0.264648 0.544922 0.263672 0.541016 0.259766 0.538086 0.254883 0.532227 0.247070 0.535156 0.243164 0.539062 0.239258 0.542969 0.235352 0.547852 0.236328 0.552734 0.239258 0.557617 0.240234 0.562500 0.240234 0.573242 0.242188 0.578125 0.242188 0.587891 0.245117 0.586914 0.250000 0.582031 0.251953 0.577148 0.250977 0.572266 0.250000 0.566406 0.250000 0.560547 0.249023 0.555664 0.249023 0.551758 0.251953 0.562500 0.253906 0.568359 0.256836 0.572266 0.260742 0.572266 0.265625
0 0.502930 0.246094 0.498047 0.245117 0.493164 0.247070 0.488281 0.245117 0.483398 0.245117 0.478516 0.248047 0.473633 0.248047 0.469727 0.250977 0.464844 0.248047 0.458984 0.244141 0.463867 0.239258 0.467773 0.237305 0.473633 0.236328 0.477539 0.239258 0.481445 0.236328 0.486328 0.238281 0.490234 0.235352 0.494141 0.239258 0.499023 0.237305 0.503906 0.236328 0.508789 0.237305 0.508789 0.243164 0.506836 0.247070
0 0.403320 0.306641 0.401367 0.301758 0.398438 0.305664 0.397461 0.310547 0.393555 0.307617 0.391602 0.302734 0.392578 0.297852 0.392578 0.292969 0.388672 0.289062 0.386719 0.284180 0.386719 0.279297 0.389648 0.274414 0.391602 0.269531 0.398438 0.262695 0.394531 0.258789 0.392578 0.253906 0.391602 0.249023 0.388672 0.245117 0.392578 0.242188 0.398438 0.233398 0.403320 0.231445 0.408203 0.231445 0.413086 0.233398 0.415039 0.239258 0.414062 0.248047 0.409180 0.249023 0.409180 0.253906 0.417969 0.250977 0.422852 0.251953 0.426758 0.254883 0.428711 0.260742 0.432617 0.264648 0.435547 0.268555 0.434570 0.274414 0.439453 0.272461 0.445312 0.272461 0.446289 0.278320 0.444336 0.283203 0.439453 0.283203 0.434570 0.280273 0.429688 0.280273 0.418945 0.281250 0.422852 0.286133 0.428711 0.285156 0.428711 0.291016 0.427734 0.295898 0.422852 0.304688 0.417969 0.304688 0.414062 0.307617 0.409180 0.305664
0 0.437500 0.239258 0.425781 0.239258 0.421875 0.235352 0.416016 0.230469 0.426758 0.228516 0.437500 0.229492 0.443359 0.229492 0.448242 0.230469 0.454102 0.233398 0.454102 0.239258 0.450195 0.243164 0.445312 0.244141 0.442383 0.248047 0.437500 0.247070
0 0.441406 0.212891 0.433594 0.208984 0.429688 0.206055 0.424805 0.206055 0.425781 0.201172 0.430664 0.198242 0.441406 0.196289 0.446289 0.195312 0.451172 0.198242 0.455078 0.202148 0.454102 0.208984 0.449219 0.208984 0.447266 0.213867
0 0.845703 0.676758 0.839844 0.673828 0.831055 0.669922 0.833008 0.665039 0.836914 0.661133 0.838867 0.656250 0.844727 0.647461 0.850586 0.646484 0.855469 0.647461 0.860352 0.649414 0.869141 0.654297 0.871094 0.659180 0.870117 0.664062 0.866211 0.667969 0.861328 0.666016 0.851562 0.668945 0.851562 0.673828
0 0.880859 0.660156 0.871094 0.661133 0.867188 0.658203 0.868164 0.653320 0.872070 0.650391 0.875000 0.645508 0.879883 0.644531 0.884766 0.646484 0.886719 0.651367 0.888672 0.656250 0.893555 0.658203 0.897461 0.662109 0.894531 0.666016 0.889648 0.664062
0 0.885742 0.648438 0.879883 0.644531 0.873047 0.637695 0.876953 0.634766 0.881836 0.632812 0.885742 0.635742 0.891602 0.634766 0.896484 0.636719 0.899414 0.631836 0.903320 0.628906 0.900391 0.625000 0.903320 0.620117 0.908203 0.622070 0.910156 0.626953 0.916016 0.625977 0.920898 0.627930 0.917969 0.632812 0.915039 0.636719 0.910156 0.639648 0.900391 0.643555 0.893555 0.651367
0 1.000000 0.539062 0.992188 0.535156 0.987305 0.531250 0.982422 0.530273 0.977539 0.529297 0.972656 0.527344 0.968750 0.523438 0.968750 0.518555 0.965820 0.513672 0.963867 0.508789 0.963867 0.503906 0.966797 0.493164 0.969727 0.482422 0.974609 0.481445 0.978516 0.484375 0.978516 0.489258 0.982422 0.503906 0.982422 0.508789 0.980469 0.513672 0.984375 0.517578 0.988281 0.514648 0.991211 0.510742 0.996094 0.509766 0.998047 0.504883 0.998047 0.500000 0.994141 0.491211 1.000000 0.490234
0 0.897461 0.770508 0.900391 0.764648 0.898438 0.759766 0.893555 0.757812 0.888672 0.757812 0.886719 0.762695 0.881836 0.771484 0.876953 0.772461 0.875977 0.777344 0.880859 0.784180 0.885742 0.782227 0.891602 0.783203 0.901367 0.781250 0.905273 0.784180 0.907227 0.789062 0.907227 0.793945 0.908203 0.798828 0.913086 0.801758 0.927734 0.808594 0.927734 0.813477 0.925781 0.828125 0.924805 0.833008 0.928711 0.835938 0.931641 0.832031 0.933594 0.826172 0.936523 0.816406 0.936523 0.810547 0.933594 0.800781 0.935547 0.795898 0.939453 0.792969 0.947266 0.793945 0.949219 0.785156 0.945312 0.777344 0.941406 0.774414 0.937500 0.770508 0.931641 0.769531 0.927734 0.767578 0.922852 0.768555 0.921875 0.773438 0.916016 0.773438 0.914062 0.768555 0.909180 0.770508 0.902344 0.770508
0 0.797852 0.726562 0.796875 0.733398 0.791016 0.733398 0.788086 0.737305 0.784180 0.740234 0.784180 0.746094 0.784180 0.750977 0.782227 0.755859 0.780273 0.760742 0.778320 0.765625 0.779297 0.770508 0.784180 0.770508 0.787109 0.766602 0.791016 0.762695 0.795898 0.760742 0.800781 0.762695 0.803711 0.766602 0.808594 0.769531 0.814453 0.769531 0.813477 0.763672 0.809570 0.760742 0.813477 0.757812 0.813477 0.751953 0.809570 0.749023 0.804688 0.747070 0.803711 0.742188 0.809570 0.743164 0.818359 0.751953 0.824219 0.750977 0.829102 0.749023 0.830078 0.744141 0.826172 0.741211 0.821289 0.739258 0.817383 0.736328 0.814453 0.731445 0.809570 0.728516
0 0.771484 0.807617 0.769531 0.806641 0.772461 0.802734 0.770508 0.797852 0.766602 0.793945 0.762695 0.796875 0.761719 0.801758 0.757812 0.806641 0.755859 0.811523 0.751953 0.814453 0.749023 0.819336 0.749023 0.824219 0.745117 0.828125 0.744141 0.833008 0.748047 0.835938 0.752930 0.834961 0.758789 0.838867 0.762695 0.841797 0.767578 0.843750 0.772461 0.846680 0.777344 0.847656 0.788086 0.850586 0.797852 0.853516 0.807617 0.853516 0.812500 0.856445 0.822266 0.858398 0.826172 0.855469 0.829102 0.850586 0.827148 0.845703 0.822266 0.843750 0.818359 0.846680 0.812500 0.845703 0.804688 0.845703 0.802734 0.843750 0.800781 0.841797 0.796875 0.842773 0.796875 0.838867 0.798828 0.837891 0.800781 0.837891 0.803711 0.835938 0.808594 0.836914 0.813477 0.836914 0.812500 0.833008 0.815430 0.832031 0.818359 0.832031 0.821289 0.828125 0.813477 0.820312 0.806641 0.819336 0.802734 0.816406 0.796875 0.816406 0.792969 0.812500 0.788086 0.810547 0.782227 0.803711 0.782227 0.799805 0.779297 0.798828 0.775391 0.800781 0.775391 0.805664 0.772461 0.805664 0.772461 0.809570 0.775391 0.811523 0.777344 0.812500 0.777344 0.817383 0.775391 0.818359 0.769531 0.818359 0.766602 0.816406 0.765625 0.813477 0.768555 0.812500 0.771484 0.811523 0.771484 0.809570
0 0.416016 0.122070 0.407227 0.118164 0.402344 0.115234 0.394531 0.108398 0.388672 0.094727 0.393555 0.096680 0.396484 0.100586 0.400391 0.104492 0.401367 0.098633 0.398438 0.093750 0.395508 0.089844 0.405273 0.094727 0.409180 0.098633 0.412109 0.102539 0.416016 0.107422 0.420898 0.108398 0.423828 0.113281 0.418945 0.116211 0.419922 0.121094
0 0.389648 0.006836 0.387695 0.011719 0.390625 0.016602 0.394531 0.019531 0.393555 0.025391 0.391602 0.030273 0.394531 0.034180 0.399414 0.036133 0.402344 0.041016 0.405273 0.037109 0.406250 0.032227 0.405273 0.021484 0.410156 0.022461 0.411133 0.017578 0.408203 0.013672 0.410156 0.008789 0.411133 0.003906 0.415039 0.000000 0.389648 0.000000
0 0.955078 0.157227 0.944336 0.156250 0.939453 0.154297 0.934570 0.153320 0.929688 0.155273 0.924805 0.154297 0.919922 0.151367 0.914062 0.153320 0.909180 0.151367 0.910156 0.145508 0.914062 0.142578 0.917969 0.138672 0.920898 0.134766 0.925781 0.137695 0.930664 0.138672 0.935547 0.142578 0.945312 0.146484 0.950195 0.146484 0.954102 0.149414 0.962891 0.155273
0 0.887695 0.058594 0.879883 0.056641 0.880859 0.051758 0.884766 0.048828 0.886719 0.042969 0.887695 0.038086 0.890625 0.033203 0.894531 0.029297 0.899414 0.028320 0.900391 0.034180 0.899414 0.039062 0.897461 0.043945 0.893555 0.047852 0.892578 0.052734
0 0.750000 0.094727 0.741211 0.093750 0.736328 0.091797 0.733398 0.087891 0.734375 0.082031 0.737305 0.078125 0.742188 0.076172 0.743164 0.070312 0.749023 0.071289 0.751953 0.075195 0.751953 0.080078 0.756836 0.082031 0.756836 0.086914
0 0.803711 0.351562 0.796875 0.352539 0.791992 0.349609 0.787109 0.351562 0.782227 0.348633 0.776367 0.340820 0.781250 0.338867 0.786133 0.337891 0.790039 0.341797 0.794922 0.340820 0.804688 0.342773 0.810547 0.343750 0.814453 0.347656 0.816406 0.352539 0.812500 0.355469 0.809570 0.360352 0.810547 0.365234 0.814453 0.368164 0.817383 0.372070 0.814453 0.376953 0.809570 0.374023 0.804688 0.372070 0.801758 0.368164 0.799805 0.363281 0.800781 0.358398 0.805664 0.355469
0 0.849609 0.356445 0.851562 0.361328 0.855469 0.364258 0.855469 0.369141 0.854492 0.372070 0.856445 0.376953 0.860352 0.371094 0.861328 0.368164 0.890625 0.375977 0.898438 0.379883 0.903320 0.380859 0.914062 0.380859 0.918945 0.380859 0.923828 0.380859 0.926758 0.385742 0.928711 0.391602 0.926758 0.395508 0.924805 0.398438 0.921875 0.392578 0.916992 0.390625 0.913086 0.393555 0.915039 0.398438 0.919922 0.399414 0.924805 0.403320 0.929688 0.403320 0.933594 0.400391 0.935547 0.395508 0.933594 0.390625 0.936523 0.386719 0.936523 0.381836 0.933594 0.376953 0.928711 0.375000 0.918945 0.371094 0.909180 0.370117 0.904297 0.366211 0.899414 0.365234 0.889648 0.361328 0.886719 0.357422 0.881836 0.358398 0.875977 0.363281 0.867188 0.360352 0.856445 0.358398 0.851562 0.352539 0.843750 0.352539 0.841797 0.356445
1 0.845703 0.894531 0.834961 0.890625 0.834961 0.885742 0.836914 0.875977 0.837891 0.871094 0.845703 0.864258 0.851562 0.864258 0.856445 0.864258 0.861328 0.867188 0.858398 0.872070 0.853516 0.871094 0.850586 0.875000 0.851562 0.879883 0.852539 0.884766 0.853516 0.895508
1 0.828125 0.927734 0.816406 0.928711 0.818359 0.944336 0.822266 0.948242 0.828125 0.950195 0.833008 0.952148 0.836914 0.948242 0.833984 0.944336 0.833984 0.939453 0.836914 0.934570 0.836914 0.929688
1 0.624023 0.923828 0.621094 0.931641 0.625000 0.935547 0.629883 0.938477 0.635742 0.937500 0.637695 0.932617 0.633789 0.928711 0.636719 0.922852 0.635742 0.917969 0.632812 0.908203 0.627930 0.907227 0.626953 0.912109
1 0.644531 0.844727 0.637695 0.849609 0.637695 0.854492 0.640625 0.859375 0.645508 0.859375 0.650391 0.857422 0.652344 0.852539 0.656250 0.849609 0.657227 0.844727 0.652344 0.841797
1 0.537109 0.864258 0.532227 0.860352 0.527344 0.858398 0.526367 0.853516 0.528320 0.848633 0.534180 0.849609 0.539062 0.851562 0.542969 0.854492 0.544922 0.859375
1 0.543945 0.903320 0.546875 0.896484 0.551758 0.893555 0.559570 0.904297 0.559570 0.905273
1 0.289062 0.929688 0.284180 0.925781 0.287109 0.921875 0.291992 0.921875 0.295898 0.924805 0.294922 0.929688
1 0.291016 0.970703 0.288086 0.965820 0.285156 0.961914 0.282227 0.952148 0.282227 0.947266 0.287109 0.947266 0.291992 0.949219 0.291992 0.955078 0.292969 0.959961 0.293945 0.965820
1 0.252930 1.000000 0.250000 0.999023 0.249023 0.992188 0.253906 0.990234 0.257812 0.994141 0.258789 0.999023
1 0.261719 0.995117 0.255859 0.994141 0.254883 0.989258 0.257812 0.984375 0.261719 0.988281
1 0.259766 0.976562 0.254883 0.976562 0.252930 0.971680 0.255859 0.967773 0.260742 0.967773 0.263672 0.972656 0.260742 0.975586
1 0.366211 0.903320 0.361328 0.901367 0.359375 0.896484 0.362305 0.892578 0.367188 0.890625 0.371094 0.894531 0.371094 0.899414
1 0.374023 0.791992 0.367188 0.793945 0.363281 0.791016 0.359375 0.786133 0.362305 0.781250 0.366211 0.777344 0.371094 0.779297 0.375000 0.782227 0.375977 0.786133
1 0.325195 0.779297 0.319336 0.776367 0.314453 0.773438 0.311523 0.769531 0.318359 0.770508 0.321289 0.766602 0.326172 0.764648 0.331055 0.766602 0.332031 0.771484 0.333008 0.775391 0.337891 0.779297 0.335938 0.779297
1 0.290039 0.791992 0.285156 0.791016 0.285156 0.786133 0.287109 0.781250 0.291016 0.778320 0.292969 0.782227 0.294922 0.788086
1 0.308594 0.757812 0.303711 0.753906 0.301758 0.749023 0.306641 0.747070 0.309570 0.743164 0.312500 0.748047 0.314453 0.751953 0.312500 0.757812
1 0.381836 0.726562 0.377930 0.724609 0.374023 0.720703 0.370117 0.717773 0.374023 0.715820 0.377930 0.712891 0.379883 0.713867 0.380859 0.718750 0.383789 0.719727 0.385742 0.719727 0.387695 0.722656 0.385742 0.725586
1 0.386719 0.720703 0.382812 0.716797 0.383789 0.711914 0.387695 0.708984 0.391602 0.712891 0.391602 0.718750
1 0.394531 0.724609 0.392578 0.720703 0.391602 0.714844 0.395508 0.711914 0.400391 0.713867 0.402344 0.718750 0.399414 0.722656
1 0.410156 0.721680 0.405273 0.718750 0.400391 0.716797 0.404297 0.712891 0.409180 0.713867 0.414062 0.720703
1 0.349609 0.589844 0.343750 0.585938 0.341797 0.581055 0.346680 0.578125 0.351562 0.578125 0.354492 0.582031
1 0.331055 0.570312 0.330078 0.563477 0.336914 0.557617 0.341797 0.557617 0.346680 0.560547 0.349609 0.565430 0.346680 0.570312 0.346680 0.575195 0.342773 0.580078 0.339844 0.576172 0.335938 0.573242
1 0.455078 0.577148 0.456055 0.570312 0.459961 0.566406 0.457031 0.562500 0.453125 0.559570 0.457031 0.556641 0.461914 0.554688 0.462891 0.559570 0.465820 0.563477 0.469727 0.567383 0.469727 0.572266 0.464844 0.573242 0.461914 0.578125
1 0.465820 0.527344 0.458984 0.520508 0.454102 0.523438 0.452148 0.517578 0.455078 0.513672 0.458008 0.509766 0.463867 0.508789 0.467773 0.511719 0.471680 0.516602 0.472656 0.521484 0.477539 0.524414 0.474609 0.529297 0.469727 0.531250
1 0.473633 0.416016 0.466797 0.415039 0.465820 0.410156 0.466797 0.404297 0.470703 0.401367 0.475586 0.400391 0.480469 0.402344 0.483398 0.407227 0.483398 0.412109 0.478516 0.414062
1 0.373047 0.529297 0.370117 0.523438 0.368164 0.518555 0.364258 0.516602 0.358398 0.515625 0.360352 0.510742 0.365234 0.510742 0.369141 0.506836 0.371094 0.501953 0.375977 0.500977 0.379883 0.502930 0.382812 0.507812 0.383789 0.512695 0.387695 0.515625 0.391602 0.519531 0.391602 0.523438 0.386719 0.524414 0.382812 0.519531 0.380859 0.517578 0.378906 0.520508 0.378906 0.526367 0.379883 0.529297 0.375977 0.529297
0 0.271484 0.332031 0.265625 0.329102 0.264648 0.322266 0.259766 0.322266 0.256836 0.317383 0.253906 0.313477 0.253906 0.308594 0.256836 0.303711 0.261719 0.301758 0.265625 0.304688 0.270508 0.303711 0.275391 0.307617 0.280273 0.309570 0.285156 0.310547 0.290039 0.312500 0.294922 0.316406 0.291016 0.320312 0.293945 0.325195 0.293945 0.330078 0.291992 0.334961
0 0.339844 0.385742 0.336914 0.379883 0.334961 0.375000 0.334961 0.370117 0.338867 0.366211 0.338867 0.361328 0.335938 0.357422 0.335938 0.352539 0.340820 0.350586 0.346680 0.350586 0.355469 0.353516 0.354492 0.358398 0.349609 0.360352 0.349609 0.365234 0.346680 0.370117 0.345703 0.375000 0.343750 0.379883
0 0.354492 0.320312 0.348633 0.316406 0.349609 0.311523 0.349609 0.305664 0.352539 0.301758 0.357422 0.301758 0.363281 0.302734 0.365234 0.307617 0.361328 0.311523 0.359375 0.317383
0 0.329102 0.407227 0.329102 0.398438 0.324219 0.395508 0.319336 0.394531 0.313477 0.394531 0.309570 0.397461 0.304688 0.397461 0.299805 0.396484 0.294922 0.396484 0.294922 0.392578 0.297852 0.390625 0.307617 0.388672 0.317383 0.388672 0.322266 0.389648 0.328125 0.392578 0.333008 0.390625 0.337891 0.392578 0.341797 0.396484 0.342773 0.401367 0.335938 0.406250 0.336914 0.411133 0.331055 0.413086
1 0.240234 0.346680 0.235352 0.345703 0.231445 0.342773 0.230469 0.336914 0.232422 0.333008 0.236328 0.329102 0.242188 0.329102 0.246094 0.332031 0.249023 0.336914 0.250000 0.342773 0.246094 0.347656
1 0.239258 0.352539 0.242188 0.348633 0.247070 0.350586 0.248047 0.355469 0.243164 0.356445
1 0.191406 0.152344 0.182617 0.144531 0.182617 0.138672 0.187500 0.138672 0.193359 0.136719 0.197266 0.139648 0.197266 0.145508 0.196289 0.150391
0 0.578125 0.035156 0.570312 0.029297 0.566406 0.025391 0.556641 0.020508 0.550781 0.018555 0.546875 0.015625 0.542969 0.011719 0.538086 0.011719 0.533203 0.010742 0.532227 0.004883 0.537109 0.003906 0.541992 0.006836 0.546875 0.008789 0.562500 0.012695 0.566406 0.009766 0.571289 0.008789 0.575195 0.011719 0.589844 0.012695 0.586914 0.023438 0.592773 0.030273 0.597656 0.032227 0.596680 0.038086 0.598633 0.042969 0.598633 0.048828 0.596680 0.053711 0.591797 0.055664 0.582031 0.055664 0.583008 0.050781 0.581055 0.040039
0 0.455078 0.069336 0.447266 0.072266 0.442383 0.074219 0.442383 0.079102 0.446289 0.083008 0.447266 0.087891 0.445312 0.092773 0.446289 0.097656 0.450195 0.100586 0.455078 0.101562 0.459961 0.103516 0.455078 0.095703 0.453125 0.090820 0.456055 0.086914 0.458008 0.082031 0.461914 0.078125
1 0.445312 0.141602 0.433594 0.138672 0.430664 0.133789 0.430664 0.127930 0.435547 0.120117 0.439453 0.123047 0.442383 0.127930 0.446289 0.131836 0.449219 0.135742
1 0.459961 0.135742 0.455078 0.129883 0.456055 0.125000 0.458008 0.120117 0.462891 0.120117 0.465820 0.124023 0.464844 0.128906
1 0.384766 0.093750 0.381836 0.084961 0.383789 0.080078 0.381836 0.075195 0.381836 0.070312 0.386719 0.067383 0.391602 0.065430 0.394531 0.071289 0.393555 0.076172 0.394531 0.081055 0.392578 0.085938 0.388672 0.089844
1 0.391602 0.053711 0.388672 0.048828 0.387695 0.042969 0.390625 0.039062 0.395508 0.038086 0.399414 0.041992 0.399414 0.047852
1 0.238281 0.064453 0.232422 0.064453 0.232422 0.059570 0.233398 0.054688 0.238281 0.051758 0.243164 0.053711 0.245117 0.058594
1 0.248047 0.049805 0.239258 0.047852 0.240234 0.041992 0.245117 0.041016 0.249023 0.044922
0 0.423828 0.060547 0.417969 0.062500 0.413086 0.060547 0.411133 0.055664 0.415039 0.052734 0.419922 0.052734 0.425781 0.054688 0.430664 0.052734 0.434570 0.056641 0.434570 0.061523 0.432617 0.066406 0.427734 0.064453
1 0.407227 0.083008 0.401367 0.083008 0.400391 0.078125 0.404297 0.075195 0.409180 0.076172
1 0.405273 0.091797 0.400391 0.093750 0.397461 0.089844 0.396484 0.084961 0.401367 0.082031 0.406250 0.083984
0 0.432617 0.007812 0.426758 0.004883 0.421875 0.003906 0.416992 0.003906 0.412109 0.000000 0.434570 0.000000 0.435547 0.007812
0 0.471680 0.000000 0.472656 0.006836 0.477539 0.006836 0.481445 0.010742 0.476562 0.012695 0.467773 0.007812 0.464844 0.012695 0.467773 0.016602 0.472656 0.018555 0.477539 0.019531 0.481445 0.023438 0.484375 0.026367 0.488281 0.000000
0 0.495117 0.068359 0.490234 0.065430 0.490234 0.060547 0.495117 0.057617 0.497070 0.052734 0.499023 0.048828 0.504883 0.050781 0.506836 0.055664 0.502930 0.057617 0.500000 0.059570 0.500000 0.064453 0.503906 0.067383 0.504883 0.072266 0.503906 0.077148 0.500977 0.082031 0.496094 0.082031 0.494141 0.077148 0.492188 0.072266
0 0.545898 0.131836 0.546875 0.136719 0.550781 0.139648 0.552734 0.144531 0.547852 0.144531 0.546875 0.139648 0.541992 0.137695 0.540039 0.137695 0.541016 0.133789 0.540039 0.131836 0.535156 0.133789 0.533203 0.138672 0.534180 0.143555 0.537109 0.147461 0.541992 0.149414 0.550781 0.147461 0.555664 0.148438 0.559570 0.151367 0.564453 0.151367 0.569336 0.149414 0.572266 0.145508 0.573242 0.140625 0.569336 0.136719 0.571289 0.133789 0.568359 0.131836 0.565430 0.133789 0.564453 0.136719 0.559570 0.136719 0.556641 0.133789 0.550781 0.131836
0 0.564453 0.387695 0.555664 0.383789 0.550781 0.381836 0.548828 0.377930 0.545898 0.372070 0.542969 0.368164 0.541016 0.358398 0.544922 0.355469 0.549805 0.354492 0.554688 0.355469 0.559570 0.358398 0.560547 0.363281 0.563477 0.373047 0.566406 0.376953 0.566406 0.381836
1 0.560547 0.416016 0.551758 0.413086 0.549805 0.408203 0.548828 0.403320 0.548828 0.398438 0.548828 0.392578 0.554688 0.391602 0.559570 0.394531 0.563477 0.398438 0.563477 0.403320 0.562500 0.409180
1 0.563477 0.431641 0.548828 0.441406 0.546875 0.436523 0.546875 0.431641 0.548828 0.425781 0.549805 0.419922 0.554688 0.418945 0.557617 0.422852
1 0.567383 0.470703 0.557617 0.470703 0.553711 0.466797 0.552734 0.461914 0.557617 0.458984 0.567383 0.458008 0.568359 0.462891
0 0.562500 0.509766 0.555664 0.508789 0.551758 0.510742 0.545898 0.510742 0.544922 0.505859 0.547852 0.501953 0.548828 0.497070 0.553711 0.497070 0.558594 0.497070 0.562500 0.493164 0.567383 0.493164 0.570312 0.497070 0.570312 0.501953 0.573242 0.502930 0.572266 0.497070 0.576172 0.498047 0.580078 0.495117 0.583008 0.495117 0.587891 0.500000 0.584961 0.503906 0.580078 0.503906 0.580078 0.508789 0.575195 0.509766 0.570312 0.510742 0.567383 0.507812
0 0.557617 0.483398 0.555664 0.488281 0.551758 0.492188 0.547852 0.489258 0.547852 0.483398 0.549805 0.478516 0.548828 0.474609 0.545898 0.479492 0.541992 0.475586 0.544922 0.471680 0.547852 0.467773 0.550781 0.466797 0.552734 0.471680 0.556641 0.471680 0.558594 0.476562 0.563477 0.476562 0.568359 0.477539 0.571289 0.480469 0.568359 0.483398 0.568359 0.488281 0.564453 0.488281 0.558594 0.486328
1 0.547852 0.458984 0.542969 0.458008 0.541992 0.453125 0.543945 0.448242 0.548828 0.450195 0.551758 0.454102
1 0.493164 0.562500 0.488281 0.563477 0.483398 0.562500 0.478516 0.564453 0.483398 0.557617 0.487305 0.553711 0.492188 0.554688 0.495117 0.559570
1 0.516602 0.533203 0.511719 0.530273 0.512695 0.525391 0.516602 0.522461 0.521484 0.525391 0.522461 0.530273
0 0.524414 0.541016 0.519531 0.542969 0.519531 0.538086 0.522461 0.534180 0.518555 0.530273 0.524414 0.530273 0.529297 0.532227 0.529297 0.527344 0.534180 0.524414 0.532227 0.519531 0.534180 0.514648 0.538086 0.510742 0.540039 0.515625 0.540039 0.520508 0.541992 0.530273 0.537109 0.532227 0.535156 0.537109 0.539062 0.541016 0.535156 0.544922 0.531250 0.542969
0 0.642578 0.520508 0.639648 0.516602 0.640625 0.511719 0.643555 0.506836 0.647461 0.503906 0.653320 0.503906 0.661133 0.507812 0.663086 0.512695 0.666016 0.516602 0.666016 0.521484 0.661133 0.522461 0.656250 0.520508 0.651367 0.521484 0.646484 0.524414
0 0.704102 0.533203 0.700195 0.530273 0.696289 0.527344 0.696289 0.522461 0.702148 0.522461 0.700195 0.517578 0.704102 0.513672 0.708984 0.515625 0.713867 0.518555 0.719727 0.518555 0.728516 0.521484 0.724609 0.524414 0.719727 0.524414 0.715820 0.528320 0.711914 0.531250
0 0.708008 0.493164 0.701172 0.494141 0.698242 0.489258 0.695312 0.485352 0.699219 0.481445 0.704102 0.481445 0.712891 0.485352 0.712891 0.490234
1 0.591797 0.514648 0.585938 0.509766 0.585938 0.504883 0.590820 0.504883 0.595703 0.507812 0.597656 0.512695
1 0.599609 0.504883 0.595703 0.502930 0.591797 0.499023 0.591797 0.494141 0.596680 0.492188 0.601562 0.493164 0.606445 0.497070 0.606445 0.501953
1 0.623047 0.518555 0.618164 0.516602 0.618164 0.510742 0.623047 0.508789 0.626953 0.511719 0.630859 0.515625
1 0.639648 0.499023 0.634766 0.499023 0.630859 0.495117 0.634766 0.491211 0.638672 0.488281 0.641602 0.492188
1 0.595703 0.282227 0.584961 0.285156 0.580078 0.282227 0.577148 0.276367 0.580078 0.272461 0.583984 0.269531 0.589844 0.270508 0.594727 0.267578 0.599609 0.268555 0.602539 0.272461 0.603516 0.277344 0.600586 0.281250
1 0.587891 0.318359 0.583984 0.308594 0.582031 0.303711 0.583984 0.298828 0.589844 0.297852 0.593750 0.294922 0.598633 0.296875 0.599609 0.301758 0.599609 0.307617 0.599609 0.317383 0.593750 0.317383
1 0.570312 0.331055 0.578125 0.331055 0.582031 0.333984 0.581055 0.340820 0.576172 0.342773 0.574219 0.347656 0.569336 0.349609 0.564453 0.347656 0.564453 0.342773 0.567383 0.337891
1 0.518555 0.247070 0.514648 0.242188 0.518555 0.239258 0.522461 0.236328 0.527344 0.237305 0.528320 0.242188 0.523438 0.245117
1 0.520508 0.213867 0.513672 0.210938 0.510742 0.207031 0.511719 0.202148 0.517578 0.201172 0.528320 0.201172 0.530273 0.206055 0.529297 0.210938
1 0.535156 0.215820 0.528320 0.208984 0.528320 0.204102 0.531250 0.200195 0.536133 0.201172 0.541016 0.203125 0.544922 0.207031 0.542969 0.211914
1 0.744141 0.297852 0.738281 0.292969 0.733398 0.291016 0.735352 0.286133 0.738281 0.281250 0.743164 0.282227 0.746094 0.287109 0.750977 0.291992 0.748047 0.293945
1 0.767578 0.320312 0.762695 0.316406 0.761719 0.311523 0.766602 0.308594 0.771484 0.309570 0.774414 0.313477 0.775391 0.318359
1 0.777344 0.313477 0.772461 0.310547 0.770508 0.305664 0.772461 0.300781 0.777344 0.302734 0.781250 0.306641 0.781250 0.312500
0 0.659180 0.339844 0.654297 0.337891 0.649414 0.339844 0.645508 0.336914 0.642578 0.340820 0.637695 0.339844 0.633789 0.336914 0.636719 0.332031 0.640625 0.330078 0.648438 0.332031 0.651367 0.328125 0.655273 0.332031 0.660156 0.332031 0.664062 0.329102 0.667969 0.331055 0.668945 0.333984 0.666016 0.335938 0.665039 0.340820
0 0.678711 0.334961 0.673828 0.335938 0.670898 0.339844 0.670898 0.344727 0.675781 0.347656 0.680664 0.345703 0.685547 0.347656 0.689453 0.343750 0.688477 0.338867 0.684570 0.336914 0.683594 0.342773 0.679688 0.343750 0.677734 0.341797
0 0.766602 0.259766 0.761719 0.257812 0.756836 0.258789 0.751953 0.260742 0.749023 0.256836 0.749023 0.251953 0.751953 0.248047 0.755859 0.245117 0.755859 0.239258 0.756836 0.234375 0.755859 0.229492 0.758789 0.224609 0.756836 0.219727 0.757812 0.214844 0.758789 0.205078 0.761719 0.199219 0.766602 0.201172 0.767578 0.206055 0.767578 0.216797 0.765625 0.221680 0.768555 0.228516 0.772461 0.225586 0.775391 0.229492 0.774414 0.235352 0.772461 0.246094 0.770508 0.250977 0.769531 0.255859 0.770508 0.261719
0 0.774414 0.187500 0.770508 0.183594 0.767578 0.179688 0.766602 0.174805 0.770508 0.170898 0.775391 0.171875 0.780273 0.173828 0.784180 0.177734 0.786133 0.182617 0.783203 0.186523 0.783203 0.192383 0.780273 0.201172 0.775391 0.200195 0.773438 0.194336
0 0.785156 0.226562 0.782227 0.231445 0.786133 0.234375 0.791016 0.238281 0.791992 0.231445 0.795898 0.227539 0.795898 0.222656 0.791016 0.219727 0.787109 0.222656
1 0.783203 0.126953 0.778320 0.128906 0.777344 0.133789 0.779297 0.138672 0.784180 0.138672 0.787109 0.134766 0.788086 0.129883
1 0.791992 0.088867 0.785156 0.089844 0.786133 0.083984 0.789062 0.079102 0.792969 0.075195 0.796875 0.079102 0.799805 0.081055 0.800781 0.085938 0.795898 0.091797
1 0.848633 0.108398 0.844727 0.114258 0.839844 0.113281 0.834961 0.114258 0.832031 0.109375 0.833984 0.104492 0.837891 0.101562 0.846680 0.096680 0.851562 0.098633 0.851562 0.103516
1 0.475586 0.822266 0.471680 0.817383 0.469727 0.812500 0.474609 0.810547 0.484375 0.807617 0.488281 0.811523 0.489258 0.816406 0.489258 0.821289 0.484375 0.823242
1 0.492188 0.827148 0.490234 0.822266 0.487305 0.817383 0.492188 0.815430 0.497070 0.813477 0.501953 0.815430 0.505859 0.818359 0.507812 0.823242 0.504883 0.827148 0.500000 0.828125
1 0.441406 0.869141 0.435547 0.865234 0.431641 0.861328 0.434570 0.856445 0.439453 0.854492 0.444336 0.856445 0.445312 0.861328
1 0.439453 0.853516 0.435547 0.849609 0.437500 0.844727 0.443359 0.843750 0.446289 0.848633 0.444336 0.853516
1 0.498047 0.859375 0.493164 0.854492 0.495117 0.849609 0.496094 0.844727 0.500977 0.844727 0.503906 0.849609 0.503906 0.855469 0.502930 0.858398 0.504883 0.861328 0.504883 0.865234 0.500000 0.868164 0.497070 0.863281
0 0.516602 0.623047 0.513672 0.616211 0.513672 0.611328 0.509766 0.607422 0.507812 0.602539 0.511719 0.599609 0.517578 0.591797 0.519531 0.586914 0.523438 0.583008 0.528320 0.583008 0.520508 0.608398 0.522461 0.616211 0.522461 0.620117
0 0.585938 0.668945 0.579102 0.665039 0.575195 0.667969 0.574219 0.663086 0.574219 0.658203 0.577148 0.654297 0.582031 0.652344 0.585938 0.656250 0.591797 0.656250 0.597656 0.657227 0.599609 0.662109 0.597656 0.666992 0.593750 0.670898
0 0.607422 0.672852 0.600586 0.668945 0.599609 0.664062 0.604492 0.663086 0.608398 0.660156 0.613281 0.660156 0.617188 0.664062 0.625977 0.664062 0.625977 0.668945 0.630859 0.666992 0.634766 0.669922 0.633789 0.675781 0.634766 0.680664 0.638672 0.674805 0.643555 0.677734 0.643555 0.682617 0.637695 0.685547 0.632812 0.682617 0.626953 0.680664 0.623047 0.678711 0.615234 0.675781