1 0.199219 0.035156 0.203125 0.040039 0.203125 0.050781 0.196289 0.049805
1 0.129883 0.104492 0.136719 0.105469 0.136719 0.117188 0.126953 0.114258
1 0.083984 0.135742 0.090820 0.137695 0.096680 0.146484 0.088867 0.154297 0.082031 0.148438
0 0.149414 0.157227 0.159180 0.152344 0.169922 0.158203 0.181641 0.158203 0.193359 0.159180 0.207031 0.156250 0.210938 0.164062 0.221680 0.159180 0.228516 0.166016 0.217773 0.173828 0.215820 0.179688 0.203125 0.175781 0.193359 0.176758 0.188477 0.167969 0.183594 0.174805 0.170898 0.177734 0.163086 0.169922 0.157227 0.164062 0.147461 0.164062
1 0.299805 0.081055 0.298828 0.088867 0.291016 0.086914 0.291992 0.081055
0 0.245117 0.133789 0.249023 0.139648 0.250000 0.151367 0.249023 0.163086 0.239258 0.166016 0.237305 0.157227 0.240234 0.139648
1 0.103516 0.185547 0.112305 0.187500 0.111328 0.196289 0.112305 0.196289 0.106445 0.199219 0.101562 0.192383
1 0.223633 0.212891 0.230469 0.215820 0.229492 0.224609 0.221680 0.223633
1 0.221680 0.229492 0.227539 0.227539 0.229492 0.236328 0.222656 0.235352
1 0.267578 0.223633 0.275391 0.225586 0.272461 0.233398 0.267578 0.231445
1 0.063477 0.245117 0.061523 0.256836 0.051758 0.254883 0.052734 0.245117
1 0.019531 0.294922 0.019531 0.303711 0.019531 0.304688 0.011719 0.303711 0.011719 0.293945
1 0.053711 0.273438 0.052734 0.281250 0.043945 0.280273 0.043945 0.274414
1 0.210938 0.364258 0.208984 0.368164 0.203125 0.365234 0.203125 0.360352
1 0.202148 0.385742 0.195312 0.387695 0.195312 0.379883 0.200195 0.378906
1 0.192383 0.406250 0.192383 0.414062 0.185547 0.415039 0.179688 0.409180 0.185547 0.403320
1 0.217773 0.398438 0.216797 0.404297 0.211914 0.404297 0.211914 0.399414
1 0.137695 0.444336 0.136719 0.449219 0.129883 0.448242 0.130859 0.442383
1 0.151367 0.438477 0.150391 0.445312 0.143555 0.446289 0.143555 0.439453
1 0.158203 0.435547 0.167969 0.434570 0.168945 0.441406 0.160156 0.444336
1 0.139648 0.450195 0.144531 0.451172 0.144531 0.458008 0.139648 0.457031
1 0.140625 0.463867 0.146484 0.464844 0.146484 0.471680 0.141602 0.471680
1 0.038086 0.549805 0.040039 0.562500 0.034180 0.566406 0.030273 0.559570 0.029297 0.549805
1 0.112305 0.635742 0.120117 0.637695 0.123047 0.647461 0.114258 0.650391 0.109375 0.644531
1 0.129883 0.650391 0.138672 0.651367 0.140625 0.661133 0.132812 0.665039 0.127930 0.658203
1 0.246094 0.624023 0.255859 0.626953 0.254883 0.637695 0.242188 0.636719
1 0.258789 0.625977 0.264648 0.628906 0.267578 0.635742 0.260742 0.637695
1 0.262695 0.643555 0.270508 0.644531 0.274414 0.653320 0.265625 0.660156 0.261719 0.653320
1 0.265625 0.658203 0.273438 0.655273 0.278320 0.659180 0.274414 0.667969 0.266602 0.666992
1 0.031250 0.785156 0.034180 0.785156 0.033203 0.789062 0.029297 0.789062
1 0.182617 0.873047 0.191406 0.877930 0.191406 0.885742 0.186523 0.887695 0.178711 0.883789
0 0.011719 0.894531 0.018555 0.894531 0.018555 0.903320 0.025391 0.912109 0.023438 0.916016 0.027344 0.923828 0.027344 0.930664 0.038086 0.931641 0.041992 0.938477 0.046875 0.943359 0.053711 0.947266 0.053711 0.947266 0.050781 0.951172 0.040039 0.952148 0.036133 0.958008 0.035156 0.968750 0.042969 0.969727 0.046875 0.975586 0.051758 0.978516 0.058594 0.977539 0.064453 0.970703 0.065430 0.962891 0.062500 0.954102 0.058594 0.948242 0.056641 0.939453 0.065430 0.938477 0.062500 0.930664 0.065430 0.923828 0.074219 0.920898 0.084961 0.922852 0.091797 0.929688 0.087891 0.943359 0.075195 0.947266 0.067383 0.946289 0.074219 0.954102 0.079102 0.962891 0.075195 0.971680 0.084961 0.976562 0.087891 0.984375 0.074219 0.988281 0.075195 0.997070 0.072266 1.000000 0.057617 1.000000 0.055664 0.995117 0.049805 0.995117 0.043945 0.988281 0.038086 0.986328 0.038086 0.987305 0.037109 0.993164 0.029297 0.992188 0.026367 0.983398 0.032227 0.977539 0.023438 0.973633 0.022461 0.965820 0.018555 0.972656 0.010742 0.970703 0.012695 0.961914 0.009766 0.955078 0.012695 0.946289 0.012695 0.933594 0.005859 0.923828 0.009766 0.915039 0.011719 0.903320
1 0.084961 0.893555 0.086914 0.904297 0.079102 0.903320 0.076172 0.895508
0 0.032227 0.914062 0.041016 0.911133 0.049805 0.908203 0.057617 0.906250 0.067383 0.909180 0.072266 0.907227 0.083008 0.908203 0.092773 0.910156 0.098633 0.914062 0.103516 0.916016 0.109375 0.916016 0.121094 0.918945 0.123047 0.928711 0.123047 0.939453 0.122070 0.945312 0.130859 0.952148 0.129883 0.958008 0.124023 0.959961 0.123047 0.969727 0.115234 0.973633 0.102539 0.976562 0.090820 0.972656 0.087891 0.960938 0.087891 0.954102 0.093750 0.949219 0.095703 0.940430 0.089844 0.935547 0.091797 0.926758 0.083008 0.919922 0.076172 0.918945 0.064453 0.922852 0.053711 0.916016 0.044922 0.918945 0.038086 0.924805 0.031250 0.920898
1 0.017578 0.978516 0.019531 0.983398 0.017578 0.987305 0.010742 0.987305 0.008789 0.980469 0.013672 0.979492
0 0.106445 1.000000 0.111328 0.992188 0.111328 0.993164 0.120117 0.993164 0.130859 0.991211 0.132812 0.982422 0.138672 0.983398 0.141602 0.986328 0.146484 0.988281 0.151367 0.994141 0.150391 1.000000
1 0.207031 0.978516 0.215820 0.981445 0.215820 0.989258 0.206055 0.989258 0.207031 0.990234 0.202148 0.984375
1 0.200195 0.987305 0.205078 0.990234 0.204102 0.998047 0.203125 1.000000 0.192383 1.000000 0.192383 0.992188
1 0.411133 0.985352 0.417969 0.985352 0.416992 0.991211 0.410156 0.991211
1 0.258789 0.962891 0.260742 0.969727 0.253906 0.971680 0.250977 0.966797
1 0.285156 0.874023 0.284180 0.880859 0.279297 0.879883 0.280273 0.873047
1 0.241211 0.851562 0.246094 0.849609 0.245117 0.854492 0.242188 0.854492
1 0.242188 0.838867 0.246094 0.840820 0.245117 0.844727 0.241211 0.843750
1 0.262695 0.842773 0.268555 0.844727 0.266602 0.849609 0.258789 0.849609 0.257812 0.845703
1 0.261719 0.851562 0.266602 0.853516 0.266602 0.858398 0.263672 0.859375 0.258789 0.855469
1 0.337891 0.805664 0.342773 0.805664 0.343750 0.811523 0.335938 0.811523
1 0.352539 0.765625 0.357422 0.765625 0.356445 0.771484 0.352539 0.771484
1 0.381836 0.783203 0.386719 0.786133 0.387695 0.791016 0.387695 0.796875 0.382812 0.795898 0.382812 0.791992 0.377930 0.790039
1 0.395508 0.753906 0.400391 0.754883 0.400391 0.760742 0.394531 0.760742
1 0.400391 0.743164 0.399414 0.748047 0.394531 0.748047 0.394531 0.743164
0 0.384766 0.712891 0.391602 0.716797 0.395508 0.722656 0.392578 0.730469 0.387695 0.734375 0.377930 0.728516 0.374023 0.721680 0.375000 0.712891
1 0.432617 0.741211 0.437500 0.741211 0.438477 0.747070 0.434570 0.748047
1 0.376953 0.650391 0.381836 0.652344 0.383789 0.656250 0.378906 0.661133 0.378906 0.661133 0.375977 0.658203
1 0.392578 0.648438 0.400391 0.649414 0.405273 0.652344 0.400391 0.660156 0.392578 0.661133 0.391602 0.654297
1 0.430664 0.653320 0.433594 0.655273 0.429688 0.661133 0.426758 0.658203
1 0.422852 0.661133 0.427734 0.662109 0.426758 0.666016 0.421875 0.666992
1 0.287109 0.643555 0.290039 0.643555 0.290039 0.648438 0.284180 0.648438
1 0.228516 0.642578 0.235352 0.644531 0.236328 0.651367 0.228516 0.654297 0.223633 0.648438
1 0.292969 0.647461 0.298828 0.647461 0.298828 0.652344 0.295898 0.652344
1 0.302734 0.646484 0.307617 0.647461 0.306641 0.653320 0.300781 0.652344
1 0.307617 0.659180 0.313477 0.661133 0.312500 0.666992 0.306641 0.666016
1 0.325195 0.658203 0.328125 0.663086 0.322266 0.666016 0.321289 0.662109
1 0.335938 0.660156 0.337891 0.665039 0.333008 0.666992 0.332031 0.663086
1 0.346680 0.660156 0.348633 0.664062 0.340820 0.665039
1 0.365234 0.650391 0.367188 0.654297 0.366211 0.658203 0.361328 0.656250
1 0.283203 0.616211 0.287109 0.616211 0.287109 0.621094 0.284180 0.621094
1 0.297852 0.613281 0.300781 0.615234 0.300781 0.619141 0.296875 0.619141
1 0.306641 0.611328 0.310547 0.612305 0.309570 0.617188 0.305664 0.616211
1 0.322266 0.608398 0.331055 0.608398 0.333008 0.613281 0.329102 0.617188 0.323242 0.616211
1 0.327148 0.617188 0.332031 0.617188 0.333984 0.624023 0.331055 0.628906 0.324219 0.628906 0.322266 0.621094
1 0.366211 0.603516 0.371094 0.603516 0.372070 0.610352 0.370117 0.612305 0.372070 0.618164 0.372070 0.623047 0.372070 0.633789 0.369141 0.635742 0.365234 0.634766 0.365234 0.624023 0.368164 0.623047 0.367188 0.617188 0.365234 0.616211
1 0.380859 0.620117 0.384766 0.619141 0.384766 0.623047 0.380859 0.623047
1 0.398438 0.628906 0.401367 0.630859 0.399414 0.633789 0.396484 0.631836
1 0.421875 0.609375 0.425781 0.610352 0.425781 0.615234 0.421875 0.613281
1 0.428711 0.633789 0.433594 0.634766 0.431641 0.638672 0.428711 0.637695
1 0.438477 0.619141 0.444336 0.621094 0.442383 0.628906 0.435547 0.625977
1 0.202148 0.550781 0.207031 0.549805 0.208984 0.553711 0.208984 0.561523 0.202148 0.561523
1 0.320312 0.551758 0.325195 0.551758 0.326172 0.557617 0.321289 0.559570
1 0.354492 0.557617 0.358398 0.556641 0.360352 0.559570 0.357422 0.562500 0.352539 0.561523
1 0.370117 0.564453 0.374023 0.565430 0.373047 0.570312 0.368164 0.569336
1 0.369141 0.572266 0.373047 0.576172 0.370117 0.583008 0.365234 0.582031 0.365234 0.574219
1 0.380859 0.589844 0.383789 0.590820 0.383789 0.595703 0.378906 0.595703
1 0.416992 0.569336 0.423828 0.569336 0.422852 0.575195 0.416992 0.575195
1 0.382812 0.572266 0.390625 0.571289 0.391602 0.576172 0.392578 0.576172 0.386719 0.582031 0.381836 0.578125
1 0.385742 0.559570 0.392578 0.561523 0.391602 0.568359 0.384766 0.568359 0.382812 0.563477 0.382812 0.563477
1 0.411133 0.540039 0.415039 0.540039 0.417969 0.543945 0.411133 0.548828
1 0.380859 0.524414 0.386719 0.522461 0.389648 0.526367 0.389648 0.532227 0.382812 0.532227
1 0.198242 0.466797 0.204102 0.467773 0.206055 0.472656 0.202148 0.475586 0.197266 0.472656
1 0.201172 0.449219 0.206055 0.451172 0.208984 0.458008 0.202148 0.461914 0.198242 0.455078
1 0.232422 0.486328 0.237305 0.484375 0.236328 0.492188 0.232422 0.491211
1 0.245117 0.474609 0.250977 0.475586 0.250977 0.480469 0.246094 0.483398 0.242188 0.479492
0 0.329102 0.443359 0.323242 0.441406 0.317383 0.444336 0.316406 0.451172 0.316406 0.451172 0.312500 0.458984 0.312500 0.462891 0.315430 0.468750 0.310547 0.471680 0.307617 0.475586 0.299805 0.477539 0.294922 0.484375 0.292969 0.491211 0.299805 0.492188 0.307617 0.489258 0.317383 0.489258 0.319336 0.495117 0.331055 0.494141 0.340820 0.497070 0.349609 0.494141 0.353516 0.486328 0.359375 0.484375 0.360352 0.473633 0.357422 0.465820 0.351562 0.461914 0.342773 0.462891 0.340820 0.467773 0.343750 0.472656 0.339844 0.476562 0.333984 0.476562 0.336914 0.472656 0.337891 0.465820 0.330078 0.464844 0.327148 0.458984
1 0.364258 0.458008 0.375977 0.456055 0.384766 0.458008 0.386719 0.463867 0.376953 0.467773 0.370117 0.467773 0.367188 0.471680 0.363281 0.467773
1 0.282227 0.454102 0.286133 0.455078 0.286133 0.458984 0.281250 0.458984
1 0.291016 0.421875 0.299805 0.420898 0.299805 0.425781 0.292969 0.425781
1 0.279297 0.424805 0.286133 0.425781 0.285156 0.430664 0.280273 0.429688
1 0.284180 0.411133 0.288086 0.416992 0.286133 0.421875 0.279297 0.419922 0.277344 0.414062
1 0.285156 0.397461 0.288086 0.401367 0.294922 0.403320 0.293945 0.408203 0.293945 0.408203 0.287109 0.411133 0.280273 0.408203 0.280273 0.401367
1 0.299805 0.352539 0.306641 0.353516 0.305664 0.359375 0.299805 0.357422 0.299805 0.357422
1 0.304688 0.335938 0.309570 0.337891 0.309570 0.341797 0.304688 0.340820
1 0.241211 0.334961 0.242188 0.342773 0.236328 0.343750 0.233398 0.337891 0.235352 0.333984
1 0.334961 0.321289 0.341797 0.323242 0.347656 0.326172 0.349609 0.333008 0.341797 0.334961 0.333984 0.333984 0.329102 0.329102
1 0.354492 0.291992 0.357422 0.297852 0.354492 0.303711 0.347656 0.302734 0.347656 0.293945
1 0.373047 0.291992 0.377930 0.294922 0.376953 0.300781 0.371094 0.298828
1 0.370117 0.304688 0.374023 0.311523 0.370117 0.317383 0.364258 0.315430 0.360352 0.308594 0.362305 0.303711
1 0.385742 0.308594 0.388672 0.311523 0.384766 0.315430 0.380859 0.311523
1 0.382812 0.324219 0.384766 0.329102 0.380859 0.333008 0.376953 0.328125
1 0.367188 0.338867 0.370117 0.345703 0.370117 0.345703 0.367188 0.351562 0.358398 0.347656 0.363281 0.339844
1 0.374023 0.360352 0.377930 0.368164 0.372070 0.371094 0.368164 0.366211
1 0.397461 0.357422 0.398438 0.366211 0.394531 0.371094 0.386719 0.366211 0.386719 0.357422
1 0.397461 0.292969 0.404297 0.293945 0.403320 0.299805 0.397461 0.299805
0 0.286133 0.239258 0.291992 0.240234 0.291992 0.240234 0.300781 0.245117 0.305664 0.246094 0.308594 0.248047 0.316406 0.250000 0.322266 0.257812 0.328125 0.266602 0.327148 0.276367 0.323242 0.287109 0.310547 0.287109 0.298828 0.285156 0.291992 0.290039 0.283203 0.280273 0.288086 0.268555 0.280273 0.260742 0.281250 0.250000 0.282227 0.250000
1 0.260742 0.233398 0.259766 0.240234 0.254883 0.241211 0.251953 0.234375
1 0.348633 0.233398 0.356445 0.234375 0.356445 0.243164 0.349609 0.244141 0.345703 0.238281
1 0.380859 0.183594 0.393555 0.187500 0.397461 0.200195 0.390625 0.206055 0.375977 0.203125 0.375977 0.190430 0.376953 0.186523
0 0.406250 0.191406 0.417969 0.191406 0.428711 0.191406 0.433594 0.198242 0.428711 0.203125 0.421875 0.202148 0.419922 0.208008 0.411133 0.209961 0.410156 0.206055 0.413086 0.201172 0.406250 0.199219
0 0.440430 0.194336 0.451172 0.190430 0.460938 0.193359 0.471680 0.188477 0.486328 0.192383 0.493164 0.193359 0.502930 0.196289 0.505859 0.203125 0.503906 0.208984 0.490234 0.208984 0.486328 0.211914 0.482422 0.208008 0.473633 0.208008 0.458984 0.206055 0.455078 0.210938 0.448242 0.214844 0.439453 0.211914 0.439453 0.205078
1 0.514648 0.204102 0.521484 0.204102 0.525391 0.209961 0.525391 0.210938 0.525391 0.217773 0.515625 0.218750 0.510742 0.211914 0.510742 0.211914
1 0.386719 0.208984 0.394531 0.208984 0.395508 0.214844 0.388672 0.215820
1 0.408203 0.208984 0.408203 0.215820 0.403320 0.217773 0.400391 0.209961 0.400391 0.209961 0.402344 0.206055
1 0.410156 0.217773 0.414062 0.223633 0.412109 0.228516 0.405273 0.224609
1 0.382812 0.233398 0.389648 0.231445 0.391602 0.235352 0.386719 0.238281
1 0.416016 0.231445 0.422852 0.231445 0.424805 0.237305 0.420898 0.243164 0.412109 0.239258
1 0.429688 0.238281 0.431641 0.243164 0.427734 0.246094 0.424805 0.242188
1 0.439453 0.237305 0.444336 0.237305 0.444336 0.242188 0.437500 0.242188
1 0.460938 0.229492 0.466797 0.229492 0.466797 0.237305 0.460938 0.241211 0.456055 0.236328
0 0.372070 0.249023 0.379883 0.246094 0.386719 0.249023 0.396484 0.250000 0.395508 0.255859 0.387695 0.257812 0.385742 0.253906 0.375000 0.254883
1 0.411133 0.250000 0.416992 0.250977 0.416016 0.257812 0.411133 0.256836
1 0.427734 0.250977 0.432617 0.252930 0.432617 0.259766 0.423828 0.257812
1 0.448242 0.252930 0.456055 0.253906 0.454102 0.259766 0.448242 0.259766
1 0.459961 0.252930 0.463867 0.252930 0.463867 0.258789 0.457031 0.257812 0.457031 0.253906
1 0.469727 0.253906 0.474609 0.252930 0.474609 0.257812 0.470703 0.257812
1 0.481445 0.262695 0.488281 0.262695 0.487305 0.272461 0.479492 0.271484 0.479492 0.271484 0.478516 0.267578
1 0.487305 0.274414 0.488281 0.283203 0.486328 0.291992 0.480469 0.293945 0.476562 0.288086 0.476562 0.288086 0.479492 0.278320
1 0.463867 0.311523 0.468750 0.312500 0.467773 0.318359 0.463867 0.317383
1 0.413086 0.375977 0.421875 0.377930 0.421875 0.383789 0.415039 0.381836
1 0.444336 0.391602 0.450195 0.390625 0.452148 0.396484 0.449219 0.401367 0.443359 0.399414
1 0.405273 0.391602 0.411133 0.394531 0.410156 0.399414 0.406250 0.400391 0.402344 0.395508
1 0.401367 0.404297 0.403320 0.410156 0.398438 0.411133 0.396484 0.407227
1 0.411133 0.401367 0.414062 0.406250 0.412109 0.409180 0.406250 0.405273
1 0.441406 0.425781 0.448242 0.427734 0.446289 0.433594 0.439453 0.430664
1 0.434570 0.437500 0.437500 0.439453 0.433594 0.444336 0.428711 0.440430
1 0.442383 0.459961 0.443359 0.461914 0.441406 0.464844 0.438477 0.461914
1 0.453125 0.510742 0.457031 0.509766 0.459961 0.513672 0.454102 0.515625
1 0.469727 0.533203 0.475586 0.534180 0.475586 0.534180 0.475586 0.538086 0.470703 0.537109
1 0.461914 0.583984 0.461914 0.588867 0.456055 0.589844 0.455078 0.584961
1 0.463867 0.591797 0.467773 0.593750 0.467773 0.598633 0.463867 0.604492 0.459961 0.598633
1 0.461914 0.608398 0.467773 0.608398 0.468750 0.612305 0.463867 0.613281
1 0.474609 0.733398 0.469727 0.734375 0.469727 0.739258 0.474609 0.739258
1 0.468750 0.762695 0.468750 0.767578 0.464844 0.767578 0.462891 0.762695 0.465820 0.760742
0 0.468750 0.956055 0.471680 0.964844 0.468750 0.970703 0.471680 0.976562 0.468750 0.984375 0.468750 0.988281 0.459961 0.989258 0.459961 0.983398 0.464844 0.977539 0.460938 0.973633 0.458984 0.967773 0.464844 0.956055
1 0.491211 0.985352 0.497070 0.984375 0.500000 0.991211 0.496094 0.995117 0.489258 0.992188
1 0.485352 0.968750 0.490234 0.971680 0.490234 0.977539 0.484375 0.977539 0.484375 0.978516 0.481445 0.972656
1 0.500000 0.970703 0.502930 0.976562 0.502930 0.976562 0.500000 0.981445 0.496094 0.973633
1 0.490234 0.953125 0.492188 0.958984 0.490234 0.962891 0.486328 0.961914 0.485352 0.956055
1 0.551758 0.965820 0.558594 0.965820 0.561523 0.970703 0.560547 0.975586 0.551758 0.975586 0.547852 0.969727
1 0.570312 0.946289 0.579102 0.947266 0.580078 0.953125 0.580078 0.953125 0.574219 0.955078 0.568359 0.952148
1 0.554688 0.944336 0.558594 0.946289 0.559570 0.952148 0.554688 0.955078 0.551758 0.950195
1 0.532227 0.941406 0.534180 0.947266 0.532227 0.950195 0.527344 0.946289
1 0.514648 0.934570 0.523438 0.930664 0.526367 0.934570 0.525391 0.938477 0.515625 0.941406 0.512695 0.939453
1 0.542969 0.916016 0.541992 0.909180 0.536133 0.907227 0.534180 0.911133 0.537109 0.915039
1 0.621094 0.924805 0.628906 0.928711 0.629883 0.938477 0.624023 0.943359 0.616211 0.949219 0.610352 0.947266 0.610352 0.937500 0.616211 0.930664
1 0.613281 0.916016 0.621094 0.917969 0.621094 0.925781 0.616211 0.928711 0.609375 0.925781
1 0.545898 0.885742 0.552734 0.886719 0.554688 0.892578 0.554688 0.892578 0.553711 0.896484 0.542969 0.896484 0.542969 0.888672
1 0.537109 0.918945 0.541992 0.916992 0.542969 0.920898 0.541992 0.923828
1 0.559570 0.887695 0.565430 0.886719 0.566406 0.892578 0.560547 0.896484 0.557617 0.892578
1 0.572266 0.897461 0.577148 0.899414 0.576172 0.903320 0.573242 0.905273 0.570312 0.900391
1 0.578125 0.871094 0.583984 0.871094 0.585938 0.876953 0.581055 0.881836 0.576172 0.881836 0.575195 0.875000
1 0.588867 0.862305 0.597656 0.857422 0.602539 0.864258 0.604492 0.872070 0.593750 0.875977 0.588867 0.873047 0.584961 0.867188
1 0.523438 0.833984 0.527344 0.837891 0.526367 0.844727 0.521484 0.844727 0.518555 0.837891
1 0.537109 0.831055 0.532227 0.831055 0.529297 0.834961 0.532227 0.839844 0.537109 0.839844
1 0.523438 0.821289 0.527344 0.820312 0.529297 0.825195 0.524414 0.825195
1 0.531250 0.753906 0.538086 0.753906 0.539062 0.761719 0.533203 0.762695 0.528320 0.758789
1 0.519531 0.720703 0.523438 0.721680 0.523438 0.726562 0.519531 0.726562
1 0.547852 0.721680 0.553711 0.722656 0.552734 0.727539 0.548828 0.727539
1 0.602539 0.704102 0.606445 0.705078 0.607422 0.709961 0.602539 0.709961
1 0.616211 0.706055 0.620117 0.708008 0.620117 0.710938 0.613281 0.710938 0.613281 0.710938
1 0.634766 0.701172 0.639648 0.700195 0.639648 0.703125 0.635742 0.704102
1 0.636719 0.708008 0.642578 0.705078 0.641602 0.710938 0.635742 0.710938
1 0.567383 0.696289 0.572266 0.698242 0.572266 0.702148 0.568359 0.701172
1 0.601562 0.670898 0.607422 0.671875 0.606445 0.676758 0.600586 0.674805
1 0.620117 0.686523 0.625977 0.689453 0.623047 0.694336 0.619141 0.697266 0.616211 0.693359
1 0.626953 0.677734 0.631836 0.676758 0.631836 0.683594 0.625977 0.684570
1 0.544922 0.694336 0.547852 0.695312 0.547852 0.699219 0.544922 0.699219
1 0.550781 0.656250 0.555664 0.658203 0.555664 0.663086 0.549805 0.662109
1 0.533203 0.655273 0.538086 0.656250 0.537109 0.660156 0.532227 0.662109 0.528320 0.659180
1 0.528320 0.672852 0.531250 0.673828 0.531250 0.679688 0.528320 0.677734
1 0.513672 0.666992 0.519531 0.665039 0.519531 0.669922 0.516602 0.671875
1 0.501953 0.687500 0.505859 0.689453 0.506836 0.695312 0.500000 0.697266
1 0.511719 0.686523 0.515625 0.688477 0.515625 0.692383 0.511719 0.691406
1 0.516602 0.697266 0.523438 0.700195 0.523438 0.704102 0.517578 0.703125
1 0.530273 0.692383 0.535156 0.694336 0.535156 0.697266 0.530273 0.697266
1 0.537109 0.699219 0.541992 0.700195 0.541992 0.704102 0.538086 0.704102
1 0.534180 0.706055 0.538086 0.707031 0.536133 0.709961 0.533203 0.708984
1 0.506836 0.704102 0.513672 0.704102 0.513672 0.708008 0.510742 0.708984
1 0.534180 0.625977 0.541016 0.625000 0.541992 0.629883 0.540039 0.634766 0.540039 0.634766 0.535156 0.632812
1 0.538086 0.577148 0.548828 0.577148 0.553711 0.583008 0.553711 0.588867 0.541016 0.592773 0.538086 0.597656 0.527344 0.601562 0.524414 0.590820 0.529297 0.583984 0.529297 0.583984
1 0.548828 0.594727 0.556641 0.593750 0.558594 0.600586 0.552734 0.604492 0.548828 0.604492 0.547852 0.598633
1 0.595703 0.605469 0.601562 0.606445 0.602539 0.614258 0.596680 0.615234 0.591797 0.613281
1 0.547852 0.540039 0.549805 0.543945 0.545898 0.549805 0.543945 0.545898
1 0.529297 0.535156 0.534180 0.539062 0.532227 0.542969 0.528320 0.541016
1 0.521484 0.542969 0.525391 0.544922 0.523438 0.547852 0.519531 0.546875
1 0.516602 0.539062 0.519531 0.537109 0.519531 0.543945 0.515625 0.546875 0.513672 0.543945
1 0.510742 0.526367 0.516602 0.526367 0.520508 0.530273 0.519531 0.534180 0.514648 0.535156 0.510742 0.532227
1 0.521484 0.515625 0.526367 0.514648 0.527344 0.518555 0.526367 0.522461 0.521484 0.520508
1 0.555664 0.513672 0.559570 0.514648 0.557617 0.520508 0.553711 0.520508 0.551758 0.515625
1 0.583008 0.515625 0.589844 0.514648 0.590820 0.520508 0.585938 0.524414 0.583984 0.518555
1 0.502930 0.476562 0.505859 0.477539 0.505859 0.480469 0.503906 0.480469
1 0.508789 0.470703 0.511719 0.471680 0.511719 0.476562 0.507812 0.475586
1 0.504883 0.487305 0.508789 0.487305 0.508789 0.492188 0.504883 0.492188
1 0.519531 0.487305 0.523438 0.487305 0.523438 0.490234 0.518555 0.490234
1 0.539062 0.496094 0.543945 0.496094 0.543945 0.500977 0.540039 0.500000
1 0.553711 0.495117 0.556641 0.499023 0.554688 0.501953 0.551758 0.499023
1 0.546875 0.484375 0.549805 0.484375 0.549805 0.490234 0.544922 0.490234
1 0.551758 0.478516 0.555664 0.480469 0.555664 0.483398 0.552734 0.483398
1 0.518555 0.441406 0.518555 0.451172 0.517578 0.456055 0.510742 0.455078 0.509766 0.448242 0.510742 0.448242 0.513672 0.438477
1 0.521484 0.440430 0.525391 0.442383 0.524414 0.449219 0.521484 0.447266
1 0.531250 0.449219 0.536133 0.449219 0.540039 0.454102 0.540039 0.454102 0.534180 0.456055 0.529297 0.453125
1 0.527344 0.457031 0.532227 0.457031 0.529297 0.460938 0.527344 0.459961
1 0.542969 0.457031 0.547852 0.458984 0.545898 0.461914 0.542969 0.459961
1 0.546875 0.461914 0.551758 0.464844 0.550781 0.468750 0.546875 0.468750 0.546875 0.465820
1 0.543945 0.428711 0.546875 0.433594 0.545898 0.438477 0.541016 0.437500 0.538086 0.430664
1 0.554688 0.426758 0.556641 0.431641 0.550781 0.434570 0.549805 0.430664
1 0.561523 0.434570 0.563477 0.438477 0.559570 0.441406 0.556641 0.436523
0 0.569336 0.452148 0.578125 0.456055 0.583008 0.460938 0.586914 0.455078 0.586914 0.455078 0.589844 0.449219 0.596680 0.451172 0.596680 0.451172 0.598633 0.458008 0.601562 0.467773 0.601562 0.475586 0.609375 0.481445 0.607422 0.491211 0.607422 0.500000 0.599609 0.505859 0.586914 0.505859 0.578125 0.503906 0.577148 0.496094 0.575195 0.487305 0.575195 0.479492 0.565430 0.472656 0.565430 0.460938 0.564453 0.455078
1 0.586914 0.440430 0.590820 0.442383 0.587891 0.449219 0.584961 0.447266
1 0.561523 0.441406 0.566406 0.440430 0.568359 0.445312 0.562500 0.449219 0.558594 0.451172 0.557617 0.446289
0 0.611328 0.462891 0.620117 0.461914 0.627930 0.468750 0.628906 0.478516 0.631836 0.479492 0.637695 0.481445 0.644531 0.487305 0.644531 0.492188 0.634766 0.500000 0.622070 0.502930 0.614258 0.499023 0.616211 0.491211 0.612305 0.485352 0.615234 0.478516 0.611328 0.467773
1 0.651367 0.490234 0.654297 0.493164 0.655273 0.497070 0.652344 0.500000 0.647461 0.497070
1 0.642578 0.476562 0.648438 0.475586 0.648438 0.480469 0.643555 0.480469
1 0.641602 0.466797 0.646484 0.465820 0.647461 0.470703 0.641602 0.469727
1 0.638672 0.444336 0.642578 0.447266 0.642578 0.452148 0.634766 0.451172
1 0.646484 0.444336 0.652344 0.442383 0.652344 0.449219 0.646484 0.450195
1 0.644531 0.417969 0.643555 0.426758 0.638672 0.426758 0.639648 0.416992
1 0.632812 0.404297 0.632812 0.410156 0.626953 0.411133 0.626953 0.406250
1 0.598633 0.425781 0.603516 0.428711 0.601562 0.434570 0.596680 0.438477 0.593750 0.435547
1 0.515625 0.420898 0.519531 0.420898 0.520508 0.424805 0.516602 0.424805
1 0.508789 0.402344 0.512695 0.403320 0.512695 0.407227 0.508789 0.407227
1 0.532227 0.414062 0.538086 0.415039 0.538086 0.420898 0.535156 0.420898 0.532227 0.417969
1 0.547852 0.416016 0.553711 0.416992 0.553711 0.421875 0.549805 0.420898
1 0.583984 0.416016 0.591797 0.415039 0.590820 0.420898 0.590820 0.421875 0.584961 0.422852
1 0.619141 0.418945 0.624023 0.421875 0.620117 0.426758 0.617188 0.423828
0 0.610352 0.397461 0.613281 0.402344 0.610352 0.408203 0.609375 0.412109 0.604492 0.414062 0.602539 0.405273
1 0.581055 0.396484 0.583984 0.403320 0.580078 0.403320 0.578125 0.399414
1 0.588867 0.391602 0.590820 0.396484 0.589844 0.400391 0.584961 0.395508
1 0.570312 0.402344 0.572266 0.406250 0.567383 0.409180 0.565430 0.405273
1 0.567383 0.417969 0.568359 0.423828 0.563477 0.426758 0.559570 0.422852 0.561523 0.417969
1 0.555664 0.391602 0.560547 0.393555 0.558594 0.398438 0.554688 0.398438 0.550781 0.394531
1 0.575195 0.381836 0.581055 0.383789 0.581055 0.388672 0.576172 0.389648
1 0.567383 0.383789 0.572266 0.385742 0.571289 0.389648 0.566406 0.388672
1 0.539062 0.381836 0.544922 0.379883 0.548828 0.384766 0.546875 0.390625 0.540039 0.389648 0.541016 0.389648
1 0.522461 0.379883 0.529297 0.377930 0.532227 0.384766 0.527344 0.387695 0.520508 0.385742
1 0.601562 0.358398 0.610352 0.356445 0.612305 0.361328 0.614258 0.364258 0.610352 0.367188 0.602539 0.366211 0.602539 0.366211 0.599609 0.361328
1 0.627930 0.361328 0.631836 0.362305 0.630859 0.366211 0.625977 0.365234
1 0.650391 0.340820 0.660156 0.340820 0.660156 0.347656 0.655273 0.353516 0.647461 0.352539 0.647461 0.347656
0 0.529297 0.343750 0.536133 0.345703 0.536133 0.354492 0.536133 0.358398 0.540039 0.357422 0.549805 0.360352 0.549805 0.360352 0.557617 0.360352 0.566406 0.360352 0.572266 0.364258 0.575195 0.369141 0.575195 0.372070 0.568359 0.375977 0.566406 0.371094 0.553711 0.370117 0.547852 0.373047 0.539062 0.372070 0.531250 0.370117 0.530273 0.362305 0.529297 0.356445 0.526367 0.350586
1 0.507812 0.362305 0.512695 0.362305 0.512695 0.366211 0.509766 0.366211
1 0.505859 0.373047 0.509766 0.375977 0.506836 0.380859 0.503906 0.378906
1 0.614258 0.341797 0.619141 0.342773 0.619141 0.348633 0.612305 0.348633
1 0.596680 0.314453 0.600586 0.323242 0.603516 0.327148 0.598633 0.331055 0.590820 0.333008 0.589844 0.322266 0.592773 0.314453
1 0.599609 0.297852 0.603516 0.299805 0.603516 0.304688 0.597656 0.304688
1 0.625000 0.309570 0.628906 0.312500 0.624023 0.317383 0.616211 0.315430 0.616211 0.309570
0 0.625000 0.284180 0.631836 0.285156 0.636719 0.278320 0.643555 0.274414 0.643555 0.274414 0.652344 0.274414 0.657227 0.278320 0.659180 0.285156 0.647461 0.285156 0.643555 0.291992 0.637695 0.295898 0.628906 0.298828 0.624023 0.304688 0.618164 0.303711 0.614258 0.294922 0.618164 0.287109
0 0.508789 0.290039 0.517578 0.289062 0.526367 0.286133 0.538086 0.286133 0.544922 0.291016 0.544922 0.291016 0.544922 0.298828 0.540039 0.301758 0.529297 0.302734 0.512695 0.303711 0.511719 0.313477 0.507812 0.316406 0.499023 0.315430 0.499023 0.305664 0.499023 0.295898 0.505859 0.291992
0 0.558594 0.312500 0.564453 0.311523 0.568359 0.317383 0.566406 0.322266 0.564453 0.327148 0.566406 0.335938 0.563477 0.344727 0.560547 0.349609 0.554688 0.348633 0.551758 0.338867 0.554688 0.332031 0.552734 0.327148 0.555664 0.321289
1 0.559570 0.261719 0.569336 0.265625 0.569336 0.273438 0.561523 0.273438 0.556641 0.267578
1 0.619141 0.257812 0.625977 0.258789 0.628906 0.264648 0.622070 0.268555 0.617188 0.264648
1 0.649414 0.243164 0.656250 0.245117 0.656250 0.250977 0.650391 0.254883 0.644531 0.248047
1 0.639648 0.246094 0.642578 0.251953 0.636719 0.254883 0.632812 0.250000
0 0.509766 0.247070 0.518555 0.246094 0.520508 0.254883 0.513672 0.256836 0.508789 0.264648 0.508789 0.264648 0.501953 0.268555 0.498047 0.261719 0.500000 0.252930 0.500000 0.252930 0.500977 0.246094
0 0.526367 0.212891 0.531250 0.204102 0.541016 0.202148 0.555664 0.203125 0.563477 0.207031 0.563477 0.207031 0.575195 0.205078 0.583008 0.211914 0.583984 0.211914 0.581055 0.221680 0.571289 0.222656 0.565430 0.229492 0.556641 0.234375 0.561523 0.245117 0.553711 0.248047 0.537109 0.247070 0.522461 0.249023 0.515625 0.243164 0.516602 0.239258 0.509766 0.231445 0.514648 0.221680
1 0.614258 0.241211 0.618164 0.245117 0.618164 0.245117 0.615234 0.250000 0.611328 0.246094 0.613281 0.243164
0 0.624023 0.207031 0.634766 0.204102 0.645508 0.208008 0.645508 0.208008 0.650391 0.199219 0.658203 0.201172 0.660156 0.210938 0.670898 0.209961 0.674805 0.217773 0.684570 0.216797 0.687500 0.225586 0.681641 0.231445 0.672852 0.230469 0.667969 0.227539 0.657227 0.234375 0.650391 0.236328 0.645508 0.232422 0.633789 0.234375 0.619141 0.231445 0.613281 0.225586 0.611328 0.214844 0.611328 0.214844 0.615234 0.209961
0 0.655273 0.000977 0.658203 0.008789 0.669922 0.009766 0.680664 0.009766 0.697266 0.009766 0.714844 0.009766 0.726562 0.012695 0.745117 0.011719 0.762695 0.014648 0.775391 0.018555 0.791992 0.018555 0.806641 0.022461 0.816406 0.023438 0.830078 0.027344 0.843750 0.027344 0.855469 0.031250 0.875000 0.033203 0.886719 0.036133 0.906250 0.039062 0.931641 0.040039 0.950195 0.038086 0.967773 0.035156 0.981445 0.034180 1.000000 0.035156 1.000000 0.000000 0.970703 0.000000 0.970703 0.007812 0.972656 0.016602 0.964844 0.022461 0.955078 0.026367 0.941406 0.025391 0.930664 0.024414 0.916992 0.028320 0.914062 0.020508 0.904297 0.015625 0.894531 0.014648 0.881836 0.019531 0.871094 0.018555 0.864258 0.011719 0.852539 0.010742 0.849609 0.018555 0.830078 0.016602 0.832031 0.007812 0.830078 0.000000
0 0.822266 0.169922 0.824219 0.175781 0.826172 0.187500 0.829102 0.203125 0.832031 0.207031 0.845703 0.212891 0.851562 0.222656 0.851562 0.227539 0.861328 0.232422 0.860352 0.245117 0.846680 0.245117 0.835938 0.241211 0.820312 0.241211 0.806641 0.242188 0.791992 0.237305 0.793945 0.220703 0.806641 0.220703 0.808594 0.207031 0.814453 0.194336 0.815430 0.180664 0.818359 0.169922
1 0.709961 0.232422 0.720703 0.236328 0.723633 0.245117 0.715820 0.255859 0.704102 0.256836 0.699219 0.244141 0.700195 0.234375
1 0.730469 0.246094 0.740234 0.248047 0.741211 0.254883 0.730469 0.254883
1 0.819336 0.250977 0.827148 0.251953 0.826172 0.257812 0.827148 0.257812 0.820312 0.258789
1 0.831055 0.250977 0.839844 0.252930 0.837891 0.261719 0.829102 0.260742
1 0.847656 0.250000 0.853516 0.250000 0.857422 0.254883 0.853516 0.259766 0.846680 0.257812 0.846680 0.257812
1 0.863281 0.250000 0.872070 0.251953 0.872070 0.261719 0.865234 0.264648 0.865234 0.264648 0.860352 0.256836
1 0.874023 0.266602 0.877930 0.267578 0.877930 0.274414 0.872070 0.274414
1 0.808594 0.271484 0.816406 0.271484 0.818359 0.279297 0.811523 0.279297
1 0.849609 0.294922 0.856445 0.295898 0.856445 0.304688 0.856445 0.304688 0.850586 0.300781
1 0.802734 0.287109 0.808594 0.288086 0.808594 0.292969
1 0.782227 0.273438 0.790039 0.281250 0.790039 0.289062 0.779297 0.288086 0.772461 0.282227 0.775391 0.275391
1 0.667969 0.354492 0.673828 0.355469 0.672852 0.365234 0.666992 0.369141 0.663086 0.362305
1 0.678711 0.367188 0.674805 0.372070 0.674805 0.375977 0.680664 0.375977
1 0.666016 0.382812 0.672852 0.381836 0.676758 0.389648 0.675781 0.396484 0.668945 0.396484 0.664062 0.390625
1 0.747070 0.353516 0.757812 0.356445 0.756836 0.366211 0.749023 0.372070 0.742188 0.375000 0.735352 0.368164 0.735352 0.368164 0.739258 0.356445
1 0.766602 0.367188 0.770508 0.367188 0.772461 0.371094 0.766602 0.373047
1 0.839844 0.391602 0.849609 0.392578 0.848633 0.399414 0.842773 0.402344 0.838867 0.398438
1 0.824219 0.390625 0.834961 0.389648 0.835938 0.395508 0.827148 0.399414 0.823242 0.394531 0.823242 0.394531
1 0.799805 0.375000 0.804688 0.376953 0.803711 0.383789 0.799805 0.385742
1 0.780273 0.367188 0.786133 0.366211 0.790039 0.370117 0.784180 0.374023
1 0.784180 0.397461 0.788086 0.396484 0.790039 0.402344 0.785156 0.404297
0 0.734375 0.379883 0.742188 0.375977 0.752930 0.375977 0.760742 0.378906 0.760742 0.384766 0.768555 0.386719 0.774414 0.395508 0.767578 0.401367 0.750977 0.400391 0.739258 0.403320 0.739258 0.404297 0.730469 0.401367 0.734375 0.391602
1 0.853516 0.346680 0.859375 0.348633 0.859375 0.354492 0.852539 0.353516
1 0.709961 0.417969 0.718750 0.418945 0.720703 0.427734 0.714844 0.431641 0.708008 0.426758
1 0.757812 0.417969 0.762695 0.420898 0.762695 0.426758 0.756836 0.427734
1 0.763672 0.438477 0.767578 0.439453 0.766602 0.444336 0.761719 0.442383
1 0.768555 0.447266 0.776367 0.449219 0.776367 0.455078 0.771484 0.454102 0.770508 0.451172
1 0.821289 0.454102 0.824219 0.454102 0.824219 0.458984 0.821289 0.458984
1 0.836914 0.447266 0.841797 0.448242 0.841797 0.453125 0.838867 0.452148
1 0.839844 0.468750 0.844727 0.469727 0.844727 0.476562 0.839844 0.474609
1 0.851562 0.472656 0.855469 0.476562 0.854492 0.483398 0.848633 0.483398 0.847656 0.478516
1 0.826172 0.486328 0.833008 0.486328 0.832031 0.492188 0.826172 0.491211
0 0.803711 0.497070 0.808594 0.500977 0.814453 0.499023 0.817383 0.502930 0.826172 0.502930 0.826172 0.502930 0.833984 0.502930 0.841797 0.502930 0.844727 0.506836 0.843750 0.513672 0.831055 0.511719 0.819336 0.509766 0.807617 0.507812 0.798828 0.507812 0.795898 0.500977
1 0.802734 0.431641 0.805664 0.437500 0.800781 0.439453 0.797852 0.434570
1 0.796875 0.455078 0.801758 0.456055 0.800781 0.459961 0.797852 0.460938
1 0.797852 0.472656 0.801758 0.472656 0.803711 0.477539 0.798828 0.479492
1 0.664062 0.462891 0.669922 0.462891 0.669922 0.467773 0.664062 0.468750
1 0.666016 0.477539 0.671875 0.475586 0.670898 0.481445 0.666992 0.482422
1 0.682617 0.456055 0.687500 0.457031 0.686523 0.462891 0.682617 0.463867
1 0.683594 0.491211 0.690430 0.501953 0.687500 0.504883 0.679688 0.500977 0.679688 0.501953 0.677734 0.493164
1 0.699219 0.491211 0.703125 0.494141 0.700195 0.496094 0.696289 0.495117
1 0.704102 0.483398 0.713867 0.481445 0.714844 0.489258 0.714844 0.489258 0.708984 0.491211 0.703125 0.487305
1 0.715820 0.470703 0.721680 0.471680 0.719727 0.478516 0.715820 0.476562
1 0.730469 0.473633 0.736328 0.476562 0.739258 0.483398 0.733398 0.486328 0.728516 0.481445
1 0.743164 0.479492 0.750977 0.481445 0.749023 0.487305 0.743164 0.487305 0.741211 0.481445
1 0.764648 0.475586 0.775391 0.477539 0.777344 0.481445 0.782227 0.484375 0.782227 0.490234 0.773438 0.490234 0.761719 0.489258 0.756836 0.485352 0.756836 0.478516
1 0.729492 0.493164 0.734375 0.492188 0.735352 0.497070 0.731445 0.497070
1 0.736328 0.491211 0.742188 0.491211 0.742188 0.497070 0.737305 0.497070 0.737305 0.497070
0 0.729492 0.500977 0.737305 0.498047 0.742188 0.501953 0.748047 0.499023 0.756836 0.501953 0.756836 0.508789 0.748047 0.507812 0.736328 0.506836 0.729492 0.506836
1 0.742188 0.538086 0.749023 0.540039 0.750000 0.548828 0.743164 0.550781 0.740234 0.545898
1 0.819336 0.543945 0.823242 0.544922 0.823242 0.548828 0.818359 0.547852
1 0.817383 0.551758 0.823242 0.551758 0.820312 0.556641 0.817383 0.556641
1 0.835938 0.540039 0.840820 0.541016 0.840820 0.546875 0.833984 0.546875
1 0.833984 0.552734 0.836914 0.552734 0.836914 0.557617 0.831055 0.556641 0.831055 0.556641
1 0.824219 0.569336 0.828125 0.572266 0.826172 0.580078 0.820312 0.579102 0.820312 0.573242
1 0.845703 0.548828 0.850586 0.550781 0.849609 0.556641 0.843750 0.554688
1 0.837891 0.564453 0.841797 0.564453 0.841797 0.568359 0.836914 0.568359
1 0.846680 0.568359 0.850586 0.574219 0.851562 0.583984 0.850586 0.591797 0.852539 0.597656 0.852539 0.602539 0.847656 0.600586 0.840820 0.599609 0.835938 0.599609 0.830078 0.595703 0.830078 0.588867 0.838867 0.588867 0.841797 0.582031 0.839844 0.571289
1 0.813477 0.583008 0.818359 0.583984 0.817383 0.589844 0.812500 0.587891
1 0.766602 0.584961 0.771484 0.585938 0.771484 0.590820 0.767578 0.589844
1 0.763672 0.564453 0.768555 0.564453 0.767578 0.569336 0.764648 0.569336
1 0.769531 0.551758 0.767578 0.558594 0.761719 0.555664 0.763672 0.550781
1 0.717773 0.528320 0.721680 0.529297 0.720703 0.535156 0.715820 0.534180
1 0.712891 0.595703 0.716797 0.593750 0.720703 0.600586 0.717773 0.603516 0.712891 0.601562
1 0.727539 0.587891 0.732422 0.588867 0.732422 0.595703 0.732422 0.595703 0.727539 0.598633 0.722656 0.591797 0.723633 0.592773
1 0.744141 0.591797 0.750000 0.593750 0.749023 0.598633 0.744141 0.597656
1 0.843750 0.610352 0.850586 0.615234 0.850586 0.621094 0.845703 0.625000 0.840820 0.629883 0.833008 0.627930 0.835938 0.616211
1 0.766602 0.626953 0.772461 0.629883 0.772461 0.629883 0.769531 0.636719 0.764648 0.639648 0.761719 0.633789
1 0.670898 0.633789 0.674805 0.634766 0.674805 0.639648 0.670898 0.638672
1 0.660156 0.650391 0.664062 0.651367 0.663086 0.658203 0.658203 0.657227
1 0.660156 0.670898 0.664062 0.670898 0.663086 0.676758 0.659180 0.675781
1 0.761719 0.659180 0.766602 0.659180 0.766602 0.666016 0.760742 0.665039
1 0.776367 0.684570 0.780273 0.692383 0.774414 0.702148 0.764648 0.701172 0.764648 0.693359
1 0.779297 0.652344 0.785156 0.655273 0.785156 0.659180 0.778320 0.658203
1 0.764648 0.674805 0.769531 0.676758 0.769531 0.680664 0.764648 0.680664
1 0.780273 0.673828 0.785156 0.673828 0.785156 0.679688 0.779297 0.679688
1 0.676758 0.692383 0.682617 0.692383 0.682617 0.698242 0.678711 0.697266
1 0.671875 0.698242 0.675781 0.700195 0.674805 0.705078 0.668945 0.704102
1 0.678711 0.705078 0.684570 0.708008 0.682617 0.712891 0.676758 0.710938
1 0.822266 0.722656 0.832031 0.718750 0.842773 0.720703 0.850586 0.724609 0.849609 0.734375 0.839844 0.732422 0.828125 0.732422 0.821289 0.731445 0.821289 0.731445
1 0.822266 0.735352 0.834961 0.732422 0.847656 0.734375 0.847656 0.734375 0.849609 0.744141 0.844727 0.747070 0.834961 0.746094 0.824219 0.745117 0.824219 0.745117 0.823242 0.738281
1 0.814453 0.774414 0.821289 0.776367 0.820312 0.782227 0.816406 0.783203 0.812500 0.779297
1 0.874023 0.753906 0.879883 0.754883 0.880859 0.759766 0.875977 0.763672 0.872070 0.759766
1 0.709961 0.777344 0.714844 0.776367 0.718750 0.782227 0.711914 0.785156
1 0.856445 0.847656 0.863281 0.848633 0.863281 0.854492 0.857422 0.854492
1 0.697266 0.859375 0.705078 0.860352 0.705078 0.860352 0.705078 0.865234 0.696289 0.867188
1 0.757812 0.888672 0.762695 0.888672 0.763672 0.892578 0.758789 0.895508 0.755859 0.892578
1 0.754883 0.915039 0.760742 0.913086 0.769531 0.915039 0.768555 0.921875 0.759766 0.923828 0.753906 0.926758 0.753906 0.927734 0.749023 0.919922
1 0.791016 0.927734 0.796875 0.930664 0.796875 0.934570 0.792969 0.934570 0.790039 0.930664
1 0.708008 0.947266 0.711914 0.947266 0.711914 0.953125 0.707031 0.955078 0.705078 0.951172
0 0.750977 0.936523 0.757812 0.934570 0.758789 0.940430 0.758789 0.948242 0.767578 0.947266 0.774414 0.948242 0.777344 0.957031 0.771484 0.961914 0.761719 0.961914 0.762695 0.961914 0.752930 0.959961 0.751953 0.953125 0.750977 0.942383
1 0.864258 0.924805 0.870117 0.923828 0.870117 0.923828 0.872070 0.929688 0.866211 0.932617
1 0.868164 0.914062 0.873047 0.915039 0.873047 0.919922 0.867188 0.919922 0.865234 0.916016
1 0.869141 0.897461 0.875000 0.900391 0.875000 0.907227 0.868164 0.906250 0.868164 0.906250 0.864258 0.902344
0 0.817383 0.920898 0.827148 0.924805 0.829102 0.931641 0.828125 0.936523 0.820312 0.935547 0.819336 0.931641 0.815430 0.928711 0.812500 0.923828
0 0.845703 1.000000 0.850586 0.988281 0.853516 0.979492 0.861328 0.977539 0.872070 0.976562 0.879883 0.981445 0.892578 0.982422 0.892578 0.982422 0.903320 0.981445 0.909180 0.985352 0.910156 0.990234 0.915039 0.996094 0.914062 1.000000
1 0.890625 0.922852 0.896484 0.922852 0.899414 0.929688 0.894531 0.931641 0.888672 0.927734 0.888672 0.927734
1 0.892578 0.810547 0.899414 0.812500 0.898438 0.820312 0.892578 0.818359 0.892578 0.818359
1 0.892578 0.825195 0.898438 0.825195 0.899414 0.830078 0.891602 0.830078
1 0.981445 0.812500 0.987305 0.815430 0.987305 0.826172 0.986328 0.831055 0.978516 0.830078 0.978516 0.820312 0.979492 0.815430
1 0.889648 0.749023 0.893555 0.750977 0.894531 0.756836 0.894531 0.756836 0.888672 0.756836 0.888672 0.756836
1 0.910156 0.704102 0.914062 0.707031 0.912109 0.712891 0.908203 0.710938 0.908203 0.706055
1 0.932617 0.682617 0.932617 0.689453 0.929688 0.691406 0.927734 0.685547
1 0.884766 0.681641 0.893555 0.680664 0.899414 0.685547 0.898438 0.693359 0.889648 0.695312 0.883789 0.692383 0.883789 0.686523
1 0.856445 0.642578 0.859375 0.643555 0.859375 0.647461 0.854492 0.649414
1 0.993164 0.654297 1.000000 0.653320 1.000000 0.664062 0.993164 0.666992 0.990234 0.660156 0.990234 0.660156
1 0.874023 0.607422 0.880859 0.606445 0.886719 0.611328 0.884766 0.618164 0.879883 0.619141 0.872070 0.616211 0.871094 0.611328
1 0.993164 0.610352 0.996094 0.613281 0.995117 0.618164 0.990234 0.619141
1 0.933594 0.591797 0.937500 0.591797 0.938477 0.596680 0.931641 0.597656
1 0.955078 0.570312 0.959961 0.570312 0.960938 0.575195 0.954102 0.575195
1 0.861328 0.552734 0.869141 0.549805 0.874023 0.550781 0.875000 0.558594 0.869141 0.562500 0.858398 0.562500 0.858398 0.562500
1 0.932617 0.550781 0.936523 0.552734 0.936523 0.556641 0.930664 0.555664
0 0.948242 0.531250 0.955078 0.527344 0.961914 0.530273 0.962891 0.538086 0.957031 0.544922 0.952148 0.556641 0.947266 0.555664 0.944336 0.546875 0.946289 0.539062
1 0.859375 0.568359 0.865234 0.569336 0.865234 0.577148 0.858398 0.578125
1 0.869141 0.570312 0.874023 0.572266 0.874023 0.577148 0.869141 0.580078 0.866211 0.575195 0.867188 0.575195
1 0.867188 0.500000 0.872070 0.501953 0.871094 0.506836 0.867188 0.506836
1 0.874023 0.483398 0.875977 0.487305 0.874023 0.491211 0.870117 0.487305
1 0.981445 0.459961 0.987305 0.459961 0.989258 0.464844 0.985352 0.469727 0.979492 0.467773
1 0.959961 0.463867 0.964844 0.465820 0.963867 0.468750 0.958008 0.467773
1 0.946289 0.449219 0.950195 0.450195 0.950195 0.454102 0.946289 0.453125
1 0.959961 0.421875 0.966797 0.420898 0.971680 0.427734 0.971680 0.427734 0.965820 0.431641 0.958984 0.429688
1 0.986328 0.426758 0.989258 0.428711 0.988281 0.432617 0.984375 0.431641
1 0.936523 0.392578 0.943359 0.396484 0.942383 0.403320 0.942383 0.403320 0.935547 0.408203 0.935547 0.408203 0.931641 0.403320 0.931641 0.395508
1 0.945312 0.389648 0.954102 0.389648 0.955078 0.395508 0.952148 0.400391 0.944336 0.399414 0.942383 0.392578
1 0.957031 0.389648 0.963867 0.388672 0.964844 0.394531 0.959961 0.396484 0.954102 0.392578
1 0.880859 0.329102 0.885742 0.328125 0.886719 0.333984 0.881836 0.334961
1 0.940430 0.317383 0.943359 0.318359 0.943359 0.322266 0.940430 0.321289
1 0.954102 0.316406 0.959961 0.315430 0.959961 0.315430 0.959961 0.321289 0.956055 0.323242
1 0.967773 0.310547 0.974609 0.310547 0.973633 0.316406 0.968750 0.317383
1 0.939453 0.298828 0.945312 0.298828 0.947266 0.305664 0.942383 0.308594 0.936523 0.302734 0.936523 0.302734
1 0.964844 0.292969 0.972656 0.294922 0.976562 0.302734 0.970703 0.306641 0.962891 0.303711 0.959961 0.295898
1 0.991211 0.292969 0.995117 0.300781 1.000000 0.308594 1.000000 0.317383 0.992188 0.312500 0.984375 0.314453 0.982422 0.307617 0.983398 0.302734 0.982422 0.292969
1 0.987305 0.279297 0.990234 0.283203 0.986328 0.285156 0.984375 0.281250
1 0.977539 0.279297 0.977539 0.286133 0.969727 0.289062 0.969727 0.281250
1 0.961914 0.276367 0.968750 0.279297 0.966797 0.287109 0.960938 0.287109 0.958984 0.281250
1 0.951172 0.280273 0.955078 0.283203 0.954102 0.288086 0.949219 0.290039 0.948242 0.286133
1 0.970703 0.248047 0.977539 0.251953 0.977539 0.251953 0.981445 0.258789 0.985352 0.264648 0.979492 0.268555 0.971680 0.264648 0.969727 0.256836
1 0.985352 0.254883 0.994141 0.251953 1.000000 0.251953 1.000000 0.272461 0.994141 0.270508 0.986328 0.267578 0.984375 0.260742
0 0.899414 0.231445 0.912109 0.233398 0.918945 0.239258 0.924805 0.245117 0.930664 0.248047 0.936523 0.252930 0.935547 0.257812 0.931641 0.261719 0.922852 0.259766 0.916016 0.253906 0.907227 0.250977 0.901367 0.254883 0.894531 0.250977 0.895508 0.242188 0.893555 0.235352
1 0.939453 0.226562 0.941406 0.228516 0.941406 0.233398 0.941406 0.233398 0.936523 0.232422
1 0.937500 0.236328 0.940430 0.236328 0.940430 0.242188 0.937500 0.240234
1 0.941406 0.210938 0.944336 0.211914 0.944336 0.217773 0.939453 0.215820