1 0.658203 0.999023 0.652344 0.999023 0.651367 0.994141 0.655273 0.990234 0.660156 0.991211 0.665039 0.991211 0.666016 0.996094 0.664062 0.998047
1 0.700195 0.999023 0.696289 0.996094 0.697266 0.990234 0.702148 0.990234 0.707031 0.991211 0.708008 0.996094 0.707031 1.000000
1 0.641602 0.996094 0.633789 0.995117 0.633789 0.989258 0.638672 0.988281 0.642578 0.991211
1 0.774414 0.999023 0.774414 0.995117 0.779297 0.993164 0.781250 0.998047 0.780273 1.000000
1 0.766602 0.996094 0.763672 0.992188 0.765625 0.989258 0.767578 0.989258 0.769531 0.991211 0.770508 0.994141
1 0.048828 0.909180 0.042969 0.905273 0.042969 0.900391 0.043945 0.895508 0.048828 0.893555 0.053711 0.895508 0.055664 0.900391 0.054688 0.905273
1 0.090820 0.858398 0.085938 0.853516 0.087891 0.848633 0.091797 0.845703 0.096680 0.847656 0.097656 0.852539 0.096680 0.857422
1 0.000000 0.798828 0.006836 0.805664 0.006836 0.810547 0.007812 0.815430 0.002930 0.817383 0.000000 0.816406
1 0.000000 0.799805 0.007812 0.797852 0.007812 0.792969 0.009766 0.787109 0.011719 0.782227 0.007812 0.779297 0.000000 0.773438
1 0.035156 0.728516 0.030273 0.723633 0.031250 0.718750 0.035156 0.715820 0.039062 0.719727 0.040039 0.725586
1 0.059570 0.746094 0.054688 0.738281 0.055664 0.732422 0.058594 0.727539 0.063477 0.731445 0.065430 0.736328 0.064453 0.741211
1 0.038086 0.656250 0.030273 0.657227 0.027344 0.652344 0.027344 0.647461 0.030273 0.642578 0.035156 0.641602 0.039062 0.646484 0.040039 0.651367
1 0.074219 0.653320 0.069336 0.653320 0.065430 0.649414 0.065430 0.644531 0.069336 0.640625 0.073242 0.636719 0.078125 0.638672 0.082031 0.641602 0.083008 0.646484 0.081055 0.651367
1 0.000000 0.609375 0.005859 0.606445 0.011719 0.608398 0.015625 0.604492 0.017578 0.599609 0.013672 0.595703 0.011719 0.590820 0.006836 0.589844 0.002930 0.593750 0.000000 0.596680
1 0.046875 0.609375 0.042969 0.602539 0.044922 0.597656 0.049805 0.598633 0.051758 0.603516
1 0.079102 0.616211 0.072266 0.611328 0.072266 0.605469 0.075195 0.601562 0.080078 0.601562 0.083008 0.605469 0.084961 0.610352
1 0.178711 0.614258 0.172852 0.608398 0.169922 0.604492 0.173828 0.600586 0.179688 0.601562 0.183594 0.605469 0.187500 0.608398 0.186523 0.614258
1 0.156250 0.611328 0.148438 0.608398 0.150391 0.603516 0.154297 0.600586 0.160156 0.603516 0.162109 0.608398
1 0.167969 0.583984 0.161133 0.581055 0.162109 0.575195 0.165039 0.570312 0.169922 0.572266 0.170898 0.577148
1 0.154297 0.594727 0.149414 0.594727 0.145508 0.590820 0.144531 0.585938 0.147461 0.581055 0.152344 0.579102 0.157227 0.580078 0.160156 0.584961 0.159180 0.589844
1 0.210938 0.582031 0.204102 0.583984 0.203125 0.579102 0.203125 0.573242 0.207031 0.569336 0.211914 0.569336 0.216797 0.569336 0.218750 0.574219 0.218750 0.579102
1 0.223633 0.589844 0.216797 0.585938 0.216797 0.580078 0.221680 0.578125 0.226562 0.578125 0.230469 0.581055 0.228516 0.585938
1 0.232422 0.612305 0.224609 0.610352 0.224609 0.604492 0.227539 0.600586 0.232422 0.599609 0.234375 0.604492
1 0.186523 0.652344 0.179688 0.654297 0.175781 0.651367 0.175781 0.646484 0.180664 0.643555 0.185547 0.644531 0.190430 0.647461
1 0.189453 0.656250 0.185547 0.652344 0.187500 0.647461 0.191406 0.644531 0.195312 0.648438 0.195312 0.654297
1 0.187500 0.687500 0.182617 0.685547 0.183594 0.679688 0.189453 0.678711 0.192383 0.682617
1 0.200195 0.674805 0.194336 0.668945 0.194336 0.664062 0.199219 0.662109 0.204102 0.665039 0.203125 0.670898
1 0.198242 0.727539 0.190430 0.727539 0.189453 0.722656 0.194336 0.718750 0.198242 0.721680
1 0.200195 0.734375 0.195312 0.729492 0.196289 0.724609 0.202148 0.723633 0.207031 0.725586 0.208984 0.730469 0.208984 0.736328 0.206055 0.740234
1 0.184570 0.728516 0.180664 0.722656 0.184570 0.719727 0.189453 0.721680 0.190430 0.726562
1 0.052734 0.488281 0.047852 0.492188 0.042969 0.493164 0.039062 0.490234 0.039062 0.484375 0.043945 0.480469 0.045898 0.475586 0.048828 0.471680 0.054688 0.473633 0.056641 0.478516 0.056641 0.484375
1 0.017578 0.483398 0.010742 0.483398 0.009766 0.478516 0.012695 0.474609 0.017578 0.473633 0.021484 0.476562 0.021484 0.480469
1 0.129883 0.487305 0.122070 0.487305 0.120117 0.485352 0.121094 0.482422 0.124023 0.476562 0.126953 0.474609 0.128906 0.474609 0.127930 0.478516 0.129883 0.481445 0.130859 0.483398
1 0.114258 0.487305 0.108398 0.484375 0.106445 0.479492 0.110352 0.475586 0.114258 0.478516
0 0.145508 0.486328 0.139648 0.484375 0.135742 0.480469 0.136719 0.475586 0.141602 0.474609 0.145508 0.471680 0.150391 0.471680 0.155273 0.473633 0.159180 0.471680 0.162109 0.475586 0.163086 0.480469 0.160156 0.484375 0.155273 0.485352 0.150391 0.484375
1 0.174805 0.484375 0.169922 0.484375 0.164062 0.483398 0.162109 0.479492 0.166992 0.476562 0.167969 0.470703 0.172852 0.468750 0.177734 0.469727 0.184570 0.475586 0.182617 0.480469 0.179688 0.480469 0.178711 0.484375
0 0.205078 0.485352 0.197266 0.481445 0.197266 0.476562 0.199219 0.471680 0.202148 0.467773 0.207031 0.466797 0.211914 0.467773 0.215820 0.471680 0.220703 0.469727 0.225586 0.472656 0.225586 0.477539 0.221680 0.481445 0.215820 0.481445 0.210938 0.482422 0.208984 0.485352
1 0.254883 0.486328 0.247070 0.483398 0.244141 0.479492 0.249023 0.476562 0.253906 0.476562 0.257812 0.473633 0.262695 0.473633 0.263672 0.478516 0.259766 0.481445
1 0.274414 0.487305 0.268555 0.487305 0.266602 0.482422 0.266602 0.477539 0.270508 0.473633 0.275391 0.473633 0.278320 0.478516 0.279297 0.486328
1 0.300781 0.490234 0.295898 0.488281 0.296875 0.482422 0.301758 0.482422 0.305664 0.486328 0.303711 0.489258
0 0.324219 0.496094 0.318359 0.493164 0.314453 0.489258 0.313477 0.485352 0.316406 0.484375 0.317383 0.479492 0.324219 0.477539 0.329102 0.480469 0.330078 0.485352 0.329102 0.490234 0.332031 0.493164 0.331055 0.498047 0.327148 0.499023
1 0.343750 0.499023 0.338867 0.497070 0.340820 0.491211 0.344727 0.487305 0.348633 0.485352 0.350586 0.490234 0.349609 0.495117
1 0.363281 0.490234 0.358398 0.489258 0.357422 0.484375 0.359375 0.479492 0.364258 0.478516 0.368164 0.481445 0.369141 0.486328
1 0.355469 0.477539 0.350586 0.478516 0.346680 0.475586 0.343750 0.471680 0.342773 0.466797 0.347656 0.464844 0.353516 0.464844 0.357422 0.468750 0.359375 0.473633
1 0.387695 0.499023 0.381836 0.498047 0.379883 0.493164 0.381836 0.483398 0.386719 0.481445 0.390625 0.484375 0.393555 0.489258 0.392578 0.494141
1 0.393555 0.477539 0.387695 0.476562 0.382812 0.477539 0.376953 0.477539 0.379883 0.472656 0.384766 0.469727 0.389648 0.467773 0.394531 0.469727 0.398438 0.471680 0.398438 0.476562
1 0.426758 0.494141 0.420898 0.493164 0.418945 0.488281 0.417969 0.483398 0.421875 0.478516 0.426758 0.477539 0.431641 0.477539 0.432617 0.482422 0.433594 0.487305 0.433594 0.492188
1 0.438477 0.492188 0.432617 0.492188 0.431641 0.487305 0.434570 0.482422 0.439453 0.484375 0.440430 0.489258
1 0.413086 0.483398 0.405273 0.483398 0.404297 0.477539 0.406250 0.472656 0.409180 0.468750 0.414062 0.470703 0.416016 0.476562
1 0.459961 0.489258 0.453125 0.489258 0.450195 0.485352 0.450195 0.480469 0.454102 0.477539 0.458984 0.477539 0.461914 0.481445 0.462891 0.487305
1 0.469727 0.488281 0.462891 0.486328 0.462891 0.480469 0.467773 0.477539 0.472656 0.476562 0.477539 0.479492 0.478516 0.484375 0.475586 0.489258
0 0.492188 0.491211 0.485352 0.488281 0.482422 0.484375 0.484375 0.479492 0.487305 0.474609 0.492188 0.473633 0.497070 0.474609 0.500000 0.478516 0.503906 0.481445 0.507812 0.484375 0.507812 0.490234 0.503906 0.493164 0.499023 0.494141
1 0.389648 0.997070 0.385742 0.994141 0.389648 0.990234 0.393555 0.993164 0.393555 0.997070
1 0.412109 0.997070 0.411133 0.994141 0.413086 0.989258 0.416016 0.993164 0.416016 0.995117 0.415039 0.997070
1 0.425781 0.997070 0.422852 0.993164 0.424805 0.988281 0.429688 0.989258 0.432617 0.993164 0.430664 0.998047
1 0.446289 0.997070 0.442383 0.994141 0.441406 0.989258 0.446289 0.987305 0.451172 0.990234 0.453125 0.996094 0.450195 0.998047
1 0.451172 0.990234 0.447266 0.986328 0.449219 0.981445 0.452148 0.977539 0.458008 0.977539 0.459961 0.982422 0.458008 0.987305
1 0.467773 0.997070 0.462891 0.997070 0.460938 0.992188 0.463867 0.988281 0.468750 0.987305 0.473633 0.986328 0.476562 0.988281 0.475586 0.994141 0.473633 0.997070
1 0.507812 0.992188 0.502930 0.990234 0.500000 0.985352 0.504883 0.984375 0.510742 0.983398 0.514648 0.985352 0.514648 0.990234
1 0.504883 1.000000 0.503906 0.996094 0.503906 0.992188 0.508789 0.989258 0.511719 0.992188 0.513672 0.994141 0.514648 0.998047 0.511719 1.000000
1 0.516602 1.000000 0.513672 0.997070 0.516602 0.993164 0.521484 0.990234 0.524414 0.991211 0.525391 0.994141 0.527344 0.999023 0.526367 1.000000
1 0.309570 0.999023 0.304688 0.996094 0.305664 0.991211 0.310547 0.992188 0.313477 0.996094
1 0.088867 0.993164 0.083984 0.986328 0.086914 0.982422 0.091797 0.981445 0.094727 0.985352 0.095703 0.990234
1 0.045898 1.000000 0.052734 0.996094 0.055664 0.998047 0.056641 1.000000
1 0.000000 0.974609 0.005859 0.973633 0.009766 0.970703 0.010742 0.965820 0.007812 0.960938 0.002930 0.958984 0.000000 0.958984
1 0.427734 0.059570 0.422852 0.060547 0.419922 0.056641 0.420898 0.051758 0.425781 0.051758 0.429688 0.054688
1 0.470703 0.104492 0.460938 0.104492 0.456055 0.104492 0.447266 0.104492 0.452148 0.098633 0.456055 0.095703 0.460938 0.096680 0.465820 0.096680 0.471680 0.096680 0.476562 0.094727 0.481445 0.096680 0.488281 0.098633 0.490234 0.102539
1 0.215820 0.086914 0.208984 0.089844 0.206055 0.084961 0.205078 0.080078 0.209961 0.078125 0.214844 0.077148 0.220703 0.079102 0.223633 0.083008
1 0.204102 0.079102 0.200195 0.076172 0.200195 0.071289 0.203125 0.067383 0.208008 0.067383 0.210938 0.072266 0.210938 0.078125
1 0.098633 0.089844 0.092773 0.084961 0.090820 0.080078 0.095703 0.077148 0.101562 0.077148 0.106445 0.078125 0.110352 0.082031 0.110352 0.086914 0.107422 0.090820
1 0.102539 0.065430 0.098633 0.061523 0.102539 0.057617 0.106445 0.053711 0.111328 0.052734 0.113281 0.057617 0.112305 0.062500
1 0.096680 0.067383 0.088867 0.066406 0.086914 0.061523 0.089844 0.056641 0.093750 0.053711 0.098633 0.055664 0.100586 0.061523
1 0.085938 0.043945 0.080078 0.041016 0.077148 0.036133 0.081055 0.032227 0.085938 0.032227 0.091797 0.033203 0.093750 0.038086
1 0.727539 0.089844 0.722656 0.083008 0.720703 0.078125 0.721680 0.073242 0.722656 0.062500 0.727539 0.061523 0.732422 0.064453 0.732422 0.069336 0.734375 0.080078 0.731445 0.084961
0 0.754883 0.063477 0.741211 0.063477 0.736328 0.059570 0.736328 0.054688 0.733398 0.045898 0.728516 0.044922 0.726562 0.040039 0.728516 0.035156 0.733398 0.032227 0.738281 0.032227 0.744141 0.030273 0.753906 0.032227 0.756836 0.036133 0.759766 0.045898 0.757812 0.050781 0.756836 0.056641
1 0.602539 0.489258 0.597656 0.487305 0.597656 0.482422 0.601562 0.478516 0.606445 0.478516 0.608398 0.483398 0.607422 0.488281
1 0.624023 0.490234 0.617188 0.487305 0.617188 0.481445 0.620117 0.476562 0.625000 0.475586 0.628906 0.480469 0.629883 0.485352
1 0.660156 0.494141 0.656250 0.491211 0.656250 0.485352 0.657227 0.480469 0.662109 0.478516 0.665039 0.483398 0.669922 0.487305 0.667969 0.493164
1 0.686523 0.521484 0.679688 0.517578 0.679688 0.512695 0.677734 0.507812 0.679688 0.502930 0.684570 0.501953 0.689453 0.503906 0.694336 0.506836 0.697266 0.510742 0.697266 0.515625 0.696289 0.520508
1 0.695312 0.493164 0.689453 0.493164 0.686523 0.488281 0.686523 0.483398 0.690430 0.480469 0.696289 0.479492 0.701172 0.480469 0.705078 0.484375 0.708984 0.488281 0.708984 0.494141 0.705078 0.497070 0.700195 0.495117
1 0.713867 0.495117 0.709961 0.492188 0.707031 0.488281 0.708008 0.483398 0.709961 0.478516 0.714844 0.477539 0.720703 0.481445 0.723633 0.485352 0.724609 0.491211 0.721680 0.495117 0.717773 0.491211
1 0.707031 0.488281 0.702148 0.485352 0.699219 0.481445 0.703125 0.476562 0.708008 0.476562 0.710938 0.480469 0.710938 0.486328
1 0.686523 0.500000 0.680664 0.500977 0.677734 0.496094 0.676758 0.490234 0.680664 0.485352 0.685547 0.483398 0.689453 0.488281 0.690430 0.493164
1 0.758789 0.491211 0.752930 0.490234 0.751953 0.485352 0.754883 0.479492 0.759766 0.477539 0.764648 0.479492 0.768555 0.483398 0.768555 0.488281 0.764648 0.492188
1 0.793945 0.497070 0.788086 0.495117 0.786133 0.489258 0.790039 0.485352 0.795898 0.485352 0.799805 0.489258 0.799805 0.494141
1 0.810547 0.494141 0.806641 0.491211 0.805664 0.485352 0.809570 0.482422 0.815430 0.484375 0.816406 0.489258
1 0.830078 0.507812 0.836914 0.508789 0.839844 0.513672 0.835938 0.517578 0.831055 0.518555 0.827148 0.514648
1 0.824219 0.481445 0.827148 0.476562 0.832031 0.476562 0.835938 0.480469 0.834961 0.485352 0.833008 0.490234 0.827148 0.489258
1 0.805664 0.474609 0.801758 0.469727 0.804688 0.465820 0.809570 0.467773 0.812500 0.471680 0.810547 0.476562
1 0.803711 0.476562 0.796875 0.475586 0.796875 0.470703 0.800781 0.467773 0.804688 0.470703
1 0.824219 0.440430 0.817383 0.444336 0.812500 0.443359 0.807617 0.441406 0.806641 0.436523 0.812500 0.430664 0.817383 0.430664 0.821289 0.434570
1 0.843750 0.443359 0.837891 0.439453 0.840820 0.434570 0.845703 0.435547 0.846680 0.441406
1 0.812500 0.425781 0.808594 0.430664 0.803711 0.430664 0.799805 0.426758 0.796875 0.422852 0.795898 0.415039 0.799805 0.412109 0.805664 0.412109 0.810547 0.414062 0.815430 0.412109 0.819336 0.415039 0.820312 0.419922 0.817383 0.423828
1 0.824219 0.421875 0.818359 0.417969 0.820312 0.413086 0.825195 0.411133 0.828125 0.415039
1 0.763672 0.424805 0.755859 0.421875 0.757812 0.417969 0.762695 0.415039 0.767578 0.414062 0.771484 0.417969 0.768555 0.421875
1 0.687500 0.440430 0.677734 0.438477 0.676758 0.433594 0.680664 0.429688 0.683594 0.424805 0.688477 0.427734 0.691406 0.431641 0.692383 0.436523
1 0.647461 0.442383 0.638672 0.441406 0.637695 0.435547 0.639648 0.430664 0.644531 0.428711 0.650391 0.428711 0.654297 0.432617 0.655273 0.437500
1 0.600586 0.435547 0.595703 0.430664 0.596680 0.425781 0.601562 0.425781 0.604492 0.429688
1 0.443359 0.472656 0.436523 0.470703 0.437500 0.465820 0.442383 0.461914 0.447266 0.464844 0.447266 0.470703
1 0.447266 0.423828 0.440430 0.422852 0.441406 0.416992 0.445312 0.413086 0.450195 0.414062 0.455078 0.416016 0.456055 0.420898
1 0.349609 0.432617 0.347656 0.427734 0.352539 0.426758 0.357422 0.426758 0.359375 0.431641 0.357422 0.436523
1 0.345703 0.438477 0.340820 0.436523 0.340820 0.431641 0.345703 0.430664 0.349609 0.433594
1 0.223633 0.439453 0.216797 0.435547 0.214844 0.430664 0.218750 0.426758 0.223633 0.426758 0.224609 0.432617
1 0.137695 0.463867 0.133789 0.457031 0.134766 0.451172 0.135742 0.446289 0.140625 0.443359 0.144531 0.447266 0.144531 0.452148 0.141602 0.457031
1 0.096680 0.459961 0.083984 0.456055 0.082031 0.451172 0.084961 0.447266 0.089844 0.444336 0.094727 0.444336 0.099609 0.446289 0.101562 0.451172 0.099609 0.456055
1 0.043945 0.419922 0.035156 0.416992 0.035156 0.411133 0.039062 0.407227 0.043945 0.406250 0.048828 0.406250 0.050781 0.411133 0.045898 0.414062
1 0.076172 0.413086 0.065430 0.416016 0.062500 0.411133 0.065430 0.406250 0.070312 0.405273 0.076172 0.406250 0.078125 0.411133
1 0.084961 0.415039 0.078125 0.414062 0.079102 0.408203 0.083984 0.406250 0.088867 0.407227 0.092773 0.410156 0.090820 0.415039
1 0.066406 0.361328 0.056641 0.361328 0.055664 0.356445 0.055664 0.351562 0.059570 0.347656 0.065430 0.346680 0.069336 0.349609 0.073242 0.353516 0.075195 0.358398 0.072266 0.362305
1 0.019531 0.384766 0.011719 0.384766 0.007812 0.381836 0.005859 0.376953 0.008789 0.372070 0.014648 0.372070 0.019531 0.374023 0.024414 0.373047 0.027344 0.377930 0.023438 0.381836
1 0.083008 0.359375 0.077148 0.354492 0.078125 0.349609 0.083984 0.349609 0.088867 0.351562 0.088867 0.356445
1 0.143555 0.358398 0.136719 0.356445 0.135742 0.351562 0.140625 0.348633 0.145508 0.349609 0.149414 0.353516
1 0.340820 0.354492 0.334961 0.349609 0.333984 0.344727 0.334961 0.339844 0.338867 0.335938 0.343750 0.334961 0.349609 0.334961 0.352539 0.339844 0.352539 0.344727 0.349609 0.349609 0.345703 0.353516
1 0.350586 0.358398 0.341797 0.357422 0.340820 0.352539 0.345703 0.349609 0.350586 0.348633 0.355469 0.351562 0.355469 0.356445
1 0.359375 0.369141 0.352539 0.367188 0.351562 0.362305 0.352539 0.356445 0.358398 0.355469 0.362305 0.359375 0.363281 0.364258
1 0.318359 0.367188 0.311523 0.368164 0.307617 0.365234 0.304688 0.361328 0.304688 0.355469 0.309570 0.352539 0.313477 0.356445 0.317383 0.353516 0.322266 0.353516 0.326172 0.355469 0.327148 0.361328 0.325195 0.366211
1 0.363281 0.355469 0.360352 0.350586 0.360352 0.345703 0.366211 0.336914 0.371094 0.337891 0.375977 0.339844 0.377930 0.347656 0.374023 0.356445 0.369141 0.355469
1 0.400391 0.348633 0.392578 0.349609 0.391602 0.344727 0.396484 0.341797 0.397461 0.335938 0.401367 0.333008 0.406250 0.334961 0.410156 0.337891 0.411133 0.342773 0.411133 0.347656 0.406250 0.349609
1 0.416016 0.336914 0.413086 0.329102 0.418945 0.328125 0.424805 0.329102 0.427734 0.333008 0.424805 0.337891 0.420898 0.339844
1 0.440430 0.347656 0.435547 0.344727 0.434570 0.339844 0.439453 0.337891 0.444336 0.337891 0.449219 0.340820 0.451172 0.346680 0.446289 0.348633
1 0.451172 0.359375 0.444336 0.357422 0.441406 0.353516 0.440430 0.348633 0.446289 0.345703 0.451172 0.349609 0.454102 0.353516
1 0.461914 0.355469 0.452148 0.354492 0.452148 0.349609 0.454102 0.344727 0.458984 0.343750 0.463867 0.345703 0.466797 0.350586
1 0.463867 0.347656 0.455078 0.346680 0.453125 0.341797 0.455078 0.337891 0.459961 0.335938 0.464844 0.336914 0.466797 0.340820
1 0.454102 0.369141 0.449219 0.368164 0.447266 0.363281 0.448242 0.358398 0.453125 0.356445 0.458008 0.358398 0.462891 0.362305 0.465820 0.366211 0.462891 0.371094
1 0.490234 0.369141 0.485352 0.366211 0.484375 0.361328 0.486328 0.356445 0.488281 0.351562 0.492188 0.354492 0.494141 0.359375 0.493164 0.364258
1 0.535156 0.358398 0.528320 0.359375 0.524414 0.356445 0.525391 0.350586 0.530273 0.348633 0.534180 0.351562 0.540039 0.350586 0.543945 0.352539 0.542969 0.358398
1 0.505859 0.367188 0.498047 0.364258 0.500000 0.359375 0.504883 0.357422 0.509766 0.356445 0.513672 0.360352 0.515625 0.365234
1 0.590820 0.364258 0.585938 0.362305 0.581055 0.359375 0.581055 0.353516 0.585938 0.353516 0.591797 0.355469 0.596680 0.362305
1 0.608398 0.370117 0.602539 0.364258 0.604492 0.358398 0.609375 0.356445 0.614258 0.356445 0.618164 0.361328 0.617188 0.366211
1 0.614258 0.355469 0.614258 0.346680 0.619141 0.344727 0.624023 0.346680 0.624023 0.351562 0.623047 0.357422
1 0.608398 0.338867 0.604492 0.334961 0.608398 0.331055 0.613281 0.330078 0.617188 0.333008 0.615234 0.336914
1 0.691406 0.365234 0.682617 0.363281 0.679688 0.358398 0.680664 0.352539 0.684570 0.349609 0.689453 0.351562 0.694336 0.352539 0.698242 0.355469 0.698242 0.361328
1 0.714844 0.369141 0.708984 0.365234 0.708008 0.360352 0.709961 0.355469 0.713867 0.351562 0.718750 0.354492 0.720703 0.360352 0.719727 0.366211 0.719727 0.367188 0.714844 0.370117
1 0.709961 0.352539 0.703125 0.350586 0.700195 0.346680 0.702148 0.341797 0.706055 0.338867 0.710938 0.338867 0.715820 0.341797 0.718750 0.345703 0.719727 0.350586 0.717773 0.354492
1 0.725586 0.362305 0.721680 0.357422 0.723633 0.352539 0.728516 0.349609 0.733398 0.349609 0.737305 0.352539 0.734375 0.357422
1 0.682617 0.348633 0.676758 0.344727 0.676758 0.339844 0.681641 0.336914 0.687500 0.337891 0.689453 0.342773 0.688477 0.347656
1 0.749023 0.364258 0.741211 0.364258 0.737305 0.360352 0.737305 0.355469 0.741211 0.351562 0.746094 0.349609 0.750977 0.349609 0.760742 0.353516 0.759766 0.359375 0.754883 0.361328
1 0.724609 0.391602 0.718750 0.392578 0.716797 0.386719 0.719727 0.381836 0.724609 0.380859 0.727539 0.384766
1 0.822266 0.351562 0.815430 0.347656 0.816406 0.342773 0.820312 0.338867 0.826172 0.340820 0.828125 0.345703
1 0.776367 0.360352 0.769531 0.358398 0.768555 0.352539 0.773438 0.350586 0.778320 0.352539 0.780273 0.358398
1 0.692383 0.337891 0.687500 0.335938 0.687500 0.331055 0.690430 0.327148 0.695312 0.328125 0.698242 0.332031 0.697266 0.335938
1 0.681641 0.337891 0.675781 0.337891 0.670898 0.337891 0.670898 0.333008 0.675781 0.332031 0.685547 0.333008 0.688477 0.336914 0.685547 0.338867
1 0.494141 0.337891 0.487305 0.335938 0.487305 0.331055 0.491211 0.328125 0.496094 0.330078
1 0.673828 0.760742 0.668945 0.756836 0.668945 0.751953 0.671875 0.748047 0.676758 0.750000 0.681641 0.757812 0.678711 0.761719
1 0.536133 0.767578 0.529297 0.765625 0.528320 0.760742 0.530273 0.755859 0.533203 0.751953 0.538086 0.751953 0.541992 0.755859 0.541992 0.761719
1 0.572266 0.778320 0.561523 0.780273 0.561523 0.774414 0.564453 0.770508 0.569336 0.766602 0.575195 0.767578 0.579102 0.771484 0.580078 0.776367
1 0.540039 0.799805 0.530273 0.803711 0.528320 0.798828 0.524414 0.789062 0.525391 0.783203 0.530273 0.782227 0.536133 0.783203 0.540039 0.780273 0.544922 0.778320 0.548828 0.782227 0.546875 0.787109 0.543945 0.791016
1 0.045898 0.807617 0.038086 0.806641 0.035156 0.801758 0.036133 0.795898 0.038086 0.791016 0.041016 0.786133 0.046875 0.789062 0.048828 0.793945 0.048828 0.799805
1 0.000000 0.686523 0.007812 0.682617 0.010742 0.678711 0.010742 0.672852 0.006836 0.669922 0.000000 0.666016
1 0.215820 0.691406 0.208984 0.688477 0.208984 0.683594 0.211914 0.679688 0.216797 0.680664 0.221680 0.683594 0.221680 0.688477
1 0.215820 0.674805 0.209961 0.670898 0.212891 0.665039 0.217773 0.663086 0.221680 0.666016 0.221680 0.670898
1 0.251953 0.674805 0.247070 0.668945 0.249023 0.663086 0.253906 0.663086 0.256836 0.666992 0.261719 0.666992 0.263672 0.673828 0.258789 0.675781
1 0.231445 0.655273 0.224609 0.653320 0.227539 0.648438 0.232422 0.646484 0.235352 0.650391
1 0.315430 0.691406 0.309570 0.685547 0.310547 0.680664 0.316406 0.680664 0.320312 0.684570 0.320312 0.689453
1 0.282227 0.650391 0.273438 0.648438 0.273438 0.642578 0.277344 0.639648 0.282227 0.638672 0.288086 0.640625 0.288086 0.645508
0 0.303711 0.653320 0.297852 0.648438 0.292969 0.648438 0.289062 0.645508 0.289062 0.640625 0.291992 0.635742 0.296875 0.635742 0.299805 0.631836 0.304688 0.629883 0.310547 0.629883 0.315430 0.628906 0.318359 0.632812 0.320312 0.638672 0.321289 0.648438 0.316406 0.652344 0.311523 0.652344
1 0.334961 0.665039 0.328125 0.661133 0.323242 0.660156 0.322266 0.655273 0.328125 0.653320 0.333984 0.653320 0.338867 0.653320 0.342773 0.657227 0.344727 0.662109 0.343750 0.666992 0.339844 0.669922
1 0.357422 0.665039 0.350586 0.659180 0.344727 0.659180 0.341797 0.654297 0.342773 0.648438 0.345703 0.643555 0.350586 0.640625 0.356445 0.642578 0.359375 0.647461 0.359375 0.653320 0.362305 0.657227 0.367188 0.660156 0.365234 0.664062
1 0.367188 0.644531 0.359375 0.642578 0.359375 0.637695 0.363281 0.634766 0.368164 0.637695
1 0.324219 0.583984 0.317383 0.585938 0.317383 0.581055 0.314453 0.576172 0.318359 0.570312 0.322266 0.567383 0.328125 0.570312 0.330078 0.574219 0.332031 0.580078 0.330078 0.584961
1 0.380859 0.646484 0.373047 0.643555 0.369141 0.640625 0.369141 0.635742 0.374023 0.632812 0.378906 0.634766 0.383789 0.634766 0.388672 0.632812 0.392578 0.636719 0.389648 0.642578
1 0.406250 0.695312 0.396484 0.696289 0.392578 0.692383 0.392578 0.687500 0.395508 0.682617 0.401367 0.682617 0.412109 0.681641 0.416992 0.683594 0.421875 0.685547 0.420898 0.690430 0.417969 0.694336 0.410156 0.698242
1 0.462891 0.688477 0.455078 0.684570 0.455078 0.678711 0.459961 0.675781 0.464844 0.675781 0.467773 0.679688 0.467773 0.685547
1 0.446289 0.687500 0.439453 0.686523 0.439453 0.681641 0.440430 0.676758 0.445312 0.677734 0.447266 0.682617
1 0.454102 0.663086 0.463867 0.659180 0.466797 0.664062 0.467773 0.668945 0.467773 0.674805 0.464844 0.679688 0.459961 0.679688 0.455078 0.676758 0.452148 0.672852 0.452148 0.666992
1 0.496094 0.658203 0.483398 0.656250 0.486328 0.647461 0.491211 0.646484 0.496094 0.646484 0.499023 0.650391
1 0.416992 0.663086 0.415039 0.667969 0.409180 0.666016 0.407227 0.660156 0.410156 0.655273 0.415039 0.654297 0.419922 0.654297 0.425781 0.655273 0.427734 0.660156 0.425781 0.665039
1 0.378906 0.577148 0.369141 0.576172 0.367188 0.571289 0.367188 0.566406 0.370117 0.561523 0.375000 0.559570 0.379883 0.561523 0.383789 0.566406 0.385742 0.571289
1 0.413086 0.597656 0.407227 0.592773 0.407227 0.587891 0.408203 0.583008 0.412109 0.579102 0.416016 0.582031 0.417969 0.586914 0.416992 0.591797
1 0.398438 0.589844 0.392578 0.583984 0.392578 0.579102 0.394531 0.573242 0.399414 0.572266 0.404297 0.575195 0.407227 0.580078 0.404297 0.583984 0.398438 0.583984
1 0.440430 0.588867 0.433594 0.586914 0.434570 0.582031 0.437500 0.578125 0.443359 0.575195 0.446289 0.579102 0.445312 0.583984
1 0.360352 0.562500 0.350586 0.556641 0.349609 0.551758 0.350586 0.544922 0.355469 0.541992 0.360352 0.542969 0.362305 0.547852 0.362305 0.553711
1 0.314453 0.541992 0.305664 0.538086 0.305664 0.533203 0.310547 0.524414 0.316406 0.526367 0.320312 0.530273 0.319336 0.536133
1 0.213867 0.537109 0.207031 0.537109 0.204102 0.533203 0.205078 0.527344 0.208984 0.524414 0.213867 0.524414 0.217773 0.527344 0.218750 0.533203
1 0.192383 0.539062 0.184570 0.538086 0.183594 0.533203 0.184570 0.527344 0.189453 0.525391 0.194336 0.526367 0.197266 0.530273 0.197266 0.535156
1 0.174805 0.538086 0.169922 0.535156 0.167969 0.530273 0.170898 0.525391 0.175781 0.525391 0.177734 0.530273
1 0.151367 0.535156 0.145508 0.529297 0.148438 0.525391 0.154297 0.524414 0.159180 0.525391 0.160156 0.531250
1 0.186523 0.526367 0.181641 0.522461 0.180664 0.517578 0.184570 0.512695 0.188477 0.514648 0.191406 0.519531
1 0.236328 0.522461 0.231445 0.524414 0.228516 0.520508 0.230469 0.515625 0.235352 0.513672 0.239258 0.517578
1 0.295898 0.536133 0.289062 0.528320 0.291992 0.523438 0.296875 0.521484 0.302734 0.523438 0.303711 0.528320 0.300781 0.532227
1 0.260742 0.536133 0.254883 0.533203 0.254883 0.528320 0.255859 0.523438 0.260742 0.523438 0.263672 0.527344 0.266602 0.532227
1 0.357422 0.545898 0.349609 0.545898 0.348633 0.541016 0.354492 0.537109 0.359375 0.538086 0.363281 0.541992 0.363281 0.546875
1 0.367188 0.539062 0.360352 0.533203 0.363281 0.528320 0.368164 0.528320 0.371094 0.534180
1 0.355469 0.596680 0.349609 0.592773 0.353516 0.588867 0.358398 0.587891 0.360352 0.594727
1 0.438477 0.651367 0.432617 0.650391 0.431641 0.644531 0.436523 0.639648 0.441406 0.641602 0.444336 0.647461
0 0.452148 0.673828 0.445312 0.672852 0.443359 0.667969 0.438477 0.665039 0.437500 0.659180 0.441406 0.656250 0.445312 0.659180 0.451172 0.660156 0.454102 0.656250 0.458008 0.653320 0.463867 0.657227 0.463867 0.666016 0.459961 0.668945
1 0.500000 0.678711 0.497070 0.672852 0.500977 0.669922 0.505859 0.666992 0.507812 0.671875 0.508789 0.677734
1 0.524414 0.675781 0.517578 0.678711 0.513672 0.674805 0.513672 0.667969 0.514648 0.663086 0.518555 0.659180 0.523438 0.657227 0.527344 0.658203 0.530273 0.662109 0.532227 0.666992 0.531250 0.673828
1 0.515625 0.700195 0.508789 0.699219 0.503906 0.696289 0.502930 0.690430 0.503906 0.685547 0.507812 0.681641 0.512695 0.682617 0.517578 0.685547 0.521484 0.689453 0.521484 0.695312
1 0.839844 0.702148 0.830078 0.703125 0.828125 0.698242 0.828125 0.693359 0.831055 0.688477 0.836914 0.689453 0.841797 0.692383 0.842773 0.698242
1 0.847656 0.706055 0.840820 0.698242 0.840820 0.693359 0.842773 0.688477 0.847656 0.687500 0.852539 0.689453 0.855469 0.693359 0.857422 0.698242 0.855469 0.703125
1 0.870117 0.696289 0.865234 0.690430 0.862305 0.685547 0.860352 0.679688 0.863281 0.675781 0.869141 0.668945
1 0.827148 0.691406 0.822266 0.686523 0.824219 0.681641 0.829102 0.682617 0.833984 0.684570 0.840820 0.687500 0.838867 0.693359
1 0.817383 0.684570 0.808594 0.686523 0.804688 0.683594 0.804688 0.677734 0.807617 0.673828 0.814453 0.672852 0.819336 0.674805 0.823242 0.678711 0.822266 0.683594
1 0.785156 0.680664 0.777344 0.673828 0.777344 0.668945 0.780273 0.665039 0.786133 0.665039 0.790039 0.669922 0.788086 0.674805
1 0.788086 0.677734 0.789062 0.669922 0.793945 0.668945 0.798828 0.671875 0.796875 0.676758
1 0.750000 0.696289 0.741211 0.695312 0.740234 0.689453 0.740234 0.684570 0.742188 0.679688 0.748047 0.679688 0.751953 0.682617 0.755859 0.686523 0.757812 0.692383 0.757812 0.697266
1 0.758789 0.693359 0.753906 0.687500 0.754883 0.681641 0.756836 0.677734 0.762695 0.678711 0.765625 0.682617 0.766602 0.687500 0.764648 0.692383
1 0.796875 0.688477 0.789062 0.685547 0.789062 0.680664 0.792969 0.676758 0.797852 0.678711 0.798828 0.683594
1 0.563477 0.672852 0.554688 0.672852 0.552734 0.667969 0.555664 0.664062 0.560547 0.664062
1 0.845703 0.615234 0.837891 0.612305 0.836914 0.606445 0.840820 0.602539 0.845703 0.600586 0.848633 0.605469 0.849609 0.611328
1 0.822266 0.639648 0.822266 0.633789 0.827148 0.631836 0.832031 0.635742 0.831055 0.640625 0.826172 0.643555 0.826172 0.643555
1 0.810547 0.646484 0.804688 0.644531 0.805664 0.639648 0.810547 0.636719 0.815430 0.638672 0.818359 0.642578
1 0.857422 0.593750 0.849609 0.588867 0.855469 0.583984 0.860352 0.585938 0.862305 0.590820
1 0.838867 0.596680 0.836914 0.600586 0.831055 0.601562 0.826172 0.598633 0.826172 0.589844 0.828125 0.584961 0.833984 0.585938 0.837891 0.583008 0.842773 0.583008 0.846680 0.585938 0.846680 0.591797
1 0.831055 0.580078 0.824219 0.578125 0.823242 0.573242 0.824219 0.567383 0.829102 0.565430 0.833984 0.565430 0.838867 0.567383 0.842773 0.570312 0.843750 0.575195 0.839844 0.579102
1 0.816406 0.580078 0.814453 0.583984 0.809570 0.583984 0.804688 0.582031 0.800781 0.578125 0.800781 0.572266 0.803711 0.567383 0.808594 0.564453 0.813477 0.563477 0.823242 0.564453 0.826172 0.569336 0.826172 0.574219 0.823242 0.579102
1 0.782227 0.592773 0.778320 0.592773 0.771484 0.592773 0.769531 0.587891 0.773438 0.582031 0.778320 0.578125 0.784180 0.579102 0.785156 0.586914
1 0.782227 0.611328 0.777344 0.608398 0.776367 0.603516 0.779297 0.598633 0.784180 0.599609 0.787109 0.607422
1 0.762695 0.665039 0.756836 0.662109 0.756836 0.654297 0.760742 0.651367 0.764648 0.654297 0.767578 0.659180
1 0.793945 0.669922 0.790039 0.663086 0.791992 0.658203 0.797852 0.659180 0.798828 0.664062
1 0.804688 0.670898 0.798828 0.666016 0.800781 0.661133 0.803711 0.657227 0.808594 0.659180 0.809570 0.664062
1 0.743164 0.662109 0.736328 0.657227 0.738281 0.652344 0.742188 0.649414 0.747070 0.649414 0.748047 0.654297
1 0.720703 0.646484 0.714844 0.642578 0.717773 0.638672 0.722656 0.638672 0.725586 0.642578
1 0.709961 0.645508 0.704102 0.647461 0.702148 0.641602 0.707031 0.638672 0.711914 0.640625
1 0.725586 0.612305 0.715820 0.610352 0.711914 0.606445 0.710938 0.601562 0.714844 0.598633 0.719727 0.597656 0.725586 0.597656 0.730469 0.597656 0.734375 0.601562 0.734375 0.606445 0.731445 0.611328
1 0.733398 0.590820 0.728516 0.595703 0.723633 0.595703 0.719727 0.592773 0.719727 0.586914 0.724609 0.583008 0.727539 0.578125 0.732422 0.575195 0.737305 0.577148 0.742188 0.579102 0.745117 0.583008 0.744141 0.589844 0.740234 0.593750
0 0.683594 0.667969 0.679688 0.671875 0.676758 0.675781 0.671875 0.673828 0.668945 0.669922 0.667969 0.665039 0.670898 0.661133 0.675781 0.660156 0.681641 0.661133 0.685547 0.658203 0.688477 0.662109 0.686523 0.666016
1 0.672852 0.683594 0.667969 0.683594 0.665039 0.679688 0.669922 0.677734 0.673828 0.674805 0.675781 0.677734 0.675781 0.682617
1 0.680664 0.689453 0.675781 0.688477 0.674805 0.683594 0.677734 0.679688 0.682617 0.683594 0.683594 0.686523
1 0.673828 0.662109 0.667969 0.662109 0.665039 0.658203 0.668945 0.654297 0.673828 0.656250 0.677734 0.658203 0.677734 0.662109
1 0.682617 0.663086 0.676758 0.662109 0.674805 0.657227 0.678711 0.653320 0.683594 0.654297 0.687500 0.658203
1 0.711914 0.606445 0.707031 0.604492 0.706055 0.599609 0.709961 0.595703 0.714844 0.597656 0.715820 0.602539
1 0.678711 0.616211 0.673828 0.612305 0.671875 0.607422 0.672852 0.602539 0.678711 0.602539 0.682617 0.605469 0.684570 0.610352
1 0.678711 0.633789 0.673828 0.629883 0.678711 0.627930 0.682617 0.631836
1 0.648438 0.575195 0.644531 0.572266 0.645508 0.567383 0.648438 0.563477 0.653320 0.566406 0.655273 0.571289
0 0.631836 0.581055 0.625977 0.580078 0.621094 0.578125 0.618164 0.574219 0.620117 0.569336 0.625000 0.567383 0.629883 0.564453 0.634766 0.562500 0.638672 0.559570 0.643555 0.561523 0.644531 0.566406 0.644531 0.571289 0.642578 0.576172 0.637695 0.578125
1 0.621094 0.610352 0.613281 0.611328 0.611328 0.606445 0.611328 0.601562 0.615234 0.597656 0.621094 0.596680 0.625977 0.599609 0.628906 0.603516 0.629883 0.608398 0.625977 0.612305
1 0.594727 0.610352 0.590820 0.607422 0.590820 0.602539 0.593750 0.597656 0.597656 0.594727 0.602539 0.595703 0.606445 0.598633 0.607422 0.603516 0.603516 0.607422
1 0.588867 0.608398 0.583008 0.606445 0.578125 0.604492 0.577148 0.599609 0.581055 0.595703 0.585938 0.596680 0.590820 0.598633 0.591797 0.603516
1 0.577148 0.614258 0.572266 0.611328 0.573242 0.606445 0.578125 0.603516 0.581055 0.607422 0.581055 0.612305
1 0.611328 0.571289 0.605469 0.571289 0.603516 0.566406 0.605469 0.561523 0.610352 0.560547 0.615234 0.562500 0.617188 0.567383
0 0.587891 0.583984 0.581055 0.583984 0.577148 0.586914 0.579102 0.579102 0.582031 0.575195 0.587891 0.576172 0.592773 0.578125 0.597656 0.577148 0.601562 0.580078 0.603516 0.584961 0.604492 0.589844 0.601562 0.593750 0.596680 0.591797 0.594727 0.586914
1 0.571289 0.598633 0.569336 0.597656 0.570312 0.592773 0.574219 0.589844 0.579102 0.589844 0.579102 0.595703 0.576172 0.598633
1 0.576172 0.587891 0.571289 0.587891 0.568359 0.583984 0.569336 0.578125 0.573242 0.575195 0.578125 0.577148 0.581055 0.581055
0 0.577148 0.573242 0.572266 0.569336 0.571289 0.564453 0.573242 0.559570 0.578125 0.561523 0.582031 0.558594 0.586914 0.556641 0.592773 0.556641 0.595703 0.560547 0.601562 0.569336 0.599609 0.574219 0.594727 0.575195 0.588867 0.575195 0.583984 0.573242
1 0.619141 0.534180 0.614258 0.536133 0.609375 0.535156 0.607422 0.530273 0.609375 0.525391 0.613281 0.523438 0.619141 0.523438 0.625000 0.527344 0.625000 0.530273 0.624023 0.534180
1 0.559570 0.605469 0.554688 0.602539 0.552734 0.597656 0.554688 0.592773 0.559570 0.592773 0.564453 0.594727 0.565430 0.599609
1 0.546875 0.610352 0.543945 0.606445 0.544922 0.601562 0.549805 0.599609 0.552734 0.602539 0.551758 0.608398
1 0.533203 0.607422 0.529297 0.604492 0.529297 0.599609 0.531250 0.594727 0.536133 0.595703 0.540039 0.598633 0.541016 0.603516 0.538086 0.608398
1 0.535156 0.596680 0.529297 0.594727 0.527344 0.590820 0.527344 0.584961 0.532227 0.583008 0.536133 0.580078 0.540039 0.583008 0.541992 0.587891 0.541992 0.592773 0.541016 0.597656
1 0.544922 0.588867 0.538086 0.587891 0.537109 0.583008 0.538086 0.577148 0.540039 0.572266 0.544922 0.570312 0.548828 0.574219 0.550781 0.579102 0.550781 0.584961
1 0.553711 0.594727 0.546875 0.594727 0.544922 0.590820 0.545898 0.584961 0.549805 0.582031 0.553711 0.578125 0.559570 0.579102 0.563477 0.581055 0.567383 0.585938 0.566406 0.590820 0.561523 0.592773 0.555664 0.592773
0 0.539062 0.567383 0.534180 0.568359 0.529297 0.566406 0.525391 0.567383 0.525391 0.564453 0.527344 0.560547 0.526367 0.554688 0.528320 0.549805 0.534180 0.548828 0.537109 0.552734 0.541992 0.551758 0.547852 0.554688 0.549805 0.559570 0.548828 0.564453 0.544922 0.568359
1 0.483398 0.614258 0.477539 0.612305 0.473633 0.609375 0.472656 0.602539 0.473633 0.597656 0.478516 0.594727 0.482422 0.598633 0.490234 0.596680 0.491211 0.603516 0.490234 0.610352
0 0.525391 0.617188 0.520508 0.621094 0.516602 0.617188 0.516602 0.612305 0.519531 0.607422 0.518555 0.602539 0.521484 0.592773 0.526367 0.590820 0.530273 0.593750 0.531250 0.600586 0.535156 0.604492 0.538086 0.608398 0.536133 0.613281 0.532227 0.616211
1 0.468750 0.615234 0.462891 0.612305 0.461914 0.607422 0.464844 0.602539 0.470703 0.602539 0.472656 0.607422 0.473633 0.612305
1 0.408203 0.612305 0.403320 0.611328 0.398438 0.611328 0.397461 0.606445 0.400391 0.602539 0.402344 0.597656 0.407227 0.597656 0.410156 0.602539 0.415039 0.604492 0.416992 0.609375 0.414062 0.613281
1 0.430664 0.589844 0.425781 0.589844 0.419922 0.588867 0.417969 0.583984 0.418945 0.579102 0.423828 0.578125 0.428711 0.579102 0.431641 0.583008
1 0.435547 0.583008 0.429688 0.582031 0.428711 0.577148 0.431641 0.573242 0.436523 0.574219 0.438477 0.581055
1 0.460938 0.598633 0.454102 0.594727 0.454102 0.587891 0.458008 0.584961 0.462891 0.587891 0.463867 0.592773
1 0.481445 0.595703 0.472656 0.591797 0.475586 0.585938 0.480469 0.583984 0.485352 0.583008 0.490234 0.584961 0.491211 0.590820 0.489258 0.595703
1 0.491211 0.587891 0.485352 0.583984 0.485352 0.577148 0.489258 0.573242 0.495117 0.572266 0.500977 0.575195 0.497070 0.579102 0.494141 0.583008
1 0.524414 0.593750 0.515625 0.593750 0.514648 0.587891 0.514648 0.583008 0.519531 0.578125 0.524414 0.576172 0.529297 0.577148 0.533203 0.580078 0.533203 0.585938 0.529297 0.588867
1 0.518555 0.579102 0.509766 0.578125 0.509766 0.573242 0.513672 0.569336 0.518555 0.568359 0.524414 0.569336 0.525391 0.574219
1 0.500000 0.565430 0.496094 0.571289 0.491211 0.569336 0.488281 0.565430 0.487305 0.559570 0.491211 0.556641 0.497070 0.554688 0.501953 0.554688 0.506836 0.558594 0.506836 0.563477
1 0.479492 0.564453 0.474609 0.564453 0.472656 0.559570 0.474609 0.554688 0.479492 0.553711 0.484375 0.555664 0.487305 0.559570 0.484375 0.563477
1 0.459961 0.568359 0.455078 0.566406 0.455078 0.559570 0.460938 0.558594 0.462891 0.563477