0 0.000000 0.048828 0.005859 0.048828 0.008789 0.044922 0.012695 0.035156 0.009766 0.031250 0.007812 0.026367 0.004883 0.022461 0.007812 0.018555 0.012695 0.018555 0.016602 0.014648 0.016602 0.009766 0.018555 0.004883 0.016602 0.000000 0.000000 0.000000
0 0.028320 0.000000 0.028320 0.004883 0.027344 0.009766 0.029297 0.014648 0.033203 0.018555 0.038086 0.020508 0.041992 0.017578 0.044922 0.012695 0.050781 0.012695 0.055664 0.013672 0.060547 0.011719 0.063477 0.006836 0.064453 0.001953 0.064453 0.000000
1 0.066406 0.032227 0.061523 0.030273 0.060547 0.025391 0.062500 0.020508 0.067383 0.018555 0.072266 0.019531 0.075195 0.023438 0.075195 0.029297 0.071289 0.033203
1 0.086914 0.053711 0.079102 0.053711 0.075195 0.049805 0.074219 0.044922 0.077148 0.039062 0.082031 0.039062 0.087891 0.039062 0.091797 0.036133 0.096680 0.035156 0.096680 0.040039 0.095703 0.044922 0.095703 0.050781 0.091797 0.053711
1 0.034180 0.062500 0.031250 0.055664 0.027344 0.051758 0.030273 0.046875 0.035156 0.045898 0.040039 0.046875 0.042969 0.041992 0.047852 0.041016 0.052734 0.041992 0.051758 0.046875 0.048828 0.051758 0.047852 0.056641 0.043945 0.065430 0.039062 0.065430
1 0.000000 0.115234 0.006836 0.115234 0.010742 0.112305 0.013672 0.107422 0.010742 0.103516 0.005859 0.102539 0.000977 0.099609 0.000000 0.102539
1 0.008789 0.100586 0.001953 0.098633 0.000000 0.093750 0.000000 0.081055 0.006836 0.077148 0.011719 0.079102 0.015625 0.082031 0.016602 0.086914 0.015625 0.097656
1 0.014648 0.082031 0.008789 0.080078 0.008789 0.075195 0.011719 0.070312 0.017578 0.071289 0.021484 0.074219 0.019531 0.079102
1 0.023438 0.072266 0.015625 0.070312 0.014648 0.065430 0.017578 0.060547 0.023438 0.061523 0.024414 0.066406
1 0.034180 0.065430 0.027344 0.069336 0.024414 0.064453 0.026367 0.059570 0.031250 0.057617 0.036133 0.058594
1 0.051758 0.110352 0.044922 0.113281 0.040039 0.115234 0.035156 0.114258 0.036133 0.109375 0.041016 0.107422 0.043945 0.103516 0.048828 0.102539 0.053711 0.105469
1 0.052734 0.101562 0.046875 0.100586 0.047852 0.094727 0.052734 0.092773 0.056641 0.095703
1 0.079102 0.101562 0.073242 0.102539 0.072266 0.096680 0.075195 0.092773 0.080078 0.094727
1 0.080078 0.090820 0.076172 0.085938 0.078125 0.081055 0.082031 0.083008
1 0.074219 0.117188 0.074219 0.110352 0.075195 0.105469 0.079102 0.112305
1 0.065430 0.136719 0.061523 0.130859 0.061523 0.125000 0.063477 0.120117 0.068359 0.120117 0.073242 0.118164 0.078125 0.120117 0.078125 0.125000 0.074219 0.128906 0.072266 0.133789
1 0.058594 0.151367 0.052734 0.148438 0.054688 0.143555 0.060547 0.145508
1 0.054688 0.123047 0.049805 0.119141 0.049805 0.114258 0.054688 0.112305 0.058594 0.116211 0.060547 0.121094
1 0.059570 0.129883 0.053711 0.125977 0.056641 0.122070 0.061523 0.122070 0.064453 0.125977
1 0.056641 0.142578 0.052734 0.138672 0.057617 0.136719 0.060547 0.138672 0.059570 0.141602
1 0.046875 0.140625 0.041992 0.139648 0.041016 0.134766 0.045898 0.131836 0.050781 0.132812 0.052734 0.137695
1 0.039062 0.134766 0.034180 0.130859 0.034180 0.125977 0.039062 0.125977 0.041992 0.129883
1 0.000000 0.148438 0.004883 0.152344 0.007812 0.148438 0.013672 0.149414 0.023438 0.148438 0.023438 0.142578 0.021484 0.137695 0.018555 0.133789 0.014648 0.130859 0.009766 0.131836 0.005859 0.135742 0.000977 0.134766 0.000977 0.137695
1 0.016602 0.162109 0.009766 0.158203 0.011719 0.153320 0.016602 0.150391 0.020508 0.153320 0.021484 0.158203
1 0.094727 0.078125 0.090820 0.071289 0.095703 0.069336 0.098633 0.073242
1 0.126953 0.070312 0.120117 0.063477 0.120117 0.058594 0.120117 0.052734 0.123047 0.047852 0.127930 0.046875 0.132812 0.044922 0.137695 0.044922 0.141602 0.048828 0.141602 0.053711 0.138672 0.058594 0.137695 0.063477 0.137695 0.069336 0.133789 0.073242
1 0.120117 0.071289 0.115234 0.069336 0.115234 0.063477 0.121094 0.063477 0.125000 0.066406
1 0.121094 0.096680 0.113281 0.088867 0.113281 0.083008 0.118164 0.080078 0.123047 0.080078 0.126953 0.083984 0.127930 0.088867
1 0.083008 0.168945 0.075195 0.171875 0.071289 0.168945 0.072266 0.164062 0.076172 0.160156 0.085938 0.152344 0.090820 0.150391 0.093750 0.155273 0.095703 0.160156 0.097656 0.165039 0.095703 0.169922 0.090820 0.172852
1 0.089844 0.155273 0.087891 0.149414 0.091797 0.146484 0.096680 0.144531 0.100586 0.147461 0.100586 0.153320 0.094727 0.155273
1 0.072266 0.196289 0.072266 0.204102 0.067383 0.205078 0.059570 0.203125 0.059570 0.197266 0.063477 0.194336 0.064453 0.189453 0.068359 0.185547 0.074219 0.185547 0.079102 0.186523 0.080078 0.191406 0.078125 0.196289
1 0.119141 0.209961 0.114258 0.203125 0.118164 0.199219 0.123047 0.200195 0.126953 0.204102
1 0.137695 0.259766 0.131836 0.252930 0.132812 0.248047 0.137695 0.247070 0.141602 0.250977 0.141602 0.256836
1 0.197266 0.108398 0.194336 0.098633 0.199219 0.096680 0.204102 0.095703 0.208984 0.098633 0.211914 0.103516 0.210938 0.108398 0.206055 0.111328 0.201172 0.111328
1 0.242188 0.095703 0.237305 0.091797 0.240234 0.087891 0.245117 0.089844 0.248047 0.094727 0.244141 0.097656
1 0.126953 0.295898 0.122070 0.291992 0.122070 0.287109 0.126953 0.285156 0.131836 0.287109 0.131836 0.291992
1 0.121094 0.337891 0.117188 0.339844 0.112305 0.336914 0.118164 0.333984 0.119141 0.330078 0.128906 0.329102 0.128906 0.334961 0.125977 0.339844
1 0.097656 0.379883 0.096680 0.372070 0.100586 0.368164 0.105469 0.367188 0.106445 0.372070 0.104492 0.376953
1 0.016602 0.388672 0.019531 0.384766 0.022461 0.383789 0.024414 0.386719 0.022461 0.390625 0.018555 0.391602
0 0.066406 0.513672 0.061523 0.508789 0.063477 0.503906 0.066406 0.500000 0.067383 0.495117 0.066406 0.489258 0.067383 0.484375 0.069336 0.479492 0.071289 0.473633 0.070312 0.468750 0.071289 0.463867 0.073242 0.458984 0.076172 0.453125 0.081055 0.451172 0.085938 0.453125 0.089844 0.457031 0.092773 0.461914 0.092773 0.466797 0.089844 0.470703 0.084961 0.472656 0.083984 0.477539 0.080078 0.480469 0.077148 0.485352 0.077148 0.490234 0.079102 0.500000 0.081055 0.504883 0.081055 0.509766 0.077148 0.513672 0.072266 0.513672
0 0.085938 0.512695 0.079102 0.505859 0.083008 0.502930 0.087891 0.501953 0.092773 0.504883 0.097656 0.503906 0.103516 0.501953 0.108398 0.502930 0.113281 0.506836 0.122070 0.511719 0.125977 0.515625 0.126953 0.521484 0.122070 0.523438 0.117188 0.523438 0.112305 0.520508 0.113281 0.515625 0.107422 0.518555 0.102539 0.518555 0.096680 0.520508 0.091797 0.519531
1 0.130859 0.506836 0.125977 0.500000 0.127930 0.495117 0.132812 0.493164 0.137695 0.495117 0.139648 0.500000 0.138672 0.504883
1 0.149414 0.492188 0.145508 0.486328 0.147461 0.481445 0.153320 0.479492 0.154297 0.484375 0.154297 0.490234
1 0.063477 0.612305 0.058594 0.607422 0.056641 0.602539 0.061523 0.599609 0.065430 0.595703 0.069336 0.591797 0.072266 0.596680 0.072266 0.601562 0.074219 0.606445 0.072266 0.611328
1 0.004883 0.638672 0.002930 0.632812 0.007812 0.629883 0.012695 0.631836 0.012695 0.637695
1 0.008789 0.660156 0.005859 0.655273 0.008789 0.651367 0.013672 0.653320 0.015625 0.658203
1 0.056641 0.663086 0.050781 0.665039 0.049805 0.659180 0.050781 0.654297 0.055664 0.655273
1 0.061523 0.668945 0.056641 0.665039 0.059570 0.660156 0.064453 0.660156 0.066406 0.666016
1 0.000000 0.775391 0.004883 0.780273 0.009766 0.777344 0.011719 0.772461 0.008789 0.768555 0.005859 0.761719 0.000000 0.765625
1 0.069336 0.743164 0.065430 0.736328 0.070312 0.734375 0.075195 0.733398 0.077148 0.738281 0.075195 0.743164
0 0.197266 0.731445 0.189453 0.730469 0.187500 0.725586 0.190430 0.720703 0.196289 0.720703 0.201172 0.722656 0.204102 0.726562 0.208984 0.727539 0.217773 0.733398 0.222656 0.735352 0.227539 0.735352 0.232422 0.736328 0.234375 0.740234 0.236328 0.746094 0.232422 0.749023 0.227539 0.750000 0.223633 0.747070 0.212891 0.735352 0.208008 0.735352 0.204102 0.732422
1 0.147461 0.794922 0.140625 0.792969 0.140625 0.788086 0.144531 0.785156 0.149414 0.787109 0.150391 0.791992
1 0.029297 0.844727 0.020508 0.843750 0.020508 0.835938 0.015625 0.832031 0.009766 0.833008 0.005859 0.829102 0.000000 0.831055 0.000000 0.814453 0.006836 0.813477 0.008789 0.818359 0.014648 0.818359 0.017578 0.822266 0.022461 0.820312 0.027344 0.823242 0.031250 0.824219 0.035156 0.821289 0.040039 0.820312 0.044922 0.817383 0.047852 0.821289 0.047852 0.826172 0.042969 0.830078 0.038086 0.831055 0.037109 0.835938 0.035156 0.840820
1 0.048828 0.858398 0.042969 0.851562 0.044922 0.846680 0.049805 0.843750 0.055664 0.842773 0.064453 0.846680 0.062500 0.851562 0.057617 0.854492 0.053711 0.858398
0 0.110352 0.908203 0.104492 0.903320 0.101562 0.899414 0.099609 0.894531 0.102539 0.890625 0.099609 0.885742 0.094727 0.885742 0.092773 0.880859 0.090820 0.875977 0.088867 0.871094 0.092773 0.867188 0.096680 0.870117 0.101562 0.872070 0.105469 0.867188 0.110352 0.865234 0.115234 0.866211 0.120117 0.869141 0.122070 0.874023 0.119141 0.878906 0.115234 0.881836 0.111328 0.884766 0.111328 0.890625 0.115234 0.893555 0.120117 0.893555 0.125000 0.895508 0.126953 0.901367 0.128906 0.906250 0.131836 0.910156 0.132812 0.916016 0.128906 0.918945 0.124023 0.917969 0.120117 0.915039 0.114258 0.913086
1 0.106445 0.861328 0.101562 0.862305 0.096680 0.860352 0.092773 0.856445 0.090820 0.851562 0.094727 0.847656 0.099609 0.847656 0.105469 0.845703 0.110352 0.847656 0.114258 0.853516 0.117188 0.858398 0.117188 0.863281 0.111328 0.864258
0 0.073242 0.867188 0.077148 0.862305 0.082031 0.859375 0.078125 0.856445 0.073242 0.858398 0.063477 0.860352 0.054688 0.863281 0.057617 0.868164 0.061523 0.871094 0.063477 0.875977 0.067383 0.879883 0.074219 0.888672 0.077148 0.893555 0.079102 0.898438 0.083984 0.901367 0.088867 0.903320 0.091797 0.907227 0.096680 0.904297 0.099609 0.899414 0.095703 0.896484 0.088867 0.887695 0.082031 0.877930 0.083008 0.873047 0.086914 0.869141 0.087891 0.864258 0.082031 0.864258 0.079102 0.868164
1 0.108398 0.915039 0.098633 0.916016 0.095703 0.912109 0.093750 0.907227 0.095703 0.902344 0.098633 0.898438 0.104492 0.898438 0.108398 0.901367 0.111328 0.906250 0.112305 0.913086
0 0.114258 0.926758 0.111328 0.921875 0.107422 0.917969 0.108398 0.912109 0.114258 0.911133 0.119141 0.911133 0.129883 0.913086 0.134766 0.915039 0.141602 0.922852 0.142578 0.927734 0.140625 0.932617 0.141602 0.937500 0.145508 0.941406 0.146484 0.946289 0.142578 0.950195 0.137695 0.952148 0.132812 0.949219 0.129883 0.945312 0.123047 0.938477 0.120117 0.934570 0.119141 0.929688
1 0.147461 0.958984 0.141602 0.955078 0.140625 0.950195 0.144531 0.945312 0.149414 0.942383 0.155273 0.943359 0.158203 0.947266 0.166992 0.953125 0.166992 0.958008 0.166992 0.963867 0.168945 0.968750 0.165039 0.972656 0.160156 0.971680 0.155273 0.969727 0.150391 0.966797
0 0.175781 0.977539 0.169922 0.972656 0.169922 0.967773 0.166992 0.962891 0.169922 0.958984 0.174805 0.957031 0.179688 0.960938 0.177734 0.965820 0.182617 0.965820 0.186523 0.968750 0.190430 0.973633 0.194336 0.977539 0.194336 0.982422 0.197266 0.987305 0.201172 0.990234 0.206055 0.989258 0.208008 0.994141 0.208008 0.999023 0.208984 1.000000 0.189453 1.000000 0.188477 0.995117 0.184570 0.991211 0.182617 0.986328 0.179688 0.981445
0 0.181641 0.894531 0.174805 0.893555 0.170898 0.889648 0.166016 0.886719 0.164062 0.881836 0.165039 0.876953 0.169922 0.875977 0.171875 0.871094 0.176758 0.868164 0.182617 0.866211 0.186523 0.869141 0.191406 0.871094 0.199219 0.878906 0.197266 0.885742 0.194336 0.889648 0.190430 0.886719 0.186523 0.890625
1 0.438477 0.975586 0.432617 0.971680 0.434570 0.965820 0.438477 0.962891 0.444336 0.962891 0.448242 0.965820 0.449219 0.971680 0.444336 0.974609
1 0.320312 0.946289 0.311523 0.945312 0.307617 0.941406 0.308594 0.935547 0.313477 0.932617 0.316406 0.928711 0.320312 0.925781 0.323242 0.930664 0.324219 0.935547 0.324219 0.940430
1 0.335938 0.776367 0.340820 0.781250 0.338867 0.786133 0.333984 0.787109 0.329102 0.785156 0.329102 0.780273
1 0.406250 0.674805 0.401367 0.667969 0.404297 0.658203 0.409180 0.659180 0.413086 0.663086 0.413086 0.668945 0.414062 0.673828 0.411133 0.678711
1 0.436523 0.684570 0.428711 0.678711 0.426758 0.672852 0.431641 0.669922 0.436523 0.668945 0.440430 0.671875 0.438477 0.676758
1 0.167969 0.558594 0.163086 0.554688 0.162109 0.549805 0.166016 0.546875 0.170898 0.545898 0.175781 0.546875 0.176758 0.552734 0.173828 0.556641
1 0.727539 0.922852 0.720703 0.920898 0.719727 0.916016 0.721680 0.911133 0.726562 0.912109 0.728516 0.917969
1 0.712891 0.892578 0.708984 0.887695 0.708984 0.882812 0.709961 0.877930 0.709961 0.873047 0.712891 0.868164 0.716797 0.865234 0.721680 0.868164 0.721680 0.873047 0.719727 0.877930 0.719727 0.883789 0.716797 0.888672
1 0.721680 0.863281 0.716797 0.857422 0.719727 0.852539 0.723633 0.848633 0.726562 0.852539 0.727539 0.857422
1 0.793945 0.717773 0.785156 0.711914 0.785156 0.706055 0.786133 0.701172 0.790039 0.701172 0.795898 0.703125 0.800781 0.708984 0.800781 0.715820
1 0.796875 0.752930 0.793945 0.742188 0.792969 0.734375 0.798828 0.732422 0.805664 0.740234 0.805664 0.746094 0.803711 0.750977
1 0.791016 0.761719 0.783203 0.761719 0.780273 0.757812 0.780273 0.752930 0.783203 0.748047 0.788086 0.750000 0.792969 0.752930 0.796875 0.756836
1 0.784180 0.735352 0.776367 0.735352 0.775391 0.730469 0.772461 0.726562 0.775391 0.722656 0.780273 0.720703 0.784180 0.724609 0.790039 0.726562 0.793945 0.729492 0.793945 0.734375
1 0.698242 0.697266 0.689453 0.689453 0.687500 0.684570 0.690430 0.679688 0.695312 0.677734 0.700195 0.676758 0.702148 0.681641 0.701172 0.687500 0.702148 0.693359
1 0.716797 0.669922 0.710938 0.666016 0.708984 0.661133 0.712891 0.657227 0.717773 0.656250 0.722656 0.658203 0.724609 0.663086 0.722656 0.667969
1 0.704102 0.658203 0.686523 0.641602 0.690430 0.637695 0.696289 0.641602 0.703125 0.641602 0.705078 0.647461 0.708984 0.653320
1 0.702148 0.630859 0.696289 0.625977 0.694336 0.621094 0.698242 0.617188 0.703125 0.615234 0.707031 0.618164 0.707031 0.624023
1 0.924805 0.658203 0.917969 0.651367 0.917969 0.645508 0.919922 0.640625 0.924805 0.642578 0.927734 0.647461 0.929688 0.657227
1 0.972656 0.533203 0.965820 0.530273 0.961914 0.527344 0.960938 0.521484 0.963867 0.517578 0.969727 0.516602 0.974609 0.517578 0.977539 0.521484 0.978516 0.527344
1 0.986328 0.516602 0.976562 0.514648 0.975586 0.508789 0.976562 0.503906 0.980469 0.500000 0.986328 0.500000 0.989258 0.503906 0.991211 0.508789
1 0.945312 0.510742 0.936523 0.506836 0.934570 0.501953 0.931641 0.492188 0.936523 0.490234 0.942383 0.491211 0.944336 0.496094 0.947266 0.500000 0.948242 0.505859
1 0.969727 0.489258 0.965820 0.485352 0.961914 0.481445 0.957031 0.471680 0.958984 0.466797 0.963867 0.462891 0.967773 0.465820 0.972656 0.470703 0.976562 0.471680 0.980469 0.481445 0.976562 0.484375
1 0.863281 0.559570 0.858398 0.552734 0.862305 0.547852 0.866211 0.543945 0.871094 0.541016 0.875000 0.544922 0.875000 0.549805 0.872070 0.555664
0 0.853516 0.566406 0.848633 0.563477 0.844727 0.560547 0.838867 0.559570 0.833008 0.558594 0.829102 0.555664 0.826172 0.551758 0.828125 0.545898 0.833008 0.543945 0.836914 0.546875 0.837891 0.552734 0.842773 0.554688 0.847656 0.554688 0.852539 0.556641 0.859375 0.561523 0.862305 0.566406
1 1.000000 0.306641 0.990234 0.298828 0.986328 0.293945 0.984375 0.284180 0.990234 0.285156 0.994141 0.288086 0.999023 0.291016
1 0.731445 0.288086 0.723633 0.280273 0.727539 0.275391 0.732422 0.273438 0.737305 0.275391 0.737305 0.281250 0.737305 0.286133
1 0.699219 0.317383 0.692383 0.311523 0.692383 0.306641 0.697266 0.303711 0.702148 0.305664 0.703125 0.311523
1 0.762695 0.475586 0.753906 0.466797 0.755859 0.461914 0.763672 0.456055 0.768555 0.458008 0.770508 0.462891 0.770508 0.467773 0.766602 0.470703
1 0.723633 0.824219 0.717773 0.821289 0.718750 0.815430 0.721680 0.806641 0.727539 0.806641 0.728516 0.812500 0.731445 0.816406 0.731445 0.822266
1 0.731445 0.759766 0.725586 0.757812 0.725586 0.752930 0.730469 0.750977 0.733398 0.754883
1 0.729492 0.778320 0.725586 0.773438 0.729492 0.769531 0.733398 0.760742 0.738281 0.761719 0.739258 0.766602 0.738281 0.771484 0.735352 0.776367
1 0.673828 0.766602 0.667969 0.769531 0.664062 0.765625 0.666992 0.761719 0.671875 0.759766 0.677734 0.758789 0.679688 0.761719
1 0.575195 0.750000 0.568359 0.746094 0.569336 0.741211 0.574219 0.740234 0.577148 0.744141
1 0.568359 0.780273 0.562500 0.775391 0.563477 0.769531 0.568359 0.769531 0.569336 0.774414
1 0.583008 0.805664 0.577148 0.799805 0.577148 0.793945 0.578125 0.788086 0.583984 0.789062 0.585938 0.793945 0.584961 0.798828 0.587891 0.801758
1 0.413086 0.752930 0.410156 0.749023 0.415039 0.745117 0.416992 0.750000 0.416992 0.752930
1 0.499023 0.716797 0.495117 0.711914 0.498047 0.707031 0.500977 0.710938 0.501953 0.714844
1 0.594727 0.594727 0.589844 0.594727 0.586914 0.590820 0.586914 0.585938 0.590820 0.582031 0.595703 0.581055 0.598633 0.585938 0.598633 0.591797
1 0.642578 0.583984 0.637695 0.580078 0.638672 0.575195 0.643555 0.572266 0.645508 0.577148 0.649414 0.583008 0.650391 0.586914 0.647461 0.587891
1 0.617188 0.565430 0.613281 0.561523 0.617188 0.558594 0.621094 0.561523 0.621094 0.565430
1 0.603516 0.583984 0.601562 0.582031 0.601562 0.580078 0.604492 0.578125 0.605469 0.581055
1 0.623047 0.559570 0.620117 0.555664 0.625000 0.553711 0.625977 0.556641 0.625000 0.557617
1 0.618164 0.550781 0.614258 0.549805 0.614258 0.545898 0.618164 0.545898 0.621094 0.547852
1 0.686523 0.547852 0.680664 0.545898 0.683594 0.541992 0.687500 0.539062 0.692383 0.539062 0.695312 0.543945
1 0.698242 0.536133 0.696289 0.529297 0.699219 0.525391 0.702148 0.521484 0.705078 0.526367 0.702148 0.530273
1 0.698242 0.519531 0.698242 0.510742 0.700195 0.505859 0.705078 0.504883 0.708008 0.508789 0.707031 0.513672 0.704102 0.518555
1 0.684570 0.510742 0.678711 0.507812 0.680664 0.502930 0.685547 0.501953 0.690430 0.501953 0.689453 0.506836
1 0.692383 0.497070 0.689453 0.490234 0.694336 0.490234 0.699219 0.491211 0.698242 0.497070
1 0.774414 0.375977 0.767578 0.369141 0.772461 0.367188 0.776367 0.370117 0.778320 0.375977
1 0.755859 0.422852 0.749023 0.426758 0.750000 0.421875 0.752930 0.417969 0.758789 0.416992 0.759766 0.421875
1 0.802734 0.408203 0.799805 0.404297 0.801758 0.399414 0.805664 0.401367 0.806641 0.405273
0 0.699219 0.395508 0.696289 0.399414 0.692383 0.403320 0.687500 0.403320 0.684570 0.400391 0.681641 0.403320 0.683594 0.405273 0.679688 0.409180 0.679688 0.409180 0.676758 0.406250 0.676758 0.401367 0.682617 0.396484 0.690430 0.396484 0.695312 0.389648 0.699219 0.390625
1 0.651367 0.504883 0.645508 0.505859 0.647461 0.500977 0.651367 0.498047 0.654297 0.500977
1 0.582031 0.446289 0.577148 0.442383 0.579102 0.436523 0.583008 0.433594 0.585938 0.437500 0.587891 0.442383
1 0.578125 0.423828 0.573242 0.417969 0.576172 0.412109 0.581055 0.410156 0.584961 0.414062 0.586914 0.418945 0.583984 0.422852
1 0.564453 0.419922 0.557617 0.418945 0.557617 0.414062 0.559570 0.409180 0.564453 0.409180 0.568359 0.413086 0.568359 0.416992
1 0.594727 0.414062 0.586914 0.410156 0.587891 0.405273 0.589844 0.400391 0.594727 0.402344 0.599609 0.403320 0.603516 0.406250 0.602539 0.412109
1 0.625977 0.360352 0.619141 0.360352 0.616211 0.355469 0.619141 0.351562 0.624023 0.352539 0.631836 0.357422 0.633789 0.362305 0.628906 0.364258
1 0.640625 0.302734 0.639648 0.294922 0.644531 0.295898 0.648438 0.298828 0.650391 0.303711 0.645508 0.305664
1 0.634766 0.291992 0.632812 0.287109 0.633789 0.282227 0.638672 0.281250 0.642578 0.285156 0.643555 0.290039
1 0.612305 0.328125 0.609375 0.324219 0.613281 0.321289 0.619141 0.321289 0.620117 0.326172
1 0.577148 0.304688 0.574219 0.300781 0.577148 0.296875 0.582031 0.298828 0.581055 0.299805
1 0.581055 0.336914 0.578125 0.333008 0.581055 0.329102 0.585938 0.331055 0.585938 0.335938
1 0.513672 0.353516 0.509766 0.347656 0.513672 0.343750 0.517578 0.346680 0.517578 0.350586
1 0.477539 0.346680 0.470703 0.348633 0.466797 0.344727 0.463867 0.340820 0.463867 0.334961 0.467773 0.332031 0.473633 0.333008 0.484375 0.333984 0.488281 0.331055 0.492188 0.333984 0.491211 0.338867 0.488281 0.343750 0.484375 0.346680
1 0.541992 0.318359 0.537109 0.314453 0.539062 0.309570 0.543945 0.307617 0.547852 0.311523 0.546875 0.316406
1 0.643555 0.106445 0.640625 0.101562 0.637695 0.097656 0.640625 0.092773 0.645508 0.093750 0.648438 0.098633 0.649414 0.103516 0.648438 0.108398
0 0.546875 0.189453 0.546875 0.181641 0.550781 0.178711 0.555664 0.179688 0.556641 0.184570 0.560547 0.187500 0.563477 0.192383 0.566406 0.196289 0.563477 0.201172 0.558594 0.200195 0.554688 0.196289 0.551758 0.192383
1 0.649414 0.154297 0.643555 0.155273 0.642578 0.150391 0.644531 0.145508 0.648438 0.142578 0.653320 0.145508 0.653320 0.151367
0 0.601562 0.231445 0.595703 0.228516 0.591797 0.225586 0.592773 0.219727 0.597656 0.217773 0.600586 0.222656 0.605469 0.225586 0.608398 0.221680 0.612305 0.224609 0.610352 0.229492
1 0.638672 0.265625 0.635742 0.258789 0.634766 0.253906 0.634766 0.249023 0.640625 0.249023 0.642578 0.253906 0.647461 0.255859 0.647461 0.260742 0.644531 0.265625
1 0.668945 0.275391 0.662109 0.273438 0.663086 0.267578 0.666992 0.264648 0.672852 0.263672 0.676758 0.266602 0.677734 0.272461
1 0.692383 0.293945 0.687500 0.290039 0.690430 0.285156 0.695312 0.286133 0.698242 0.290039
1 0.530273 0.262695 0.526367 0.258789 0.528320 0.253906 0.532227 0.256836 0.535156 0.260742 0.537109 0.265625 0.534180 0.268555 0.531250 0.266602
1 0.519531 0.270508 0.517578 0.265625 0.522461 0.264648 0.525391 0.265625 0.523438 0.268555
1 0.521484 0.251953 0.519531 0.250000 0.520508 0.248047 0.523438 0.246094 0.525391 0.249023 0.524414 0.251953
1 0.498047 0.276367 0.495117 0.274414 0.495117 0.270508 0.500000 0.268555 0.501953 0.273438
1 0.510742 0.285156 0.505859 0.284180 0.505859 0.281250 0.508789 0.279297 0.511719 0.276367 0.512695 0.273438 0.514648 0.275391 0.516602 0.280273 0.513672 0.282227
1 0.497070 0.300781 0.492188 0.299805 0.491211 0.294922 0.496094 0.292969 0.500977 0.292969 0.500977 0.297852
1 0.473633 0.276367 0.469727 0.281250 0.465820 0.283203 0.461914 0.281250 0.461914 0.277344 0.464844 0.273438 0.469727 0.271484 0.473633 0.271484
1 0.458008 0.248047 0.453125 0.248047 0.450195 0.243164 0.455078 0.240234 0.459961 0.239258 0.462891 0.243164 0.461914 0.248047
1 0.482422 0.243164 0.478516 0.240234 0.483398 0.237305 0.488281 0.239258 0.485352 0.243164
1 0.467773 0.228516 0.462891 0.226562 0.459961 0.222656 0.464844 0.221680 0.469727 0.223633 0.471680 0.229492
1 0.470703 0.238281 0.468750 0.233398 0.472656 0.230469 0.477539 0.229492 0.479492 0.234375 0.476562 0.238281
0 0.428711 0.113281 0.423828 0.113281 0.423828 0.107422 0.427734 0.103516 0.431641 0.106445 0.436523 0.107422 0.441406 0.108398 0.443359 0.113281 0.439453 0.117188 0.434570 0.119141 0.429688 0.121094 0.427734 0.116211
0 0.440430 0.091797 0.436523 0.088867 0.431641 0.086914 0.428711 0.083008 0.432617 0.080078 0.438477 0.083008 0.443359 0.083008 0.448242 0.081055 0.451172 0.084961 0.450195 0.090820 0.448242 0.094727
1 0.333984 0.108398 0.332031 0.101562 0.336914 0.100586 0.340820 0.104492 0.340820 0.108398
1 0.261719 0.219727 0.251953 0.215820 0.249023 0.211914 0.250977 0.207031 0.256836 0.206055 0.261719 0.206055 0.271484 0.207031 0.272461 0.212891 0.268555 0.216797
1 0.133789 0.182617 0.127930 0.175781 0.132812 0.173828 0.137695 0.174805 0.137695 0.179688
1 0.142578 0.169922 0.145508 0.160156 0.149414 0.156250 0.153320 0.160156 0.151367 0.165039 0.146484 0.174805
1 0.383789 0.380859 0.378906 0.376953 0.382812 0.372070 0.387695 0.371094 0.391602 0.375977 0.391602 0.380859 0.389648 0.385742
1 0.419922 0.425781 0.419922 0.419922 0.422852 0.416016 0.427734 0.416016 0.429688 0.420898 0.427734 0.425781
1 0.305664 0.398438 0.300781 0.401367 0.299805 0.395508 0.301758 0.390625 0.305664 0.386719 0.310547 0.388672 0.313477 0.393555 0.314453 0.398438 0.311523 0.403320
1 0.275391 0.376953 0.269531 0.379883 0.261719 0.383789 0.256836 0.379883 0.261719 0.376953 0.267578 0.369141 0.274414 0.362305 0.277344 0.367188 0.277344 0.372070
1 0.260742 0.441406 0.256836 0.444336 0.256836 0.438477 0.260742 0.435547 0.263672 0.437500
1 0.227539 0.482422 0.221680 0.483398 0.220703 0.478516 0.222656 0.472656 0.227539 0.475586
1 0.447266 0.520508 0.442383 0.516602 0.440430 0.511719 0.443359 0.507812 0.447266 0.503906 0.452148 0.505859 0.455078 0.510742 0.453125 0.515625 0.453125 0.516602
1 0.474609 0.528320 0.473633 0.521484 0.477539 0.517578 0.483398 0.517578 0.483398 0.523438 0.480469 0.527344
1 0.515625 0.559570 0.511719 0.554688 0.514648 0.549805 0.519531 0.549805 0.520508 0.554688
1 0.532227 0.561523 0.540039 0.561523 0.542969 0.566406 0.543945 0.571289 0.541992 0.576172 0.537109 0.578125 0.535156 0.570312 0.530273 0.569336
0 0.481445 0.667969 0.487305 0.670898 0.487305 0.675781 0.482422 0.678711 0.477539 0.677734 0.473633 0.673828 0.474609 0.668945 0.473633 0.664062 0.474609 0.659180 0.478516 0.654297 0.483398 0.653320 0.481445 0.658203
1 0.374023 0.616211 0.370117 0.613281 0.370117 0.608398 0.373047 0.604492 0.376953 0.607422 0.376953 0.612305
1 0.401367 0.572266 0.394531 0.567383 0.390625 0.564453 0.393555 0.560547 0.399414 0.561523 0.403320 0.564453
1 0.278320 0.599609 0.270508 0.599609 0.269531 0.594727 0.273438 0.591797 0.276367 0.586914 0.280273 0.583984 0.283203 0.588867 0.282227 0.593750
1 0.340820 0.647461 0.337891 0.652344 0.334961 0.647461 0.336914 0.642578 0.339844 0.638672 0.345703 0.639648 0.345703 0.644531
1 0.372070 0.648438 0.367188 0.649414 0.366211 0.644531 0.371094 0.643555 0.376953 0.644531 0.376953 0.650391
1 0.272461 0.674805 0.273438 0.669922 0.274414 0.665039 0.280273 0.658203 0.284180 0.661133 0.285156 0.666016 0.282227 0.671875 0.278320 0.674805
1 0.149414 0.633789 0.145508 0.628906 0.146484 0.624023 0.152344 0.616211 0.155273 0.622070 0.154297 0.630859
1 0.018555 0.577148 0.023438 0.571289 0.027344 0.575195 0.030273 0.580078 0.034180 0.583984 0.031250 0.587891 0.026367 0.587891 0.021484 0.585938
1 0.035156 0.573242 0.026367 0.574219 0.023438 0.570312 0.024414 0.565430 0.029297 0.563477 0.033203 0.566406
1 0.000000 0.613281 0.004883 0.613281 0.003906 0.608398 0.000000 0.609375
1 0.009766 0.625000 0.006836 0.621094 0.011719 0.618164 0.014648 0.622070 0.015625 0.627930
1 0.020508 0.633789 0.019531 0.628906 0.024414 0.626953 0.025391 0.631836
1 0.043945 0.653320 0.038086 0.652344 0.038086 0.646484 0.042969 0.645508 0.046875 0.649414 0.045898 0.655273
1 0.015625 0.720703 0.012695 0.716797 0.016602 0.713867 0.019531 0.714844 0.019531 0.717773
1 0.035156 0.712891 0.034180 0.708008 0.039062 0.706055 0.041016 0.710938 0.039062 0.714844
1 0.091797 0.733398 0.090820 0.728516 0.094727 0.727539 0.096680 0.729492 0.095703 0.730469
1 0.044922 0.851562 0.038086 0.848633 0.039062 0.843750 0.044922 0.843750 0.046875 0.845703
1 0.191406 0.933594 0.185547 0.928711 0.185547 0.923828 0.186523 0.917969 0.191406 0.916992 0.197266 0.918945 0.201172 0.922852 0.199219 0.927734 0.199219 0.932617
1 0.213867 0.921875 0.209961 0.917969 0.209961 0.912109 0.215820 0.913086 0.218750 0.916992 0.218750 0.920898
1 0.280273 0.945312 0.276367 0.942383 0.274414 0.937500 0.275391 0.932617 0.273438 0.927734 0.277344 0.924805 0.281250 0.926758 0.283203 0.932617 0.286133 0.936523 0.289062 0.942383 0.287109 0.947266
1 0.281250 0.842773 0.277344 0.839844 0.279297 0.834961 0.282227 0.836914 0.284180 0.840820
1 0.291992 0.855469 0.290039 0.854492 0.290039 0.849609 0.290039 0.844727 0.295898 0.846680 0.295898 0.847656 0.294922 0.849609 0.298828 0.850586 0.298828 0.853516
1 0.299805 0.898438 0.296875 0.894531 0.297852 0.890625 0.302734 0.893555 0.302734 0.897461
1 0.300781 0.878906 0.296875 0.875977 0.299805 0.874023 0.302734 0.873047 0.303711 0.875000
1 0.304688 0.888672 0.302734 0.885742 0.303711 0.883789 0.305664 0.884766 0.307617 0.886719
1 0.343750 0.935547 0.340820 0.931641 0.341797 0.926758 0.346680 0.926758 0.349609 0.930664 0.348633 0.934570
1 0.334961 0.929688 0.329102 0.926758 0.330078 0.920898 0.334961 0.920898 0.337891 0.924805
1 0.325195 0.978516 0.322266 0.974609 0.324219 0.969727 0.329102 0.970703 0.328125 0.976562
1 0.336914 0.977539 0.332031 0.975586 0.334961 0.969727 0.340820 0.970703 0.342773 0.975586
1 0.388672 0.996094 0.384766 0.992188 0.385742 0.987305 0.390625 0.989258 0.394531 0.994141
1 0.473633 0.956055 0.472656 0.951172 0.477539 0.951172 0.481445 0.953125 0.476562 0.958008
1 0.418945 0.976562 0.415039 0.973633 0.416992 0.968750 0.421875 0.968750 0.421875 0.974609
1 0.400391 0.960938 0.397461 0.956055 0.401367 0.952148 0.405273 0.955078 0.405273 0.959961
1 0.424805 0.984375 0.421875 0.980469 0.425781 0.976562 0.428711 0.979492 0.428711 0.983398
1 0.431641 0.962891 0.428711 0.959961 0.429688 0.957031 0.432617 0.956055 0.434570 0.958984
1 0.407227 0.915039 0.402344 0.910156 0.405273 0.906250 0.411133 0.906250 0.414062 0.910156
1 0.386719 0.891602 0.383789 0.887695 0.387695 0.883789 0.392578 0.885742 0.392578 0.890625
1 0.392578 0.873047 0.390625 0.869141 0.392578 0.867188 0.396484 0.870117 0.395508 0.871094
1 0.318359 0.837891 0.315430 0.834961 0.320312 0.831055 0.321289 0.835938 0.321289 0.838867
1 0.265625 0.827148 0.265625 0.823242 0.269531 0.823242 0.273438 0.823242 0.274414 0.826172 0.270508 0.828125
1 0.452148 0.936523 0.447266 0.932617 0.452148 0.930664 0.458008 0.929688 0.457031 0.935547
1 0.238281 0.805664 0.236328 0.800781 0.239258 0.799805 0.241211 0.800781 0.241211 0.803711
1 0.239258 0.794922 0.236328 0.793945 0.235352 0.791992 0.239258 0.791016 0.243164 0.791016 0.242188 0.793945
1 0.241211 0.774414 0.237305 0.772461 0.237305 0.765625 0.240234 0.766602 0.242188 0.768555 0.244141 0.771484
1 0.223633 0.777344 0.219727 0.776367 0.219727 0.771484 0.222656 0.771484 0.224609 0.773438