0 0.221680 0.011719 0.229492 0.015625 0.228516 0.026367 0.227539 0.038086 0.219727 0.042969 0.214844 0.036133 0.217773 0.025391 0.212891 0.016602
0 0.333984 0.024414 0.344727 0.027344 0.343750 0.042969 0.338867 0.054688 0.327148 0.052734 0.325195 0.034180
0 0.333008 0.086914 0.347656 0.089844 0.359375 0.090820 0.368164 0.092773 0.368164 0.100586 0.355469 0.106445 0.335938 0.101562 0.327148 0.094727
0 0.248047 0.090820 0.261719 0.092773 0.266602 0.105469 0.260742 0.118164 0.250000 0.123047 0.244141 0.107422
0 0.088867 0.000000 0.107422 0.000977 0.110352 0.015625 0.108398 0.028320 0.107422 0.039062 0.101562 0.041992 0.095703 0.021484 0.089844 0.039062 0.087891 0.052734 0.082031 0.059570 0.072266 0.059570 0.067383 0.045898 0.073242 0.034180 0.079102 0.020508 0.073242 0.013672 0.078125 0.004883 0.084961 0.006836
1 0.162109 0.125000 0.172852 0.125977 0.178711 0.135742 0.172852 0.143555 0.172852 0.144531 0.159180 0.141602 0.156250 0.128906
1 0.033203 0.078125 0.041992 0.079102 0.042969 0.085938 0.034180 0.085938
1 0.003906 0.091797 0.016602 0.090820 0.021484 0.101562 0.017578 0.108398 0.006836 0.107422 0.000000 0.104492
1 0.059570 0.094727 0.070312 0.094727 0.070312 0.103516 0.057617 0.110352 0.053711 0.103516
1 0.086914 0.090820 0.092773 0.092773 0.092773 0.097656 0.085938 0.096680
1 0.083008 0.097656 0.089844 0.100586 0.089844 0.108398 0.083984 0.114258 0.080078 0.104492
1 0.095703 0.107422 0.104492 0.112305 0.103516 0.121094 0.103516 0.121094 0.095703 0.122070 0.090820 0.116211
1 0.146484 0.097656 0.156250 0.100586 0.158203 0.112305 0.141602 0.117188 0.134766 0.104492
1 0.167969 0.055664 0.175781 0.060547 0.176758 0.069336 0.167969 0.067383
0 0.138672 0.120117 0.150391 0.116211 0.155273 0.122070 0.150391 0.133789 0.151367 0.133789 0.150391 0.144531 0.150391 0.153320 0.146484 0.159180 0.131836 0.159180 0.124023 0.153320 0.125000 0.145508 0.134766 0.142578 0.134766 0.124023
0 0.226562 0.188477 0.237305 0.190430 0.241211 0.202148 0.240234 0.214844 0.228516 0.220703 0.216797 0.212891 0.219727 0.194336
1 0.074219 0.125000 0.081055 0.129883 0.081055 0.137695 0.072266 0.134766
1 0.056641 0.155273 0.065430 0.154297 0.068359 0.166016 0.066406 0.172852 0.057617 0.168945
1 0.047852 0.200195 0.051758 0.201172 0.051758 0.207031 0.045898 0.206055
1 0.046875 0.209961 0.054688 0.213867 0.052734 0.222656 0.046875 0.223633 0.042969 0.217773
1 0.044922 0.231445 0.051758 0.230469 0.052734 0.235352 0.046875 0.236328 0.046875 0.236328
1 0.044922 0.242188 0.052734 0.242188 0.051758 0.250000 0.043945 0.250977
0 0.022461 0.268555 0.032227 0.268555 0.044922 0.265625 0.051758 0.276367 0.047852 0.288086 0.034180 0.289062 0.034180 0.289062 0.022461 0.286133 0.013672 0.277344 0.014648 0.266602
1 0.042969 0.291016 0.048828 0.291992 0.048828 0.299805 0.041992 0.296875
1 0.031250 0.311523 0.041016 0.311523 0.041016 0.319336 0.032227 0.323242 0.028320 0.317383
1 0.117188 0.306641 0.122070 0.313477 0.119141 0.323242 0.112305 0.321289 0.108398 0.310547
1 0.131836 0.306641 0.137695 0.308594 0.136719 0.314453 0.130859 0.313477
1 0.109375 0.331055 0.116211 0.333984 0.119141 0.340820 0.113281 0.344727 0.113281 0.344727 0.105469 0.340820
1 0.120117 0.336914 0.127930 0.337891 0.129883 0.342773 0.122070 0.346680
1 0.131836 0.327148 0.139648 0.329102 0.141602 0.336914 0.141602 0.336914 0.132812 0.337891 0.130859 0.331055
0 0.226562 0.330078 0.245117 0.332031 0.244141 0.337891 0.237305 0.338867 0.236328 0.341797 0.226562 0.341797 0.217773 0.338867 0.214844 0.331055
1 0.282227 0.333008 0.290039 0.333008 0.293945 0.339844 0.285156 0.340820 0.281250 0.337891
1 0.054688 0.279297 0.058594 0.277344 0.062500 0.281250 0.060547 0.283203 0.056641 0.280273
1 0.017578 0.299805 0.023438 0.301758 0.030273 0.300781 0.030273 0.306641 0.027344 0.313477 0.019531 0.314453 0.015625 0.306641
1 0.052734 0.343750 0.059570 0.350586 0.060547 0.355469 0.053711 0.354492 0.047852 0.348633
1 0.079102 0.362305 0.078125 0.373047 0.073242 0.376953 0.065430 0.372070 0.064453 0.361328
1 0.040039 0.375000 0.044922 0.384766 0.040039 0.392578 0.033203 0.390625 0.029297 0.382812
1 0.055664 0.375000 0.065430 0.376953 0.063477 0.386719 0.055664 0.385742 0.055664 0.385742
1 0.064453 0.456055 0.070312 0.455078 0.074219 0.463867 0.066406 0.465820
1 0.055664 0.477539 0.063477 0.484375 0.062500 0.497070 0.062500 0.503906 0.053711 0.504883 0.047852 0.501953 0.041992 0.491211 0.046875 0.478516
0 0.034180 0.496094 0.038086 0.500977 0.038086 0.512695 0.038086 0.520508 0.033203 0.527344 0.034180 0.532227 0.028320 0.536133 0.017578 0.536133 0.005859 0.535156 0.005859 0.541016 0.000000 0.544922 0.000000 0.527344 0.001953 0.518555 0.004883 0.518555 0.012695 0.512695 0.024414 0.508789 0.025391 0.501953 0.030273 0.500977
1 0.000000 0.553711 0.006836 0.555664 0.008789 0.562500 0.005859 0.566406 0.000000 0.565430
1 0.027344 0.543945 0.035156 0.547852 0.036133 0.556641 0.036133 0.556641 0.031250 0.557617 0.024414 0.553711
0 0.027344 0.565430 0.033203 0.569336 0.032227 0.583008 0.032227 0.589844 0.016602 0.592773 0.010742 0.588867 0.016602 0.581055 0.020508 0.569336
0 0.172852 0.550781 0.180664 0.549805 0.189453 0.558594 0.199219 0.552734 0.208008 0.551758 0.212891 0.554688 0.212891 0.561523 0.221680 0.564453 0.223633 0.575195 0.219727 0.581055 0.214844 0.586914 0.209961 0.590820 0.200195 0.585938 0.197266 0.581055 0.194336 0.587891 0.192383 0.597656 0.183594 0.599609 0.170898 0.594727 0.166016 0.596680 0.160156 0.593750 0.159180 0.586914 0.148438 0.585938 0.149414 0.592773 0.150391 0.597656 0.143555 0.597656 0.143555 0.597656 0.137695 0.595703 0.141602 0.602539 0.138672 0.610352 0.138672 0.615234 0.134766 0.617188 0.129883 0.610352 0.127930 0.598633 0.122070 0.602539 0.122070 0.611328 0.111328 0.613281 0.102539 0.609375 0.108398 0.599609 0.113281 0.588867 0.109375 0.584961 0.108398 0.574219 0.113281 0.569336 0.117188 0.563477 0.125977 0.561523 0.122070 0.554688 0.125000 0.545898 0.119141 0.541992 0.119141 0.541992 0.124023 0.536133 0.125000 0.537109 0.132812 0.539062 0.139648 0.541016 0.145508 0.541992 0.159180 0.544922
1 0.080078 0.549805 0.087891 0.548828 0.088867 0.555664 0.080078 0.557617
0 0.059570 0.556641 0.067383 0.558594 0.075195 0.561523 0.083984 0.562500 0.088867 0.566406 0.096680 0.567383 0.099609 0.577148 0.098633 0.585938 0.090820 0.587891 0.085938 0.590820 0.085938 0.590820 0.083008 0.597656 0.072266 0.599609 0.064453 0.594727 0.069336 0.590820 0.070312 0.580078 0.071289 0.568359 0.058594 0.567383 0.055664 0.558594
1 0.182617 0.611328 0.189453 0.611328 0.191406 0.619141 0.185547 0.622070 0.180664 0.616211
1 0.200195 0.609375 0.208008 0.614258 0.206055 0.618164 0.199219 0.616211 0.196289 0.612305
1 0.207031 0.625977 0.212891 0.627930 0.213867 0.627930 0.212891 0.632812 0.208008 0.631836
1 0.031250 0.589844 0.038086 0.598633 0.036133 0.604492 0.025391 0.602539 0.024414 0.593750
1 0.050781 0.601562 0.057617 0.601562 0.057617 0.606445 0.051758 0.607422
1 0.054688 0.587891 0.059570 0.589844 0.061523 0.595703 0.052734 0.593750
1 0.000000 0.623047 0.004883 0.624023 0.003906 0.635742 0.000000 0.634766
0 0.031250 0.627930 0.035156 0.629883 0.041992 0.625000 0.046875 0.624023 0.052734 0.618164 0.062500 0.622070 0.064453 0.629883 0.068359 0.637695 0.082031 0.641602 0.089844 0.645508 0.090820 0.652344 0.089844 0.662109 0.089844 0.662109 0.097656 0.665039 0.101562 0.669922 0.099609 0.674805 0.092773 0.679688 0.093750 0.682617 0.104492 0.682617 0.110352 0.677734 0.111328 0.670898 0.105469 0.660156 0.109375 0.654297 0.114258 0.646484 0.113281 0.635742 0.111328 0.625977 0.111328 0.625977 0.119141 0.623047 0.126953 0.626953 0.131836 0.631836 0.141602 0.632812 0.151367 0.634766 0.149414 0.647461 0.144531 0.658203 0.143555 0.664062 0.149414 0.668945 0.145508 0.673828 0.140625 0.679688 0.139648 0.686523 0.145508 0.693359 0.145508 0.693359 0.143555 0.700195 0.137695 0.704102 0.132812 0.708008 0.130859 0.713867 0.122070 0.712891 0.118164 0.720703 0.110352 0.720703 0.103516 0.715820 0.092773 0.714844 0.085938 0.709961 0.083984 0.700195 0.092773 0.697266 0.082031 0.690430 0.082031 0.680664 0.079102 0.671875 0.078125 0.681641 0.071289 0.680664 0.068359 0.692383 0.063477 0.704102 0.065430 0.710938 0.063477 0.718750 0.058594 0.721680 0.053711 0.726562 0.050781 0.733398 0.048828 0.741211 0.041016 0.741211 0.031250 0.740234 0.023438 0.744141 0.024414 0.752930 0.022461 0.758789 0.014648 0.756836 0.005859 0.746094 0.006836 0.733398 0.004883 0.724609 0.000000 0.723633 0.000000 0.713867 0.007812 0.715820 0.010742 0.706055 0.004883 0.701172 0.003906 0.690430 0.009766 0.676758 0.004883 0.669922 0.000000 0.666992 0.000000 0.635742 0.004883 0.638672 0.013672 0.634766 0.018555 0.625000 0.026367 0.623047
0 0.132812 0.714844 0.140625 0.718750 0.145508 0.727539 0.145508 0.734375 0.149414 0.743164 0.149414 0.749023 0.148438 0.757812 0.152344 0.760742 0.152344 0.761719 0.158203 0.756836 0.167969 0.755859 0.173828 0.761719 0.175781 0.770508 0.180664 0.769531 0.178711 0.759766 0.186523 0.755859 0.194336 0.759766 0.197266 0.769531 0.197266 0.774414 0.190430 0.776367 0.182617 0.776367 0.173828 0.777344 0.170898 0.786133 0.164062 0.787109 0.153320 0.786133 0.146484 0.787109 0.138672 0.785156 0.131836 0.791016 0.119141 0.786133 0.115234 0.780273 0.122070 0.770508 0.121094 0.760742 0.114258 0.756836 0.109375 0.751953 0.108398 0.757812 0.108398 0.757812 0.098633 0.758789 0.091797 0.752930 0.088867 0.744141 0.091797 0.735352 0.099609 0.731445 0.108398 0.736328 0.109375 0.727539 0.115234 0.724609 0.122070 0.720703 0.125000 0.712891
1 0.151367 0.718750 0.155273 0.722656 0.154297 0.728516 0.148438 0.726562 0.148438 0.720703
1 0.160156 0.718750 0.165039 0.721680 0.164062 0.726562 0.159180 0.725586
1 0.110352 0.759766 0.116211 0.759766 0.119141 0.766602 0.113281 0.770508 0.106445 0.767578
1 0.000000 0.733398 0.003906 0.733398 0.003906 0.738281 0.000000 0.740234
1 0.000000 0.744141 0.005859 0.748047 0.007812 0.754883 0.002930 0.753906
0 0.000000 0.757812 0.011719 0.767578 0.021484 0.766602 0.026367 0.760742 0.040039 0.759766 0.040039 0.768555 0.046875 0.772461 0.055664 0.772461 0.067383 0.775391 0.067383 0.786133 0.062500 0.797852 0.053711 0.797852 0.047852 0.788086 0.035156 0.786133 0.026367 0.779297 0.018555 0.784180 0.018555 0.791992 0.011719 0.793945 0.000000 0.794922 0.000977 0.786133 0.005859 0.782227 0.005859 0.783203 0.002930 0.779297 0.000000 0.779297
1 0.000000 0.809570 0.006836 0.811523 0.006836 0.817383 0.000000 0.816406
0 0.000000 0.824219 0.004883 0.824219 0.008789 0.831055 0.018555 0.833984 0.024414 0.833008 0.028320 0.826172 0.031250 0.824219 0.030273 0.814453 0.033203 0.811523 0.038086 0.807617 0.048828 0.807617 0.049805 0.814453 0.041016 0.816406 0.039062 0.824219 0.037109 0.834961 0.036133 0.839844 0.028320 0.844727 0.015625 0.844727 0.006836 0.841797 0.000000 0.840820
0 0.060547 0.808594 0.072266 0.815430 0.079102 0.814453 0.086914 0.816406 0.093750 0.819336 0.098633 0.819336 0.096680 0.810547 0.102539 0.803711 0.103516 0.794922 0.108398 0.790039 0.116211 0.791016 0.123047 0.797852 0.127930 0.796875 0.134766 0.789062 0.141602 0.788086 0.150391 0.790039 0.148438 0.795898 0.150391 0.800781 0.146484 0.810547 0.146484 0.819336 0.143555 0.827148 0.134766 0.827148 0.127930 0.832031 0.132812 0.838867 0.130859 0.845703 0.130859 0.845703 0.122070 0.845703 0.114258 0.849609 0.105469 0.847656 0.105469 0.837891 0.101562 0.829102 0.094727 0.830078 0.095703 0.835938 0.089844 0.837891 0.088867 0.828125 0.080078 0.829102 0.072266 0.827148 0.067383 0.828125 0.061523 0.824219 0.055664 0.814453
0 0.124023 0.848633 0.130859 0.853516 0.131836 0.865234 0.125977 0.873047 0.119141 0.874023 0.107422 0.875000 0.098633 0.877930 0.093750 0.875977 0.092773 0.866211 0.100586 0.855469 0.108398 0.861328 0.110352 0.851562 0.119141 0.853516
1 0.141602 0.855469 0.148438 0.859375 0.149414 0.866211 0.147461 0.869141 0.137695 0.867188 0.137695 0.868164 0.135742 0.858398
1 0.142578 0.871094 0.147461 0.871094 0.147461 0.875977 0.142578 0.875977
1 0.011719 0.871094 0.019531 0.874023 0.017578 0.877930 0.009766 0.875977
1 0.012695 0.878906 0.019531 0.880859 0.020508 0.887695 0.013672 0.887695 0.010742 0.881836
0 0.000000 0.890625 0.010742 0.893555 0.015625 0.888672 0.020508 0.889648 0.021484 0.893555 0.030273 0.896484 0.033203 0.907227 0.027344 0.914062 0.023438 0.922852 0.016602 0.926758 0.011719 0.915039 0.000977 0.915039 0.000977 0.911133
0 0.053711 0.876953 0.061523 0.879883 0.067383 0.883789 0.074219 0.886719 0.072266 0.895508 0.075195 0.902344 0.083008 0.903320 0.089844 0.905273 0.090820 0.912109 0.081055 0.913086 0.071289 0.913086 0.062500 0.909180 0.057617 0.906250 0.050781 0.909180 0.039062 0.910156 0.039062 0.911133 0.030273 0.901367 0.039062 0.892578 0.050781 0.889648
1 0.100586 0.887695 0.109375 0.888672 0.109375 0.897461 0.103516 0.902344 0.096680 0.896484
0 0.121094 0.880859 0.131836 0.879883 0.134766 0.885742 0.132812 0.889648 0.126953 0.891602 0.126953 0.903320 0.135742 0.907227 0.144531 0.912109 0.152344 0.911133 0.156250 0.918945 0.152344 0.926758 0.141602 0.925781 0.132812 0.925781 0.125977 0.915039 0.118164 0.913086 0.111328 0.903320 0.114258 0.895508 0.113281 0.887695
1 0.111328 0.916992 0.116211 0.916992 0.117188 0.924805 0.110352 0.921875
1 0.136719 0.897461 0.143555 0.898438 0.144531 0.905273 0.136719 0.906250
0 0.148438 0.889648 0.152344 0.882812 0.146484 0.876953 0.155273 0.875000 0.163086 0.869141 0.173828 0.870117 0.178711 0.878906 0.175781 0.883789 0.180664 0.890625 0.179688 0.901367 0.173828 0.905273 0.170898 0.911133 0.171875 0.918945 0.164062 0.919922 0.162109 0.908203 0.155273 0.904297 0.151367 0.906250 0.146484 0.899414
1 0.175781 0.913086 0.180664 0.916992 0.181641 0.923828 0.176758 0.924805 0.170898 0.917969
0 0.000977 0.926758 0.006836 0.930664 0.011719 0.937500 0.014648 0.943359 0.008789 0.946289 0.002930 0.943359 0.000000 0.942383
1 0.030273 0.917969 0.033203 0.923828 0.025391 0.929688 0.023438 0.921875 0.025391 0.916992
1 0.050781 0.927734 0.058594 0.933594 0.055664 0.938477 0.048828 0.936523 0.043945 0.931641
1 0.065430 0.920898 0.067383 0.927734 0.063477 0.933594 0.059570 0.930664 0.056641 0.924805
0 0.022461 0.952148 0.037109 0.953125 0.037109 0.960938 0.028320 0.968750 0.026367 0.976562 0.016602 0.977539 0.009766 0.968750 0.013672 0.955078
0 0.000977 0.977539 0.008789 0.978516 0.018555 0.982422 0.022461 0.991211 0.028320 0.993164 0.033203 1.000000 0.000000 1.000000 0.000000 0.991211 0.004883 0.994141 0.011719 0.993164 0.012695 0.986328 0.004883 0.984375 0.004883 0.984375
1 0.143555 0.933594 0.150391 0.933594 0.152344 0.938477 0.148438 0.941406 0.143555 0.937500
0 0.160156 0.928711 0.167969 0.930664 0.167969 0.940430 0.166016 0.946289 0.165039 0.958008 0.165039 0.961914 0.159180 0.958984 0.152344 0.958008 0.142578 0.958008 0.134766 0.954102 0.134766 0.946289 0.141602 0.946289 0.156250 0.945312 0.156250 0.933594
0 0.100586 0.978516 0.106445 0.974609 0.113281 0.974609 0.123047 0.973633 0.123047 0.973633 0.125977 0.981445 0.127930 0.988281 0.131836 0.993164 0.136719 0.986328 0.144531 0.984375 0.160156 0.980469 0.172852 0.977539 0.173828 0.977539 0.183594 0.977539 0.196289 0.974609 0.204102 0.975586 0.211914 0.983398 0.222656 0.986328 0.226562 0.993164 0.225586 1.000000 0.109375 1.000000 0.104492 0.992188 0.099609 0.984375
1 0.188477 0.958984 0.193359 0.959961 0.193359 0.965820 0.188477 0.964844
1 0.200195 0.953125 0.208008 0.952148 0.210938 0.956055 0.210938 0.964844 0.205078 0.964844 0.199219 0.958984
1 0.215820 0.957031 0.224609 0.958008 0.225586 0.966797 0.219727 0.968750 0.214844 0.963867
1 0.198242 0.899414 0.201172 0.903320 0.200195 0.911133 0.195312 0.909180 0.192383 0.901367
1 0.204102 0.906250 0.212891 0.906250 0.212891 0.913086 0.207031 0.917969 0.200195 0.915039
1 0.234375 0.917969 0.236328 0.924805 0.227539 0.926758 0.227539 0.920898
1 0.234375 0.925781 0.237305 0.929688 0.237305 0.935547 0.229492 0.935547 0.224609 0.927734
1 0.250000 0.926758 0.260742 0.926758 0.261719 0.936523 0.258789 0.942383 0.248047 0.941406 0.249023 0.941406 0.247070 0.932617
1 0.265625 0.912109 0.273438 0.913086 0.280273 0.918945 0.278320 0.922852 0.268555 0.922852 0.264648 0.917969
0 0.281250 0.926758 0.289062 0.923828 0.291992 0.929688 0.295898 0.937500 0.289062 0.938477 0.285156 0.944336 0.279297 0.944336 0.277344 0.957031 0.279297 0.966797 0.275391 0.979492 0.273438 1.000000 0.258789 1.000000 0.261719 0.971680 0.262695 0.957031 0.267578 0.949219 0.265625 0.942383 0.270508 0.932617 0.266602 0.925781 0.270508 0.921875
0 0.299805 0.899414 0.307617 0.897461 0.314453 0.901367 0.315430 0.909180 0.313477 0.913086 0.311523 0.923828 0.310547 0.935547 0.309570 0.950195 0.308594 0.958984 0.300781 0.960938 0.294922 0.949219 0.297852 0.936523 0.295898 0.923828 0.301758 0.910156 0.297852 0.905273
1 0.357422 0.951172 0.363281 0.949219 0.367188 0.951172 0.369141 0.957031 0.363281 0.958008
0 0.343750 0.927734 0.349609 0.926758 0.355469 0.928711 0.355469 0.946289 0.351562 0.954102 0.339844 0.953125 0.338867 0.935547
1 0.346680 0.906250 0.354492 0.907227 0.356445 0.916016 0.348633 0.918945 0.344727 0.914062
1 0.202148 0.875977 0.208984 0.875000 0.212891 0.879883 0.209961 0.887695 0.200195 0.886719 0.198242 0.879883
1 0.222656 0.864258 0.223633 0.871094 0.220703 0.875000 0.215820 0.874023 0.215820 0.865234
0 0.252930 0.903320 0.256836 0.904297 0.257812 0.912109 0.254883 0.916992 0.250000 0.920898 0.248047 0.913086 0.252930 0.909180
1 0.322266 0.881836 0.330078 0.881836 0.331055 0.888672 0.323242 0.893555 0.317383 0.888672
1 0.280273 0.862305 0.286133 0.861328 0.290039 0.867188 0.290039 0.873047 0.280273 0.870117
1 0.280273 0.872070 0.285156 0.873047 0.287109 0.880859 0.283203 0.884766 0.276367 0.881836
1 0.365234 0.843750 0.372070 0.848633 0.373047 0.856445 0.366211 0.859375 0.361328 0.851562 0.360352 0.845703
1 0.379883 0.848633 0.388672 0.852539 0.391602 0.860352 0.390625 0.867188 0.383789 0.872070 0.375977 0.869141 0.376953 0.859375 0.372070 0.852539
1 0.379883 0.873047 0.388672 0.875977 0.390625 0.885742 0.390625 0.895508 0.378906 0.897461 0.372070 0.890625 0.367188 0.886719 0.367188 0.877930
1 0.350586 0.883789 0.355469 0.889648 0.354492 0.899414 0.344727 0.899414 0.344727 0.899414 0.340820 0.888672
0 0.202148 0.817383 0.211914 0.815430 0.215820 0.821289 0.215820 0.832031 0.214844 0.847656 0.218750 0.850586 0.218750 0.859375 0.214844 0.870117 0.203125 0.870117 0.198242 0.862305 0.203125 0.843750 0.201172 0.827148
0 0.240234 0.818359 0.244141 0.823242 0.250977 0.828125 0.253906 0.820312 0.258789 0.823242 0.260742 0.832031 0.256836 0.835938 0.247070 0.837891 0.245117 0.845703 0.243164 0.855469 0.244141 0.861328 0.245117 0.861328 0.238281 0.866211 0.238281 0.866211 0.233398 0.858398 0.227539 0.849609 0.232422 0.843750 0.233398 0.826172
0 0.296875 0.839844 0.302734 0.843750 0.307617 0.851562 0.307617 0.856445 0.298828 0.852539 0.292969 0.851562 0.286133 0.847656 0.286133 0.842773 0.291992 0.844727
0 0.354492 0.784180 0.364258 0.787109 0.367188 0.795898 0.365234 0.801758 0.362305 0.814453 0.362305 0.820312 0.355469 0.822266 0.355469 0.822266 0.349609 0.814453 0.349609 0.814453 0.354492 0.798828 0.349609 0.788086
1 0.325195 0.816406 0.333008 0.817383 0.333008 0.823242 0.324219 0.822266
0 0.305664 0.802734 0.311523 0.805664 0.312500 0.813477 0.315430 0.819336 0.307617 0.818359 0.297852 0.819336 0.296875 0.809570
0 0.207031 0.721680 0.217773 0.717773 0.221680 0.723633 0.227539 0.726562 0.228516 0.733398 0.228516 0.741211 0.231445 0.746094 0.242188 0.745117 0.252930 0.749023 0.258789 0.743164 0.258789 0.743164 0.266602 0.745117 0.270508 0.755859 0.271484 0.765625 0.264648 0.768555 0.262695 0.775391 0.266602 0.784180 0.269531 0.794922 0.263672 0.801758 0.261719 0.806641 0.265625 0.815430 0.259766 0.816406 0.253906 0.812500 0.246094 0.812500 0.238281 0.805664 0.232422 0.795898 0.230469 0.780273 0.221680 0.780273 0.215820 0.772461 0.213867 0.765625 0.222656 0.765625 0.222656 0.758789 0.218750 0.745117 0.218750 0.745117 0.217773 0.737305 0.212891 0.743164 0.204102 0.740234 0.207031 0.727539
1 0.188477 0.779297 0.197266 0.777344 0.203125 0.782227 0.202148 0.788086 0.192383 0.788086 0.186523 0.785156
0 0.287109 0.721680 0.293945 0.724609 0.294922 0.732422 0.292969 0.738281 0.295898 0.743164 0.293945 0.750977 0.293945 0.750977 0.287109 0.752930 0.284180 0.746094 0.288086 0.740234 0.285156 0.736328 0.285156 0.729492
1 0.170898 0.659180 0.177734 0.660156 0.177734 0.665039 0.170898 0.665039
1 0.173828 0.645508 0.179688 0.641602 0.182617 0.645508 0.182617 0.651367 0.175781 0.650391
0 0.202148 0.638672 0.212891 0.645508 0.214844 0.656250 0.218750 0.657227 0.222656 0.653320 0.227539 0.656250 0.232422 0.666016 0.234375 0.674805 0.231445 0.683594 0.231445 0.691406 0.231445 0.700195 0.221680 0.702148 0.212891 0.699219 0.209961 0.692383 0.201172 0.694336 0.194336 0.694336 0.195312 0.694336 0.195312 0.703125 0.200195 0.707031 0.200195 0.718750 0.190430 0.716797 0.184570 0.710938 0.178711 0.707031 0.173828 0.712891 0.160156 0.712891 0.154297 0.708008 0.154297 0.708008 0.155273 0.697266 0.164062 0.690430 0.165039 0.680664 0.156250 0.678711 0.152344 0.672852 0.152344 0.673828 0.156250 0.670898 0.162109 0.672852 0.170898 0.669922 0.181641 0.669922 0.189453 0.671875 0.200195 0.667969 0.192383 0.662109 0.192383 0.662109 0.190430 0.652344 0.189453 0.643555 0.196289 0.643555
1 0.289062 0.703125 0.294922 0.704102 0.294922 0.709961 0.287109 0.708984
1 0.278320 0.645508 0.283203 0.645508 0.284180 0.651367 0.279297 0.649414
1 0.288086 0.644531 0.296875 0.643555 0.295898 0.649414 0.291992 0.651367 0.288086 0.649414
0 0.250000 0.632812 0.256836 0.635742 0.263672 0.637695 0.269531 0.640625 0.271484 0.645508 0.263672 0.646484 0.260742 0.655273 0.259766 0.664062 0.258789 0.672852 0.258789 0.680664 0.259766 0.680664 0.254883 0.688477 0.253906 0.694336 0.257812 0.702148 0.261719 0.708984 0.258789 0.716797 0.250977 0.710938 0.244141 0.710938 0.245117 0.703125 0.237305 0.701172 0.235352 0.690430 0.237305 0.681641 0.241211 0.674805 0.244141 0.669922 0.245117 0.660156 0.238281 0.655273 0.241211 0.644531 0.240234 0.634766
1 0.321289 0.646484 0.332031 0.646484 0.334961 0.653320 0.331055 0.659180 0.321289 0.659180 0.316406 0.655273 0.314453 0.647461 0.315430 0.647461
1 0.247070 0.621094 0.250977 0.621094 0.250000 0.626953 0.246094 0.626953
1 0.246094 0.608398 0.250000 0.608398 0.250977 0.613281 0.248047 0.615234 0.244141 0.612305
1 0.263672 0.617188 0.272461 0.616211 0.272461 0.622070 0.268555 0.624023
1 0.253906 0.546875 0.257812 0.552734 0.261719 0.557617 0.260742 0.567383 0.256836 0.575195 0.256836 0.575195 0.250977 0.569336 0.242188 0.563477 0.242188 0.550781
1 0.267578 0.564453 0.279297 0.566406 0.278320 0.575195 0.272461 0.578125 0.268555 0.570312
0 0.282227 0.581055 0.291016 0.588867 0.302734 0.589844 0.308594 0.591797 0.316406 0.594727 0.327148 0.593750 0.333984 0.600586 0.335938 0.609375 0.331055 0.612305 0.325195 0.606445 0.330078 0.603516 0.325195 0.601562 0.319336 0.601562 0.320312 0.609375 0.317383 0.617188 0.308594 0.616211 0.304688 0.611328 0.298828 0.603516 0.291016 0.601562 0.283203 0.599609 0.273438 0.598633 0.265625 0.592773 0.269531 0.582031
0 0.102539 0.416992 0.112305 0.410156 0.124023 0.409180 0.134766 0.414062 0.138672 0.407227 0.148438 0.412109 0.158203 0.406250 0.164062 0.415039 0.176758 0.415039 0.174805 0.402344 0.179688 0.392578 0.191406 0.391602 0.204102 0.393555 0.208984 0.386719 0.216797 0.384766 0.222656 0.391602 0.225586 0.397461 0.231445 0.401367 0.226562 0.408203 0.225586 0.416016 0.231445 0.419922 0.232422 0.408203 0.238281 0.402344 0.242188 0.387695 0.251953 0.380859 0.262695 0.381836 0.270508 0.384766 0.274414 0.400391 0.275391 0.408203 0.290039 0.408203 0.295898 0.414062 0.304688 0.415039 0.307617 0.421875 0.297852 0.421875 0.294922 0.429688 0.286133 0.424805 0.283203 0.431641 0.284180 0.441406 0.288086 0.446289 0.297852 0.437500 0.308594 0.435547 0.314453 0.427734 0.323242 0.421875 0.337891 0.422852 0.353516 0.423828 0.364258 0.425781 0.370117 0.431641 0.375000 0.439453 0.384766 0.442383 0.389648 0.451172 0.385742 0.454102 0.376953 0.453125 0.372070 0.470703 0.367188 0.489258 0.365234 0.500000 0.355469 0.503906 0.349609 0.493164 0.347656 0.481445 0.337891 0.484375 0.325195 0.480469 0.310547 0.476562 0.306641 0.486328 0.300781 0.491211 0.300781 0.491211 0.288086 0.490234 0.271484 0.483398 0.268555 0.488281 0.260742 0.494141 0.261719 0.507812 0.269531 0.509766 0.272461 0.520508 0.267578 0.528320 0.254883 0.523438 0.249023 0.541016 0.236328 0.540039 0.220703 0.539062 0.207031 0.540039 0.192383 0.540039 0.184570 0.537109 0.176758 0.540039 0.175781 0.546875 0.175781 0.546875 0.170898 0.547852 0.161133 0.543945 0.157227 0.536133 0.150391 0.521484 0.151367 0.505859 0.162109 0.497070 0.164062 0.488281 0.151367 0.486328 0.135742 0.481445 0.127930 0.466797 0.128906 0.454102 0.132812 0.446289 0.124023 0.447266 0.109375 0.449219 0.100586 0.434570 0.094727 0.426758
1 0.351562 0.514648 0.359375 0.523438 0.359375 0.524414 0.352539 0.535156 0.344727 0.538086 0.339844 0.531250 0.339844 0.517578
1 0.376953 0.518555 0.386719 0.523438 0.385742 0.531250 0.385742 0.532227 0.377930 0.535156 0.374023 0.527344
1 0.335938 0.347656 0.346680 0.351562 0.342773 0.360352 0.329102 0.363281 0.325195 0.354492
1 0.369141 0.332031 0.377930 0.331055 0.382812 0.334961 0.380859 0.341797 0.369141 0.338867
0 0.345703 0.300781 0.355469 0.307617 0.358398 0.320312 0.350586 0.326172 0.345703 0.335938 0.341797 0.347656 0.324219 0.348633 0.321289 0.327148 0.322266 0.313477 0.326172 0.299805
1 0.446289 0.291016 0.454102 0.292969 0.454102 0.303711 0.449219 0.300781
1 0.403320 0.304688 0.409180 0.315430 0.402344 0.320312 0.390625 0.316406 0.390625 0.305664
1 0.440430 0.335938 0.451172 0.339844 0.451172 0.349609 0.442383 0.343750
1 0.425781 0.374023 0.434570 0.375000 0.440430 0.379883 0.439453 0.392578 0.424805 0.391602 0.418945 0.381836
1 0.384766 0.383789 0.394531 0.381836 0.396484 0.388672 0.391602 0.395508 0.384766 0.392578
1 0.427734 0.402344 0.433594 0.403320 0.434570 0.412109 0.427734 0.412109
1 0.408203 0.416992 0.416992 0.414062 0.422852 0.420898 0.417969 0.424805 0.408203 0.425781
1 0.421875 0.446289 0.428711 0.449219 0.426758 0.454102 0.420898 0.452148
1 0.434570 0.447266 0.438477 0.452148 0.437500 0.460938 0.431641 0.459961 0.428711 0.454102
1 0.446289 0.456055 0.453125 0.456055 0.456055 0.462891 0.451172 0.466797 0.445312 0.462891
1 0.495117 0.432617 0.501953 0.432617 0.503906 0.438477 0.500977 0.441406 0.496094 0.438477
1 0.488281 0.444336 0.497070 0.443359 0.499023 0.450195 0.495117 0.455078 0.488281 0.452148
0 0.467773 0.454102 0.474609 0.459961 0.472656 0.468750 0.475586 0.472656 0.484375 0.465820 0.491211 0.468750 0.491211 0.468750 0.489258 0.479492 0.484375 0.484375 0.484375 0.492188 0.467773 0.487305 0.458008 0.492188 0.451172 0.485352 0.455078 0.478516 0.462891 0.476562 0.463867 0.461914
1 0.398438 0.472656 0.412109 0.474609 0.419922 0.480469 0.416992 0.488281 0.405273 0.490234 0.396484 0.484375
0 0.423828 0.496094 0.433594 0.497070 0.441406 0.494141 0.447266 0.500000 0.444336 0.510742 0.448242 0.516602 0.456055 0.521484 0.455078 0.528320 0.441406 0.527344 0.429688 0.528320 0.430664 0.541992 0.437500 0.545898 0.437500 0.533203 0.445312 0.530273 0.451172 0.533203 0.452148 0.544922 0.452148 0.553711 0.461914 0.552734 0.461914 0.552734 0.471680 0.563477 0.472656 0.564453 0.466797 0.568359 0.461914 0.576172 0.453125 0.577148 0.450195 0.583984 0.437500 0.583984 0.426758 0.577148 0.424805 0.568359 0.417969 0.556641 0.409180 0.538086 0.416016 0.530273 0.413086 0.523438 0.415039 0.511719 0.408203 0.505859 0.408203 0.492188
1 0.457031 0.502930 0.461914 0.506836 0.462891 0.515625 0.454102 0.514648 0.450195 0.505859
1 0.462891 0.494141 0.470703 0.493164 0.473633 0.500977 0.473633 0.500977 0.468750 0.505859 0.462891 0.501953
1 0.480469 0.500977 0.488281 0.501953 0.488281 0.508789 0.483398 0.512695 0.474609 0.508789
1 0.456055 0.537109 0.461914 0.536133 0.464844 0.540039 0.461914 0.546875 0.455078 0.546875
1 0.489258 0.514648 0.496094 0.519531 0.494141 0.528320 0.484375 0.526367 0.484375 0.518555
0 0.526367 0.480469 0.535156 0.481445 0.543945 0.475586 0.549805 0.476562 0.549805 0.486328 0.553711 0.496094 0.560547 0.500000 0.560547 0.506836 0.565430 0.510742 0.570312 0.522461 0.571289 0.522461 0.565430 0.526367 0.552734 0.519531 0.542969 0.519531 0.539062 0.523438 0.534180 0.517578 0.528320 0.517578 0.521484 0.516602 0.516602 0.509766 0.528320 0.506836 0.529297 0.498047 0.522461 0.501953 0.512695 0.500977 0.509766 0.490234
1 0.547852 0.523438 0.556641 0.521484 0.561523 0.526367 0.560547 0.535156 0.551758 0.533203
0 0.532227 0.531250 0.541016 0.530273 0.546875 0.538086 0.550781 0.547852 0.547852 0.560547 0.541992 0.560547 0.537109 0.553711 0.531250 0.556641 0.532227 0.560547 0.528320 0.571289 0.528320 0.582031 0.530273 0.589844 0.540039 0.592773 0.545898 0.599609 0.548828 0.609375 0.545898 0.615234 0.535156 0.615234 0.524414 0.610352 0.516602 0.615234 0.505859 0.611328 0.506836 0.595703 0.491211 0.596680 0.485352 0.591797 0.487305 0.582031 0.475586 0.582031 0.473633 0.572266 0.482422 0.569336 0.479492 0.559570 0.477539 0.546875 0.477539 0.547852 0.483398 0.541992 0.484375 0.533203 0.493164 0.533203 0.500000 0.535156 0.508789 0.534180 0.518555 0.533203 0.526367 0.536133 0.531250 0.542969
1 0.454102 0.582031 0.461914 0.581055 0.461914 0.586914 0.456055 0.587891
1 0.469727 0.579102 0.477539 0.580078 0.477539 0.586914 0.470703 0.589844 0.465820 0.585938
1 0.421875 0.581055 0.428711 0.580078 0.429688 0.585938 0.422852 0.587891
0 0.356445 0.593750 0.365234 0.593750 0.374023 0.594727 0.386719 0.601562 0.393555 0.607422 0.395508 0.617188 0.403320 0.621094 0.413086 0.625000 0.418945 0.634766 0.417969 0.644531 0.410156 0.646484 0.409180 0.638672 0.398438 0.638672 0.398438 0.647461 0.392578 0.645508 0.393555 0.632812 0.385742 0.630859 0.386719 0.620117 0.380859 0.615234 0.368164 0.615234 0.361328 0.613281 0.356445 0.614258 0.355469 0.622070 0.349609 0.620117 0.350586 0.610352 0.356445 0.607422 0.353516 0.600586
1 0.454102 0.652344 0.458984 0.653320 0.458984 0.660156 0.452148 0.659180
0 0.366211 0.653320 0.375000 0.652344 0.382812 0.655273 0.390625 0.655273 0.398438 0.657227 0.398438 0.665039 0.392578 0.666992 0.381836 0.661133 0.372070 0.664062 0.364258 0.661133
1 0.531250 0.664062 0.530273 0.669922 0.525391 0.668945 0.525391 0.664062
1 0.519531 0.675781 0.527344 0.677734 0.527344 0.683594 0.519531 0.683594
1 0.509766 0.672852 0.515625 0.674805 0.515625 0.679688 0.509766 0.677734
0 0.447266 0.664062 0.453125 0.665039 0.465820 0.664062 0.468750 0.669922 0.474609 0.670898 0.474609 0.675781 0.462891 0.674805 0.448242 0.673828 0.446289 0.689453 0.441406 0.696289 0.441406 0.696289 0.434570 0.694336 0.433594 0.682617 0.438477 0.673828 0.443359 0.674805
1 0.423828 0.789062 0.434570 0.790039 0.436523 0.799805 0.431641 0.812500 0.422852 0.809570 0.420898 0.797852
1 0.431641 0.813477 0.439453 0.812500 0.441406 0.819336 0.436523 0.823242 0.429688 0.819336
0 0.393555 0.792969 0.398438 0.791992 0.403320 0.798828 0.400391 0.809570 0.399414 0.822266 0.396484 0.829102 0.396484 0.842773 0.390625 0.846680 0.381836 0.845703 0.378906 0.836914 0.379883 0.828125 0.385742 0.826172 0.388672 0.815430 0.387695 0.800781
1 0.536133 0.810547 0.543945 0.809570 0.550781 0.816406 0.550781 0.827148 0.545898 0.831055 0.535156 0.828125 0.535156 0.829102 0.530273 0.814453
1 0.552734 0.815430 0.560547 0.816406 0.562500 0.821289 0.557617 0.825195 0.557617 0.825195 0.550781 0.822266
1 0.423828 0.832031 0.424805 0.839844 0.418945 0.840820 0.417969 0.834961 0.419922 0.833984
1 0.437500 0.826172 0.444336 0.829102 0.444336 0.833984 0.436523 0.833008
1 0.429688 0.853516 0.435547 0.853516 0.437500 0.860352 0.431641 0.861328 0.426758 0.857422
1 0.457031 0.850586 0.462891 0.851562 0.461914 0.860352 0.455078 0.856445
1 0.467773 0.841797 0.473633 0.841797 0.474609 0.849609 0.470703 0.847656
1 0.417969 0.876953 0.421875 0.881836 0.417969 0.886719 0.417969 0.886719 0.410156 0.881836 0.412109 0.875977
0 0.531250 1.000000 0.530273 0.993164 0.538086 0.992188 0.546875 0.990234 0.546875 0.979492 0.546875 0.968750 0.546875 0.968750 0.554688 0.958984 0.564453 0.958984 0.570312 0.958008 0.571289 0.946289 0.583008 0.940430 0.597656 0.940430 0.608398 0.943359 0.608398 0.952148 0.608398 0.963867 0.599609 0.975586 0.605469 0.980469 0.599609 0.989258 0.603516 1.000000
1 0.609375 0.927734 0.617188 0.924805 0.625977 0.927734 0.625000 0.934570 0.618164 0.934570 0.609375 0.932617
0 0.618164 0.977539 0.625000 0.978516 0.622070 0.990234 0.622070 1.000000 0.611328 1.000000 0.612305 0.990234 0.615234 0.984375
0 0.738281 0.937500 0.746094 0.937500 0.751953 0.947266 0.750000 0.958984 0.755859 0.967773 0.764648 0.973633 0.770508 0.983398 0.763672 0.992188 0.772461 1.000000 0.701172 0.997070 0.694336 0.984375 0.702148 0.975586 0.710938 0.971680 0.708984 0.956055 0.708984 0.957031 0.716797 0.952148 0.712891 0.939453 0.712891 0.939453 0.726562 0.938477
1 0.782227 0.950195 0.789062 0.958984 0.784180 0.969727 0.771484 0.970703 0.765625 0.960938 0.765625 0.952148
0 0.585938 0.830078 0.593750 0.835938 0.593750 0.835938 0.590820 0.846680 0.590820 0.846680 0.576172 0.842773 0.575195 0.830078 0.579102 0.821289 0.584961 0.821289
0 0.576172 0.780273 0.585938 0.780273 0.585938 0.791992 0.585938 0.799805 0.596680 0.803711 0.598633 0.810547 0.593750 0.813477 0.581055 0.810547 0.573242 0.804688 0.574219 0.792969
1 0.642578 0.676758 0.648438 0.677734 0.648438 0.686523 0.640625 0.683594 0.640625 0.683594
1 0.675781 0.629883 0.682617 0.630859 0.683594 0.637695 0.676758 0.641602 0.670898 0.636719
1 0.685547 0.635742 0.695312 0.635742 0.696289 0.643555 0.691406 0.648438 0.682617 0.644531
0 0.644531 0.586914 0.654297 0.583984 0.659180 0.572266 0.666016 0.571289 0.672852 0.566406 0.678711 0.572266 0.689453 0.570312 0.689453 0.570312 0.701172 0.572266 0.712891 0.571289 0.715820 0.580078 0.714844 0.591797 0.711914 0.599609 0.712891 0.605469 0.715820 0.623047 0.704102 0.628906 0.684570 0.628906 0.671875 0.627930 0.663086 0.633789 0.651367 0.630859 0.652344 0.615234 0.654297 0.607422 0.663086 0.602539 0.668945 0.604492 0.668945 0.593750 0.656250 0.594727
1 0.625977 0.604492 0.631836 0.605469 0.630859 0.613281 0.625977 0.613281
1 0.629883 0.558594 0.634766 0.560547 0.637695 0.568359 0.630859 0.568359
1 0.688477 0.551758 0.694336 0.553711 0.692383 0.560547 0.684570 0.559570
0 0.535156 0.565430 0.541992 0.565430 0.548828 0.569336 0.547852 0.587891 0.541016 0.591797 0.532227 0.584961
1 0.749023 0.564453 0.754883 0.564453 0.754883 0.573242 0.749023 0.571289
0 0.589844 0.505859 0.601562 0.505859 0.601562 0.516602 0.594727 0.529297 0.584961 0.526367 0.581055 0.513672
1 0.645508 0.516602 0.651367 0.522461 0.649414 0.528320 0.641602 0.526367 0.639648 0.520508
1 0.613281 0.491211 0.625977 0.496094 0.627930 0.504883 0.619141 0.508789 0.609375 0.500977
1 0.613281 0.416016 0.621094 0.422852 0.622070 0.435547 0.611328 0.440430 0.598633 0.433594 0.599609 0.419922
0 0.796875 0.471680 0.794922 0.483398 0.794922 0.483398 0.799805 0.498047 0.797852 0.516602 0.788086 0.517578 0.773438 0.518555 0.757812 0.514648 0.749023 0.506836 0.749023 0.506836 0.750000 0.484375 0.760742 0.485352 0.764648 0.477539 0.777344 0.475586
1 0.500977 0.349609 0.517578 0.355469 0.514648 0.362305 0.502930 0.367188 0.489258 0.363281 0.489258 0.351562
1 0.491211 0.380859 0.498047 0.383789 0.495117 0.392578 0.485352 0.390625
1 0.514648 0.390625 0.519531 0.395508 0.519531 0.396484 0.516602 0.404297 0.509766 0.400391
1 0.518555 0.364258 0.521484 0.373047 0.516602 0.375977 0.510742 0.370117
0 0.511719 0.244141 0.524414 0.248047 0.539062 0.252930 0.540039 0.267578 0.540039 0.275391 0.551758 0.277344 0.557617 0.268555 0.562500 0.260742 0.571289 0.261719 0.572266 0.274414 0.562500 0.278320 0.561523 0.290039 0.549805 0.293945 0.531250 0.290039 0.524414 0.273438 0.527344 0.261719 0.518555 0.256836 0.508789 0.250977
0 0.899414 0.059570 0.907227 0.060547 0.913086 0.064453 0.919922 0.062500 0.925781 0.065430 0.932617 0.068359 0.942383 0.070312 0.947266 0.073242 0.948242 0.073242 0.958984 0.076172 0.963867 0.077148 0.961914 0.083984 0.954102 0.085938 0.951172 0.094727 0.938477 0.096680 0.933594 0.091797 0.934570 0.079102 0.923828 0.077148 0.917969 0.073242 0.911133 0.071289 0.901367 0.067383
0 0.979492 0.086914 0.985352 0.086914 0.994141 0.090820 1.000000 0.093750 1.000000 0.105469 0.991211 0.097656 0.982422 0.098633 0.975586 0.091797
1 0.896484 0.210938 0.903320 0.210938 0.905273 0.221680 0.896484 0.220703
1 0.897461 0.304688 0.903320 0.306641 0.903320 0.312500 0.896484 0.311523
0 0.898438 0.313477 0.904297 0.316406 0.901367 0.324219 0.901367 0.324219 0.899414 0.331055 0.892578 0.328125 0.892578 0.318359
1 0.890625 0.331055 0.900391 0.331055 0.902344 0.339844 0.898438 0.342773 0.892578 0.340820
1 0.890625 0.352539 0.897461 0.351562 0.897461 0.358398 0.891602 0.357422
1 0.968750 0.383789 0.966797 0.391602 0.966797 0.391602 0.961914 0.391602 0.960938 0.382812
1 0.970703 0.392578 0.974609 0.400391 0.971680 0.412109 0.966797 0.406250 0.966797 0.397461
1 0.987305 0.389648 0.990234 0.398438 0.985352 0.404297 0.979492 0.403320 0.976562 0.392578 0.980469 0.387695
1 0.974609 0.435547 0.980469 0.446289 0.972656 0.451172 0.972656 0.451172 0.961914 0.446289 0.966797 0.434570
1 0.994141 0.437500 1.000000 0.433594 1.000000 0.446289 0.994141 0.448242 0.991211 0.441406
0 0.890625 0.501953 0.890625 0.513672 0.890625 0.521484 0.886719 0.523438 0.884766 0.517578 0.883789 0.507812
1 0.986328 0.469727 0.994141 0.470703 0.994141 0.477539 0.985352 0.477539
1 0.990234 0.500000 0.996094 0.501953 0.996094 0.507812 0.990234 0.506836
0 0.900391 0.508789 0.913086 0.506836 0.923828 0.508789 0.926758 0.521484 0.927734 0.542969 0.925781 0.552734 0.918945 0.555664 0.907227 0.558594 0.905273 0.580078 0.906250 0.597656 0.907227 0.605469 0.900391 0.609375 0.890625 0.605469 0.890625 0.605469 0.891602 0.585938 0.893555 0.568359 0.893555 0.548828 0.893555 0.549805 0.891602 0.538086 0.895508 0.519531
0 0.864258 0.561523 0.875000 0.560547 0.884766 0.563477 0.885742 0.571289 0.877930 0.576172 0.863281 0.577148 0.858398 0.568359 0.858398 0.568359
0 0.798828 0.576172 0.802734 0.574219 0.806641 0.578125 0.807617 0.584961 0.806641 0.595703 0.805664 0.600586 0.808594 0.607422 0.806641 0.613281 0.801758 0.610352 0.800781 0.599609 0.797852 0.585938
0 0.854492 0.609375 0.863281 0.607422 0.873047 0.602539 0.882812 0.603516 0.884766 0.614258 0.881836 0.625000 0.877930 0.634766 0.868164 0.637695 0.856445 0.636719 0.844727 0.632812 0.831055 0.628906 0.830078 0.622070 0.837891 0.621094 0.834961 0.613281 0.838867 0.605469 0.842773 0.606445
1 0.767578 0.615234 0.773438 0.616211 0.775391 0.622070 0.767578 0.624023
1 0.844727 0.637695 0.846680 0.638672 0.846680 0.644531 0.841797 0.644531
1 0.847656 0.648438 0.859375 0.647461 0.866211 0.654297 0.863281 0.660156 0.855469 0.661133 0.845703 0.654297 0.845703 0.654297
0 0.999023 0.607422 0.991211 0.609375 0.983398 0.607422 0.973633 0.610352 0.973633 0.610352 0.966797 0.612305 0.965820 0.618164 0.970703 0.623047 0.969727 0.637695 0.970703 0.649414 0.967773 0.656250 0.965820 0.665039 0.972656 0.671875 0.980469 0.673828 0.992188 0.669922 0.996094 0.659180 1.000000 0.659180
1 0.902344 0.616211 0.908203 0.615234 0.908203 0.622070 0.903320 0.621094
0 0.917969 0.639648 0.925781 0.641602 0.936523 0.639648 0.939453 0.646484 0.930664 0.651367 0.923828 0.653320 0.917969 0.659180 0.909180 0.658203 0.905273 0.649414 0.908203 0.644531 0.909180 0.639648
0 0.885742 0.642578 0.889648 0.645508 0.895508 0.646484 0.903320 0.648438 0.904297 0.655273 0.894531 0.658203 0.893555 0.651367 0.887695 0.652344 0.886719 0.655273 0.878906 0.651367 0.879883 0.645508
1 0.967773 0.682617 0.967773 0.691406 0.957031 0.692383 0.955078 0.687500 0.959961 0.682617
1 0.902344 0.664062 0.905273 0.671875 0.902344 0.674805 0.893555 0.671875 0.896484 0.664062
1 0.844727 0.668945 0.853516 0.668945 0.856445 0.672852 0.851562 0.676758 0.846680 0.680664 0.841797 0.679688 0.839844 0.673828
0 0.872070 0.674805 0.889648 0.673828 0.892578 0.678711 0.898438 0.684570 0.901367 0.691406 0.891602 0.694336 0.885742 0.698242 0.875000 0.695312 0.874023 0.689453 0.867188 0.682617
1 0.742188 0.628906 0.747070 0.628906 0.747070 0.633789 0.743164 0.632812
1 0.757812 0.659180 0.764648 0.661133 0.767578 0.666992 0.761719 0.670898 0.758789 0.666992
0 0.749023 0.654297 0.753906 0.655273 0.755859 0.661133 0.754883 0.668945 0.758789 0.674805 0.757812 0.680664 0.754883 0.684570 0.755859 0.690430 0.750977 0.691406 0.744141 0.686523 0.747070 0.680664 0.743164 0.674805 0.746094 0.671875 0.745117 0.664062 0.748047 0.659180
0 0.793945 0.636719 0.802734 0.633789 0.808594 0.642578 0.812500 0.654297 0.806641 0.660156 0.806641 0.660156 0.799805 0.663086 0.799805 0.668945 0.807617 0.671875 0.816406 0.676758 0.814453 0.680664 0.804688 0.685547 0.795898 0.682617 0.788086 0.678711 0.786133 0.668945 0.791016 0.666992 0.791992 0.656250 0.789062 0.644531
1 0.731445 0.717773 0.732422 0.726562 0.730469 0.739258 0.722656 0.736328 0.723633 0.719727
1 0.776367 0.701172 0.784180 0.703125 0.797852 0.702148 0.799805 0.710938 0.799805 0.710938 0.791992 0.715820 0.779297 0.716797 0.772461 0.707031
0 0.830078 0.688477 0.834961 0.694336 0.841797 0.699219 0.840820 0.710938 0.836914 0.718750 0.830078 0.722656 0.830078 0.722656 0.822266 0.716797 0.820312 0.703125 0.814453 0.695312 0.818359 0.690430
1 0.841797 0.708008 0.846680 0.707031 0.850586 0.709961 0.845703 0.713867
1 0.841797 0.717773 0.846680 0.717773 0.847656 0.721680 0.842773 0.725586
1 0.851562 0.724609 0.857422 0.723633 0.864258 0.726562 0.863281 0.732422 0.856445 0.734375
0 0.879883 0.717773 0.883789 0.727539 0.889648 0.732422 0.889648 0.738281 0.883789 0.742188 0.875977 0.735352 0.871094 0.738281 0.868164 0.729492 0.875977 0.724609
0 0.892578 0.765625 0.898438 0.767578 0.906250 0.762695 0.913086 0.765625 0.908203 0.773438 0.904297 0.784180 0.904297 0.794922 0.896484 0.794922 0.885742 0.796875 0.876953 0.792969 0.881836 0.779297 0.879883 0.769531 0.885742 0.764648
0 1.000000 0.713867 0.992188 0.712891 0.980469 0.709961 0.977539 0.704102 0.968750 0.705078 0.958984 0.700195 0.951172 0.702148 0.950195 0.711914 0.949219 0.718750 0.955078 0.722656 0.955078 0.732422 0.946289 0.735352 0.942383 0.744141 0.935547 0.748047 0.934570 0.758789 0.931641 0.773438 0.941406 0.779297 0.939453 0.795898 0.945312 0.802734 0.959961 0.801758 0.967773 0.801758 0.967773 0.811523 0.975586 0.818359 0.981445 0.814453 0.983398 0.818359 0.996094 0.816406 0.993164 0.801758 1.000000 0.795898
1 0.972656 0.821289 0.981445 0.824219 0.981445 0.830078 0.973633 0.829102
1 0.992188 0.824219 0.999023 0.825195 1.000000 0.832031 0.992188 0.831055
1 0.692383 0.842773 0.697266 0.842773 0.698242 0.849609 0.692383 0.847656
0 0.782227 0.912109 0.793945 0.920898 0.792969 0.911133 0.798828 0.905273 0.802734 0.912109 0.807617 0.916992 0.807617 0.920898 0.811523 0.920898 0.814453 0.928711 0.820312 0.938477 0.820312 0.938477 0.819336 0.950195 0.824219 0.955078 0.822266 0.958984 0.815430 0.962891 0.815430 0.974609 0.821289 0.977539 0.827148 0.985352 0.829102 0.997070 0.828125 1.000000 0.819336 1.000000 0.817383 0.989258 0.809570 0.992188 0.798828 0.990234 0.796875 0.981445 0.791992 0.973633 0.803711 0.973633 0.801758 0.958984 0.794922 0.956055 0.786133 0.946289 0.784180 0.935547 0.771484 0.934570 0.761719 0.926758 0.761719 0.915039 0.770508 0.914062
1 0.776367 0.883789 0.785156 0.883789 0.785156 0.895508 0.775391 0.894531
1 0.800781 0.885742 0.805664 0.886719 0.804688 0.895508 0.798828 0.894531
1 0.837891 0.944336 0.845703 0.945312 0.846680 0.950195 0.840820 0.955078 0.840820 0.955078 0.833008 0.952148
1 0.834961 0.978516 0.834961 0.987305 0.830078 0.988281 0.828125 0.982422
0 0.847656 1.000000 0.851562 0.994141 0.855469 0.986328 0.854492 0.979492 0.854492 0.973633 0.851562 0.965820 0.855469 0.959961 0.862305 0.960938 0.864258 0.964844 0.870117 0.958984 0.872070 0.952148 0.876953 0.946289 0.882812 0.952148 0.889648 0.953125 0.895508 0.962891 0.892578 0.968750 0.889648 0.974609 0.881836 0.979492 0.886719 0.984375 0.888672 0.987305 0.886719 0.992188 0.886719 0.992188 0.878906 0.993164 0.879883 1.000000
1 0.831055 0.963867 0.835938 0.964844 0.835938 0.968750 0.831055 0.969727
0 0.916992 0.957031 0.926758 0.964844 0.939453 0.963867 0.949219 0.965820 0.945312 0.971680 0.946289 0.978516 0.941406 0.980469 0.933594 0.978516 0.928711 0.985352 0.923828 0.987305 0.923828 0.987305 0.919922 0.983398 0.917969 0.977539 0.910156 0.975586 0.904297 0.975586 0.900391 0.970703 0.907227 0.967773 0.908203 0.962891 0.915039 0.961914
1 1.000000 0.956055 0.994141 0.959961 0.992188 0.964844 0.995117 0.968750 1.000000 0.970703 1.000000 0.970703
1 0.966797 0.955078 0.972656 0.956055 0.971680 0.962891 0.966797 0.961914
1 0.953125 0.970703 0.958984 0.969727 0.964844 0.972656 0.964844 0.976562 0.956055 0.978516 0.953125 0.975586
0 0.937500 0.985352 0.942383 0.986328 0.943359 0.991211 0.939453 1.000000 0.933594 1.000000 0.937500 0.992188
0 0.913086 0.917969 0.923828 0.916992 0.926758 0.922852 0.936523 0.923828 0.944336 0.926758 0.948242 0.935547 0.953125 0.942383 0.954102 0.951172 0.954102 0.952148 0.948242 0.958008 0.940430 0.960938 0.930664 0.956055 0.928711 0.949219 0.915039 0.947266 0.914062 0.955078 0.904297 0.957031 0.893555 0.952148 0.884766 0.944336 0.884766 0.944336 0.896484 0.938477 0.897461 0.930664 0.904297 0.927734 0.906250 0.919922
1 0.944336 0.917969 0.952148 0.915039 0.958008 0.917969 0.957031 0.924805 0.950195 0.928711 0.944336 0.928711
1 0.954102 0.927734 0.960938 0.927734 0.962891 0.932617 0.957031 0.934570 0.953125 0.931641
1 0.957031 0.907227 0.963867 0.908203 0.966797 0.912109 0.966797 0.913086 0.963867 0.916992 0.957031 0.916992 0.954102 0.911133
1 0.958008 0.895508 0.968750 0.897461 0.973633 0.901367 0.971680 0.906250 0.962891 0.907227 0.958008 0.900391 0.958008 0.900391
0 0.999023 0.858398 0.994141 0.858398 0.991211 0.864258 0.994141 0.871094 0.996094 0.880859 0.994141 0.886719 0.992188 0.896484 0.983398 0.903320 0.977539 0.909180 0.970703 0.913086 0.964844 0.916016 0.964844 0.921875 0.966797 0.929688 0.966797 0.929688 0.973633 0.926758 0.977539 0.930664 0.984375 0.926758 0.986328 0.916992 0.990234 0.910156 1.000000 0.910156
1 0.982422 0.878906 0.988281 0.879883 0.989258 0.884766 0.989258 0.888672 0.983398 0.887695
0 0.901367 0.840820 0.909180 0.842773 0.916016 0.843750 0.920898 0.846680 0.922852 0.851562 0.921875 0.856445 0.927734 0.861328 0.933594 0.851562 0.942383 0.848633 0.947266 0.852539 0.956055 0.854492 0.960938 0.863281 0.959961 0.873047 0.959961 0.876953 0.950195 0.876953 0.950195 0.876953 0.947266 0.884766 0.940430 0.884766 0.935547 0.890625 0.939453 0.897461 0.938477 0.903320 0.935547 0.907227 0.926758 0.906250 0.918945 0.904297 0.906250 0.905273 0.906250 0.917969 0.899414 0.920898 0.887695 0.921875 0.880859 0.918945 0.875000 0.914062 0.875977 0.901367 0.874023 0.890625 0.880859 0.886719 0.880859 0.877930 0.878906 0.870117 0.884766 0.862305 0.892578 0.862305 0.894531 0.857422 0.887695 0.852539 0.890625 0.843750