1 0.000977 0.012695 0.009766 0.012695 0.009766 0.022461 0.000000 0.025391
1 0.013672 0.006836 0.020508 0.002930 0.029297 0.004883 0.028320 0.015625 0.018555 0.017578
1 0.061523 0.026367 0.070312 0.027344 0.077148 0.030273 0.080078 0.038086 0.072266 0.042969 0.059570 0.041016 0.055664 0.032227
1 0.218750 0.005859 0.223633 0.016602 0.221680 0.023438 0.208984 0.025391 0.205078 0.013672 0.209961 0.005859
1 0.284180 0.034180 0.283203 0.052734 0.275391 0.055664 0.262695 0.050781 0.262695 0.035156 0.270508 0.027344 0.281250 0.027344
0 0.051758 0.318359 0.065430 0.323242 0.069336 0.328125 0.067383 0.342773 0.054688 0.340820 0.044922 0.331055 0.041992 0.320312
1 0.341797 0.267578 0.340820 0.277344 0.335938 0.277344 0.333984 0.268555
1 0.305664 0.272461 0.309570 0.276367 0.306641 0.280273 0.299805 0.278320 0.302734 0.271484
0 0.284180 0.288086 0.286133 0.282227 0.293945 0.282227 0.297852 0.283203 0.296875 0.291016 0.288086 0.295898 0.282227 0.299805 0.276367 0.294922 0.277344 0.289062
1 0.255859 0.301758 0.258789 0.309570 0.250977 0.311523 0.250000 0.303711
1 0.251953 0.317383 0.256836 0.316406 0.260742 0.321289 0.255859 0.327148 0.248047 0.327148 0.248047 0.322266
1 0.262695 0.306641 0.269531 0.305664 0.273438 0.309570 0.272461 0.316406 0.265625 0.317383 0.262695 0.313477
1 0.294922 0.305664 0.300781 0.305664 0.301758 0.310547 0.297852 0.313477 0.293945 0.311523
1 0.324219 0.289062 0.330078 0.289062 0.329102 0.293945 0.323242 0.294922
1 0.274414 0.328125 0.274414 0.333008 0.268555 0.333008 0.267578 0.327148
1 0.272461 0.333984 0.275391 0.339844 0.275391 0.339844 0.268555 0.341797 0.266602 0.336914
1 0.275391 0.337891 0.282227 0.337891 0.281250 0.342773 0.277344 0.343750
1 0.296875 0.322266 0.299805 0.323242 0.298828 0.329102 0.293945 0.328125
1 0.273438 0.348633 0.279297 0.346680 0.280273 0.354492 0.276367 0.359375 0.271484 0.357422 0.269531 0.352539
1 0.261719 0.361328 0.267578 0.364258 0.264648 0.369141 0.256836 0.374023 0.253906 0.370117 0.258789 0.364258
1 0.270508 0.367188 0.279297 0.368164 0.281250 0.375000 0.276367 0.379883 0.269531 0.380859 0.266602 0.375977
1 0.212891 0.364258 0.217773 0.369141 0.217773 0.373047 0.210938 0.374023 0.208008 0.370117
1 0.200195 0.351562 0.194336 0.347656 0.182617 0.353516 0.174805 0.362305 0.176758 0.374023 0.187500 0.375000 0.187500 0.375000 0.198242 0.366211
0 0.042969 0.341797 0.048828 0.346680 0.057617 0.353516 0.056641 0.361328 0.046875 0.357422 0.041992 0.363281 0.034180 0.362305 0.036133 0.348633
0 0.000000 0.397461 0.008789 0.400391 0.014648 0.403320 0.015625 0.413086 0.014648 0.421875 0.004883 0.423828 0.004883 0.424805 0.000000 0.426758
1 0.022461 0.395508 0.030273 0.395508 0.032227 0.404297 0.027344 0.409180 0.020508 0.410156 0.019531 0.401367 0.023438 0.397461
1 0.022461 0.414062 0.025391 0.416016 0.026367 0.422852 0.022461 0.423828 0.020508 0.418945
0 0.046875 0.404297 0.052734 0.405273 0.051758 0.412109 0.051758 0.412109 0.050781 0.420898 0.053711 0.424805 0.053711 0.429688 0.056641 0.433594 0.056641 0.439453 0.055664 0.444336 0.049805 0.446289 0.047852 0.439453 0.047852 0.432617 0.045898 0.423828 0.041992 0.421875 0.038086 0.416016 0.036133 0.412109 0.039062 0.410156 0.042969 0.410156
0 0.073242 0.406250 0.083008 0.405273 0.089844 0.407227 0.095703 0.411133 0.100586 0.418945 0.103516 0.423828 0.103516 0.427734 0.106445 0.433594 0.106445 0.433594 0.102539 0.436523 0.095703 0.435547 0.084961 0.432617 0.084961 0.425781 0.079102 0.419922 0.074219 0.414062 0.074219 0.414062
1 0.114258 0.438477 0.109375 0.436523 0.103516 0.441406 0.103516 0.448242 0.107422 0.450195 0.112305 0.447266 0.112305 0.447266
0 0.132812 0.423828 0.135742 0.426758 0.138672 0.428711 0.140625 0.423828 0.149414 0.419922 0.151367 0.425781 0.150391 0.433594 0.147461 0.440430 0.137695 0.442383 0.132812 0.435547 0.128906 0.433594 0.129883 0.426758
0 0.182617 0.424805 0.189453 0.423828 0.193359 0.428711 0.194336 0.437500 0.191406 0.444336 0.185547 0.446289 0.178711 0.443359 0.175781 0.439453 0.175781 0.432617
0 0.143555 0.451172 0.147461 0.458984 0.151367 0.465820 0.147461 0.470703 0.143555 0.474609 0.139648 0.478516 0.133789 0.475586 0.127930 0.469727 0.125000 0.463867 0.125000 0.457031 0.132812 0.456055 0.135742 0.451172
0 0.000000 0.515625 0.009766 0.519531 0.017578 0.516602 0.026367 0.517578 0.026367 0.517578 0.032227 0.523438 0.037109 0.533203 0.037109 0.533203 0.031250 0.542969 0.027344 0.549805 0.021484 0.553711 0.008789 0.552734 0.000000 0.554688
1 0.072266 0.545898 0.077148 0.545898 0.083008 0.548828 0.082031 0.553711 0.076172 0.553711 0.071289 0.551758
1 0.071289 0.556641 0.074219 0.557617 0.073242 0.563477 0.071289 0.567383 0.068359 0.566406
1 0.122070 0.581055 0.125000 0.586914 0.125000 0.586914 0.121094 0.589844 0.115234 0.585938
1 0.104492 0.593750 0.114258 0.597656 0.116211 0.605469 0.109375 0.610352 0.101562 0.609375 0.101562 0.609375 0.101562 0.598633
1 0.086914 0.579102 0.093750 0.578125 0.095703 0.583008 0.090820 0.585938 0.085938 0.583008
0 0.067383 0.574219 0.071289 0.575195 0.078125 0.577148 0.081055 0.580078 0.081055 0.583008 0.080078 0.587891 0.086914 0.587891 0.091797 0.589844 0.096680 0.596680 0.095703 0.602539 0.090820 0.604492 0.085938 0.601562 0.085938 0.594727 0.076172 0.592773 0.074219 0.599609 0.068359 0.601562 0.061523 0.597656 0.056641 0.590820 0.060547 0.580078
1 0.093750 0.621094 0.099609 0.621094 0.106445 0.625000 0.105469 0.630859 0.100586 0.634766 0.091797 0.631836 0.091797 0.631836
1 0.065430 0.623047 0.072266 0.625000 0.074219 0.632812 0.070312 0.639648 0.059570 0.638672 0.056641 0.630859 0.058594 0.625000
1 0.080078 0.639648 0.084961 0.642578 0.084961 0.649414 0.078125 0.649414 0.078125 0.649414 0.075195 0.643555
1 0.062500 0.645508 0.067383 0.647461 0.066406 0.653320 0.061523 0.653320 0.059570 0.650391
1 0.057617 0.684570 0.050781 0.683594 0.049805 0.688477 0.053711 0.691406 0.057617 0.690430
1 0.063477 0.690430 0.068359 0.689453 0.071289 0.694336 0.067383 0.697266
1 0.029297 0.669922 0.033203 0.671875 0.034180 0.675781 0.028320 0.674805
1 0.003906 0.677734 0.010742 0.676758 0.010742 0.682617 0.005859 0.682617
1 0.013672 0.671875 0.018555 0.672852 0.016602 0.677734 0.013672 0.676758
0 0.008789 0.694336 0.014648 0.696289 0.018555 0.695312 0.021484 0.694336 0.026367 0.695312 0.033203 0.692383 0.036133 0.699219 0.033203 0.704102 0.033203 0.704102 0.032227 0.708984 0.029297 0.715820 0.030273 0.724609 0.023438 0.726562 0.017578 0.722656 0.012695 0.717773 0.007812 0.711914 0.007812 0.705078 0.005859 0.697266
1 0.076172 0.698242 0.082031 0.697266 0.084961 0.702148 0.080078 0.705078 0.074219 0.702148
1 0.039062 0.731445 0.044922 0.730469 0.049805 0.733398 0.045898 0.740234 0.045898 0.740234 0.039062 0.738281 0.040039 0.738281
1 0.001953 0.760742 0.007812 0.757812 0.010742 0.761719 0.011719 0.766602 0.007812 0.772461 0.007812 0.772461 0.001953 0.769531
1 0.022461 0.789062 0.026367 0.794922 0.024414 0.800781 0.017578 0.800781 0.017578 0.801758 0.014648 0.793945 0.021484 0.793945
1 0.031250 0.905273 0.035156 0.909180 0.035156 0.916016 0.029297 0.916992 0.026367 0.910156
1 0.016602 0.914062 0.024414 0.916016 0.025391 0.923828 0.018555 0.927734 0.011719 0.924805 0.011719 0.918945
1 0.041992 0.911133 0.050781 0.911133 0.050781 0.920898 0.042969 0.926758 0.038086 0.919922
0 0.000000 0.946289 0.007812 0.949219 0.012695 0.953125 0.019531 0.954102 0.025391 0.960938 0.030273 0.959961 0.037109 0.961914 0.042969 0.968750 0.042969 0.974609 0.038086 0.978516 0.030273 0.978516 0.030273 0.978516 0.017578 0.970703 0.010742 0.972656 0.001953 0.968750 0.000000 0.965820
1 0.045898 0.999023 0.044922 0.992188 0.044922 0.993164 0.047852 0.990234 0.051758 0.991211 0.056641 0.995117 0.056641 1.000000
1 0.052734 0.977539 0.058594 0.977539 0.059570 0.983398 0.053711 0.985352 0.050781 0.980469
1 0.067383 0.984375 0.076172 0.986328 0.076172 0.989258 0.072266 0.992188 0.068359 0.990234
1 0.130859 0.968750 0.137695 0.969727 0.137695 0.975586 0.137695 0.975586 0.131836 0.977539 0.126953 0.974609
0 0.164062 0.948242 0.169922 0.948242 0.171875 0.954102 0.173828 0.958984 0.180664 0.963867 0.184570 0.970703 0.182617 0.981445 0.180664 0.990234 0.175781 0.991211 0.169922 0.987305 0.164062 0.982422 0.160156 0.975586 0.158203 0.964844 0.158203 0.957031 0.156250 0.951172
0 0.144531 1.000000 0.147461 0.993164 0.142578 0.987305 0.136719 0.983398 0.127930 0.982422 0.122070 0.982422 0.119141 0.969727 0.125977 0.970703 0.131836 0.966797 0.137695 0.965820 0.142578 0.964844 0.145508 0.961914 0.139648 0.959961 0.131836 0.958008 0.128906 0.949219 0.136719 0.949219 0.143555 0.946289 0.146484 0.942383 0.152344 0.940430 0.152344 0.931641 0.157227 0.930664 0.159180 0.922852 0.165039 0.916992 0.159180 0.913086 0.153320 0.909180 0.143555 0.904297 0.136719 0.900391 0.135742 0.894531 0.135742 0.884766 0.140625 0.880859 0.149414 0.882812 0.151367 0.888672 0.157227 0.888672 0.162109 0.882812 0.158203 0.875000 0.150391 0.873047 0.144531 0.865234 0.137695 0.861328 0.134766 0.856445 0.137695 0.849609 0.129883 0.848633 0.118164 0.847656 0.111328 0.839844 0.103516 0.838867 0.100586 0.833984 0.091797 0.836914 0.091797 0.842773 0.097656 0.848633 0.098633 0.853516 0.095703 0.860352 0.099609 0.865234 0.100586 0.869141 0.097656 0.877930 0.089844 0.875977 0.081055 0.876953 0.072266 0.875000 0.064453 0.879883 0.065430 0.879883 0.057617 0.879883 0.050781 0.885742 0.048828 0.894531 0.045898 0.903320 0.047852 0.908203 0.053711 0.911133 0.053711 0.916992 0.058594 0.918945 0.060547 0.927734 0.065430 0.932617 0.073242 0.931641 0.079102 0.931641 0.082031 0.934570 0.085938 0.938477 0.090820 0.943359 0.097656 0.945312 0.101562 0.945312 0.107422 0.943359 0.110352 0.947266 0.105469 0.954102 0.101562 0.966797 0.098633 0.971680 0.094727 0.977539 0.089844 0.985352 0.090820 0.993164 0.093750 1.000000
0 0.165039 0.847656 0.164062 0.853516 0.157227 0.854492 0.158203 0.862305 0.162109 0.866211 0.164062 0.870117 0.171875 0.868164 0.173828 0.862305 0.178711 0.851562 0.184570 0.853516 0.189453 0.854492 0.191406 0.856445 0.192383 0.848633 0.186523 0.844727 0.180664 0.845703 0.174805 0.848633
0 0.104492 0.748047 0.109375 0.750977 0.112305 0.755859 0.113281 0.763672 0.117188 0.764648 0.122070 0.758789 0.131836 0.761719 0.134766 0.766602 0.133789 0.772461 0.133789 0.773438 0.132812 0.778320 0.125977 0.783203 0.128906 0.790039 0.124023 0.797852 0.130859 0.798828 0.134766 0.801758 0.140625 0.804688 0.146484 0.808594 0.146484 0.817383 0.139648 0.822266 0.129883 0.823242 0.121094 0.822266 0.113281 0.824219 0.105469 0.828125 0.094727 0.830078 0.090820 0.822266 0.092773 0.814453 0.096680 0.806641 0.095703 0.798828 0.093750 0.789062 0.094727 0.773438 0.102539 0.773438 0.106445 0.778320 0.114258 0.777344 0.111328 0.773438 0.104492 0.772461 0.102539 0.769531 0.101562 0.765625 0.101562 0.759766 0.102539 0.754883
1 0.199219 0.790039 0.202148 0.795898 0.202148 0.795898 0.196289 0.800781 0.186523 0.798828 0.186523 0.789062 0.192383 0.785156
1 0.186523 0.773438 0.193359 0.773438 0.194336 0.781250 0.194336 0.781250 0.189453 0.784180 0.182617 0.782227
1 0.131836 0.780273 0.137695 0.781250 0.137695 0.788086 0.131836 0.786133
1 0.135742 0.764648 0.140625 0.765625 0.140625 0.773438 0.134766 0.772461
1 0.157227 0.758789 0.165039 0.758789 0.164062 0.766602 0.158203 0.770508 0.154297 0.766602 0.154297 0.759766
1 0.174805 0.755859 0.178711 0.758789 0.178711 0.764648 0.172852 0.765625 0.170898 0.760742
1 0.180664 0.765625 0.186523 0.762695 0.189453 0.767578 0.182617 0.772461 0.178711 0.769531
0 0.122070 0.665039 0.128906 0.660156 0.125977 0.653320 0.131836 0.649414 0.136719 0.649414 0.144531 0.651367 0.149414 0.658203 0.152344 0.659180 0.154297 0.652344 0.161133 0.653320 0.169922 0.656250 0.178711 0.657227 0.187500 0.657227 0.198242 0.664062 0.210938 0.665039 0.210938 0.672852 0.212891 0.677734 0.208008 0.681641 0.206055 0.690430 0.210938 0.692383 0.209961 0.700195 0.202148 0.702148 0.201172 0.716797 0.199219 0.725586 0.193359 0.729492 0.191406 0.735352 0.187500 0.738281 0.185547 0.745117 0.177734 0.748047 0.174805 0.757812 0.167969 0.757812 0.159180 0.753906 0.156250 0.747070 0.155273 0.740234 0.148438 0.741211 0.142578 0.748047 0.130859 0.748047 0.126953 0.744141 0.117188 0.745117 0.108398 0.747070 0.103516 0.743164 0.103516 0.743164 0.102539 0.732422 0.109375 0.728516 0.101562 0.726562 0.101562 0.716797 0.106445 0.712891 0.116211 0.708984 0.124023 0.704102 0.122070 0.695312 0.119141 0.685547 0.120117 0.679688 0.111328 0.680664 0.104492 0.684570 0.104492 0.690430 0.112305 0.696289 0.107422 0.704102 0.097656 0.705078 0.088867 0.697266 0.083984 0.690430 0.087891 0.680664 0.087891 0.669922 0.087891 0.669922 0.098633 0.664062 0.107422 0.666992
1 0.064453 0.678711 0.069336 0.676758 0.075195 0.678711 0.076172 0.686523 0.066406 0.688477 0.061523 0.683594
1 0.167969 0.594727 0.175781 0.600586 0.176758 0.612305 0.167969 0.616211 0.156250 0.611328 0.156250 0.602539
1 0.214844 0.596680 0.223633 0.595703 0.229492 0.599609 0.227539 0.605469 0.217773 0.607422 0.210938 0.602539
1 0.228516 0.605469 0.231445 0.608398 0.231445 0.613281 0.227539 0.614258 0.222656 0.609375 0.222656 0.609375
1 0.216797 0.611328 0.222656 0.616211 0.219727 0.624023 0.212891 0.624023 0.204102 0.623047 0.202148 0.617188
1 0.210938 0.623047 0.213867 0.630859 0.208984 0.636719 0.202148 0.637695 0.196289 0.631836 0.197266 0.625977
1 0.210938 0.634766 0.214844 0.637695 0.213867 0.642578 0.206055 0.642578 0.206055 0.637695
1 0.198242 0.634766 0.205078 0.637695 0.205078 0.637695 0.204102 0.645508 0.195312 0.643555 0.191406 0.637695 0.192383 0.630859
1 0.270508 0.521484 0.278320 0.523438 0.280273 0.530273 0.280273 0.530273 0.273438 0.534180 0.265625 0.529297
1 0.282227 0.468750 0.287109 0.471680 0.287109 0.471680 0.285156 0.478516 0.276367 0.477539 0.276367 0.471680
1 0.291016 0.450195 0.294922 0.455078 0.291016 0.460938 0.286133 0.458008 0.285156 0.453125
1 0.301758 0.447266 0.308594 0.449219 0.306641 0.455078 0.299805 0.453125
1 0.301758 0.435547 0.308594 0.432617 0.311523 0.436523 0.310547 0.442383 0.303711 0.443359
1 0.284180 0.426758 0.288086 0.427734 0.289062 0.431641 0.282227 0.431641
1 0.293945 0.419922 0.301758 0.419922 0.302734 0.425781 0.298828 0.429688 0.291992 0.427734
0 0.226562 0.408203 0.233398 0.412109 0.235352 0.418945 0.232422 0.424805 0.230469 0.431641 0.224609 0.431641 0.220703 0.423828 0.220703 0.413086
1 0.313477 0.376953 0.317383 0.376953 0.323242 0.379883 0.323242 0.379883 0.322266 0.386719 0.317383 0.385742 0.312500 0.381836
1 0.311523 0.402344 0.316406 0.404297 0.317383 0.411133 0.310547 0.411133 0.308594 0.407227
0 0.290039 0.378906 0.294922 0.380859 0.296875 0.386719 0.294922 0.391602 0.301758 0.390625 0.306641 0.391602 0.312500 0.390625 0.317383 0.393555 0.321289 0.398438 0.318359 0.401367 0.313477 0.400391 0.302734 0.398438 0.295898 0.398438 0.292969 0.405273 0.298828 0.406250 0.301758 0.409180 0.304688 0.413086 0.299805 0.416016 0.291992 0.411133 0.284180 0.411133 0.281250 0.403320 0.283203 0.393555 0.284180 0.381836
1 0.300781 0.365234 0.306641 0.367188 0.310547 0.375977 0.305664 0.379883 0.298828 0.374023
1 0.330078 0.355469 0.336914 0.360352 0.340820 0.369141 0.337891 0.375977 0.329102 0.375977 0.326172 0.369141 0.322266 0.363281 0.322266 0.357422
0 0.330078 0.333008 0.331055 0.325195 0.331055 0.320312 0.335938 0.318359 0.338867 0.312500 0.337891 0.304688 0.342773 0.297852 0.346680 0.305664 0.349609 0.312500 0.348633 0.321289 0.342773 0.328125 0.344727 0.334961 0.342773 0.343750 0.337891 0.346680 0.331055 0.343750 0.326172 0.339844
1 0.362305 0.041992 0.359375 0.056641 0.353516 0.065430 0.342773 0.063477 0.341797 0.051758 0.343750 0.041016 0.352539 0.037109
1 0.473633 0.098633 0.476562 0.105469 0.476562 0.111328 0.466797 0.109375 0.460938 0.105469 0.460938 0.097656
1 0.486328 0.095703 0.498047 0.099609 0.498047 0.109375 0.498047 0.110352 0.490234 0.113281 0.477539 0.109375 0.477539 0.110352 0.478516 0.099609
1 0.390625 0.104492 0.393555 0.114258 0.389648 0.121094 0.379883 0.118164 0.376953 0.109375 0.383789 0.102539
1 0.382812 0.154297 0.386719 0.161133 0.381836 0.166992 0.372070 0.164062 0.373047 0.155273
1 0.376953 0.166992 0.380859 0.171875 0.380859 0.178711 0.380859 0.179688 0.372070 0.180664 0.368164 0.171875
0 0.392578 0.209961 0.400391 0.208008 0.400391 0.215820 0.403320 0.224609 0.407227 0.232422 0.415039 0.233398 0.421875 0.229492 0.430664 0.231445 0.435547 0.236328 0.434570 0.243164 0.434570 0.244141 0.424805 0.244141 0.414062 0.246094 0.406250 0.247070 0.401367 0.244141 0.403320 0.237305 0.398438 0.233398 0.397461 0.222656 0.397461 0.222656 0.392578 0.216797
0 0.435547 0.221680 0.443359 0.222656 0.447266 0.217773 0.456055 0.217773 0.463867 0.220703 0.464844 0.223633 0.459961 0.225586 0.452148 0.228516 0.444336 0.228516 0.445312 0.228516 0.435547 0.229492 0.431641 0.224609
0 0.474609 0.231445 0.480469 0.227539 0.489258 0.227539 0.489258 0.234375 0.488281 0.243164 0.491211 0.248047 0.495117 0.243164 0.491211 0.233398 0.493164 0.228516 0.500000 0.229492 0.504883 0.230469 0.504883 0.238281 0.506836 0.241211 0.510742 0.237305 0.510742 0.228516 0.517578 0.226562 0.527344 0.225586 0.533203 0.223633 0.532227 0.215820 0.532227 0.207031 0.540039 0.208984 0.547852 0.207031 0.551758 0.203125 0.556641 0.198242 0.566406 0.198242 0.577148 0.193359 0.587891 0.192383 0.587891 0.197266 0.597656 0.197266 0.603516 0.205078 0.603516 0.209961 0.608398 0.213867 0.608398 0.217773 0.601562 0.218750 0.592773 0.219727 0.579102 0.218750 0.567383 0.219727 0.563477 0.226562 0.557617 0.234375 0.556641 0.243164 0.560547 0.247070 0.565430 0.253906 0.563477 0.264648 0.553711 0.263672 0.549805 0.257812 0.541016 0.258789 0.541992 0.265625 0.536133 0.269531 0.532227 0.262695 0.528320 0.260742 0.519531 0.261719 0.511719 0.259766 0.508789 0.252930 0.497070 0.251953 0.485352 0.252930 0.474609 0.255859 0.467773 0.253906 0.468750 0.248047 0.474609 0.248047 0.475586 0.240234 0.479492 0.236328
1 0.393555 0.237305 0.399414 0.240234 0.398438 0.248047 0.391602 0.247070 0.391602 0.247070 0.389648 0.241211
1 0.411133 0.248047 0.417969 0.248047 0.419922 0.252930 0.417969 0.257812 0.411133 0.256836
1 0.368164 0.254883 0.374023 0.251953 0.381836 0.251953 0.382812 0.256836 0.378906 0.259766 0.378906 0.259766 0.377930 0.267578 0.374023 0.269531 0.371094 0.265625 0.370117 0.256836
1 0.347656 0.261719 0.354492 0.261719 0.356445 0.268555 0.351562 0.271484 0.344727 0.268555
1 0.387695 0.281250 0.392578 0.282227 0.393555 0.288086 0.390625 0.291016 0.385742 0.289062
1 0.401367 0.285156 0.406250 0.284180 0.408203 0.289062 0.405273 0.292969 0.400391 0.292969 0.398438 0.287109
1 0.377930 0.333984 0.384766 0.331055 0.393555 0.334961 0.392578 0.342773 0.390625 0.347656 0.382812 0.347656 0.377930 0.342773
1 0.351562 0.362305 0.356445 0.362305 0.355469 0.367188 0.352539 0.366211
1 0.361328 0.357422 0.368164 0.357422 0.371094 0.362305 0.369141 0.365234 0.361328 0.363281
1 0.362305 0.364258 0.368164 0.365234 0.369141 0.371094 0.365234 0.372070 0.359375 0.369141
1 0.355469 0.366211 0.356445 0.371094 0.355469 0.375977 0.350586 0.377930 0.350586 0.377930 0.348633 0.373047 0.347656 0.369141
1 0.433594 0.391602 0.441406 0.393555 0.441406 0.401367 0.435547 0.404297 0.427734 0.401367 0.428711 0.394531
1 0.368164 0.402344 0.373047 0.399414 0.375977 0.402344 0.374023 0.408203 0.368164 0.406250
1 0.346680 0.412109 0.351562 0.416016 0.352539 0.422852 0.346680 0.428711 0.337891 0.424805 0.335938 0.418945 0.336914 0.413086
0 0.413086 0.400391 0.416992 0.398438 0.422852 0.400391 0.421875 0.408203 0.427734 0.410156 0.427734 0.416992 0.420898 0.420898 0.418945 0.428711 0.418945 0.428711 0.411133 0.428711 0.411133 0.428711 0.409180 0.421875 0.412109 0.412109
1 0.348633 0.432617 0.352539 0.434570 0.352539 0.439453 0.347656 0.437500
1 0.353516 0.433594 0.358398 0.434570 0.359375 0.439453 0.356445 0.441406 0.353516 0.439453
0 0.401367 0.435547 0.407227 0.431641 0.416016 0.431641 0.424805 0.433594 0.429688 0.431641 0.429688 0.431641 0.434570 0.433594 0.436523 0.440430 0.434570 0.442383 0.429688 0.443359 0.407227 0.439453 0.408203 0.439453
1 0.360352 0.450195 0.367188 0.450195 0.368164 0.456055 0.366211 0.460938 0.362305 0.458008 0.359375 0.454102
1 0.432617 0.455078 0.435547 0.454102 0.439453 0.458008 0.439453 0.461914 0.433594 0.461914
0 0.404297 0.442383 0.408203 0.444336 0.414062 0.450195 0.417969 0.446289 0.422852 0.448242 0.423828 0.456055 0.420898 0.460938 0.417969 0.474609 0.423828 0.479492 0.422852 0.483398 0.416992 0.482422 0.409180 0.482422 0.402344 0.483398 0.392578 0.481445 0.397461 0.475586 0.392578 0.469727 0.393555 0.462891 0.391602 0.457031 0.393555 0.452148 0.397461 0.448242
0 0.375977 0.462891 0.383789 0.465820 0.388672 0.473633 0.388672 0.474609 0.386719 0.479492 0.384766 0.481445 0.385742 0.487305 0.385742 0.492188 0.394531 0.496094 0.402344 0.499023 0.413086 0.500977 0.414062 0.509766 0.414062 0.509766 0.406250 0.509766 0.399414 0.507812 0.395508 0.514648 0.394531 0.525391 0.395508 0.530273 0.402344 0.528320 0.407227 0.518555 0.413086 0.516602 0.417969 0.521484 0.416016 0.527344 0.418945 0.532227 0.413086 0.537109 0.415039 0.542969 0.414062 0.548828 0.408203 0.557617 0.409180 0.563477 0.411133 0.566406 0.417969 0.564453 0.422852 0.563477 0.432617 0.566406 0.431641 0.569336 0.424805 0.569336 0.423828 0.583008 0.416992 0.585938 0.416992 0.596680 0.414062 0.605469 0.402344 0.610352 0.392578 0.615234 0.384766 0.628906 0.385742 0.642578 0.375977 0.645508 0.360352 0.648438 0.350586 0.640625 0.351562 0.640625 0.342773 0.642578 0.336914 0.638672 0.327148 0.640625 0.315430 0.636719 0.315430 0.636719 0.305664 0.625977 0.314453 0.605469 0.310547 0.596680 0.295898 0.593750 0.285156 0.586914 0.280273 0.570312 0.272461 0.557617 0.281250 0.548828 0.289062 0.534180 0.285156 0.523438 0.289062 0.513672 0.291016 0.503906 0.298828 0.500000 0.292969 0.487305 0.304688 0.484375 0.309570 0.489258 0.318359 0.491211 0.330078 0.493164 0.342773 0.496094 0.345703 0.485352 0.360352 0.484375 0.366211 0.491211 0.367188 0.499023 0.374023 0.503906 0.377930 0.500977 0.370117 0.488281 0.371094 0.477539 0.361328 0.475586 0.363281 0.463867
0 0.411133 0.610352 0.419922 0.615234 0.431641 0.620117 0.434570 0.629883 0.430664 0.640625 0.426758 0.644531 0.419922 0.650391 0.425781 0.656250 0.428711 0.651367 0.438477 0.645508 0.436523 0.636719 0.438477 0.630859 0.436523 0.620117 0.443359 0.618164 0.453125 0.625000 0.457031 0.624023 0.463867 0.613281 0.459961 0.604492 0.464844 0.598633 0.477539 0.597656 0.485352 0.598633 0.492188 0.610352 0.487305 0.637695 0.499023 0.642578 0.511719 0.641602 0.515625 0.651367 0.509766 0.657227 0.500000 0.658203 0.497070 0.648438 0.486328 0.647461 0.476562 0.645508 0.471680 0.647461 0.466797 0.657227 0.460938 0.674805 0.462891 0.681641 0.458008 0.689453 0.463867 0.691406 0.469727 0.691406 0.470703 0.697266 0.481445 0.702148 0.473633 0.705078 0.466797 0.704102 0.457031 0.701172 0.452148 0.701172 0.441406 0.696289 0.435547 0.696289 0.429688 0.691406 0.423828 0.692383 0.418945 0.687500 0.412109 0.684570 0.412109 0.685547 0.404297 0.681641 0.394531 0.674805 0.394531 0.666016 0.395508 0.656250 0.387695 0.652344 0.379883 0.645508 0.386719 0.641602 0.383789 0.631836 0.387695 0.625977 0.391602 0.616211 0.401367 0.610352
1 0.495117 0.677734 0.500000 0.686523 0.493164 0.694336 0.482422 0.684570
1 0.392578 0.762695 0.402344 0.763672 0.401367 0.770508 0.401367 0.770508 0.390625 0.770508
1 0.387695 0.773438 0.384766 0.781250 0.378906 0.776367 0.380859 0.768555
0 0.401367 0.773438 0.410156 0.778320 0.413086 0.784180 0.407227 0.792969 0.399414 0.795898 0.392578 0.809570 0.382812 0.813477 0.373047 0.818359 0.375000 0.826172 0.368164 0.830078 0.355469 0.827148 0.349609 0.833984 0.359375 0.835938 0.363281 0.840820 0.362305 0.847656 0.351562 0.853516 0.343750 0.855469 0.335938 0.859375 0.326172 0.855469 0.315430 0.853516 0.315430 0.859375 0.312500 0.869141 0.299805 0.868164 0.301758 0.857422 0.299805 0.849609 0.304688 0.845703 0.298828 0.833984 0.282227 0.832031 0.275391 0.826172 0.263672 0.817383 0.250977 0.804688 0.236328 0.804688 0.232422 0.792969 0.227539 0.781250 0.234375 0.773438 0.234375 0.773438 0.230469 0.761719 0.237305 0.750977 0.253906 0.752930 0.261719 0.764648 0.273438 0.765625 0.275391 0.770508 0.279297 0.760742 0.291992 0.759766 0.299805 0.754883 0.309570 0.753906 0.316406 0.758789 0.323242 0.759766 0.328125 0.763672 0.337891 0.764648 0.346680 0.772461 0.351562 0.763672 0.358398 0.764648 0.358398 0.773438 0.366211 0.778320 0.376953 0.777344 0.384766 0.782227 0.392578 0.774414
1 0.374023 0.861328 0.379883 0.864258 0.379883 0.871094 0.372070 0.870117
1 0.337891 0.859375 0.342773 0.863281 0.341797 0.873047 0.334961 0.876953 0.328125 0.869141 0.329102 0.861328
1 0.275391 0.844727 0.281250 0.844727 0.282227 0.851562 0.272461 0.852539
1 0.254883 0.841797 0.264648 0.844727 0.264648 0.852539 0.254883 0.852539 0.251953 0.844727
0 0.196289 0.864258 0.205078 0.865234 0.212891 0.874023 0.208984 0.881836 0.210938 0.886719 0.210938 0.895508 0.216797 0.896484 0.220703 0.886719 0.226562 0.889648 0.223633 0.900391 0.224609 0.900391 0.225586 0.908203 0.231445 0.914062 0.231445 0.914062 0.227539 0.920898 0.218750 0.924805 0.219727 0.925781 0.221680 0.934570 0.223633 0.943359 0.227539 0.950195 0.225586 0.955078 0.214844 0.954102 0.206055 0.951172 0.196289 0.947266 0.188477 0.944336 0.178711 0.944336 0.179688 0.944336 0.171875 0.940430 0.168945 0.935547 0.162109 0.931641 0.162109 0.921875 0.162109 0.922852 0.166992 0.912109 0.173828 0.911133 0.177734 0.917969 0.180664 0.911133 0.178711 0.903320 0.176758 0.891602 0.174805 0.884766 0.174805 0.884766 0.180664 0.882812 0.186523 0.887695 0.189453 0.880859 0.194336 0.870117
1 0.264648 0.863281 0.269531 0.863281 0.269531 0.870117 0.262695 0.870117
1 0.306641 0.870117 0.313477 0.870117 0.313477 0.876953 0.306641 0.877930
1 0.242188 0.875977 0.247070 0.876953 0.247070 0.876953 0.247070 0.884766 0.240234 0.886719 0.237305 0.879883
1 0.249023 0.879883 0.255859 0.880859 0.255859 0.887695 0.250000 0.888672
1 0.258789 0.894531 0.267578 0.897461 0.273438 0.907227 0.265625 0.911133 0.256836 0.910156 0.250000 0.907227 0.250000 0.900391
0 0.211914 1.000000 0.215820 0.990234 0.211914 0.984375 0.217773 0.979492 0.223633 0.975586 0.227539 0.978516 0.232422 0.984375 0.236328 0.980469 0.238281 0.973633 0.232422 0.971680 0.223633 0.968750 0.223633 0.960938 0.228516 0.959961 0.234375 0.964844 0.243164 0.966797 0.250000 0.968750 0.251953 0.958984 0.241211 0.953125 0.232422 0.944336 0.238281 0.935547 0.244141 0.934570 0.250977 0.930664 0.257812 0.934570 0.267578 0.931641 0.262695 0.923828 0.264648 0.916992 0.272461 0.914062 0.276367 0.905273 0.288086 0.905273 0.295898 0.903320 0.298828 0.910156 0.308594 0.911133 0.310547 0.904297 0.320312 0.904297 0.326172 0.910156 0.336914 0.919922 0.336914 0.925781 0.339844 0.936523 0.335938 0.942383 0.333984 0.954102 0.328125 0.974609 0.327148 0.986328 0.321289 0.992188 0.323242 1.000000
1 0.208984 0.954102 0.214844 0.955078 0.214844 0.960938 0.208984 0.959961
1 0.231445 0.916992 0.237305 0.917969 0.238281 0.922852 0.233398 0.924805 0.229492 0.922852
1 0.227539 0.932617 0.233398 0.932617 0.235352 0.937500 0.232422 0.942383 0.226562 0.940430
1 0.245117 0.917969 0.250000 0.916992 0.249023 0.922852 0.245117 0.923828
1 0.347656 0.999023 0.345703 0.993164 0.352539 0.989258 0.358398 0.991211 0.359375 0.996094 0.358398 1.000000
1 0.356445 0.958984 0.362305 0.953125 0.368164 0.955078 0.367188 0.965820 0.363281 0.969727 0.356445 0.966797
1 0.394531 0.929688 0.403320 0.931641 0.402344 0.939453 0.394531 0.937500
0 0.405273 0.925781 0.408203 0.921875 0.416016 0.920898 0.421875 0.925781 0.426758 0.931641 0.419922 0.933594 0.421875 0.956055 0.429688 0.958008 0.434570 0.961914 0.432617 0.967773 0.425781 0.967773 0.426758 0.974609 0.425781 0.983398 0.420898 0.983398 0.416016 0.979492 0.416016 0.984375 0.410156 0.983398 0.404297 0.978516 0.406250 0.971680 0.398438 0.967773 0.390625 0.967773 0.390625 0.967773 0.381836 0.961914 0.374023 0.958008 0.370117 0.953125 0.370117 0.943359 0.375000 0.941406 0.382812 0.944336 0.382812 0.938477 0.389648 0.940430 0.394531 0.946289 0.404297 0.943359 0.402344 0.935547 0.405273 0.933594
1 0.433594 0.957031 0.439453 0.957031 0.439453 0.961914 0.436523 0.962891
1 0.434570 0.966797 0.440430 0.967773 0.440430 0.968750 0.440430 0.973633 0.435547 0.974609
1 0.436523 0.978516 0.440430 0.977539 0.441406 0.982422 0.437500 0.983398
0 0.398438 0.858398 0.408203 0.857422 0.414062 0.861328 0.419922 0.864258 0.425781 0.864258 0.426758 0.859375 0.420898 0.854492 0.423828 0.849609 0.427734 0.843750 0.434570 0.843750 0.434570 0.844727 0.439453 0.848633 0.439453 0.848633 0.436523 0.854492 0.436523 0.864258 0.435547 0.872070 0.441406 0.868164 0.447266 0.869141 0.448242 0.874023 0.454102 0.869141 0.460938 0.869141 0.463867 0.874023 0.468750 0.876953 0.467773 0.881836 0.460938 0.884766 0.455078 0.888672 0.448242 0.894531 0.442383 0.897461 0.435547 0.894531 0.432617 0.901367 0.426758 0.901367 0.428711 0.907227 0.428711 0.907227 0.422852 0.907227 0.417969 0.900391 0.417969 0.889648 0.409180 0.890625 0.399414 0.890625 0.390625 0.888672 0.390625 0.888672 0.390625 0.880859 0.397461 0.873047 0.393555 0.866211 0.393555 0.866211
1 0.445312 0.841797 0.450195 0.843750 0.450195 0.844727 0.446289 0.847656 0.446289 0.847656 0.441406 0.845703
1 0.441406 0.848633 0.447266 0.849609 0.448242 0.854492 0.441406 0.855469
1 0.478516 0.838867 0.483398 0.845703 0.483398 0.853516 0.479492 0.858398 0.469727 0.854492 0.469727 0.854492 0.470703 0.838867
1 0.466797 0.891602 0.470703 0.894531 0.469727 0.899414 0.461914 0.897461
1 0.433594 0.759766 0.444336 0.762695 0.446289 0.772461 0.439453 0.778320 0.429688 0.775391 0.429688 0.775391 0.427734 0.765625
1 0.448242 0.760742 0.455078 0.760742 0.456055 0.767578 0.448242 0.769531 0.444336 0.765625
1 0.465820 0.768555 0.470703 0.777344 0.465820 0.783203 0.457031 0.783203 0.454102 0.771484
1 0.495117 0.768555 0.499023 0.773438 0.497070 0.779297 0.495117 0.775391
0 0.462891 0.792969 0.455078 0.791016 0.446289 0.789062 0.438477 0.792969 0.433594 0.797852 0.425781 0.800781 0.424805 0.808594 0.425781 0.812500 0.425781 0.822266 0.432617 0.833008 0.440430 0.836914 0.450195 0.835938 0.461914 0.833984 0.464844 0.831055 0.469727 0.827148 0.471680 0.833008 0.479492 0.833984 0.484375 0.824219 0.480469 0.819336 0.478516 0.811523 0.480469 0.807617 0.480469 0.799805 0.473633 0.799805 0.473633 0.799805 0.473633 0.808594 0.469727 0.815430 0.463867 0.820312 0.458984 0.824219 0.453125 0.823242 0.447266 0.817383 0.444336 0.808594 0.447266 0.800781 0.452148 0.798828 0.450195 0.810547 0.455078 0.815430 0.459961 0.811523 0.460938 0.811523 0.459961 0.800781 0.465820 0.797852
0 0.422852 0.776367 0.426758 0.776367 0.425781 0.785156 0.425781 0.791016 0.421875 0.796875 0.416992 0.799805 0.416016 0.793945 0.417969 0.783203
0 0.488281 0.786133 0.494141 0.789062 0.498047 0.794922 0.500000 0.804688 0.503906 0.796875 0.506836 0.789062 0.507812 0.782227 0.513672 0.776367 0.523438 0.772461 0.533203 0.769531 0.540039 0.774414 0.545898 0.774414 0.554688 0.775391 0.558594 0.776367 0.559570 0.770508 0.567383 0.766602 0.567383 0.760742 0.566406 0.751953 0.575195 0.749023 0.582031 0.751953 0.590820 0.752930 0.596680 0.754883 0.600586 0.760742 0.598633 0.767578 0.590820 0.768555 0.582031 0.768555 0.577148 0.769531 0.576172 0.777344 0.581055 0.782227 0.581055 0.782227 0.578125 0.787109 0.576172 0.794922 0.582031 0.794922 0.582031 0.794922 0.584961 0.790039 0.587891 0.782227 0.593750 0.781250 0.598633 0.785156 0.599609 0.791992 0.597656 0.794922 0.596680 0.804688 0.595703 0.810547 0.592773 0.820312 0.593750 0.825195 0.594727 0.832031 0.600586 0.836914 0.605469 0.837891 0.608398 0.832031 0.617188 0.832031 0.616211 0.843750 0.618164 0.850586 0.623047 0.855469 0.620117 0.860352 0.612305 0.860352 0.608398 0.866211 0.608398 0.866211 0.598633 0.867188 0.585938 0.872070 0.576172 0.873047 0.577148 0.879883 0.577148 0.879883 0.570312 0.883789 0.563477 0.877930 0.555664 0.876953 0.549805 0.873047 0.551758 0.867188 0.546875 0.863281 0.533203 0.869141 0.525391 0.872070 0.513672 0.870117 0.503906 0.871094 0.496094 0.863281 0.489258 0.852539 0.483398 0.853516 0.480469 0.845703 0.482422 0.839844 0.482422 0.839844 0.481445 0.830078 0.482422 0.822266 0.483398 0.816406 0.488281 0.811523 0.487305 0.802734 0.479492 0.798828 0.480469 0.790039
1 0.474609 0.858398 0.479492 0.860352 0.478516 0.870117 0.478516 0.870117 0.476562 0.875000 0.468750 0.874023 0.467773 0.865234
1 0.548828 0.876953 0.553711 0.876953 0.554688 0.882812 0.551758 0.884766 0.546875 0.882812
1 0.584961 0.884766 0.590820 0.887695 0.589844 0.894531 0.581055 0.893555 0.580078 0.887695
0 0.584961 0.901367 0.591797 0.901367 0.595703 0.910156 0.591797 0.914062 0.591797 0.921875 0.585938 0.923828 0.582031 0.918945 0.584961 0.910156 0.580078 0.904297
1 0.577148 0.928711 0.583008 0.929688 0.584961 0.937500 0.580078 0.943359 0.570312 0.942383 0.570312 0.933594
0 0.433594 1.000000 0.437500 0.995117 0.447266 0.995117 0.455078 0.993164 0.455078 0.993164 0.453125 0.986328 0.453125 0.981445 0.447266 0.979492 0.449219 0.968750 0.455078 0.964844 0.458984 0.968750 0.460938 0.973633 0.466797 0.975586 0.468750 0.969727 0.468750 0.962891 0.468750 0.962891 0.473633 0.961914 0.480469 0.965820 0.482422 0.963867 0.479492 0.959961 0.475586 0.958984 0.471680 0.955078 0.479492 0.947266 0.480469 0.935547 0.480469 0.935547 0.477539 0.928711 0.470703 0.925781 0.470703 0.925781 0.469727 0.919922 0.480469 0.922852 0.482422 0.917969 0.490234 0.917969 0.500000 0.920898 0.508789 0.916992 0.509766 0.913086 0.516602 0.915039 0.524414 0.922852 0.528320 0.920898 0.530273 0.916016 0.529297 0.908203 0.534180 0.900391 0.542969 0.903320 0.546875 0.912109 0.543945 0.919922 0.548828 0.924805 0.548828 0.924805 0.556641 0.923828 0.562500 0.926758 0.563477 0.935547 0.556641 0.939453 0.561523 0.945312 0.562500 0.956055 0.556641 0.959961 0.555664 0.966797 0.559570 0.971680 0.554688 0.977539 0.548828 0.976562 0.540039 0.978516 0.533203 0.975586 0.528320 0.980469 0.519531 0.979492 0.513672 0.976562 0.504883 0.974609 0.494141 0.972656 0.486328 0.973633 0.480469 0.980469 0.479492 0.987305 0.474609 0.992188 0.478516 1.000000
1 0.569336 0.976562 0.576172 0.972656 0.583008 0.975586 0.581055 0.982422 0.571289 0.983398 0.568359 0.980469
1 0.573242 0.984375 0.576172 0.987305 0.577148 0.993164 0.572266 0.994141 0.568359 0.989258
0 0.613281 0.907227 0.605469 0.904297 0.596680 0.909180 0.595703 0.918945 0.599609 0.924805 0.601562 0.927734 0.605469 0.931641 0.606445 0.937500 0.600586 0.932617 0.600586 0.932617 0.596680 0.928711 0.589844 0.929688 0.589844 0.936523 0.584961 0.938477 0.583984 0.945312 0.586914 0.949219 0.587891 0.955078 0.589844 0.958984 0.593750 0.961914 0.597656 0.958984 0.606445 0.958008 0.606445 0.965820 0.613281 0.968750 0.620117 0.970703 0.628906 0.973633 0.635742 0.973633 0.635742 0.973633 0.640625 0.970703 0.634766 0.965820 0.640625 0.961914 0.641602 0.953125 0.640625 0.948242 0.640625 0.948242 0.643555 0.944336 0.648438 0.944336 0.657227 0.939453 0.657227 0.939453 0.648438 0.932617 0.637695 0.931641 0.629883 0.928711 0.629883 0.928711 0.621094 0.929688 0.612305 0.927734 0.605469 0.920898 0.608398 0.915039 0.613281 0.914062
1 0.662109 0.999023 0.665039 0.990234 0.669922 0.992188 0.678711 0.991211 0.681641 0.996094 0.680664 1.000000
1 0.612305 1.000000 0.615234 0.993164 0.620117 0.996094 0.620117 1.000000
1 0.671875 0.948242 0.678711 0.949219 0.680664 0.956055 0.675781 0.958008 0.669922 0.954102
1 0.669922 0.970703 0.673828 0.969727 0.677734 0.974609 0.674805 0.978516 0.667969 0.977539
1 0.708008 0.950195 0.712891 0.949219 0.714844 0.953125 0.713867 0.957031 0.707031 0.956055
0 0.697266 0.986328 0.701172 0.989258 0.706055 0.985352 0.710938 0.985352 0.715820 0.987305 0.715820 0.987305 0.719727 0.984375 0.716797 0.978516 0.718750 0.975586 0.718750 0.966797 0.717773 0.961914 0.715820 0.956055 0.721680 0.950195 0.728516 0.952148 0.731445 0.949219 0.734375 0.944336 0.740234 0.946289 0.743164 0.951172 0.749023 0.947266 0.751953 0.941406 0.747070 0.936523 0.750000 0.928711 0.752930 0.925781 0.757812 0.927734 0.761719 0.930664 0.764648 0.933594 0.768555 0.936523 0.768555 0.936523 0.775391 0.934570 0.780273 0.926758 0.791016 0.924805 0.802734 0.924805 0.812500 0.924805 0.815430 0.919922 0.823242 0.920898 0.833008 0.921875 0.837891 0.927734 0.837891 0.927734 0.838867 0.938477 0.838867 0.949219 0.836914 0.956055 0.836914 0.965820 0.837891 0.970703 0.833008 0.973633 0.825195 0.972656 0.817383 0.975586 0.816406 0.981445 0.826172 0.979492 0.833008 0.979492 0.837891 0.982422 0.833984 0.988281 0.833008 0.995117 0.832031 1.000000 0.797852 1.000000 0.792969 0.993164 0.786133 0.990234 0.786133 0.990234 0.781250 0.985352 0.778320 0.989258 0.784180 0.995117 0.786133 1.000000 0.693359 1.000000 0.693359 0.994141 0.689453 0.989258 0.692383 0.984375
1 0.936523 1.000000 0.939453 0.992188 0.946289 0.992188 0.952148 0.992188 0.958008 0.997070 0.957031 1.000000
1 0.958984 1.000000 0.960938 0.994141 0.964844 0.993164 0.966797 0.996094 0.967773 1.000000
1 0.971680 0.999023 0.975586 0.994141 0.978516 0.994141 0.980469 0.998047 0.980469 1.000000
1 0.717773 0.920898 0.722656 0.920898 0.725586 0.924805 0.722656 0.930664 0.716797 0.927734
1 0.750977 0.902344 0.758789 0.896484 0.765625 0.897461 0.774414 0.895508 0.780273 0.904297 0.778320 0.913086 0.776367 0.918945 0.766602 0.922852 0.754883 0.920898 0.748047 0.915039 0.748047 0.915039 0.748047 0.908203
1 0.722656 0.901367 0.730469 0.903320 0.731445 0.909180 0.722656 0.908203
1 0.706055 0.877930 0.711914 0.875977 0.716797 0.878906 0.716797 0.878906 0.714844 0.883789 0.706055 0.883789
0 0.697266 0.882812 0.704102 0.884766 0.707031 0.889648 0.712891 0.892578 0.715820 0.897461 0.711914 0.901367 0.706055 0.898438 0.699219 0.897461 0.695312 0.905273 0.682617 0.904297 0.679688 0.893555 0.683594 0.889648 0.693359 0.888672
0 0.612305 0.868164 0.609375 0.870117 0.608398 0.880859 0.605469 0.889648 0.602539 0.898438 0.609375 0.901367 0.616211 0.901367 0.623047 0.904297 0.623047 0.904297 0.632812 0.906250 0.643555 0.907227 0.647461 0.905273 0.646484 0.894531 0.649414 0.891602 0.651367 0.886719 0.647461 0.879883 0.647461 0.876953 0.652344 0.878906 0.657227 0.874023 0.661133 0.877930 0.656250 0.884766 0.654297 0.893555 0.658203 0.899414 0.666992 0.898438 0.671875 0.890625 0.669922 0.883789 0.677734 0.878906 0.682617 0.880859 0.686523 0.882812 0.693359 0.880859 0.696289 0.873047 0.701172 0.875977 0.708008 0.873047 0.704102 0.862305 0.704102 0.862305 0.710938 0.863281 0.713867 0.872070 0.720703 0.873047 0.726562 0.867188 0.731445 0.860352 0.733398 0.849609 0.732422 0.837891 0.732422 0.837891 0.725586 0.828125 0.712891 0.824219 0.706055 0.819336 0.696289 0.818359 0.691406 0.812500 0.683594 0.813477 0.678711 0.809570 0.672852 0.800781 0.667969 0.792969 0.664062 0.795898 0.663086 0.804688 0.665039 0.812500 0.665039 0.816406 0.660156 0.815430 0.657227 0.809570 0.659180 0.803711 0.654297 0.799805 0.646484 0.799805 0.645508 0.793945 0.639648 0.795898 0.634766 0.799805 0.641602 0.801758 0.643555 0.808594 0.637695 0.811523 0.632812 0.813477 0.631836 0.823242 0.637695 0.826172 0.633789 0.832031 0.640625 0.835938 0.647461 0.835938 0.649414 0.841797 0.638672 0.840820 0.631836 0.840820 0.631836 0.840820 0.625000 0.839844 0.618164 0.842773 0.617188 0.850586 0.623047 0.854492 0.619141 0.863281
0 0.950195 0.908203 0.948242 0.918945 0.945312 0.927734 0.947266 0.936523 0.945312 0.941406 0.939453 0.935547 0.933594 0.927734 0.939453 0.915039 0.940430 0.899414
1 0.960938 0.815430 0.966797 0.822266 0.970703 0.827148 0.970703 0.835938 0.962891 0.841797 0.955078 0.837891 0.950195 0.823242
0 0.746094 0.868164 0.756836 0.870117 0.762695 0.877930 0.764648 0.884766 0.756836 0.891602 0.757812 0.898438 0.751953 0.899414 0.747070 0.896484 0.740234 0.897461 0.730469 0.896484 0.719727 0.895508 0.719727 0.895508 0.715820 0.889648 0.718750 0.882812 0.726562 0.878906 0.727539 0.873047 0.731445 0.874023 0.734375 0.870117 0.737305 0.867188 0.733398 0.859375 0.737305 0.850586 0.743164 0.850586 0.745117 0.857422
0 0.830078 0.848633 0.818359 0.846680 0.802734 0.852539 0.801758 0.857422 0.802734 0.863281 0.794922 0.869141 0.785156 0.870117 0.776367 0.868164 0.766602 0.875977 0.766602 0.885742 0.773438 0.885742 0.778320 0.879883 0.782227 0.881836 0.782227 0.888672 0.775391 0.891602 0.769531 0.893555 0.768555 0.898438 0.778320 0.898438 0.778320 0.898438 0.782227 0.901367 0.791016 0.900391 0.794922 0.902344 0.804688 0.904297 0.804688 0.904297 0.804688 0.897461 0.797852 0.893555 0.796875 0.884766 0.804688 0.888672 0.807617 0.887695 0.815430 0.885742 0.820312 0.877930 0.815430 0.870117 0.817383 0.865234 0.825195 0.865234 0.825195 0.872070 0.825195 0.880859 0.824219 0.886719 0.818359 0.888672 0.811523 0.890625 0.809570 0.897461 0.810547 0.907227 0.814453 0.910156 0.821289 0.910156 0.825195 0.902344 0.826172 0.896484 0.831055 0.892578 0.835938 0.897461 0.841797 0.898438 0.841797 0.893555 0.848633 0.898438 0.848633 0.891602 0.841797 0.888672 0.840820 0.884766 0.847656 0.885742 0.849609 0.878906 0.845703 0.876953 0.839844 0.878906 0.836914 0.875000 0.844727 0.871094 0.843750 0.862305 0.844727 0.854492
0 0.718750 0.797852 0.717773 0.804688 0.708008 0.805664 0.704102 0.795898 0.704102 0.786133 0.705078 0.773438 0.708008 0.768555 0.708984 0.757812 0.713867 0.751953 0.721680 0.752930 0.726562 0.750000 0.731445 0.750977 0.736328 0.750977 0.742188 0.749023 0.747070 0.751953 0.751953 0.753906 0.756836 0.755859 0.764648 0.754883 0.774414 0.757812 0.783203 0.759766 0.788086 0.756836 0.801758 0.756836 0.809570 0.759766 0.815430 0.765625 0.819336 0.768555 0.819336 0.768555 0.831055 0.772461 0.842773 0.774414 0.854492 0.775391 0.861328 0.767578 0.863281 0.763672 0.872070 0.765625 0.875000 0.762695 0.878906 0.769531 0.871094 0.773438 0.872070 0.786133 0.872070 0.793945 0.865234 0.795898 0.863281 0.806641 0.858398 0.821289 0.859375 0.827148 0.866211 0.833008 0.865234 0.842773 0.860352 0.847656 0.854492 0.851562 0.857422 0.855469 0.854492 0.862305 0.854492 0.862305 0.850586 0.866211 0.850586 0.866211 0.845703 0.864258 0.847656 0.854492 0.840820 0.851562 0.833008 0.850586 0.827148 0.845703 0.820312 0.844727 0.814453 0.841797 0.808594 0.833984 0.805664 0.825195 0.807617 0.816406 0.802734 0.810547 0.792969 0.805664 0.777344 0.800781 0.766602 0.801758 0.766602 0.801758 0.756836 0.800781 0.749023 0.797852 0.749023 0.797852 0.748047 0.806641 0.751953 0.815430 0.746094 0.824219 0.733398 0.827148 0.716797 0.826172 0.715820 0.816406 0.720703 0.810547 0.722656 0.799805 0.721680 0.792969
0 0.632812 0.729492 0.639648 0.724609 0.646484 0.726562 0.660156 0.728516 0.667969 0.726562 0.675781 0.728516 0.684570 0.731445 0.689453 0.736328 0.689453 0.736328 0.686523 0.744141 0.683594 0.750977 0.675781 0.751953 0.670898 0.745117 0.667969 0.753906 0.666016 0.758789 0.669922 0.763672 0.676758 0.765625 0.679688 0.771484 0.672852 0.775391 0.670898 0.784180 0.661133 0.785156 0.652344 0.791016 0.638672 0.791992 0.632812 0.784180 0.626953 0.776367 0.626953 0.767578 0.625000 0.761719 0.617188 0.762695 0.603516 0.759766 0.600586 0.753906 0.596680 0.742188 0.605469 0.743164 0.622070 0.734375 0.631836 0.738281
1 0.503906 0.708984 0.503906 0.715820 0.497070 0.715820 0.494141 0.708984
0 0.482422 0.720703 0.487305 0.721680 0.493164 0.722656 0.500977 0.723633 0.504883 0.732422 0.491211 0.737305 0.481445 0.739258 0.473633 0.732422 0.473633 0.725586
1 0.498047 0.735352 0.507812 0.734375 0.512695 0.741211 0.512695 0.746094 0.505859 0.749023 0.497070 0.747070 0.494141 0.739258 0.496094 0.737305
1 0.516602 0.746094 0.523438 0.749023 0.524414 0.753906 0.514648 0.755859 0.511719 0.750000 0.511719 0.750000
1 0.561523 0.607422 0.569336 0.609375 0.569336 0.617188 0.568359 0.624023 0.559570 0.624023 0.555664 0.615234
0 0.429688 0.487305 0.435547 0.485352 0.439453 0.492188 0.438477 0.501953 0.439453 0.506836 0.443359 0.514648 0.451172 0.515625 0.458008 0.521484 0.450195 0.524414 0.448242 0.534180 0.453125 0.540039 0.457031 0.531250 0.457031 0.524414 0.460938 0.520508 0.465820 0.523438 0.465820 0.523438 0.464844 0.533203 0.460938 0.542969 0.463867 0.549805 0.463867 0.560547 0.463867 0.568359 0.461914 0.574219 0.450195 0.576172 0.442383 0.575195 0.436523 0.565430 0.434570 0.552734 0.437500 0.540039 0.426758 0.543945 0.420898 0.538086 0.425781 0.529297 0.419922 0.523438 0.414062 0.511719 0.419922 0.504883 0.418945 0.496094 0.426758 0.490234
0 0.500977 0.457031 0.503906 0.453125 0.504883 0.448242 0.512695 0.445312 0.517578 0.453125 0.517578 0.453125 0.511719 0.458008 0.516602 0.468750 0.515625 0.479492 0.508789 0.484375 0.500000 0.478516 0.488281 0.478516 0.480469 0.474609 0.484375 0.465820 0.485352 0.459961 0.492188 0.458984
1 0.531250 0.444336 0.535156 0.448242 0.535156 0.457031 0.528320 0.456055 0.528320 0.456055 0.526367 0.448242
1 0.531250 0.467773 0.536133 0.473633 0.536133 0.473633 0.534180 0.478516 0.528320 0.478516 0.523438 0.470703
1 0.531250 0.480469 0.538086 0.483398 0.538086 0.483398 0.535156 0.492188 0.528320 0.489258 0.525391 0.484375
1 0.559570 0.508789 0.566406 0.512695 0.566406 0.512695 0.565430 0.517578 0.557617 0.519531 0.554688 0.514648
1 0.570312 0.496094 0.579102 0.494141 0.582031 0.502930 0.573242 0.504883
1 0.601562 0.500000 0.608398 0.501953 0.607422 0.508789 0.602539 0.508789
0 0.540039 0.452148 0.548828 0.450195 0.554688 0.454102 0.560547 0.454102 0.569336 0.453125 0.577148 0.456055 0.582031 0.462891 0.581055 0.466797 0.574219 0.466797 0.574219 0.472656 0.567383 0.475586 0.556641 0.470703 0.554688 0.465820 0.552734 0.460938 0.541016 0.462891 0.545898 0.465820 0.548828 0.470703 0.548828 0.477539 0.544922 0.478516 0.541016 0.474609 0.536133 0.470703 0.536133 0.470703 0.532227 0.466797 0.526367 0.467773 0.520508 0.466797 0.513672 0.464844 0.513672 0.458984 0.523438 0.460938 0.537109 0.458984 0.536133 0.452148
0 0.525391 0.490234 0.526367 0.495117 0.535156 0.494141 0.535156 0.502930 0.529297 0.507812 0.518555 0.506836 0.509766 0.506836 0.502930 0.501953 0.507812 0.492188 0.515625 0.493164 0.522461 0.485352
0 0.528320 0.519531 0.534180 0.523438 0.539062 0.523438 0.542969 0.526367 0.546875 0.528320 0.542969 0.534180 0.536133 0.537109 0.529297 0.541992 0.529297 0.541992 0.518555 0.540039 0.513672 0.531250 0.518555 0.524414 0.524414 0.521484
0 0.565430 0.518555 0.574219 0.515625 0.579102 0.519531 0.585938 0.518555 0.594727 0.519531 0.601562 0.523438 0.599609 0.530273 0.603516 0.535156 0.608398 0.533203 0.614258 0.532227 0.617188 0.537109 0.612305 0.542969 0.610352 0.549805 0.601562 0.551758 0.593750 0.550781 0.593750 0.541016 0.583984 0.538086 0.583008 0.528320 0.575195 0.534180 0.578125 0.540039 0.577148 0.547852 0.569336 0.545898 0.569336 0.545898 0.565430 0.541016 0.564453 0.536133 0.570312 0.532227 0.562500 0.528320
0 0.584961 0.561523 0.592773 0.561523 0.593750 0.555664 0.593750 0.555664 0.601562 0.554688 0.608398 0.561523 0.614258 0.569336 0.607422 0.573242 0.606445 0.579102 0.601562 0.578125 0.595703 0.572266 0.589844 0.576172 0.583984 0.576172 0.579102 0.572266 0.579102 0.564453
0 0.583008 0.581055 0.587891 0.586914 0.590820 0.596680 0.597656 0.594727 0.606445 0.598633 0.619141 0.599609 0.630859 0.601562 0.640625 0.605469 0.651367 0.605469 0.660156 0.605469 0.666016 0.607422 0.673828 0.610352 0.679688 0.614258 0.684570 0.618164 0.688477 0.624023 0.698242 0.623047 0.704102 0.626953 0.705078 0.633789 0.697266 0.634766 0.690430 0.637695 0.699219 0.640625 0.700195 0.649414 0.696289 0.652344 0.685547 0.649414 0.674805 0.649414 0.665039 0.647461 0.654297 0.647461 0.650391 0.643555 0.643555 0.642578 0.636719 0.639648 0.625977 0.641602 0.616211 0.637695 0.606445 0.638672 0.592773 0.633789 0.588867 0.631836 0.584961 0.626953 0.584961 0.621094 0.592773 0.621094 0.595703 0.625977 0.602539 0.622070 0.607422 0.622070 0.613281 0.615234 0.611328 0.608398 0.605469 0.605469 0.598633 0.602539 0.591797 0.604492 0.590820 0.611328 0.588867 0.617188 0.582031 0.616211 0.578125 0.610352 0.578125 0.601562 0.572266 0.595703 0.571289 0.588867 0.579102 0.584961
0 0.959961 0.523438 0.964844 0.530273 0.974609 0.531250 0.976562 0.541016 0.972656 0.544922 0.975586 0.557617 0.968750 0.560547 0.967773 0.571289 0.951172 0.568359 0.940430 0.563477 0.925781 0.561523 0.920898 0.551758 0.920898 0.551758 0.928711 0.548828 0.926758 0.536133 0.931641 0.531250 0.927734 0.522461 0.942383 0.517578 0.949219 0.514648
0 0.687500 0.618164 0.692383 0.613281 0.686523 0.609375 0.682617 0.604492 0.686523 0.602539 0.690430 0.603516 0.694336 0.596680 0.699219 0.592773 0.699219 0.586914 0.704102 0.585938 0.708984 0.587891 0.714844 0.592773 0.715820 0.598633 0.710938 0.603516 0.710938 0.606445 0.707031 0.607422 0.702148 0.608398 0.702148 0.608398 0.707031 0.618164 0.698242 0.620117 0.694336 0.623047 0.688477 0.624023 0.688477 0.620117
0 0.721680 0.559570 0.718750 0.565430 0.716797 0.572266 0.716797 0.579102 0.717773 0.584961 0.720703 0.585938 0.722656 0.578125 0.724609 0.565430 0.727539 0.555664 0.730469 0.547852 0.730469 0.541016 0.734375 0.532227 0.734375 0.523438 0.741211 0.517578 0.740234 0.510742 0.737305 0.509766 0.735352 0.504883 0.727539 0.506836 0.725586 0.502930 0.712891 0.505859 0.705078 0.504883 0.698242 0.500977 0.689453 0.498047 0.689453 0.498047 0.682617 0.495117 0.677734 0.490234 0.668945 0.490234 0.662109 0.484375 0.657227 0.491211 0.656250 0.497070 0.657227 0.504883 0.657227 0.513672 0.657227 0.513672 0.661133 0.523438 0.663086 0.527344 0.667969 0.531250 0.672852 0.534180 0.678711 0.536133 0.684570 0.541016 0.684570 0.549805 0.683594 0.554688 0.683594 0.554688 0.682617 0.563477 0.681641 0.574219 0.683594 0.580078 0.679688 0.586914 0.678711 0.594727 0.675781 0.600586 0.678711 0.602539 0.684570 0.601562 0.685547 0.596680 0.691406 0.593750 0.691406 0.593750 0.690430 0.587891 0.689453 0.583984 0.695312 0.581055 0.702148 0.578125 0.701172 0.571289 0.708008 0.570312 0.710938 0.566406 0.712891 0.561523 0.716797 0.557617
1 0.581055 0.482422 0.587891 0.481445 0.588867 0.486328 0.585938 0.489258 0.582031 0.487305
1 0.579102 0.472656 0.583008 0.471680 0.584961 0.476562 0.584961 0.476562 0.582031 0.479492 0.578125 0.477539 0.579102 0.474609
1 0.628906 0.481445 0.634766 0.482422 0.637695 0.488281 0.635742 0.493164 0.627930 0.494141 0.624023 0.485352
1 0.614258 0.503906 0.618164 0.503906 0.619141 0.507812 0.615234 0.509766 0.613281 0.507812
0 0.611328 0.516602 0.617188 0.513672 0.625977 0.513672 0.628906 0.511719 0.623047 0.508789 0.630859 0.500977 0.624023 0.498047 0.629883 0.497070 0.639648 0.495117 0.643555 0.501953 0.647461 0.511719 0.641602 0.517578 0.641602 0.517578 0.632812 0.519531 0.626953 0.527344 0.620117 0.532227 0.615234 0.528320
0 0.605469 0.469727 0.613281 0.470703 0.618164 0.474609 0.624023 0.480469 0.619141 0.488281 0.619141 0.488281 0.621094 0.493164 0.617188 0.499023 0.610352 0.498047 0.609375 0.491211 0.605469 0.492188 0.598633 0.491211 0.596680 0.485352 0.601562 0.483398 0.599609 0.477539 0.602539 0.471680
1 0.605469 0.446289 0.616211 0.449219 0.617188 0.458984 0.609375 0.463867 0.598633 0.459961 0.595703 0.452148 0.599609 0.447266
1 0.624023 0.465820 0.631836 0.464844 0.633789 0.470703 0.629883 0.475586 0.622070 0.474609 0.620117 0.469727
1 0.657227 0.449219 0.661133 0.456055 0.658203 0.465820 0.649414 0.465820 0.647461 0.457031 0.652344 0.452148
1 0.669922 0.439453 0.671875 0.444336 0.668945 0.450195 0.668945 0.450195 0.664062 0.449219 0.664062 0.449219 0.663086 0.443359 0.667969 0.439453
1 0.666992 0.450195 0.667969 0.455078 0.666992 0.458984 0.660156 0.458984 0.660156 0.458984 0.662109 0.453125
1 0.666016 0.460938 0.669922 0.464844 0.669922 0.468750 0.665039 0.469727 0.662109 0.465820
1 0.669922 0.474609 0.671875 0.479492 0.667969 0.482422 0.662109 0.480469 0.662109 0.475586 0.667969 0.472656
0 0.692383 0.485352 0.694336 0.485352 0.698242 0.484375 0.705078 0.485352 0.713867 0.487305 0.718750 0.495117 0.713867 0.498047 0.705078 0.498047 0.696289 0.493164 0.690430 0.492188 0.684570 0.491211 0.682617 0.487305 0.685547 0.484375
1 0.750000 0.486328 0.751953 0.490234 0.748047 0.493164 0.744141 0.487305
1 0.749023 0.495117 0.755859 0.497070 0.755859 0.502930 0.755859 0.502930 0.750977 0.501953 0.750977 0.501953
0 0.727539 0.491211 0.729492 0.492188 0.736328 0.493164 0.743164 0.494141 0.745117 0.499023 0.736328 0.500000 0.727539 0.499023 0.727539 0.499023 0.724609 0.493164
1 0.782227 0.519531 0.786133 0.518555 0.788086 0.527344 0.783203 0.528320 0.779297 0.524414
0 0.748047 0.508789 0.752930 0.510742 0.752930 0.510742 0.756836 0.511719 0.761719 0.512695 0.766602 0.512695 0.772461 0.517578 0.773438 0.522461 0.773438 0.522461 0.769531 0.525391 0.762695 0.521484 0.754883 0.519531 0.749023 0.518555 0.745117 0.513672
1 0.498047 0.275391 0.500000 0.282227 0.499023 0.287109 0.490234 0.286133 0.489258 0.276367
1 0.532227 0.281250 0.535156 0.285156 0.535156 0.285156 0.534180 0.291016 0.528320 0.290039 0.528320 0.284180
1 0.542969 0.282227 0.547852 0.284180 0.546875 0.291016 0.541016 0.291992 0.539062 0.286133 0.541016 0.284180
1 0.578125 0.407227 0.583008 0.409180 0.582031 0.417969 0.575195 0.417969 0.573242 0.411133
1 0.570312 0.438477 0.576172 0.441406 0.578125 0.451172 0.573242 0.453125 0.566406 0.451172 0.566406 0.444336
1 0.600586 0.291016 0.608398 0.290039 0.611328 0.300781 0.603516 0.305664 0.603516 0.305664 0.596680 0.297852
0 0.621094 0.309570 0.610352 0.307617 0.603516 0.311523 0.605469 0.316406 0.600586 0.319336 0.601562 0.324219 0.608398 0.323242 0.608398 0.323242 0.606445 0.331055 0.599609 0.332031 0.599609 0.343750 0.599609 0.352539 0.595703 0.367188 0.597656 0.374023 0.607422 0.375000 0.611328 0.367188 0.615234 0.349609 0.611328 0.341797 0.611328 0.333984 0.620117 0.334961 0.621094 0.345703 0.626953 0.353516 0.634766 0.356445 0.649414 0.356445 0.659180 0.360352 0.664062 0.369141 0.666992 0.373047 0.666992 0.373047 0.666016 0.380859 0.666016 0.380859 0.671875 0.385742 0.679688 0.381836 0.680664 0.375000 0.680664 0.375000 0.674805 0.369141 0.684570 0.365234 0.681641 0.359375 0.681641 0.352539 0.685547 0.349609 0.692383 0.350586 0.692383 0.359375 0.699219 0.363281 0.706055 0.368164 0.706055 0.368164 0.715820 0.368164 0.722656 0.359375 0.725586 0.348633 0.716797 0.345703 0.708008 0.342773 0.698242 0.340820 0.690430 0.337891 0.691406 0.328125 0.682617 0.326172 0.674805 0.325195 0.673828 0.319336 0.670898 0.318359 0.667969 0.320312 0.666992 0.325195 0.660156 0.325195 0.658203 0.316406 0.652344 0.311523 0.651367 0.304688 0.630859 0.305664 0.625000 0.306641
1 0.665039 0.388672 0.668945 0.387695 0.672852 0.390625 0.672852 0.395508 0.666016 0.396484 0.663086 0.395508
0 0.556641 0.275391 0.562500 0.275391 0.570312 0.271484 0.575195 0.280273 0.574219 0.286133 0.565430 0.285156 0.556641 0.286133 0.552734 0.280273
1 0.576172 0.255859 0.583984 0.256836 0.583984 0.263672 0.576172 0.264648 0.573242 0.260742
1 0.602539 0.250000 0.608398 0.250000 0.609375 0.255859 0.605469 0.257812
1 0.597656 0.262695 0.605469 0.262695 0.607422 0.268555 0.604492 0.271484 0.599609 0.267578
0 0.573242 0.273438 0.579102 0.273438 0.589844 0.273438 0.595703 0.272461 0.599609 0.277344 0.597656 0.282227 0.590820 0.281250 0.590820 0.281250 0.578125 0.278320
1 0.608398 0.276367 0.611328 0.281250 0.611328 0.281250 0.606445 0.285156 0.602539 0.279297
0 0.618164 0.273438 0.624023 0.277344 0.625000 0.283203 0.635742 0.283203 0.643555 0.285156 0.643555 0.285156 0.651367 0.284180 0.651367 0.284180 0.666992 0.285156 0.673828 0.283203 0.679688 0.290039 0.678711 0.297852 0.669922 0.301758 0.666992 0.306641 0.664062 0.309570 0.658203 0.307617 0.658203 0.307617 0.653320 0.303711 0.643555 0.305664 0.629883 0.306641 0.629883 0.306641 0.624023 0.303711 0.621094 0.295898 0.612305 0.295898 0.611328 0.289062 0.615234 0.286133 0.613281 0.276367
1 0.672852 0.270508 0.674805 0.274414 0.670898 0.277344 0.664062 0.274414 0.666016 0.269531
1 0.687500 0.277344 0.696289 0.278320 0.700195 0.284180 0.700195 0.291992 0.694336 0.294922 0.685547 0.291992 0.684570 0.282227
1 0.621094 0.236328 0.625977 0.235352 0.625000 0.242188 0.618164 0.241211
1 0.636719 0.233398 0.641602 0.238281 0.639648 0.242188 0.636719 0.240234
1 0.628906 0.218750 0.636719 0.219727 0.637695 0.225586 0.632812 0.227539
1 0.652344 0.205078 0.657227 0.208984 0.657227 0.208984 0.656250 0.215820 0.647461 0.216797 0.644531 0.209961
1 0.662109 0.204102 0.669922 0.202148 0.673828 0.206055 0.672852 0.213867 0.669922 0.214844 0.663086 0.212891 0.663086 0.212891 0.659180 0.208008
0 0.669922 0.217773 0.655273 0.216797 0.645508 0.219727 0.645508 0.229492 0.647461 0.237305 0.649414 0.241211 0.661133 0.242188 0.672852 0.240234 0.681641 0.241211 0.689453 0.241211 0.689453 0.237305 0.682617 0.236328 0.677734 0.236328 0.671875 0.232422 0.671875 0.224609
1 0.734375 0.287109 0.739258 0.285156 0.744141 0.287109 0.745117 0.292969 0.738281 0.295898 0.733398 0.291992
1 0.708008 0.266602 0.712891 0.267578 0.712891 0.271484 0.708008 0.270508
1 0.707031 0.260742 0.711914 0.259766 0.713867 0.265625 0.709961 0.265625
1 0.687500 0.213867 0.695312 0.213867 0.696289 0.224609 0.696289 0.224609 0.690430 0.226562 0.681641 0.224609 0.681641 0.217773
1 0.706055 0.223633 0.708984 0.230469 0.708984 0.230469 0.702148 0.232422 0.698242 0.225586
0 0.727539 0.213867 0.731445 0.208008 0.731445 0.208008 0.736328 0.205078 0.742188 0.208008 0.745117 0.212891 0.748047 0.217773 0.741211 0.223633 0.741211 0.223633 0.750000 0.227539 0.749023 0.233398 0.747070 0.244141 0.741211 0.252930 0.746094 0.257812 0.744141 0.264648 0.745117 0.271484 0.740234 0.274414 0.738281 0.265625 0.731445 0.262695 0.722656 0.260742 0.713867 0.259766 0.711914 0.253906 0.708984 0.248047 0.708984 0.248047 0.708984 0.241211 0.710938 0.233398 0.717773 0.235352 0.716797 0.228516 0.723633 0.228516 0.733398 0.227539 0.732422 0.224609 0.721680 0.226562 0.717773 0.221680 0.726562 0.218750
1 0.756836 0.186523 0.762695 0.188477 0.764648 0.196289 0.764648 0.196289 0.759766 0.200195 0.750000 0.199219 0.747070 0.191406 0.750977 0.187500
1 0.819336 0.247070 0.820312 0.254883 0.814453 0.257812 0.806641 0.253906 0.806641 0.244141 0.813477 0.243164
1 0.825195 0.244141 0.837891 0.244141 0.842773 0.253906 0.837891 0.259766 0.824219 0.259766 0.819336 0.251953 0.819336 0.244141
0 0.864258 0.276367 0.872070 0.278320 0.875000 0.290039 0.871094 0.301758 0.860352 0.298828 0.853516 0.301758 0.848633 0.294922 0.855469 0.291016 0.851562 0.279297 0.853516 0.270508
0 0.990234 0.317383 0.994141 0.321289 0.992188 0.330078 0.989258 0.335938 0.977539 0.334961 0.966797 0.336914 0.959961 0.332031 0.959961 0.332031 0.952148 0.332031 0.939453 0.331055 0.931641 0.335938 0.923828 0.333008 0.923828 0.339844 0.915039 0.340820 0.915039 0.340820 0.915039 0.351562 0.906250 0.356445 0.895508 0.353516 0.883789 0.352539 0.882812 0.343750 0.875977 0.337891 0.878906 0.329102 0.876953 0.320312 0.882812 0.311523 0.880859 0.300781 0.879883 0.287109 0.884766 0.282227 0.889648 0.284180 0.893555 0.272461 0.907227 0.267578 0.907227 0.267578 0.914062 0.262695 0.921875 0.263672 0.927734 0.271484 0.929688 0.282227 0.935547 0.290039 0.948242 0.291992 0.956055 0.291016 0.967773 0.294922 0.971680 0.306641 0.982422 0.301758 0.992188 0.306641
1 0.720703 0.313477 0.731445 0.312500 0.734375 0.322266 0.734375 0.322266 0.728516 0.325195 0.720703 0.322266
1 0.719727 0.325195 0.727539 0.327148 0.731445 0.334961 0.730469 0.346680 0.720703 0.344727 0.712891 0.340820 0.712891 0.340820 0.715820 0.331055
1 0.757812 0.329102 0.763672 0.329102 0.762695 0.335938 0.755859 0.333984
1 0.754883 0.342773 0.759766 0.342773 0.759766 0.346680 0.753906 0.346680
1 0.535156 0.000000 0.536133 0.005859 0.542969 0.007812 0.550781 0.006836 0.554688 0.000000 0.554688 0.000000
1 0.612305 0.006836 0.612305 0.012695 0.608398 0.013672 0.606445 0.006836
1 0.634766 0.007812 0.642578 0.008789 0.642578 0.012695 0.637695 0.013672
1 0.614258 0.000000 0.619141 0.004883 0.625977 0.008789 0.631836 0.000000
1 0.647461 0.018555 0.650391 0.026367 0.647461 0.036133 0.640625 0.035156 0.640625 0.035156 0.637695 0.030273 0.638672 0.020508
1 0.600586 0.017578 0.607422 0.018555 0.607422 0.028320 0.601562 0.026367
1 0.596680 0.085938 0.602539 0.085938 0.601562 0.096680 0.596680 0.095703
1 0.564453 0.085938 0.572266 0.084961 0.571289 0.089844 0.564453 0.089844
1 0.531250 0.066406 0.538086 0.066406 0.541992 0.071289 0.540039 0.077148 0.531250 0.076172
1 0.580078 0.117188 0.584961 0.119141 0.583984 0.127930 0.579102 0.125000
0 0.594727 0.118164 0.599609 0.118164 0.599609 0.125977 0.597656 0.135742 0.592773 0.135742 0.592773 0.125977 0.592773 0.125977
0 0.543945 0.084961 0.547852 0.088867 0.556641 0.090820 0.556641 0.096680 0.544922 0.094727 0.544922 0.094727 0.538086 0.090820 0.539062 0.084961
0 0.521484 0.044922 0.523438 0.050781 0.522461 0.058594 0.522461 0.064453 0.521484 0.070312 0.521484 0.076172 0.521484 0.076172 0.518555 0.083008 0.513672 0.083984 0.509766 0.080078 0.514648 0.072266 0.512695 0.066406 0.512695 0.055664 0.516602 0.048828
0 0.524414 0.036133 0.533203 0.036133 0.546875 0.037109 0.550781 0.041016 0.556641 0.044922 0.555664 0.048828 0.548828 0.045898 0.538086 0.043945 0.530273 0.042969 0.519531 0.040039 0.518555 0.036133
0 0.604492 0.067383 0.611328 0.065430 0.612305 0.071289 0.609375 0.077148 0.602539 0.078125
0 0.632812 0.084961 0.639648 0.084961 0.646484 0.083984 0.650391 0.090820 0.650391 0.090820 0.644531 0.093750 0.635742 0.093750 0.629883 0.089844
0 0.679688 0.016602 0.690430 0.017578 0.696289 0.022461 0.701172 0.026367 0.700195 0.037109 0.692383 0.041992 0.682617 0.044922 0.675781 0.049805 0.671875 0.045898 0.676758 0.038086 0.676758 0.038086 0.667969 0.032227 0.670898 0.024414
1 0.713867 0.038086 0.719727 0.040039 0.723633 0.048828 0.723633 0.048828 0.719727 0.053711 0.707031 0.050781 0.707031 0.041992
0 0.698242 0.152344 0.688477 0.154297 0.681641 0.162109 0.674805 0.174805 0.681641 0.177734 0.683594 0.186523 0.678711 0.195312 0.675781 0.206055 0.679688 0.212891 0.687500 0.212891 0.687500 0.212891 0.691406 0.209961 0.696289 0.212891 0.703125 0.213867 0.708984 0.209961 0.712891 0.208008 0.715820 0.202148 0.711914 0.199219 0.708008 0.186523 0.711914 0.176758 0.707031 0.172852 0.701172 0.171875 0.705078 0.163086 0.710938 0.166992 0.718750 0.178711 0.726562 0.182617 0.731445 0.179688 0.738281 0.175781 0.738281 0.175781 0.742188 0.171875 0.745117 0.174805 0.753906 0.175781 0.758789 0.179688 0.765625 0.178711 0.765625 0.166992 0.766602 0.155273 0.770508 0.146484 0.767578 0.141602 0.750977 0.144531 0.738281 0.148438 0.738281 0.148438 0.728516 0.145508 0.720703 0.143555 0.719727 0.148438
1 0.727539 0.125000 0.733398 0.126953 0.732422 0.135742 0.725586 0.133789 0.723633 0.130859
1 0.660156 0.161133 0.666992 0.165039 0.666016 0.169922 0.660156 0.167969
1 0.660156 0.168945 0.665039 0.172852 0.664062 0.178711 0.658203 0.176758 0.658203 0.176758
0 0.718750 0.082031 0.728516 0.081055 0.736328 0.083008 0.734375 0.091797 0.740234 0.091797 0.740234 0.091797 0.748047 0.089844 0.750977 0.096680 0.750000 0.105469 0.749023 0.114258 0.742188 0.119141 0.733398 0.113281 0.726562 0.116211 0.715820 0.123047 0.702148 0.118164 0.698242 0.108398 0.707031 0.097656 0.705078 0.084961
0 0.755859 0.202148 0.751953 0.209961 0.753906 0.216797 0.753906 0.221680 0.764648 0.222656 0.765625 0.211914 0.771484 0.210938 0.777344 0.212891 0.786133 0.208008 0.786133 0.208008 0.794922 0.209961 0.794922 0.209961 0.803711 0.208984 0.810547 0.211914 0.820312 0.209961 0.820312 0.209961 0.825195 0.206055 0.833984 0.206055 0.846680 0.206055 0.855469 0.202148 0.856445 0.191406 0.859375 0.179688 0.863281 0.168945 0.856445 0.161133 0.870117 0.162109 0.876953 0.164062 0.889648 0.163086 0.903320 0.162109 0.916016 0.160156 0.923828 0.159180 0.923828 0.159180 0.924805 0.150391 0.925781 0.139648 0.929688 0.134766 0.925781 0.124023 0.929688 0.117188 0.930664 0.103516 0.923828 0.094727 0.916992 0.096680 0.900391 0.098633 0.893555 0.093750 0.886719 0.091797 0.882812 0.098633 0.875000 0.097656 0.867188 0.098633 0.859375 0.095703 0.849609 0.093750 0.841797 0.087891 0.836914 0.083984 0.829102 0.091797 0.829102 0.091797 0.820312 0.095703 0.809570 0.098633 0.809570 0.098633 0.797852 0.099609 0.789062 0.100586 0.786133 0.110352 0.788086 0.118164 0.800781 0.118164 0.808594 0.118164 0.809570 0.130859 0.814453 0.135742 0.822266 0.137695 0.833984 0.136719 0.840820 0.147461 0.843750 0.155273 0.829102 0.154297 0.829102 0.143555 0.820312 0.141602 0.813477 0.145508 0.804688 0.150391 0.798828 0.146484 0.795898 0.138672 0.789062 0.135742 0.778320 0.136719 0.771484 0.144531 0.772461 0.154297 0.778320 0.162109 0.790039 0.166992 0.796875 0.163086 0.801758 0.168945 0.809570 0.163086 0.816406 0.166992 0.817383 0.173828 0.814453 0.181641 0.817383 0.189453 0.824219 0.191406 0.824219 0.191406 0.828125 0.192383 0.827148 0.197266 0.813477 0.195312 0.804688 0.189453 0.795898 0.195312 0.781250 0.193359 0.767578 0.201172
0 0.756836 0.120117 0.772461 0.121094 0.774414 0.131836 0.764648 0.138672 0.750977 0.141602 0.748047 0.133789 0.750977 0.121094
1 0.869141 0.197266 0.874023 0.199219 0.874023 0.205078 0.868164 0.204102
1 0.947266 0.182617 0.953125 0.185547 0.950195 0.191406 0.944336 0.190430
1 0.983398 0.066406 0.993164 0.064453 0.995117 0.076172 0.992188 0.080078 0.982422 0.079102 0.982422 0.079102
1 0.964844 0.070312 0.970703 0.080078 0.969727 0.087891 0.969727 0.087891 0.961914 0.085938 0.958008 0.078125 0.958008 0.069336
0 0.982422 0.126953 0.985352 0.118164 0.981445 0.111328 0.982422 0.106445 0.974609 0.113281 0.978516 0.117188 0.976562 0.121094 0.969727 0.115234 0.961914 0.114258 0.958984 0.121094 0.961914 0.125000 0.955078 0.133789 0.956055 0.141602 0.962891 0.142578 0.972656 0.147461 0.973633 0.157227 0.967773 0.160156 0.958984 0.158203 0.948242 0.158203 0.938477 0.159180 0.936523 0.149414 0.943359 0.141602 0.936523 0.134766 0.933594 0.125000 0.930664 0.117188 0.926758 0.110352 0.930664 0.099609 0.933594 0.090820 0.943359 0.090820 0.946289 0.099609 0.954102 0.095703 0.961914 0.091797 0.967773 0.095703 0.977539 0.092773 0.983398 0.089844 0.991211 0.092773 0.994141 0.098633 1.000000 0.101562 1.000000 0.101562 0.999023 0.111328 0.995117 0.115234 0.995117 0.120117 1.000000 0.125000 1.000000 0.132812 0.990234 0.132812
1 0.812500 0.000000 0.813477 0.005859 0.820312 0.008789 0.827148 0.007812 0.830078 0.000000
0 0.814453 0.011719 0.822266 0.011719 0.830078 0.021484 0.830078 0.034180 0.830078 0.034180 0.829102 0.041016 0.817383 0.041992 0.809570 0.035156 0.809570 0.019531
1 0.924805 0.018555 0.930664 0.018555 0.930664 0.023438 0.923828 0.024414
1 0.960938 0.048828 0.966797 0.046875 0.970703 0.051758 0.966797 0.053711 0.962891 0.053711
1 0.938477 0.052734 0.944336 0.050781 0.948242 0.055664 0.945312 0.060547 0.938477 0.060547
1 0.979492 0.048828 0.983398 0.049805 0.982422 0.054688 0.975586 0.051758
1 0.990234 0.051758 0.993164 0.049805 0.995117 0.049805 1.000000 0.052734 0.997070 0.057617 0.993164 0.063477 0.987305 0.061523 0.989258 0.056641
1 0.042969 0.601562 0.051758 0.598633 0.056641 0.605469 0.059570 0.611328 0.056641 0.616211 0.050781 0.616211 0.050781 0.621094 0.045898 0.621094 0.041016 0.615234 0.041992 0.609375
1 0.163086 0.885742 0.167969 0.883789 0.170898 0.884766 0.171875 0.890625 0.166016 0.891602 0.163086 0.888672
1 0.175781 0.877930 0.180664 0.876953 0.181641 0.881836 0.177734 0.882812 0.174805 0.880859
1 0.222656 0.836914 0.225586 0.835938 0.228516 0.836914 0.229492 0.841797 0.225586 0.842773 0.222656 0.840820
1 0.231445 0.833984 0.236328 0.833008 0.240234 0.836914 0.239258 0.841797 0.235352 0.844727 0.230469 0.841797 0.229492 0.835938
0 0.159180 0.511719 0.168945 0.509766 0.172852 0.501953 0.180664 0.498047 0.184570 0.500000 0.182617 0.505859 0.186523 0.508789 0.181641 0.523438 0.175781 0.534180 0.174805 0.541992 0.179688 0.548828 0.181641 0.550781 0.189453 0.548828 0.195312 0.551758 0.194336 0.555664 0.188477 0.558594 0.180664 0.558594 0.171875 0.550781 0.161133 0.542969 0.153320 0.538086 0.151367 0.525391
0 0.207031 0.553711 0.212891 0.554688 0.220703 0.555664 0.226562 0.560547 0.232422 0.567383 0.232422 0.573242 0.228516 0.578125 0.228516 0.586914 0.223633 0.593750 0.215820 0.593750 0.210938 0.586914 0.209961 0.578125 0.206055 0.573242 0.209961 0.566406 0.204102 0.560547
1 0.357422 0.339844 0.367188 0.340820 0.371094 0.347656 0.363281 0.349609 0.353516 0.349609 0.348633 0.343750 0.350586 0.339844
1 0.368164 0.325195 0.374023 0.330078 0.373047 0.337891 0.367188 0.340820 0.361328 0.338867 0.361328 0.330078
0 0.461914 0.334961 0.466797 0.336914 0.468750 0.343750 0.471680 0.353516 0.466797 0.361328 0.460938 0.363281 0.458008 0.357422 0.450195 0.355469 0.449219 0.349609 0.456055 0.346680 0.455078 0.338867
0 0.486328 0.326172 0.492188 0.331055 0.496094 0.333984 0.495117 0.338867 0.484375 0.339844 0.485352 0.347656 0.479492 0.349609 0.474609 0.340820 0.477539 0.330078
1 0.476562 0.406250 0.482422 0.412109 0.481445 0.420898 0.474609 0.421875 0.467773 0.412109 0.470703 0.404297
1 0.465820 0.414062 0.471680 0.423828 0.467773 0.429688 0.458008 0.430664 0.453125 0.427734 0.458008 0.416016
1 0.456055 0.437500 0.462891 0.445312 0.459961 0.451172 0.453125 0.450195 0.448242 0.444336 0.449219 0.437500
0 0.953125 0.000000 0.953125 0.004883 0.952148 0.010742 0.954102 0.014648 0.959961 0.013672 0.959961 0.007812 0.961914 0.000000
0 0.984375 0.010742 0.990234 0.012695 0.993164 0.016602 0.994141 0.023438 0.994141 0.025391 0.991211 0.021484 0.984375 0.021484 0.984375 0.027344 0.976562 0.027344 0.969727 0.022461 0.968750 0.016602 0.973633 0.012695