0 0.008789 0.000977 0.005859 0.012695 0.013672 0.016602 0.022461 0.014648 0.030273 0.014648 0.030273 0.021484 0.036133 0.023438 0.039062 0.018555 0.036133 0.009766 0.041016 0.004883 0.044922 0.000000
1 0.004883 0.023438 0.013672 0.021484 0.015625 0.030273 0.009766 0.033203
1 0.000000 0.034180 0.004883 0.035156 0.008789 0.039062 0.008789 0.044922 0.000977 0.046875
0 0.022461 0.032227 0.035156 0.038086 0.041016 0.042969 0.054688 0.044922 0.069336 0.043945 0.082031 0.047852 0.083008 0.055664 0.069336 0.057617 0.058594 0.057617 0.041992 0.054688 0.035156 0.055664 0.031250 0.062500 0.021484 0.060547 0.013672 0.050781 0.011719 0.038086
0 0.061523 0.059570 0.074219 0.057617 0.081055 0.060547 0.084961 0.071289 0.079102 0.075195 0.071289 0.072266 0.064453 0.073242 0.076172 0.078125 0.081055 0.081055 0.079102 0.086914 0.066406 0.084961 0.056641 0.082031 0.041992 0.081055 0.032227 0.080078 0.022461 0.081055 0.017578 0.083008 0.012695 0.078125 0.005859 0.077148 0.000000 0.076172 0.000000 0.064453 0.006836 0.063477 0.013672 0.062500 0.024414 0.066406 0.035156 0.064453 0.038086 0.057617 0.044922 0.058594 0.050781 0.058594
0 0.121094 0.069336 0.128906 0.073242 0.137695 0.077148 0.136719 0.089844 0.127930 0.089844 0.123047 0.092773 0.113281 0.090820 0.114258 0.080078 0.113281 0.074219
0 0.069336 0.000000 0.079102 0.001953 0.082031 0.008789 0.086914 0.017578 0.092773 0.017578 0.093750 0.010742 0.098633 0.012695 0.108398 0.006836 0.111328 0.010742 0.105469 0.016602 0.107422 0.027344 0.112305 0.029297 0.121094 0.030273 0.125000 0.023438 0.117188 0.019531 0.116211 0.009766 0.119141 0.005859 0.112305 0.000000
0 0.150391 0.002930 0.163086 0.006836 0.171875 0.008789 0.177734 0.016602 0.179688 0.023438 0.183594 0.024414 0.191406 0.029297 0.198242 0.031250 0.202148 0.037109 0.199219 0.042969 0.187500 0.041016 0.174805 0.041016 0.169922 0.045898 0.162109 0.043945 0.155273 0.040039 0.142578 0.037109 0.137695 0.029297 0.139648 0.025391 0.136719 0.015625 0.137695 0.009766 0.137695 0.002930
0 0.206055 0.000000 0.208984 0.007812 0.218750 0.014648 0.222656 0.020508 0.224609 0.025391 0.235352 0.025391 0.243164 0.025391 0.250000 0.024414 0.258789 0.027344 0.262695 0.018555 0.267578 0.022461 0.277344 0.023438 0.285156 0.020508 0.285156 0.020508 0.289062 0.009766 0.291992 0.000000
0 0.277344 0.024414 0.285156 0.026367 0.285156 0.037109 0.279297 0.044922 0.272461 0.044922 0.268555 0.036133 0.274414 0.032227
0 0.184570 0.059570 0.198242 0.059570 0.204102 0.062500 0.214844 0.066406 0.219727 0.074219 0.230469 0.075195 0.236328 0.087891 0.238281 0.100586 0.232422 0.110352 0.222656 0.115234 0.223633 0.121094 0.216797 0.123047 0.211914 0.133789 0.206055 0.139648 0.198242 0.134766 0.188477 0.137695 0.173828 0.132812 0.173828 0.120117 0.183594 0.118164 0.178711 0.106445 0.170898 0.104492 0.165039 0.095703 0.162109 0.086914 0.168945 0.078125 0.176758 0.065430 0.178711 0.059570
1 0.260742 0.047852 0.269531 0.046875 0.269531 0.054688 0.266602 0.060547 0.259766 0.057617
1 0.218750 0.022461 0.225586 0.025391 0.227539 0.033203 0.220703 0.037109 0.214844 0.034180
1 0.204102 0.023438 0.208008 0.023438 0.209961 0.030273 0.206055 0.033203
1 0.227539 0.059570 0.235352 0.057617 0.235352 0.066406 0.228516 0.071289 0.222656 0.066406
1 0.237305 0.071289 0.243164 0.070312 0.244141 0.077148 0.237305 0.078125
1 0.148438 0.043945 0.156250 0.042969 0.156250 0.048828 0.151367 0.050781
1 0.047852 0.026367 0.054688 0.029297 0.053711 0.038086 0.046875 0.037109 0.044922 0.030273
1 0.013672 0.101562 0.020508 0.101562 0.023438 0.108398 0.018555 0.112305 0.009766 0.109375
0 0.250000 0.091797 0.255859 0.096680 0.257812 0.105469 0.257812 0.116211 0.250977 0.119141 0.246094 0.115234 0.236328 0.113281 0.238281 0.102539 0.245117 0.100586
0 0.303711 0.029297 0.317383 0.029297 0.329102 0.030273 0.334961 0.036133 0.333984 0.042969 0.322266 0.041992 0.308594 0.042969 0.300781 0.041992 0.293945 0.033203
0 0.290039 0.085938 0.296875 0.088867 0.308594 0.088867 0.317383 0.086914 0.326172 0.089844 0.327148 0.098633 0.324219 0.107422 0.318359 0.108398 0.309570 0.112305 0.301758 0.109375 0.290039 0.107422 0.283203 0.098633 0.279297 0.097656 0.269531 0.102539 0.266602 0.095703 0.274414 0.089844 0.279297 0.083984
0 0.321289 0.115234 0.334961 0.121094 0.337891 0.114258 0.346680 0.114258 0.353516 0.113281 0.359375 0.104492 0.364258 0.103516 0.368164 0.111328 0.366211 0.119141 0.364258 0.125977 0.371094 0.127930 0.374023 0.134766 0.373047 0.138672 0.363281 0.137695 0.365234 0.145508 0.373047 0.151367 0.372070 0.161133 0.364258 0.166992 0.356445 0.161133 0.347656 0.162109 0.339844 0.152344 0.346680 0.143555 0.337891 0.133789 0.332031 0.142578 0.327148 0.151367 0.327148 0.152344 0.319336 0.155273 0.316406 0.153320 0.315430 0.144531 0.321289 0.144531 0.319336 0.134766 0.316406 0.126953
1 0.259766 0.133789 0.267578 0.134766 0.266602 0.141602 0.260742 0.140625
1 0.259766 0.142578 0.266602 0.144531 0.265625 0.149414 0.266602 0.149414 0.258789 0.149414
1 0.260742 0.155273 0.265625 0.156250 0.264648 0.162109 0.257812 0.162109
1 0.209961 0.145508 0.213867 0.146484 0.217773 0.153320 0.208984 0.153320
1 0.223633 0.152344 0.228516 0.152344 0.230469 0.157227 0.224609 0.159180
1 0.267578 0.173828 0.272461 0.175781 0.273438 0.180664 0.266602 0.180664
1 0.118164 0.165039 0.123047 0.166016 0.123047 0.171875 0.117188 0.170898
1 0.111328 0.173828 0.120117 0.175781 0.119141 0.181641 0.119141 0.181641 0.114258 0.180664
1 0.130859 0.171875 0.138672 0.170898 0.142578 0.174805 0.139648 0.182617 0.128906 0.183594 0.125000 0.172852
1 0.276367 0.203125 0.283203 0.204102 0.284180 0.210938 0.277344 0.212891
1 0.292969 0.204102 0.298828 0.208008 0.300781 0.215820 0.296875 0.218750 0.290039 0.215820 0.287109 0.207031
0 0.322266 0.195312 0.328125 0.198242 0.332031 0.208008 0.331055 0.219727 0.323242 0.222656 0.316406 0.216797 0.315430 0.200195
0 0.357422 0.200195 0.366211 0.198242 0.369141 0.208984 0.365234 0.223633 0.364258 0.231445 0.353516 0.231445 0.353516 0.217773 0.356445 0.207031
1 0.338867 0.206055 0.348633 0.205078 0.350586 0.211914 0.343750 0.212891
1 0.204102 0.165039 0.211914 0.166016 0.210938 0.172852 0.205078 0.170898
0 0.277344 0.232422 0.289062 0.230469 0.301758 0.231445 0.308594 0.237305 0.313477 0.248047 0.316406 0.259766 0.311523 0.266602 0.298828 0.266602 0.294922 0.260742 0.293945 0.252930 0.281250 0.250977 0.279297 0.241211
0 0.236328 0.230469 0.241211 0.235352 0.239258 0.242188 0.240234 0.242188 0.234375 0.244141 0.236328 0.250977 0.239258 0.255859 0.239258 0.262695 0.232422 0.263672 0.226562 0.251953 0.228516 0.237305
1 0.024414 0.248047 0.029297 0.250000 0.031250 0.253906 0.023438 0.253906
0 0.031250 0.256836 0.037109 0.267578 0.037109 0.272461 0.028320 0.275391 0.022461 0.269531 0.022461 0.258789
1 0.114258 0.240234 0.117188 0.247070 0.110352 0.250000 0.103516 0.248047 0.105469 0.239258
0 0.145508 0.239258 0.156250 0.240234 0.156250 0.240234 0.166016 0.238281 0.176758 0.242188 0.178711 0.250000 0.168945 0.250977 0.151367 0.250977 0.151367 0.257812 0.143555 0.259766 0.135742 0.255859 0.137695 0.245117
1 0.314453 0.291992 0.322266 0.293945 0.323242 0.300781 0.315430 0.301758 0.316406 0.301758
1 0.328125 0.295898 0.336914 0.294922 0.337891 0.300781 0.334961 0.306641 0.328125 0.302734 0.328125 0.302734
1 0.184570 0.249023 0.192383 0.247070 0.193359 0.252930 0.187500 0.255859
1 0.264648 0.246094 0.271484 0.246094 0.274414 0.250000 0.268555 0.254883
1 0.211914 0.264648 0.217773 0.265625 0.217773 0.274414 0.212891 0.273438
0 0.202148 0.277344 0.209961 0.282227 0.209961 0.287109 0.203125 0.291992 0.203125 0.298828 0.196289 0.307617 0.190430 0.306641 0.189453 0.294922 0.195312 0.285156
1 0.178711 0.276367 0.185547 0.274414 0.187500 0.282227 0.186523 0.289062 0.186523 0.289062 0.181641 0.290039 0.178711 0.283203
0 0.142578 0.268555 0.151367 0.268555 0.153320 0.280273 0.149414 0.288086 0.143555 0.288086 0.139648 0.280273
1 0.081055 0.251953 0.087891 0.250977 0.090820 0.259766 0.082031 0.261719
1 0.049805 0.253906 0.055664 0.261719 0.055664 0.266602 0.047852 0.266602 0.044922 0.257812
1 0.038086 0.270508 0.043945 0.273438 0.051758 0.274414 0.050781 0.281250 0.040039 0.282227 0.034180 0.275391
0 0.069336 0.270508 0.076172 0.267578 0.081055 0.268555 0.082031 0.281250 0.083008 0.281250 0.077148 0.292969 0.065430 0.290039 0.061523 0.278320
0 0.000000 0.287109 0.013672 0.284180 0.024414 0.283203 0.027344 0.289062 0.025391 0.295898 0.018555 0.292969 0.018555 0.299805 0.011719 0.306641 0.003906 0.301758 0.005859 0.293945 0.000000 0.297852
0 0.059570 0.318359 0.067383 0.318359 0.070312 0.327148 0.062500 0.338867 0.053711 0.338867 0.053711 0.330078 0.054688 0.322266
0 0.133789 0.298828 0.142578 0.296875 0.151367 0.298828 0.155273 0.301758 0.162109 0.302734 0.164062 0.314453 0.156250 0.317383 0.147461 0.313477 0.136719 0.306641
0 0.101562 0.316406 0.105469 0.319336 0.111328 0.322266 0.124023 0.324219 0.132812 0.323242 0.139648 0.328125 0.149414 0.333008 0.152344 0.339844 0.142578 0.345703 0.141602 0.353516 0.146484 0.355469 0.149414 0.363281 0.151367 0.369141 0.144531 0.374023 0.140625 0.365234 0.126953 0.362305 0.119141 0.370117 0.118164 0.377930 0.113281 0.376953 0.106445 0.370117 0.104492 0.362305 0.112305 0.363281 0.117188 0.350586 0.125000 0.347656 0.129883 0.348633 0.130859 0.336914 0.125977 0.333008 0.116211 0.331055 0.105469 0.331055 0.096680 0.322266
1 0.159180 0.275391 0.165039 0.275391 0.171875 0.278320 0.170898 0.285156 0.160156 0.284180
1 0.274414 0.332031 0.281250 0.333984 0.281250 0.338867 0.274414 0.336914
1 0.182617 0.331055 0.189453 0.337891 0.188477 0.344727 0.181641 0.346680 0.178711 0.338867
1 0.175781 0.349609 0.184570 0.351562 0.184570 0.359375 0.177734 0.361328
1 0.177734 0.363281 0.182617 0.367188 0.181641 0.374023 0.173828 0.373047 0.171875 0.365234 0.172852 0.365234
1 0.174805 0.374023 0.177734 0.376953 0.176758 0.384766 0.177734 0.384766 0.170898 0.385742 0.167969 0.378906
0 0.288086 0.324219 0.293945 0.330078 0.299805 0.334961 0.302734 0.341797 0.297852 0.343750 0.292969 0.337891 0.282227 0.333008 0.278320 0.325195
0 0.273438 0.348633 0.278320 0.349609 0.285156 0.348633 0.288086 0.354492 0.287109 0.359375 0.280273 0.359375 0.272461 0.357422 0.262695 0.359375 0.261719 0.352539 0.267578 0.346680
1 0.308594 0.325195 0.314453 0.329102 0.314453 0.329102 0.314453 0.336914 0.305664 0.334961 0.303711 0.329102
1 0.311523 0.337891 0.320312 0.338867 0.322266 0.343750 0.315430 0.348633 0.307617 0.342773
0 0.331055 0.371094 0.336914 0.377930 0.338867 0.383789 0.335938 0.392578 0.340820 0.394531 0.338867 0.403320 0.330078 0.401367 0.322266 0.397461 0.319336 0.391602 0.323242 0.384766 0.325195 0.375977
1 0.193359 0.365234 0.202148 0.365234 0.202148 0.370117 0.193359 0.371094
1 0.158203 0.389648 0.165039 0.390625 0.165039 0.398438 0.160156 0.402344 0.155273 0.397461
1 0.075195 0.360352 0.083008 0.358398 0.083008 0.366211 0.078125 0.367188
1 0.009766 0.342773 0.014648 0.341797 0.015625 0.347656 0.008789 0.348633
0 0.000000 0.354492 0.006836 0.357422 0.014648 0.355469 0.021484 0.363281 0.022461 0.372070 0.027344 0.378906 0.036133 0.388672 0.042969 0.399414 0.039062 0.404297 0.031250 0.401367 0.025391 0.403320 0.015625 0.400391 0.005859 0.395508 0.000000 0.393555 0.000000 0.381836 0.008789 0.384766 0.018555 0.379883 0.017578 0.370117 0.010742 0.368164 0.004883 0.369141 0.000000 0.366211
1 0.315430 0.408203 0.324219 0.408203 0.326172 0.416016 0.317383 0.417969 0.313477 0.413086
0 0.202148 0.426758 0.208008 0.430664 0.217773 0.431641 0.218750 0.440430 0.216797 0.446289 0.210938 0.449219 0.200195 0.443359 0.193359 0.439453 0.191406 0.428711
0 0.232422 0.430664 0.239258 0.432617 0.241211 0.439453 0.239258 0.447266 0.232422 0.444336 0.232422 0.450195 0.226562 0.448242 0.225586 0.440430 0.230469 0.433594
1 0.125977 0.381836 0.131836 0.382812 0.131836 0.391602 0.126953 0.388672
1 0.111328 0.377930 0.115234 0.380859 0.116211 0.388672 0.116211 0.388672 0.110352 0.385742
1 0.103516 0.395508 0.109375 0.399414 0.109375 0.407227 0.102539 0.404297
1 0.073242 0.408203 0.081055 0.420898 0.072266 0.425781 0.063477 0.424805 0.060547 0.416016 0.062500 0.408203
1 0.075195 0.428711 0.083008 0.431641 0.082031 0.437500 0.073242 0.437500
1 0.092773 0.436523 0.097656 0.440430 0.096680 0.447266 0.090820 0.447266
1 0.246094 0.468750 0.253906 0.471680 0.256836 0.480469 0.250977 0.486328 0.240234 0.486328 0.237305 0.472656
0 0.143555 0.446289 0.157227 0.446289 0.167969 0.454102 0.172852 0.462891 0.166992 0.467773 0.164062 0.471680 0.166992 0.478516 0.166992 0.478516 0.159180 0.484375 0.150391 0.481445 0.148438 0.470703 0.155273 0.463867 0.145508 0.461914 0.146484 0.462891 0.141602 0.455078
1 0.237305 0.503906 0.242188 0.508789 0.241211 0.518555 0.233398 0.517578 0.229492 0.510742
0 0.253906 0.518555 0.264648 0.529297 0.273438 0.534180 0.280273 0.541992 0.276367 0.553711 0.267578 0.552734 0.258789 0.544922 0.249023 0.537109 0.249023 0.530273 0.246094 0.521484 0.249023 0.514648
0 0.084961 0.451172 0.091797 0.452148 0.092773 0.463867 0.088867 0.473633 0.083008 0.477539 0.081055 0.468750 0.084961 0.459961
0 0.000000 0.441406 0.005859 0.446289 0.005859 0.456055 0.004883 0.465820 0.018555 0.463867 0.020508 0.449219 0.027344 0.444336 0.033203 0.442383 0.043945 0.444336 0.047852 0.450195 0.040039 0.454102 0.041016 0.461914 0.046875 0.465820 0.050781 0.470703 0.050781 0.471680 0.051758 0.481445 0.046875 0.485352 0.041016 0.479492 0.038086 0.472656 0.027344 0.473633 0.022461 0.478516 0.022461 0.491211 0.029297 0.494141 0.024414 0.499023 0.016602 0.503906 0.000000 0.505859
0 0.000000 0.508789 0.003906 0.509766 0.003906 0.514648 0.008789 0.516602 0.006836 0.521484 0.012695 0.523438 0.023438 0.525391 0.027344 0.521484 0.027344 0.509766 0.034180 0.503906 0.036133 0.492188 0.032227 0.485352 0.035156 0.477539 0.042969 0.486328 0.050781 0.489258 0.058594 0.485352 0.072266 0.485352 0.076172 0.492188 0.070312 0.498047 0.058594 0.500000 0.045898 0.501953 0.041992 0.513672 0.046875 0.513672 0.050781 0.507812 0.056641 0.509766 0.061523 0.511719 0.068359 0.516602 0.073242 0.519531 0.073242 0.526367 0.065430 0.533203 0.051758 0.534180 0.042969 0.530273 0.036133 0.538086 0.029297 0.546875 0.021484 0.545898 0.017578 0.539062 0.008789 0.537109 0.000000 0.535156
0 0.090820 0.525391 0.099609 0.525391 0.112305 0.528320 0.118164 0.532227 0.120117 0.543945 0.114258 0.547852 0.105469 0.553711 0.106445 0.560547 0.098633 0.561523 0.090820 0.557617 0.087891 0.562500 0.082031 0.567383 0.075195 0.569336 0.067383 0.565430 0.074219 0.559570 0.071289 0.550781 0.080078 0.546875 0.074219 0.538086 0.084961 0.537109 0.083008 0.530273
1 0.062500 0.448242 0.072266 0.449219 0.074219 0.455078 0.064453 0.458008 0.059570 0.453125 0.059570 0.454102
1 0.060547 0.461914 0.064453 0.467773 0.061523 0.471680 0.052734 0.467773 0.052734 0.462891
1 0.084961 0.477539 0.086914 0.482422 0.083008 0.485352 0.078125 0.478516
1 0.081055 0.486328 0.085938 0.487305 0.090820 0.490234 0.085938 0.498047 0.082031 0.501953 0.077148 0.498047 0.077148 0.491211
1 0.084961 0.564453 0.093750 0.568359 0.100586 0.576172 0.095703 0.583008 0.085938 0.583008 0.082031 0.573242
1 0.002930 0.552734 0.006836 0.548828 0.016602 0.548828 0.020508 0.557617 0.019531 0.564453 0.012695 0.568359 0.003906 0.565430
0 0.163086 0.527344 0.172852 0.536133 0.178711 0.541016 0.178711 0.548828 0.166992 0.549805 0.166992 0.557617 0.158203 0.564453 0.158203 0.571289 0.153320 0.582031 0.149414 0.585938 0.137695 0.583008 0.136719 0.593750 0.129883 0.597656 0.128906 0.602539 0.134766 0.606445 0.134766 0.607422 0.131836 0.611328 0.126953 0.614258 0.126953 0.626953 0.123047 0.635742 0.112305 0.635742 0.105469 0.630859 0.104492 0.619141 0.111328 0.612305 0.115234 0.601562 0.108398 0.592773 0.108398 0.585938 0.115234 0.587891 0.119141 0.583008 0.122070 0.574219 0.124023 0.564453 0.130859 0.558594 0.135742 0.559570 0.134766 0.567383 0.147461 0.568359 0.144531 0.557617 0.150391 0.548828 0.143555 0.541016 0.153320 0.535156 0.157227 0.530273 0.162109 0.518555 0.165039 0.520508
1 0.230469 0.608398 0.241211 0.606445 0.244141 0.612305 0.242188 0.621094 0.230469 0.619141
1 0.204102 0.621094 0.212891 0.619141 0.217773 0.627930 0.208008 0.630859
1 0.191406 0.551758 0.199219 0.551758 0.198242 0.558594 0.192383 0.557617
1 0.191406 0.560547 0.198242 0.561523 0.197266 0.568359 0.192383 0.566406
1 0.187500 0.585938 0.192383 0.589844 0.190430 0.593750 0.186523 0.589844
1 0.204102 0.595703 0.208008 0.597656 0.207031 0.603516 0.202148 0.602539
0 0.168945 0.566406 0.175781 0.569336 0.175781 0.581055 0.172852 0.587891 0.171875 0.599609 0.164062 0.599609 0.161133 0.591797 0.166992 0.588867 0.167969 0.578125
1 0.007812 0.591797 0.016602 0.592773 0.019531 0.600586 0.017578 0.611328 0.018555 0.611328 0.010742 0.613281 0.005859 0.603516
1 0.026367 0.590820 0.035156 0.585938 0.041016 0.590820 0.041016 0.601562 0.028320 0.605469 0.023438 0.598633
0 0.000977 0.630859 0.012695 0.633789 0.016602 0.646484 0.024414 0.641602 0.032227 0.630859 0.041992 0.631836 0.054688 0.629883 0.055664 0.622070 0.053711 0.611328 0.058594 0.605469 0.070312 0.607422 0.074219 0.620117 0.071289 0.628906 0.064453 0.637695 0.068359 0.650391 0.067383 0.660156 0.058594 0.660156 0.053711 0.661133 0.053711 0.667969 0.045898 0.672852 0.033203 0.668945 0.022461 0.668945 0.008789 0.667969 0.000000 0.666992
0 0.080078 0.624023 0.086914 0.622070 0.093750 0.625977 0.096680 0.637695 0.104492 0.647461 0.103516 0.655273 0.088867 0.654297 0.082031 0.653320 0.073242 0.650391 0.071289 0.636719 0.077148 0.635742
0 0.137695 0.610352 0.146484 0.616211 0.152344 0.625000 0.152344 0.625000 0.150391 0.633789 0.142578 0.639648 0.129883 0.635742 0.134766 0.620117
0 0.131836 0.642578 0.138672 0.643555 0.152344 0.636719 0.162109 0.633789 0.173828 0.638672 0.171875 0.652344 0.162109 0.654297 0.149414 0.654297 0.136719 0.655273 0.127930 0.650391
1 0.157227 0.601562 0.163086 0.607422 0.159180 0.615234 0.152344 0.611328 0.151367 0.603516
1 0.166992 0.607422 0.174805 0.611328 0.171875 0.622070 0.163086 0.621094 0.162109 0.614258
0 0.056641 0.666016 0.067383 0.664062 0.080078 0.661133 0.090820 0.664062 0.094727 0.666992 0.104492 0.668945 0.114258 0.674805 0.118164 0.678711 0.118164 0.684570 0.108398 0.689453 0.110352 0.696289 0.103516 0.701172 0.098633 0.708984 0.094727 0.714844 0.098633 0.726562 0.096680 0.739258 0.088867 0.744141 0.082031 0.741211 0.080078 0.730469 0.080078 0.721680 0.083984 0.713867 0.084961 0.705078 0.077148 0.703125 0.075195 0.712891 0.070312 0.720703 0.072266 0.733398 0.073242 0.744141 0.062500 0.746094 0.060547 0.735352 0.051758 0.735352 0.045898 0.719727 0.056641 0.708008 0.056641 0.708984 0.053711 0.701172 0.059570 0.688477 0.067383 0.676758 0.062500 0.671875 0.053711 0.672852
0 0.115234 0.651367 0.121094 0.653320 0.135742 0.655273 0.142578 0.663086 0.137695 0.668945 0.127930 0.669922 0.115234 0.668945 0.111328 0.659180 0.108398 0.653320
1 0.182617 0.644531 0.194336 0.644531 0.197266 0.657227 0.191406 0.662109 0.178711 0.660156 0.177734 0.650391
0 0.001953 0.763672 0.015625 0.765625 0.025391 0.760742 0.044922 0.759766 0.058594 0.760742 0.065430 0.774414 0.062500 0.784180 0.050781 0.791992 0.032227 0.795898 0.018555 0.799805 0.000000 0.801758
0 0.068359 0.807617 0.075195 0.807617 0.079102 0.815430 0.078125 0.824219 0.082031 0.837891 0.082031 0.846680 0.069336 0.854492 0.053711 0.851562 0.045898 0.852539 0.034180 0.850586 0.032227 0.844727 0.037109 0.839844 0.040039 0.825195 0.056641 0.822266 0.061523 0.812500
1 0.000000 0.845703 0.007812 0.845703 0.014648 0.851562 0.013672 0.862305 0.014648 0.862305 0.006836 0.866211 0.000000 0.866211
1 0.008789 0.868164 0.014648 0.866211 0.014648 0.874023 0.008789 0.874023
1 0.007812 0.886719 0.011719 0.887695 0.013672 0.893555 0.008789 0.893555
1 0.007812 0.902344 0.013672 0.902344 0.012695 0.910156 0.007812 0.911133
0 0.021484 0.891602 0.024414 0.893555 0.025391 0.898438 0.032227 0.902344 0.033203 0.909180 0.024414 0.910156 0.018555 0.906250 0.017578 0.896484
0 0.087891 0.807617 0.098633 0.810547 0.105469 0.821289 0.108398 0.837891 0.109375 0.837891 0.104492 0.850586 0.098633 0.856445 0.091797 0.851562 0.091797 0.851562 0.088867 0.839844 0.086914 0.820312
1 0.157227 0.866211 0.166016 0.867188 0.167969 0.875000 0.160156 0.875977
1 0.178711 0.872070 0.185547 0.873047 0.185547 0.880859 0.178711 0.879883
0 0.136719 0.896484 0.147461 0.899414 0.146484 0.907227 0.139648 0.911133 0.139648 0.923828 0.133789 0.927734 0.127930 0.922852 0.125977 0.912109 0.130859 0.905273
1 0.168945 0.891602 0.178711 0.893555 0.180664 0.900391 0.182617 0.905273 0.175781 0.910156 0.166016 0.904297
0 0.068359 0.907227 0.077148 0.905273 0.081055 0.915039 0.079102 0.922852 0.079102 0.931641 0.070312 0.932617 0.066406 0.927734 0.058594 0.922852 0.057617 0.911133
1 0.000000 0.924805 0.004883 0.926758 0.004883 0.932617 0.000000 0.934570
1 0.003906 0.958008 0.011719 0.959961 0.013672 0.968750 0.006836 0.974609 0.001953 0.968750
0 0.046875 0.958984 0.056641 0.961914 0.064453 0.954102 0.064453 0.955078 0.069336 0.953125 0.068359 0.964844 0.070312 0.973633 0.057617 0.977539 0.060547 0.982422 0.060547 0.988281 0.057617 0.996094 0.056641 1.000000 0.028320 1.000000 0.021484 0.993164 0.021484 0.982422 0.030273 0.982422 0.031250 0.970703 0.038086 0.960938
0 0.109375 0.931641 0.116211 0.929688 0.124023 0.929688 0.133789 0.925781 0.138672 0.932617 0.138672 0.932617 0.138672 0.940430 0.129883 0.940430 0.129883 0.940430 0.127930 0.945312 0.133789 0.950195 0.147461 0.954102 0.155273 0.970703 0.148438 0.978516 0.134766 0.984375 0.125977 0.986328 0.125000 0.996094 0.117188 0.997070 0.107422 0.997070 0.098633 0.990234 0.098633 0.979492 0.092773 0.975586 0.102539 0.973633 0.098633 0.968750 0.087891 0.969727 0.075195 0.965820 0.070312 0.958984 0.078125 0.954102 0.088867 0.955078 0.089844 0.958984 0.097656 0.961914 0.101562 0.956055 0.092773 0.951172 0.092773 0.941406 0.104492 0.934570
1 0.148438 0.916016 0.154297 0.917969 0.154297 0.925781 0.146484 0.925781
0 0.163086 0.910156 0.167969 0.916016 0.172852 0.923828 0.172852 0.933594 0.166016 0.936523 0.159180 0.928711 0.158203 0.914062 0.158203 0.915039
1 0.158203 0.958984 0.167969 0.954102 0.166992 0.963867 0.157227 0.963867
0 0.188477 0.932617 0.192383 0.932617 0.196289 0.945312 0.200195 0.946289 0.207031 0.944336 0.217773 0.948242 0.216797 0.958008 0.208984 0.957031 0.204102 0.962891 0.192383 0.965820 0.184570 0.958984 0.188477 0.951172 0.183594 0.937500
0 0.209961 0.965820 0.218750 0.958984 0.227539 0.958984 0.229492 0.966797 0.229492 0.971680 0.235352 0.975586 0.244141 0.980469 0.244141 0.991211 0.235352 0.996094 0.226562 0.985352 0.221680 0.976562 0.208008 0.974609
0 0.245117 0.928711 0.250977 0.932617 0.253906 0.941406 0.247070 0.944336 0.247070 0.951172 0.253906 0.957031 0.251953 0.963867 0.241211 0.963867 0.235352 0.953125 0.235352 0.936523 0.235352 0.936523
0 0.291992 0.956055 0.302734 0.966797 0.303711 0.977539 0.292969 0.990234 0.284180 0.994141 0.275391 0.994141 0.272461 0.985352 0.277344 0.978516 0.277344 0.965820 0.287109 0.961914
0 0.213867 0.892578 0.221680 0.894531 0.230469 0.898438 0.231445 0.907227 0.225586 0.914062 0.218750 0.912109 0.214844 0.902344
0 0.313477 0.894531 0.322266 0.893555 0.333008 0.896484 0.340820 0.891602 0.345703 0.896484 0.345703 0.908203 0.336914 0.914062 0.331055 0.906250 0.322266 0.900391 0.314453 0.900391
1 0.264648 0.888672 0.273438 0.892578 0.273438 0.901367 0.265625 0.899414
1 0.299805 0.887695 0.307617 0.889648 0.305664 0.898438 0.298828 0.896484
1 0.300781 0.926758 0.305664 0.927734 0.305664 0.933594 0.299805 0.934570
1 0.336914 0.914062 0.346680 0.917969 0.346680 0.917969 0.345703 0.928711 0.332031 0.924805
1 0.331055 0.928711 0.340820 0.931641 0.339844 0.940430 0.339844 0.940430 0.332031 0.940430 0.328125 0.933594
1 0.316406 0.939453 0.324219 0.945312 0.325195 0.945312 0.319336 0.952148 0.312500 0.949219
1 0.316406 0.952148 0.323242 0.955078 0.323242 0.961914 0.312500 0.957031
1 0.325195 0.961914 0.339844 0.964844 0.340820 0.975586 0.327148 0.978516 0.321289 0.971680
1 0.358398 0.964844 0.371094 0.966797 0.374023 0.975586 0.364258 0.979492 0.355469 0.974609 0.353516 0.965820
1 0.309570 0.970703 0.320312 0.969727 0.321289 0.977539 0.314453 0.979492 0.309570 0.977539
0 0.208008 0.826172 0.218750 0.825195 0.231445 0.816406 0.244141 0.813477 0.253906 0.818359 0.249023 0.827148 0.248047 0.838867 0.235352 0.838867 0.226562 0.847656 0.216797 0.845703 0.217773 0.845703 0.206055 0.836914
0 0.312500 0.829102 0.320312 0.840820 0.331055 0.840820 0.340820 0.847656 0.347656 0.863281 0.344727 0.874023 0.338867 0.876953 0.320312 0.871094 0.314453 0.865234 0.309570 0.870117 0.305664 0.877930 0.299805 0.875977 0.297852 0.864258 0.295898 0.856445 0.285156 0.854492 0.278320 0.851562 0.265625 0.849609 0.252930 0.847656 0.259766 0.833008 0.252930 0.832031 0.252930 0.823242 0.268555 0.825195 0.284180 0.824219 0.289062 0.834961 0.299805 0.836914
0 0.365234 0.734375 0.369141 0.743164 0.375977 0.749023 0.375977 0.757812 0.369141 0.762695 0.372070 0.773438 0.359375 0.777344 0.338867 0.777344 0.327148 0.766602 0.311523 0.765625 0.299805 0.771484 0.284180 0.766602 0.271484 0.768555 0.261719 0.777344 0.250977 0.775391 0.250000 0.766602 0.261719 0.763672 0.281250 0.757812 0.274414 0.748047 0.271484 0.735352 0.279297 0.729492 0.267578 0.728516 0.258789 0.721680 0.265625 0.708984 0.275391 0.710938 0.282227 0.704102 0.290039 0.709961 0.287109 0.714844 0.278320 0.717773 0.284180 0.722656 0.291016 0.733398 0.288086 0.746094 0.294922 0.749023 0.312500 0.745117 0.327148 0.748047 0.340820 0.752930 0.352539 0.751953 0.339844 0.742188 0.346680 0.733398 0.355469 0.738281
0 0.403320 0.750977 0.403320 0.760742 0.411133 0.763672 0.409180 0.774414 0.419922 0.775391 0.426758 0.781250 0.435547 0.776367 0.439453 0.768555 0.452148 0.771484 0.460938 0.782227 0.467773 0.791992 0.467773 0.798828 0.467773 0.799805 0.458984 0.798828 0.446289 0.794922 0.437500 0.786133 0.428711 0.791016 0.415039 0.789062 0.402344 0.782227 0.388672 0.784180 0.379883 0.778320 0.378906 0.768555 0.390625 0.764648 0.393555 0.755859
0 0.315430 0.719727 0.333984 0.720703 0.333984 0.727539 0.330078 0.730469 0.331055 0.739258 0.322266 0.736328 0.318359 0.741211 0.312500 0.740234 0.306641 0.730469
1 0.491211 0.784180 0.496094 0.791992 0.494141 0.805664 0.486328 0.795898
1 0.474609 0.781250 0.475586 0.791016 0.470703 0.791992 0.467773 0.785156
1 0.235352 0.750000 0.241211 0.757812 0.244141 0.767578 0.236328 0.770508 0.225586 0.766602 0.225586 0.753906
1 0.248047 0.733398 0.257812 0.733398 0.256836 0.740234 0.252930 0.740234
1 0.226562 0.730469 0.234375 0.729492 0.247070 0.733398 0.243164 0.740234 0.235352 0.740234 0.228516 0.742188 0.221680 0.736328
1 0.488281 0.690430 0.493164 0.694336 0.493164 0.702148 0.484375 0.705078 0.478516 0.697266 0.477539 0.690430
1 0.446289 0.675781 0.453125 0.681641 0.453125 0.688477 0.444336 0.684570
1 0.429688 0.667969 0.437500 0.669922 0.438477 0.677734 0.431641 0.679688 0.425781 0.673828
1 0.401367 0.636719 0.411133 0.639648 0.411133 0.640625 0.411133 0.650391 0.401367 0.653320 0.394531 0.647461
1 0.418945 0.638672 0.422852 0.640625 0.423828 0.646484 0.416016 0.645508
0 0.432617 0.621094 0.445312 0.620117 0.449219 0.627930 0.450195 0.635742 0.446289 0.640625 0.446289 0.647461 0.439453 0.650391 0.437500 0.641602 0.436523 0.629883
0 0.496094 0.656250 0.503906 0.657227 0.506836 0.666016 0.503906 0.672852 0.493164 0.676758 0.488281 0.668945
0 0.342773 0.635742 0.350586 0.638672 0.356445 0.643555 0.358398 0.651367 0.348633 0.652344 0.341797 0.652344 0.343750 0.656250 0.349609 0.660156 0.348633 0.665039 0.339844 0.667969 0.334961 0.665039 0.334961 0.656250 0.325195 0.651367 0.324219 0.645508 0.331055 0.641602
1 0.375000 0.663086 0.383789 0.667969 0.384766 0.671875 0.376953 0.676758 0.369141 0.672852 0.369141 0.666992
1 0.393555 0.669922 0.397461 0.671875 0.399414 0.676758 0.396484 0.680664 0.388672 0.675781
1 0.375000 0.614258 0.380859 0.617188 0.381836 0.625000 0.377930 0.627930 0.370117 0.622070
1 0.353516 0.594727 0.358398 0.597656 0.358398 0.602539 0.351562 0.603516
1 0.370117 0.598633 0.375000 0.594727 0.380859 0.595703 0.384766 0.602539 0.381836 0.608398 0.372070 0.608398
1 0.499023 0.619141 0.506836 0.618164 0.505859 0.625000 0.501953 0.625000
0 0.461914 0.588867 0.467773 0.589844 0.472656 0.598633 0.472656 0.604492 0.469727 0.609375 0.471680 0.613281 0.477539 0.618164 0.484375 0.620117 0.484375 0.620117 0.485352 0.626953 0.479492 0.629883 0.473633 0.625000 0.466797 0.627930 0.458008 0.628906 0.452148 0.620117 0.459961 0.617188 0.454102 0.609375 0.454102 0.602539 0.459961 0.599609
1 0.457031 0.653320 0.462891 0.653320 0.463867 0.658203 0.460938 0.660156
1 0.421875 0.612305 0.420898 0.620117 0.416016 0.619141 0.416992 0.611328
0 0.367188 0.581055 0.375977 0.580078 0.380859 0.583008 0.387695 0.580078 0.395508 0.583984 0.394531 0.591797 0.387695 0.593750 0.368164 0.588867
0 0.417969 0.585938 0.427734 0.586914 0.434570 0.589844 0.434570 0.594727 0.431641 0.597656 0.431641 0.606445 0.424805 0.607422 0.421875 0.602539 0.419922 0.595703 0.413086 0.590820
0 0.392578 0.505859 0.402344 0.510742 0.402344 0.521484 0.412109 0.523438 0.416992 0.526367 0.427734 0.529297 0.431641 0.533203 0.428711 0.537109 0.419922 0.534180 0.410156 0.533203 0.408203 0.541992 0.403320 0.542969 0.396484 0.537109 0.392578 0.538086 0.389648 0.544922 0.387695 0.553711 0.390625 0.560547 0.392578 0.569336 0.392578 0.569336 0.387695 0.573242 0.382812 0.567383 0.377930 0.558594 0.378906 0.546875 0.381836 0.539062 0.375977 0.535156 0.370117 0.530273 0.364258 0.523438 0.365234 0.516602 0.373047 0.518555 0.380859 0.518555 0.383789 0.507812
1 0.524414 0.552734 0.530273 0.559570 0.524414 0.566406 0.516602 0.561523 0.516602 0.554688
1 0.471680 0.514648 0.474609 0.522461 0.469727 0.525391 0.462891 0.517578
1 0.323242 0.488281 0.330078 0.494141 0.330078 0.494141 0.329102 0.504883 0.329102 0.504883 0.319336 0.504883 0.319336 0.493164
1 0.321289 0.470703 0.323242 0.478516 0.317383 0.480469 0.314453 0.473633
1 0.341797 0.464844 0.346680 0.470703 0.346680 0.470703 0.341797 0.476562 0.331055 0.477539 0.329102 0.469727
0 0.349609 0.431641 0.357422 0.432617 0.360352 0.439453 0.357422 0.445312 0.359375 0.452148 0.354492 0.460938 0.343750 0.459961 0.337891 0.458008 0.332031 0.453125 0.340820 0.451172 0.346680 0.437500
1 0.415039 0.511719 0.421875 0.513672 0.421875 0.519531 0.414062 0.519531
1 0.429688 0.508789 0.434570 0.510742 0.434570 0.514648 0.429688 0.514648
1 0.435547 0.541992 0.442383 0.542969 0.442383 0.550781 0.442383 0.550781 0.436523 0.550781
0 0.438477 0.448242 0.447266 0.447266 0.455078 0.443359 0.462891 0.446289 0.462891 0.455078 0.473633 0.455078 0.481445 0.459961 0.490234 0.468750 0.499023 0.464844 0.511719 0.463867 0.517578 0.470703 0.511719 0.476562 0.511719 0.476562 0.503906 0.486328 0.493164 0.497070 0.493164 0.497070 0.486328 0.504883 0.474609 0.504883 0.465820 0.498047 0.464844 0.485352 0.457031 0.474609 0.440430 0.469727 0.430664 0.465820 0.430664 0.455078
1 0.382812 0.400391 0.388672 0.407227 0.388672 0.414062 0.375977 0.415039 0.375977 0.415039 0.376953 0.403320
1 0.391602 0.410156 0.400391 0.413086 0.401367 0.420898 0.396484 0.421875 0.387695 0.419922
1 0.404297 0.418945 0.412109 0.419922 0.413086 0.427734 0.406250 0.428711 0.401367 0.423828
0 0.361328 0.360352 0.368164 0.363281 0.368164 0.374023 0.362305 0.376953 0.352539 0.374023 0.352539 0.374023 0.352539 0.363281
0 0.511719 0.370117 0.517578 0.377930 0.516602 0.393555 0.513672 0.402344 0.505859 0.408203 0.499023 0.406250 0.497070 0.398438 0.507812 0.394531 0.505859 0.385742 0.503906 0.373047
1 0.411133 0.343750 0.417969 0.350586 0.416016 0.361328 0.404297 0.365234 0.398438 0.356445 0.398438 0.346680
1 0.403320 0.301758 0.409180 0.301758 0.412109 0.307617 0.409180 0.312500 0.401367 0.310547
1 0.378906 0.206055 0.380859 0.211914 0.378906 0.215820 0.373047 0.213867 0.373047 0.207031
1 0.389648 0.179688 0.394531 0.185547 0.388672 0.190430 0.382812 0.186523 0.382812 0.181641 0.383789 0.181641
1 0.377930 0.117188 0.385742 0.116211 0.389648 0.124023 0.389648 0.124023 0.384766 0.126953 0.375977 0.125977
1 0.391602 0.119141 0.398438 0.120117 0.398438 0.126953 0.389648 0.125977 0.390625 0.125977
0 0.416992 0.118164 0.422852 0.119141 0.423828 0.126953 0.416016 0.130859 0.414062 0.138672 0.422852 0.145508 0.421875 0.156250 0.412109 0.159180 0.401367 0.152344 0.403320 0.136719 0.410156 0.126953
0 0.460938 0.136719 0.469727 0.141602 0.471680 0.153320 0.466797 0.160156 0.468750 0.166016 0.464844 0.178711 0.469727 0.188477 0.464844 0.196289 0.456055 0.196289 0.452148 0.201172 0.448242 0.206055 0.443359 0.202148 0.444336 0.192383 0.435547 0.186523 0.431641 0.177734 0.434570 0.169922 0.443359 0.165039 0.455078 0.166016 0.450195 0.153320 0.449219 0.140625 0.456055 0.134766
0 0.418945 0.061523 0.427734 0.066406 0.442383 0.069336 0.453125 0.070312 0.461914 0.078125 0.463867 0.088867 0.459961 0.098633 0.452148 0.104492 0.443359 0.099609 0.431641 0.098633 0.427734 0.105469 0.414062 0.103516 0.399414 0.098633 0.400391 0.098633 0.398438 0.079102 0.410156 0.064453
1 0.480469 0.074219 0.488281 0.075195 0.488281 0.082031 0.478516 0.081055
1 0.366211 0.096680 0.374023 0.097656 0.374023 0.105469 0.366211 0.106445
1 0.383789 0.058594 0.388672 0.058594 0.391602 0.066406 0.389648 0.072266 0.383789 0.067383
1 0.375000 0.025391 0.384766 0.025391 0.385742 0.032227 0.376953 0.035156
1 0.531250 0.009766 0.538086 0.010742 0.538086 0.018555 0.531250 0.017578
1 0.530273 0.019531 0.537109 0.021484 0.537109 0.031250 0.528320 0.031250 0.524414 0.024414
1 0.651367 0.015625 0.656250 0.019531 0.662109 0.025391 0.663086 0.033203 0.650391 0.032227 0.650391 0.024414 0.645508 0.019531
0 0.660156 0.000977 0.666016 0.013672 0.666992 0.019531 0.678711 0.023438 0.678711 0.031250 0.683594 0.036133 0.683594 0.037109 0.683594 0.046875 0.690430 0.056641 0.701172 0.056641 0.708984 0.048828 0.714844 0.054688 0.724609 0.059570 0.732422 0.060547 0.738281 0.050781 0.740234 0.032227 0.752930 0.038086 0.766602 0.040039 0.777344 0.023438 0.779297 0.012695 0.784180 0.011719 0.789062 0.000000 0.769531 0.000000 0.765625 0.011719 0.761719 0.028320 0.752930 0.026367 0.738281 0.022461 0.743164 0.000977 0.730469 0.000977 0.729492 0.017578 0.733398 0.028320 0.727539 0.030273 0.722656 0.019531 0.712891 0.016602 0.701172 0.013672 0.702148 0.000000
0 0.750000 0.049805 0.756836 0.054688 0.751953 0.060547 0.752930 0.068359 0.760742 0.071289 0.759766 0.061523 0.766602 0.060547 0.766602 0.060547 0.774414 0.069336 0.780273 0.084961 0.780273 0.084961 0.775391 0.091797 0.762695 0.091797 0.750977 0.091797 0.746094 0.084961 0.744141 0.071289 0.745117 0.057617
0 0.585938 0.151367 0.595703 0.154297 0.599609 0.163086 0.603516 0.170898 0.603516 0.185547 0.615234 0.190430 0.621094 0.203125 0.624023 0.220703 0.627930 0.225586 0.625000 0.231445 0.613281 0.233398 0.606445 0.236328 0.607422 0.247070 0.618164 0.247070 0.624023 0.251953 0.635742 0.254883 0.643555 0.255859 0.644531 0.261719 0.637695 0.265625 0.641602 0.272461 0.640625 0.280273 0.628906 0.275391 0.612305 0.268555 0.602539 0.269531 0.602539 0.277344 0.602539 0.289062 0.588867 0.293945 0.589844 0.305664 0.582031 0.312500 0.571289 0.313477 0.557617 0.303711 0.557617 0.284180 0.552734 0.270508 0.562500 0.255859 0.570312 0.244141 0.569336 0.229492 0.579102 0.216797 0.584961 0.193359 0.573242 0.194336 0.573242 0.194336 0.561523 0.187500 0.561523 0.187500 0.551758 0.189453 0.547852 0.179688 0.552734 0.175781 0.560547 0.178711 0.575195 0.176758 0.579102 0.166992 0.572266 0.163086 0.577148 0.152344
0 0.722656 0.129883 0.725586 0.139648 0.733398 0.146484 0.735352 0.132812 0.749023 0.126953 0.748047 0.134766 0.752930 0.139648 0.760742 0.141602 0.767578 0.147461 0.761719 0.152344 0.750977 0.154297 0.750000 0.160156 0.756836 0.165039 0.758789 0.173828 0.755859 0.185547 0.755859 0.185547 0.759766 0.194336 0.768555 0.196289 0.778320 0.200195 0.791992 0.207031 0.791992 0.214844 0.794922 0.222656 0.794922 0.231445 0.784180 0.231445 0.779297 0.231445 0.778320 0.239258 0.769531 0.242188 0.764648 0.246094 0.769531 0.256836 0.768555 0.273438 0.753906 0.275391 0.738281 0.268555 0.732422 0.274414 0.719727 0.273438 0.706055 0.269531 0.700195 0.255859 0.707031 0.245117 0.708984 0.231445 0.714844 0.220703 0.720703 0.211914 0.719727 0.201172 0.719727 0.189453 0.729492 0.178711 0.721680 0.176758 0.713867 0.178711 0.710938 0.168945 0.703125 0.166992 0.701172 0.160156 0.706055 0.153320 0.715820 0.157227 0.714844 0.142578 0.714844 0.142578 0.710938 0.135742 0.714844 0.128906
1 0.816406 0.159180 0.817383 0.171875 0.809570 0.175781 0.799805 0.171875 0.800781 0.160156
1 0.818359 0.179688 0.820312 0.187500 0.815430 0.193359 0.809570 0.189453 0.809570 0.179688
1 0.646484 0.208008 0.654297 0.212891 0.651367 0.221680 0.643555 0.218750
1 0.648438 0.314453 0.655273 0.320312 0.653320 0.328125 0.646484 0.326172 0.643555 0.319336
1 0.671875 0.301758 0.678711 0.302734 0.679688 0.309570 0.671875 0.312500 0.667969 0.306641
0 0.694336 0.282227 0.702148 0.274414 0.709961 0.273438 0.708008 0.282227 0.717773 0.288086 0.721680 0.283203 0.730469 0.282227 0.738281 0.294922 0.750977 0.294922 0.750000 0.304688 0.762695 0.305664 0.770508 0.314453 0.776367 0.327148 0.765625 0.332031 0.755859 0.337891 0.748047 0.349609 0.742188 0.365234 0.735352 0.371094 0.725586 0.369141 0.722656 0.361328 0.711914 0.358398 0.709961 0.348633 0.709961 0.335938 0.703125 0.333984 0.698242 0.322266 0.690430 0.321289 0.689453 0.313477 0.692383 0.307617 0.684570 0.291992
0 0.666016 0.330078 0.672852 0.330078 0.678711 0.337891 0.680664 0.350586 0.673828 0.354492 0.667969 0.363281 0.658203 0.357422 0.662109 0.342773
1 0.631836 0.357422 0.640625 0.357422 0.640625 0.367188 0.631836 0.366211
1 0.644531 0.356445 0.652344 0.354492 0.657227 0.358398 0.657227 0.371094 0.647461 0.374023 0.641602 0.368164
1 0.677734 0.353516 0.686523 0.357422 0.686523 0.364258 0.679688 0.371094 0.669922 0.369141 0.671875 0.359375
1 0.651367 0.377930 0.654297 0.384766 0.648438 0.389648 0.642578 0.386719 0.642578 0.378906
0 0.700195 0.363281 0.713867 0.365234 0.716797 0.376953 0.715820 0.386719 0.706055 0.392578 0.711914 0.404297 0.712891 0.404297 0.712891 0.411133 0.702148 0.410156 0.702148 0.410156 0.698242 0.397461 0.692383 0.399414 0.692383 0.404297 0.685547 0.404297 0.682617 0.399414 0.680664 0.390625 0.680664 0.382812 0.687500 0.385742 0.692383 0.376953 0.699219 0.375977
1 0.599609 0.364258 0.607422 0.365234 0.607422 0.372070 0.600586 0.370117
1 0.541016 0.382812 0.544922 0.382812 0.544922 0.387695 0.540039 0.387695
1 0.531250 0.407227 0.541992 0.403320 0.546875 0.410156 0.542969 0.418945 0.531250 0.416016
0 0.523438 0.419922 0.533203 0.419922 0.541016 0.425781 0.540039 0.433594 0.542969 0.441406 0.538086 0.446289 0.523438 0.446289 0.516602 0.436523 0.521484 0.428711
0 0.607422 0.389648 0.618164 0.387695 0.621094 0.398438 0.620117 0.411133 0.618164 0.422852 0.610352 0.424805 0.609375 0.432617 0.614258 0.440430 0.614258 0.449219 0.604492 0.452148 0.599609 0.447266 0.597656 0.436523 0.599609 0.427734 0.591797 0.424805 0.591797 0.408203 0.604492 0.397461
1 0.541016 0.459961 0.547852 0.461914 0.549805 0.467773 0.541016 0.470703
1 0.561523 0.481445 0.574219 0.484375 0.574219 0.490234 0.568359 0.494141 0.560547 0.489258
0 0.596680 0.460938 0.600586 0.464844 0.600586 0.464844 0.599609 0.474609 0.594727 0.481445 0.586914 0.483398 0.583984 0.476562 0.591797 0.474609 0.593750 0.464844
1 0.889648 0.000000 0.889648 0.006836 0.883789 0.005859 0.883789 0.000000
1 0.896484 0.000000 0.901367 0.001953 0.900391 0.010742 0.892578 0.007812
0 0.949219 0.000000 0.951172 0.006836 0.954102 0.009766 0.957031 0.015625 0.966797 0.016602 0.977539 0.020508 0.986328 0.018555 0.988281 0.012695 0.991211 0.014648 0.992188 0.021484 1.000000 0.022461 1.000000 0.007812 0.990234 0.006836 0.981445 0.004883 0.971680 0.006836 0.969727 0.000000
0 0.937500 0.012695 0.945312 0.014648 0.948242 0.023438 0.959961 0.024414 0.970703 0.021484 0.983398 0.027344 1.000000 0.032227 1.000000 0.067383 0.988281 0.073242 0.988281 0.084961 0.988281 0.096680 0.987305 0.106445 0.981445 0.114258 0.972656 0.112305 0.967773 0.104492 0.967773 0.093750 0.958984 0.086914 0.952148 0.092773 0.940430 0.091797 0.937500 0.082031 0.930664 0.081055 0.931641 0.089844 0.926758 0.100586 0.916992 0.098633 0.915039 0.088867 0.912109 0.079102 0.918945 0.062500 0.924805 0.052734 0.922852 0.040039 0.927734 0.037109 0.935547 0.022461
1 0.927734 0.016602 0.934570 0.017578 0.932617 0.023438 0.926758 0.022461
1 0.899414 0.032227 0.902344 0.033203 0.902344 0.040039 0.896484 0.036133
1 0.893555 0.040039 0.899414 0.042969 0.899414 0.042969 0.900391 0.052734 0.896484 0.060547 0.888672 0.059570 0.888672 0.050781
1 0.869141 0.062500 0.875000 0.064453 0.875000 0.072266 0.870117 0.072266 0.867188 0.067383
1 0.903320 0.081055 0.910156 0.079102 0.911133 0.079102 0.914062 0.084961 0.907227 0.089844 0.901367 0.085938
0 0.866211 0.075195 0.876953 0.079102 0.874023 0.090820 0.870117 0.100586 0.873047 0.108398 0.871094 0.114258 0.861328 0.113281 0.860352 0.099609 0.860352 0.099609 0.860352 0.084961
0 0.975586 0.116211 0.982422 0.116211 0.987305 0.122070 0.986328 0.136719 0.986328 0.136719 0.981445 0.150391 0.989258 0.152344 0.999023 0.151367 0.999023 0.151367 1.000000 0.175781 0.980469 0.169922 0.968750 0.169922 0.956055 0.167969 0.947266 0.159180 0.948242 0.151367 0.941406 0.156250 0.942383 0.164062 0.934570 0.169922 0.922852 0.169922 0.916016 0.161133 0.912109 0.151367 0.912109 0.140625 0.909180 0.134766 0.901367 0.140625 0.894531 0.139648 0.897461 0.129883 0.894531 0.119141 0.894531 0.120117 0.906250 0.110352 0.916016 0.111328 0.921875 0.117188 0.916992 0.125977 0.932617 0.127930 0.937500 0.126953 0.941406 0.137695 0.950195 0.137695 0.956055 0.129883 0.963867 0.131836 0.966797 0.118164
0 0.961914 0.108398 0.968750 0.110352 0.968750 0.117188 0.959961 0.116211
0 0.834961 0.109375 0.849609 0.115234 0.851562 0.120117 0.857422 0.119141 0.861328 0.127930 0.854492 0.127930 0.855469 0.135742 0.851562 0.139648 0.846680 0.134766 0.838867 0.129883 0.841797 0.125000 0.833984 0.124023 0.834961 0.115234 0.829102 0.115234 0.829102 0.110352
0 0.857422 0.139648 0.864258 0.139648 0.869141 0.149414 0.875000 0.151367 0.886719 0.154297 0.886719 0.154297 0.894531 0.152344 0.900391 0.158203 0.900391 0.158203 0.894531 0.161133 0.888672 0.164062 0.880859 0.163086 0.866211 0.160156 0.861328 0.157227 0.860352 0.145508 0.855469 0.144531
1 0.876953 0.111328 0.886719 0.111328 0.891602 0.120117 0.884766 0.123047 0.875000 0.115234
1 0.870117 0.136719 0.876953 0.138672 0.876953 0.142578 0.870117 0.144531
1 0.881836 0.138672 0.888672 0.143555 0.887695 0.152344 0.875977 0.150391 0.878906 0.144531
1 0.823242 0.162109 0.833008 0.163086 0.833984 0.172852 0.825195 0.174805 0.822266 0.167969
1 0.840820 0.163086 0.850586 0.163086 0.853516 0.168945 0.850586 0.175781 0.841797 0.175781 0.839844 0.167969
1 0.862305 0.165039 0.871094 0.167969 0.871094 0.174805 0.860352 0.174805 0.857422 0.167969
0 0.893555 0.165039 0.900391 0.165039 0.903320 0.173828 0.900391 0.182617 0.895508 0.187500 0.887695 0.186523 0.885742 0.177734 0.894531 0.170898
0 1.000000 0.177734 0.994141 0.179688 0.989258 0.186523 0.988281 0.195312 0.986328 0.208984 0.984375 0.215820 0.977539 0.218750 0.973633 0.227539 0.976562 0.233398 0.985352 0.235352 1.000000 0.232422
1 0.911133 0.188477 0.922852 0.190430 0.922852 0.198242 0.911133 0.200195 0.908203 0.192383
1 0.901367 0.182617 0.906250 0.183594 0.905273 0.189453 0.900391 0.187500
1 0.917969 0.177734 0.927734 0.180664 0.927734 0.187500 0.919922 0.189453 0.915039 0.184570 0.915039 0.184570
1 0.900391 0.190430 0.904297 0.192383 0.903320 0.199219 0.899414 0.198242
1 0.897461 0.208008 0.901367 0.208984 0.901367 0.214844 0.896484 0.213867
1 0.907227 0.213867 0.912109 0.213867 0.911133 0.220703 0.906250 0.219727
1 0.927734 0.197266 0.934570 0.202148 0.935547 0.211914 0.923828 0.214844 0.921875 0.202148
1 0.937500 0.200195 0.944336 0.200195 0.950195 0.206055 0.950195 0.213867 0.938477 0.212891
1 0.882812 0.224609 0.891602 0.226562 0.890625 0.232422 0.883789 0.235352
1 0.896484 0.223633 0.903320 0.225586 0.903320 0.229492 0.898438 0.229492
0 0.892578 0.234375 0.898438 0.236328 0.901367 0.243164 0.908203 0.248047 0.911133 0.254883 0.905273 0.258789 0.899414 0.252930 0.894531 0.245117 0.891602 0.239258
0 0.972656 0.241211 0.962891 0.236328 0.954102 0.240234 0.953125 0.249023 0.947266 0.255859 0.952148 0.264648 0.953125 0.264648 0.960938 0.261719 0.969727 0.252930 0.967773 0.246094
1 0.897461 0.266602 0.904297 0.267578 0.906250 0.274414 0.903320 0.279297 0.896484 0.278320 0.891602 0.271484
1 0.917969 0.272461 0.921875 0.274414 0.921875 0.279297 0.916992 0.279297 0.915039 0.275391
1 0.909180 0.291992 0.916016 0.294922 0.916016 0.300781 0.908203 0.301758 0.902344 0.299805 0.902344 0.294922
1 0.875000 0.256836 0.880859 0.255859 0.881836 0.262695 0.876953 0.269531 0.871094 0.268555
1 0.838867 0.241211 0.845703 0.250000 0.840820 0.255859 0.833008 0.250977 0.832031 0.244141 0.833008 0.244141
1 0.830078 0.248047 0.834961 0.253906 0.830078 0.258789 0.824219 0.253906 0.824219 0.249023 0.824219 0.249023
1 0.813477 0.263672 0.819336 0.265625 0.818359 0.272461 0.810547 0.270508
1 0.828125 0.266602 0.836914 0.267578 0.835938 0.273438 0.828125 0.278320 0.824219 0.273438
1 0.853516 0.266602 0.858398 0.270508 0.858398 0.274414 0.848633 0.276367 0.843750 0.272461
1 0.843750 0.276367 0.851562 0.282227 0.851562 0.282227 0.850586 0.288086 0.850586 0.288086 0.842773 0.288086 0.839844 0.281250 0.839844 0.281250
1 0.777344 0.285156 0.784180 0.291016 0.781250 0.296875 0.774414 0.296875 0.769531 0.287109 0.769531 0.287109
1 0.791992 0.302734 0.798828 0.304688 0.801758 0.312500 0.794922 0.316406 0.791016 0.310547
0 0.814453 0.309570 0.823242 0.313477 0.832031 0.316406 0.842773 0.316406 0.848633 0.322266 0.850586 0.332031 0.843750 0.333984 0.833984 0.331055 0.833984 0.324219 0.820312 0.322266 0.817383 0.330078 0.817383 0.330078 0.810547 0.331055 0.810547 0.338867 0.796875 0.347656 0.785156 0.345703 0.777344 0.343750 0.769531 0.346680 0.769531 0.346680 0.766602 0.337891 0.766602 0.337891 0.778320 0.333984 0.791992 0.333008 0.796875 0.322266 0.803711 0.317383
1 0.978516 0.251953 0.985352 0.254883 0.984375 0.260742 0.979492 0.264648 0.973633 0.262695 0.973633 0.255859
1 0.952148 0.296875 0.959961 0.297852 0.959961 0.304688 0.954102 0.303711
1 0.929688 0.317383 0.933594 0.325195 0.930664 0.328125 0.922852 0.322266 0.924805 0.318359
1 0.936523 0.314453 0.944336 0.315430 0.944336 0.315430 0.944336 0.322266 0.938477 0.322266 0.933594 0.318359
0 0.962891 0.314453 0.963867 0.321289 0.965820 0.327148 0.972656 0.322266 0.980469 0.320312 0.991211 0.324219 0.995117 0.332031 0.994141 0.340820 0.988281 0.346680 0.982422 0.355469 0.982422 0.355469 0.974609 0.356445 0.974609 0.346680 0.964844 0.341797 0.958984 0.345703 0.950195 0.345703 0.950195 0.346680 0.947266 0.339844 0.939453 0.335938 0.945312 0.328125 0.947266 0.320312 0.952148 0.316406
0 0.885742 0.331055 0.898438 0.333984 0.898438 0.341797 0.891602 0.343750 0.891602 0.350586 0.896484 0.352539 0.899414 0.359375 0.893555 0.365234 0.886719 0.369141 0.879883 0.366211 0.880859 0.359375 0.885742 0.357422 0.880859 0.351562 0.877930 0.344727 0.876953 0.333008 0.878906 0.329102
0 0.955078 0.360352 0.961914 0.362305 0.966797 0.366211 0.972656 0.371094 0.969727 0.380859 0.968750 0.396484 0.966797 0.404297 0.966797 0.404297 0.960938 0.406250 0.961914 0.414062 0.959961 0.421875 0.951172 0.420898 0.942383 0.415039 0.938477 0.419922 0.932617 0.417969 0.932617 0.413086 0.938477 0.407227 0.927734 0.405273 0.928711 0.406250 0.918945 0.402344 0.920898 0.394531 0.927734 0.394531 0.928711 0.387695 0.926758 0.379883 0.928711 0.373047 0.933594 0.373047 0.938477 0.376953 0.939453 0.386719 0.946289 0.386719 0.947266 0.376953 0.956055 0.376953 0.952148 0.365234
1 0.905273 0.345703 0.910156 0.347656 0.908203 0.355469 0.903320 0.352539
1 0.913086 0.348633 0.919922 0.350586 0.918945 0.357422 0.913086 0.358398 0.910156 0.352539
1 0.911133 0.374023 0.918945 0.373047 0.918945 0.379883 0.913086 0.379883
1 0.738281 0.381836 0.745117 0.380859 0.745117 0.387695 0.745117 0.387695 0.739258 0.387695
1 0.722656 0.401367 0.726562 0.401367 0.726562 0.406250 0.720703 0.406250
1 0.742188 0.398438 0.747070 0.397461 0.747070 0.404297 0.741211 0.405273
1 0.740234 0.418945 0.745117 0.418945 0.745117 0.424805 0.739258 0.424805
1 0.797852 0.361328 0.805664 0.364258 0.804688 0.370117 0.801758 0.370117 0.798828 0.376953 0.792969 0.371094
1 0.779297 0.366211 0.784180 0.366211 0.783203 0.372070 0.780273 0.372070
1 0.771484 0.410156 0.776367 0.410156 0.776367 0.416992 0.770508 0.416992
1 0.790039 0.403320 0.797852 0.405273 0.797852 0.414062 0.795898 0.419922 0.790039 0.417969 0.785156 0.415039 0.784180 0.409180
1 0.806641 0.400391 0.815430 0.401367 0.815430 0.409180 0.806641 0.407227
1 0.821289 0.405273 0.825195 0.407227 0.825195 0.412109 0.819336 0.411133
1 0.833984 0.399414 0.838867 0.404297 0.833984 0.409180 0.827148 0.404297 0.827148 0.400391
1 0.817383 0.381836 0.822266 0.386719 0.818359 0.391602 0.815430 0.387695
1 0.852539 0.390625 0.860352 0.391602 0.860352 0.397461 0.854492 0.397461
1 0.835938 0.396484 0.845703 0.396484 0.845703 0.396484 0.847656 0.402344 0.843750 0.405273 0.836914 0.402344
1 0.891602 0.405273 0.896484 0.406250 0.896484 0.411133 0.892578 0.411133
1 0.892578 0.430664 0.897461 0.431641 0.899414 0.436523 0.894531 0.437500
0 0.859375 0.417969 0.863281 0.422852 0.869141 0.425781 0.867188 0.432617 0.865234 0.442383 0.865234 0.442383 0.857422 0.447266 0.851562 0.440430 0.852539 0.432617 0.845703 0.427734 0.850586 0.421875 0.850586 0.421875 0.849609 0.416992 0.852539 0.412109
1 0.845703 0.432617 0.848633 0.435547 0.848633 0.440430 0.843750 0.441406 0.842773 0.437500
1 0.835938 0.433594 0.840820 0.438477 0.840820 0.443359 0.835938 0.445312 0.830078 0.444336 0.829102 0.438477
0 0.846680 0.453125 0.854492 0.457031 0.853516 0.464844 0.844727 0.464844 0.840820 0.472656 0.840820 0.480469 0.835938 0.481445 0.833008 0.475586 0.831055 0.466797 0.836914 0.458984 0.836914 0.454102
0 0.790039 0.434570 0.800781 0.438477 0.803711 0.450195 0.797852 0.458984 0.797852 0.458984 0.790039 0.458984 0.782227 0.458984 0.780273 0.454102 0.786133 0.451172 0.781250 0.444336 0.782227 0.437500
1 0.779297 0.475586 0.785156 0.477539 0.787109 0.482422 0.781250 0.485352 0.773438 0.481445 0.773438 0.481445 0.775391 0.476562
0 0.729492 0.436523 0.741211 0.438477 0.752930 0.447266 0.750977 0.458984 0.749023 0.464844 0.740234 0.467773 0.733398 0.461914 0.727539 0.460938 0.723633 0.455078 0.722656 0.446289 0.728516 0.442383
0 0.750000 0.469727 0.754883 0.475586 0.753906 0.483398 0.750977 0.488281 0.761719 0.493164 0.766602 0.501953 0.775391 0.503906 0.775391 0.503906 0.784180 0.505859 0.791016 0.501953 0.799805 0.498047 0.809570 0.500977 0.812500 0.506836 0.819336 0.508789 0.825195 0.512695 0.824219 0.519531 0.818359 0.520508 0.821289 0.528320 0.819336 0.533203 0.815430 0.534180 0.818359 0.539062 0.815430 0.543945 0.807617 0.541016 0.805664 0.532227 0.797852 0.529297 0.790039 0.524414 0.789062 0.516602 0.786133 0.526367 0.781250 0.528320 0.773438 0.527344 0.764648 0.529297 0.754883 0.529297 0.750000 0.523438 0.744141 0.520508 0.742188 0.513672 0.747070 0.506836 0.740234 0.502930 0.740234 0.496094 0.742188 0.490234 0.740234 0.484375 0.746094 0.482422 0.748047 0.476562 0.743164 0.474609 0.743164 0.470703
1 0.728516 0.501953 0.735352 0.502930 0.740234 0.507812 0.738281 0.513672 0.731445 0.511719 0.732422 0.511719 0.728516 0.507812
0 0.687500 0.454102 0.696289 0.453125 0.699219 0.460938 0.701172 0.467773 0.699219 0.473633 0.694336 0.472656 0.691406 0.463867 0.685547 0.458984
0 0.716797 0.482422 0.725586 0.488281 0.725586 0.497070 0.720703 0.499023 0.714844 0.502930 0.710938 0.500000 0.710938 0.486328
0 0.610352 0.471680 0.617188 0.472656 0.617188 0.472656 0.623047 0.475586 0.624023 0.483398 0.619141 0.485352 0.615234 0.482422 0.609375 0.476562 0.610352 0.476562
1 0.647461 0.473633 0.656250 0.473633 0.659180 0.480469 0.653320 0.485352 0.644531 0.482422
1 0.656250 0.470703 0.662109 0.470703 0.665039 0.477539 0.662109 0.479492 0.657227 0.476562
1 0.667969 0.493164 0.674805 0.495117 0.677734 0.499023 0.672852 0.501953 0.663086 0.500000 0.663086 0.495117
1 0.690430 0.500977 0.697266 0.503906 0.697266 0.509766 0.690430 0.510742 0.686523 0.505859
0 0.645508 0.490234 0.652344 0.491211 0.656250 0.495117 0.656250 0.500000 0.663086 0.501953 0.667969 0.507812 0.667969 0.513672 0.659180 0.515625 0.651367 0.513672 0.644531 0.509766 0.644531 0.503906 0.642578 0.498047 0.642578 0.498047 0.644531 0.495117
1 0.586914 0.499023 0.592773 0.501953 0.592773 0.509766 0.585938 0.509766 0.583008 0.505859
1 0.603516 0.499023 0.607422 0.502930 0.604492 0.506836 0.599609 0.508789 0.596680 0.500977
1 0.557617 0.512695 0.563477 0.512695 0.564453 0.516602 0.560547 0.517578
1 0.567383 0.515625 0.573242 0.515625 0.574219 0.518555 0.570312 0.521484 0.567383 0.519531
1 0.543945 0.538086 0.549805 0.537109 0.553711 0.540039 0.549805 0.545898 0.542969 0.543945
1 0.521484 0.481445 0.520508 0.488281 0.516602 0.487305 0.515625 0.482422
0 0.528320 0.481445 0.534180 0.481445 0.537109 0.487305 0.532227 0.489258 0.531250 0.494141 0.528320 0.499023 0.522461 0.499023 0.522461 0.494141 0.526367 0.486328
0 0.620117 0.506836 0.627930 0.506836 0.633789 0.510742 0.636719 0.516602 0.627930 0.515625 0.627930 0.515625 0.619141 0.516602 0.616211 0.517578 0.612305 0.513672 0.611328 0.509766 0.617188 0.509766
0 0.605469 0.518555 0.611328 0.519531 0.615234 0.524414 0.616211 0.528320 0.620117 0.524414 0.626953 0.523438 0.630859 0.526367 0.628906 0.533203 0.625000 0.536133 0.616211 0.535156 0.613281 0.541016 0.612305 0.541992 0.614258 0.546875 0.609375 0.549805 0.604492 0.546875 0.601562 0.541992 0.595703 0.539062 0.592773 0.541992 0.590820 0.543945 0.589844 0.540039 0.588867 0.532227 0.589844 0.527344 0.596680 0.526367 0.601562 0.525391
0 0.666992 0.519531 0.673828 0.518555 0.676758 0.522461 0.676758 0.522461 0.678711 0.530273 0.681641 0.533203 0.680664 0.536133 0.675781 0.533203 0.668945 0.532227 0.668945 0.532227 0.671875 0.540039 0.666016 0.545898 0.661133 0.550781 0.660156 0.556641 0.655273 0.560547 0.646484 0.559570 0.645508 0.551758 0.649414 0.543945 0.653320 0.541016 0.651367 0.533203 0.656250 0.529297 0.661133 0.522461
1 0.565430 0.544922 0.569336 0.545898 0.569336 0.550781 0.564453 0.549805
1 0.560547 0.558594 0.566406 0.560547 0.566406 0.564453 0.559570 0.568359 0.556641 0.563477 0.557617 0.559570
1 0.566406 0.564453 0.571289 0.566406 0.570312 0.573242 0.570312 0.573242 0.564453 0.572266 0.563477 0.568359
0 0.598633 0.564453 0.602539 0.571289 0.601562 0.580078 0.598633 0.584961 0.594727 0.589844 0.589844 0.587891 0.586914 0.580078 0.586914 0.571289 0.587891 0.571289 0.592773 0.566406
1 0.558594 0.594727 0.563477 0.596680 0.563477 0.600586 0.556641 0.600586
0 0.548828 0.600586 0.554688 0.602539 0.555664 0.608398 0.565430 0.612305 0.569336 0.607422 0.578125 0.608398 0.583984 0.613281 0.583008 0.620117 0.577148 0.624023 0.566406 0.624023 0.558594 0.625000 0.548828 0.624023 0.548828 0.624023 0.547852 0.618164 0.545898 0.612305 0.545898 0.603516
1 0.613281 0.623047 0.619141 0.625000 0.616211 0.629883 0.611328 0.628906 0.610352 0.625000
1 0.627930 0.606445 0.635742 0.607422 0.636719 0.613281 0.628906 0.614258 0.625000 0.610352
1 0.626953 0.617188 0.632812 0.618164 0.632812 0.625000 0.626953 0.625000 0.624023 0.621094
1 0.649414 0.626953 0.655273 0.628906 0.655273 0.632812 0.649414 0.632812 0.647461 0.629883
1 0.605469 0.627930 0.606445 0.632812 0.602539 0.635742 0.596680 0.633789 0.597656 0.629883
0 0.536133 0.641602 0.541992 0.642578 0.544922 0.646484 0.544922 0.650391 0.540039 0.654297 0.539062 0.659180 0.541992 0.663086 0.544922 0.660156 0.549805 0.661133 0.549805 0.666016 0.544922 0.667969 0.544922 0.673828 0.539062 0.676758 0.533203 0.671875 0.526367 0.666016 0.526367 0.666016 0.524414 0.659180 0.519531 0.655273 0.519531 0.647461 0.525391 0.645508 0.531250 0.647461 0.533203 0.643555
1 0.505859 0.682617 0.510742 0.681641 0.513672 0.684570 0.511719 0.689453 0.507812 0.688477
1 0.529297 0.692383 0.534180 0.698242 0.530273 0.703125 0.525391 0.700195 0.523438 0.694336
1 0.540039 0.691406 0.545898 0.694336 0.543945 0.698242 0.539062 0.697266 0.537109 0.693359
0 0.549805 0.673828 0.558594 0.674805 0.559570 0.680664 0.569336 0.680664 0.572266 0.684570 0.567383 0.688477 0.565430 0.692383 0.568359 0.697266 0.562500 0.699219 0.555664 0.697266 0.557617 0.690430 0.552734 0.687500 0.550781 0.690430 0.546875 0.687500 0.548828 0.680664
0 0.578125 0.682617 0.583008 0.683594 0.583984 0.688477 0.581055 0.693359 0.579102 0.697266 0.581055 0.702148 0.583008 0.708008 0.582031 0.712891 0.577148 0.711914 0.577148 0.704102 0.573242 0.700195 0.571289 0.695312 0.575195 0.694336 0.575195 0.687500 0.572266 0.687500 0.573242 0.682617
0 0.600586 0.678711 0.605469 0.679688 0.608398 0.685547 0.606445 0.692383 0.602539 0.701172 0.601562 0.707031 0.600586 0.711914 0.600586 0.712891 0.595703 0.713867 0.593750 0.710938 0.591797 0.703125 0.594727 0.699219 0.598633 0.693359 0.595703 0.687500
1 0.525391 0.708008 0.531250 0.708984 0.532227 0.715820 0.527344 0.719727 0.521484 0.715820
0 0.592773 0.725586 0.604492 0.727539 0.605469 0.736328 0.613281 0.736328 0.612305 0.744141 0.616211 0.746094 0.621094 0.749023 0.627930 0.750977 0.626953 0.757812 0.624023 0.759766 0.616211 0.755859 0.613281 0.759766 0.609375 0.768555 0.608398 0.772461 0.601562 0.772461 0.602539 0.772461 0.598633 0.771484 0.595703 0.774414 0.591797 0.772461 0.587891 0.767578 0.583984 0.770508 0.578125 0.767578 0.577148 0.764648 0.572266 0.758789 0.576172 0.751953 0.581055 0.747070 0.583008 0.732422 0.589844 0.732422
1 0.540039 0.783203 0.542969 0.788086 0.540039 0.793945 0.535156 0.791992 0.535156 0.784180
1 0.380859 0.886719 0.388672 0.886719 0.392578 0.894531 0.383789 0.896484 0.377930 0.893555
1 0.396484 0.889648 0.403320 0.891602 0.408203 0.896484 0.406250 0.900391 0.395508 0.900391
0 0.418945 0.890625 0.436523 0.892578 0.451172 0.896484 0.466797 0.899414 0.470703 0.909180 0.463867 0.912109 0.451172 0.911133 0.441406 0.911133 0.435547 0.915039 0.427734 0.914062 0.425781 0.903320 0.417969 0.899414
1 0.423828 0.959961 0.435547 0.966797 0.433594 0.976562 0.423828 0.976562 0.419922 0.968750
0 0.485352 0.906250 0.497070 0.910156 0.504883 0.916992 0.519531 0.919922 0.526367 0.924805 0.527344 0.924805 0.540039 0.925781 0.551758 0.928711 0.562500 0.932617 0.566406 0.939453 0.566406 0.939453 0.559570 0.943359 0.548828 0.938477 0.555664 0.945312 0.555664 0.953125 0.559570 0.957031 0.565430 0.963867 0.564453 0.970703 0.564453 0.970703 0.555664 0.968750 0.552734 0.962891 0.549805 0.965820 0.541992 0.962891 0.540039 0.954102 0.541016 0.945312 0.534180 0.953125 0.539062 0.960938 0.535156 0.967773 0.538086 0.973633 0.541992 0.985352 0.541992 1.000000 0.509766 1.000000 0.509766 0.984375 0.517578 0.974609 0.517578 0.967773 0.517578 0.955078 0.520508 0.946289 0.520508 0.946289 0.526367 0.938477 0.517578 0.933594 0.517578 0.933594 0.500000 0.926758 0.482422 0.919922 0.479492 0.912109
0 0.579102 0.946289 0.587891 0.946289 0.597656 0.952148 0.610352 0.957031 0.619141 0.961914 0.622070 0.959961 0.623047 0.954102 0.623047 0.954102 0.634766 0.947266 0.641602 0.946289 0.653320 0.947266 0.666992 0.955078 0.664062 0.958984 0.674805 0.964844 0.674805 0.964844 0.682617 0.975586 0.696289 0.982422 0.705078 1.000000 0.625000 1.000000 0.620117 0.991211 0.627930 0.988281 0.618164 0.980469 0.621094 0.973633 0.606445 0.967773 0.598633 0.965820 0.590820 0.961914 0.587891 0.956055 0.579102 0.952148
1 0.586914 0.998047 0.590820 0.991211 0.596680 0.991211 0.599609 0.995117 0.600586 1.000000
1 0.580078 0.984375 0.585938 0.984375 0.585938 0.990234
1 0.625977 0.939453 0.632812 0.941406 0.631836 0.946289 0.624023 0.945312
1 0.612305 0.929688 0.619141 0.933594 0.621094 0.937500 0.617188 0.939453 0.612305 0.935547
1 0.566406 0.805664 0.569336 0.813477 0.563477 0.816406 0.559570 0.812500 0.558594 0.805664
0 0.576172 0.825195 0.583984 0.830078 0.594727 0.834961 0.608398 0.839844 0.618164 0.847656 0.625000 0.856445 0.634766 0.856445 0.643555 0.868164 0.653320 0.873047 0.653320 0.879883 0.644531 0.885742 0.637695 0.883789 0.629883 0.880859 0.622070 0.873047 0.621094 0.863281 0.611328 0.855469 0.602539 0.851562 0.602539 0.851562 0.592773 0.857422 0.585938 0.852539 0.583984 0.845703 0.576172 0.838867 0.574219 0.831055 0.575195 0.831055
1 0.617188 0.874023 0.622070 0.875977 0.623047 0.882812 0.618164 0.881836 0.613281 0.878906
0 0.653320 0.887695 0.663086 0.885742 0.677734 0.890625 0.690430 0.898438 0.697266 0.909180 0.710938 0.915039 0.725586 0.923828 0.731445 0.940430 0.738281 0.949219 0.746094 0.960938 0.752930 0.958984 0.752930 0.958984 0.761719 0.965820 0.769531 0.970703 0.771484 0.977539 0.776367 0.989258 0.777344 0.997070 0.770508 1.000000 0.757812 0.998047 0.751953 0.988281 0.743164 0.982422 0.738281 0.972656 0.729492 0.971680 0.729492 0.971680 0.722656 0.961914 0.719727 0.954102 0.710938 0.952148 0.703125 0.947266 0.700195 0.938477 0.688477 0.933594 0.684570 0.927734 0.672852 0.922852 0.667969 0.916016 0.660156 0.913086 0.656250 0.905273 0.648438 0.899414 0.641602 0.891602 0.645508 0.885742
1 0.805664 0.960938 0.818359 0.960938 0.825195 0.970703 0.825195 0.970703 0.824219 0.976562 0.815430 0.981445 0.815430 0.982422 0.803711 0.979492 0.799805 0.969727
1 0.818359 0.979492 0.824219 0.983398 0.824219 0.983398 0.823242 0.989258 0.816406 0.989258 0.813477 0.983398
0 0.830078 0.971680 0.838867 0.972656 0.848633 0.976562 0.858398 0.978516 0.873047 0.979492 0.874023 0.972656 0.874023 0.960938 0.875977 0.951172 0.884766 0.947266 0.890625 0.944336 0.894531 0.937500 0.894531 0.927734 0.903320 0.923828 0.909180 0.920898 0.914062 0.915039 0.921875 0.916992 0.931641 0.919922 0.935547 0.923828 0.933594 0.931641 0.932617 0.938477 0.940430 0.941406 0.949219 0.946289 0.948242 0.958984 0.940430 0.967773 0.932617 0.967773 0.933594 0.974609 0.929688 0.976562 0.923828 0.979492 0.923828 0.987305 0.915039 0.994141 0.914062 1.000000 0.914062 1.000000 0.829102 1.000000 0.829102 0.989258 0.827148 0.982422 0.825195 0.975586
1 0.837891 0.949219 0.845703 0.949219 0.846680 0.953125 0.838867 0.955078
1 0.956055 0.978516 0.961914 0.979492 0.961914 0.984375 0.961914 0.984375 0.957031 0.987305 0.954102 0.982422
1 0.793945 0.892578 0.799805 0.890625 0.800781 0.896484 0.796875 0.897461
1 0.841797 0.868164 0.847656 0.871094 0.848633 0.877930 0.842773 0.881836 0.835938 0.876953
1 0.860352 0.885742 0.865234 0.886719 0.865234 0.893555 0.860352 0.893555
1 0.866211 0.869141 0.873047 0.869141 0.873047 0.874023 0.868164 0.874023
1 0.906250 0.904297 0.910156 0.909180 0.910156 0.909180 0.910156 0.915039 0.904297 0.913086 0.901367 0.908203 0.901367 0.908203
1 0.928711 0.907227 0.935547 0.909180 0.934570 0.914062 0.926758 0.916016 0.922852 0.909180
0 0.677734 0.803711 0.687500 0.804688 0.694336 0.802734 0.706055 0.801758 0.711914 0.809570 0.709961 0.816406 0.699219 0.817383 0.695312 0.824219 0.684570 0.834961 0.680664 0.840820 0.685547 0.848633 0.686523 0.850586 0.690430 0.855469 0.690430 0.855469 0.697266 0.860352 0.705078 0.868164 0.709961 0.876953 0.707031 0.881836 0.696289 0.876953 0.690430 0.868164 0.679688 0.862305 0.670898 0.850586 0.668945 0.838867 0.654297 0.831055 0.652344 0.813477 0.660156 0.804688
1 0.706055 0.885742 0.710938 0.882812 0.715820 0.887695 0.712891 0.893555 0.706055 0.892578
1 0.706055 0.527344 0.707031 0.535156 0.701172 0.535156 0.700195 0.530273
0 0.710938 0.534180 0.715820 0.539062 0.715820 0.553711 0.710938 0.556641 0.704102 0.553711 0.701172 0.545898 0.702148 0.537109
0 0.646484 0.568359 0.655273 0.571289 0.662109 0.574219 0.668945 0.576172 0.667969 0.581055 0.662109 0.587891 0.651367 0.585938 0.644531 0.578125
0 0.733398 0.550781 0.742188 0.551758 0.742188 0.551758 0.742188 0.556641 0.737305 0.560547 0.727539 0.561523 0.724609 0.556641
0 0.656250 0.600586 0.665039 0.600586 0.667969 0.607422 0.674805 0.610352 0.681641 0.607422 0.687500 0.613281 0.696289 0.618164 0.700195 0.626953 0.696289 0.634766 0.688477 0.633789 0.681641 0.637695 0.675781 0.637695 0.665039 0.637695 0.665039 0.629883 0.669922 0.627930 0.666992 0.622070 0.662109 0.618164 0.663086 0.609375 0.655273 0.607422
0 0.648438 0.673828 0.656250 0.674805 0.668945 0.678711 0.678711 0.682617 0.677734 0.692383 0.678711 0.697266 0.690430 0.704102 0.687500 0.712891 0.676758 0.709961 0.666016 0.708008 0.654297 0.707031 0.643555 0.709961 0.643555 0.709961 0.643555 0.721680 0.640625 0.729492 0.630859 0.728516 0.627930 0.719727 0.623047 0.710938 0.631836 0.708008 0.630859 0.695312 0.635742 0.686523 0.645508 0.691406 0.648438 0.682617 0.643555 0.678711
1 0.610352 0.713867 0.620117 0.717773 0.620117 0.723633 0.609375 0.722656 0.605469 0.716797
0 0.790039 0.610352 0.789062 0.598633 0.801758 0.591797 0.800781 0.582031 0.800781 0.582031 0.801758 0.577148 0.793945 0.572266 0.783203 0.572266 0.777344 0.566406 0.777344 0.559570 0.777344 0.560547 0.785156 0.559570 0.793945 0.557617 0.798828 0.564453 0.802734 0.568359 0.810547 0.573242 0.809570 0.582031 0.817383 0.588867 0.828125 0.586914 0.832031 0.593750 0.832031 0.602539 0.832031 0.602539 0.831055 0.611328 0.831055 0.611328 0.833008 0.621094 0.823242 0.621094 0.823242 0.621094 0.821289 0.630859 0.828125 0.641602 0.831055 0.648438 0.839844 0.644531 0.848633 0.646484 0.849609 0.656250 0.840820 0.661133 0.831055 0.665039 0.830078 0.672852 0.843750 0.675781 0.859375 0.678711 0.870117 0.684570 0.875000 0.692383 0.875000 0.692383 0.875000 0.699219 0.875977 0.707031 0.870117 0.710938 0.861328 0.707031 0.847656 0.708008 0.846680 0.695312 0.834961 0.695312 0.828125 0.696289 0.825195 0.698242 0.821289 0.694336 0.819336 0.683594 0.809570 0.685547 0.809570 0.685547 0.807617 0.676758 0.800781 0.681641 0.791016 0.681641 0.784180 0.685547 0.785156 0.685547 0.776367 0.677734 0.769531 0.681641 0.765625 0.686523 0.759766 0.681641 0.763672 0.675781 0.767578 0.666992 0.758789 0.667969 0.753906 0.671875 0.753906 0.671875 0.748047 0.668945 0.747070 0.661133 0.742188 0.666992 0.736328 0.666992 0.733398 0.659180 0.731445 0.651367 0.725586 0.650391 0.723633 0.654297 0.716797 0.653320 0.707031 0.657227 0.701172 0.650391 0.700195 0.643555 0.708008 0.643555 0.716797 0.636719 0.724609 0.642578 0.728516 0.635742 0.737305 0.635742 0.743164 0.639648 0.751953 0.638672 0.746094 0.630859 0.749023 0.623047 0.750000 0.612305 0.758789 0.609375 0.770508 0.606445 0.779297 0.608398
1 0.692383 0.596680 0.697266 0.598633 0.697266 0.604492 0.691406 0.602539
1 0.722656 0.623047 0.726562 0.625000 0.724609 0.630859 0.717773 0.627930
1 0.746094 0.584961 0.750977 0.584961 0.750977 0.591797 0.747070 0.591797
1 0.730469 0.586914 0.736328 0.587891 0.736328 0.593750 0.729492 0.592773
1 0.699219 0.669922 0.707031 0.669922 0.707031 0.675781 0.700195 0.674805
1 0.698242 0.680664 0.703125 0.683594 0.700195 0.692383 0.694336 0.689453
1 0.698242 0.694336 0.699219 0.698242 0.698242 0.705078 0.692383 0.700195 0.693359 0.695312
1 0.723633 0.682617 0.729492 0.683594 0.727539 0.689453 0.721680 0.687500
0 0.721680 0.698242 0.727539 0.700195 0.728516 0.707031 0.735352 0.709961 0.740234 0.711914 0.748047 0.713867 0.751953 0.719727 0.746094 0.724609 0.749023 0.730469 0.757812 0.729492 0.768555 0.727539 0.765625 0.722656 0.758789 0.718750 0.761719 0.712891 0.767578 0.716797 0.772461 0.724609 0.778320 0.726562 0.788086 0.730469 0.791992 0.727539 0.801758 0.728516 0.808594 0.728516 0.819336 0.728516 0.824219 0.731445 0.832031 0.733398 0.838867 0.733398 0.840820 0.728516 0.851562 0.727539 0.864258 0.732422 0.864258 0.744141 0.858398 0.753906 0.846680 0.757812 0.840820 0.758789 0.833008 0.754883 0.824219 0.757812 0.815430 0.754883 0.805664 0.755859 0.800781 0.759766 0.791992 0.759766 0.782227 0.753906 0.782227 0.746094 0.791992 0.746094 0.795898 0.740234 0.786133 0.739258 0.774414 0.737305 0.763672 0.740234 0.759766 0.744141 0.755859 0.752930 0.750977 0.756836 0.750977 0.756836 0.739258 0.754883 0.731445 0.751953 0.720703 0.750977 0.719727 0.744141 0.726562 0.742188 0.727539 0.733398 0.731445 0.728516 0.734375 0.717773 0.725586 0.717773 0.718750 0.712891 0.716797 0.703125
1 0.734375 0.693359 0.741211 0.695312 0.741211 0.695312 0.741211 0.702148 0.736328 0.701172
1 0.747070 0.696289 0.754883 0.699219 0.753906 0.704102 0.746094 0.703125 0.746094 0.704102
1 0.709961 0.751953 0.718750 0.758789 0.714844 0.763672 0.708984 0.762695 0.707031 0.753906
0 0.673828 0.765625 0.683594 0.767578 0.695312 0.769531 0.707031 0.779297 0.714844 0.784180 0.726562 0.786133 0.731445 0.792969 0.737305 0.795898 0.747070 0.788086 0.751953 0.779297 0.760742 0.776367 0.766602 0.778320 0.765625 0.785156 0.757812 0.783203 0.753906 0.795898 0.752930 0.807617 0.760742 0.809570 0.758789 0.818359 0.750977 0.819336 0.744141 0.811523 0.739258 0.811523 0.737305 0.818359 0.723633 0.818359 0.711914 0.809570 0.707031 0.803711 0.699219 0.801758 0.693359 0.793945 0.685547 0.792969 0.678711 0.783203 0.668945 0.780273 0.666992 0.769531
0 0.759766 0.818359 0.768555 0.818359 0.777344 0.822266 0.783203 0.827148 0.790039 0.832031 0.785156 0.834961 0.780273 0.835938 0.781250 0.843750 0.790039 0.843750 0.795898 0.834961 0.799805 0.832031 0.799805 0.824219 0.804688 0.818359 0.811523 0.815430 0.813477 0.819336 0.810547 0.828125 0.809570 0.840820 0.810547 0.848633 0.811523 0.853516 0.817383 0.851562 0.814453 0.842773 0.814453 0.842773 0.817383 0.837891 0.818359 0.830078 0.818359 0.830078 0.823242 0.823242 0.829102 0.826172 0.827148 0.833008 0.823242 0.839844 0.823242 0.847656 0.828125 0.854492 0.822266 0.860352 0.816406 0.864258 0.817383 0.864258 0.820312 0.871094 0.823242 0.875000 0.826172 0.881836 0.825195 0.887695 0.821289 0.888672 0.817383 0.881836 0.810547 0.878906 0.803711 0.875000 0.803711 0.865234 0.791016 0.864258 0.781250 0.860352 0.781250 0.860352 0.767578 0.860352 0.761719 0.857422 0.754883 0.857422 0.751953 0.850586 0.744141 0.850586 0.739258 0.846680 0.739258 0.836914 0.743164 0.836914 0.737305 0.831055 0.739258 0.828125 0.745117 0.830078 0.749023 0.837891 0.752930 0.839844 0.758789 0.839844 0.752930 0.830078 0.752930 0.822266
0 0.982422 0.849609 0.993164 0.852539 1.000000 0.857422 1.000000 0.897461 0.989258 0.894531 0.983398 0.896484 0.979492 0.891602 0.988281 0.885742 0.994141 0.880859 0.995117 0.880859 0.989258 0.875977 0.979492 0.875000 0.974609 0.868164 0.972656 0.857422
1 0.913086 0.852539 0.914062 0.867188 0.903320 0.871094 0.890625 0.867188 0.891602 0.854492 0.897461 0.851562
0 0.914062 0.833984 0.923828 0.835938 0.927734 0.832031 0.930664 0.827148 0.933594 0.836914 0.930664 0.843750 0.928711 0.851562 0.916016 0.851562 0.916016 0.851562 0.907227 0.841797 0.905273 0.834961 0.905273 0.834961
1 0.959961 0.832031 0.963867 0.832031 0.965820 0.838867 0.959961 0.838867
0 0.922852 0.772461 0.945312 0.773438 0.952148 0.783203 0.958008 0.789062 0.958984 0.795898 0.957031 0.805664 0.940430 0.806641 0.928711 0.803711 0.922852 0.795898 0.924805 0.787109 0.920898 0.782227
1 0.809570 0.791992 0.816406 0.791992 0.815430 0.798828 0.812500 0.797852
1 0.828125 0.794922 0.837891 0.794922 0.842773 0.802734 0.839844 0.805664 0.830078 0.803711
1 0.869141 0.808594 0.877930 0.812500 0.877930 0.812500 0.877930 0.823242 0.874023 0.826172 0.868164 0.821289 0.863281 0.815430 0.863281 0.810547
1 0.891602 0.821289 0.897461 0.819336 0.901367 0.822266 0.900391 0.825195 0.894531 0.828125 0.888672 0.824219
1 0.898438 0.791016 0.906250 0.793945 0.910156 0.803711 0.907227 0.811523 0.907227 0.811523 0.892578 0.811523 0.887695 0.807617 0.887695 0.795898
1 0.835938 0.771484 0.838867 0.776367 0.835938 0.782227 0.829102 0.779297 0.829102 0.773438
1 0.859375 0.786133 0.863281 0.790039 0.863281 0.795898 0.856445 0.794922 0.854492 0.791016
1 0.890625 0.767578 0.899414 0.768555 0.899414 0.776367 0.891602 0.778320 0.886719 0.771484
1 0.868164 0.752930 0.874023 0.754883 0.879883 0.759766 0.879883 0.764648 0.871094 0.765625 0.860352 0.762695 0.861328 0.755859
0 0.850586 0.758789 0.852539 0.764648 0.856445 0.769531 0.854492 0.774414 0.846680 0.771484 0.837891 0.767578 0.838867 0.767578 0.828125 0.769531 0.825195 0.777344 0.830078 0.784180 0.834961 0.786133 0.842773 0.783203 0.846680 0.788086 0.844727 0.795898 0.830078 0.791016 0.818359 0.786133 0.815430 0.777344 0.814453 0.766602 0.820312 0.759766 0.827148 0.759766 0.832031 0.757812 0.838867 0.760742
0 0.872070 0.732422 0.876953 0.735352 0.887695 0.733398 0.890625 0.741211 0.880859 0.746094 0.870117 0.747070 0.870117 0.747070 0.864258 0.743164 0.865234 0.735352
1 0.860352 0.715820 0.867188 0.716797 0.866211 0.727539 0.858398 0.724609 0.854492 0.717773
0 0.896484 0.705078 0.899414 0.709961 0.904297 0.712891 0.905273 0.718750 0.900391 0.722656 0.902344 0.728516 0.903320 0.736328 0.903320 0.736328 0.904297 0.743164 0.901367 0.750000 0.893555 0.747070 0.893555 0.747070 0.889648 0.741211 0.884766 0.734375 0.884766 0.726562 0.891602 0.727539 0.891602 0.717773 0.892578 0.704102
0 0.917969 0.703125 0.926758 0.709961 0.933594 0.718750 0.929688 0.725586 0.926758 0.731445 0.918945 0.730469 0.911133 0.722656 0.911133 0.713867 0.909180 0.704102 0.910156 0.704102
1 0.979492 0.694336 0.989258 0.697266 0.990234 0.708008 0.982422 0.708984 0.977539 0.703125
1 0.846680 0.589844 0.854492 0.592773 0.855469 0.602539 0.850586 0.606445 0.841797 0.603516 0.841797 0.592773
1 0.853516 0.616211 0.861328 0.616211 0.864258 0.623047 0.858398 0.628906 0.851562 0.625977
1 0.894531 0.633789 0.899414 0.636719 0.898438 0.642578 0.894531 0.645508 0.891602 0.640625
1 0.883789 0.633789 0.886719 0.635742 0.888672 0.641602 0.884766 0.642578 0.880859 0.636719
1 0.886719 0.618164 0.891602 0.619141 0.891602 0.625977 0.884766 0.625977 0.882812 0.621094
1 0.889648 0.597656 0.896484 0.599609 0.895508 0.606445 0.891602 0.608398 0.887695 0.604492
0 0.873047 0.516602 0.884766 0.514648 0.896484 0.515625 0.905273 0.521484 0.905273 0.521484 0.910156 0.531250 0.924805 0.529297 0.932617 0.525391 0.943359 0.528320 0.949219 0.539062 0.948242 0.547852 0.950195 0.556641 0.948242 0.561523 0.941406 0.561523 0.938477 0.574219 0.933594 0.581055 0.921875 0.595703 0.915039 0.596680 0.905273 0.595703 0.902344 0.579102 0.906250 0.570312 0.896484 0.568359 0.885742 0.562500 0.889648 0.558594 0.890625 0.548828 0.890625 0.548828 0.881836 0.549805 0.875977 0.545898 0.873047 0.538086 0.867188 0.535156 0.869141 0.529297 0.873047 0.526367
1 0.861328 0.507812 0.868164 0.512695 0.866211 0.516602 0.860352 0.515625
1 0.858398 0.518555 0.863281 0.519531 0.863281 0.524414 0.857422 0.523438 0.857422 0.523438
1 0.856445 0.476562 0.859375 0.481445 0.859375 0.481445 0.857422 0.488281 0.850586 0.486328 0.850586 0.486328 0.850586 0.479492
1 0.862305 0.472656 0.871094 0.474609 0.873047 0.480469 0.866211 0.482422 0.862305 0.477539
1 0.873047 0.488281 0.876953 0.491211 0.875000 0.497070 0.869141 0.494141
1 0.916016 0.482422 0.923828 0.484375 0.924805 0.484375 0.921875 0.491211 0.914062 0.494141 0.911133 0.489258 0.911133 0.489258
1 0.880859 0.451172 0.882812 0.458008 0.882812 0.458008 0.876953 0.460938 0.872070 0.456055 0.872070 0.451172 0.876953 0.449219
0 0.919922 0.466797 0.920898 0.472656 0.920898 0.472656 0.916016 0.481445 0.911133 0.486328 0.902344 0.485352 0.902344 0.485352 0.900391 0.475586 0.907227 0.472656 0.911133 0.464844
1 0.918945 0.429688 0.922852 0.433594 0.919922 0.438477 0.916016 0.436523 0.914062 0.431641
0 0.918945 0.671875 0.932617 0.672852 0.941406 0.672852 0.956055 0.676758 0.967773 0.678711 0.971680 0.682617 0.970703 0.688477 0.961914 0.690430 0.950195 0.687500 0.942383 0.685547 0.935547 0.685547 0.936523 0.690430 0.944336 0.691406 0.948242 0.698242 0.948242 0.703125 0.949219 0.708984 0.945312 0.717773 0.937500 0.715820 0.933594 0.707031 0.936523 0.699219 0.929688 0.705078 0.921875 0.704102 0.921875 0.686523 0.914062 0.685547 0.912109 0.676758 0.913086 0.670898
0 0.883789 0.646484 0.889648 0.649414 0.895508 0.654297 0.895508 0.661133 0.890625 0.664062 0.895508 0.668945 0.892578 0.673828 0.887695 0.672852 0.883789 0.668945 0.883789 0.668945 0.876953 0.667969 0.875000 0.658203 0.875000 0.658203 0.876953 0.650391
0 0.885742 0.676758 0.890625 0.679688 0.895508 0.682617 0.895508 0.686523 0.889648 0.687500 0.883789 0.686523 0.879883 0.683594 0.879883 0.675781 0.879883 0.675781