1 0.710938 0.428711 0.713867 0.444336 0.718750 0.458008 0.734375 0.465820 0.747070 0.467773 0.755859 0.463867 0.758789 0.454102 0.764648 0.443359 0.762695 0.429688 0.754883 0.419922 0.729492 0.420898
1 0.601562 0.449219 0.602539 0.460938 0.602539 0.460938 0.613281 0.470703 0.627930 0.471680 0.628906 0.463867 0.635742 0.451172 0.628906 0.435547 0.628906 0.435547 0.619141 0.434570 0.607422 0.437500
1 0.504883 0.466797 0.503906 0.480469 0.508789 0.488281 0.515625 0.498047 0.535156 0.495117 0.538086 0.482422 0.537109 0.461914 0.524414 0.455078 0.516602 0.459961
1 0.528320 0.517578 0.521484 0.526367 0.525391 0.537109 0.532227 0.549805 0.541016 0.554688 0.541016 0.554688 0.554688 0.542969 0.554688 0.542969 0.552734 0.522461 0.553711 0.522461 0.541992 0.515625
1 0.503906 0.569336 0.499023 0.583008 0.499023 0.583984 0.498047 0.594727 0.499023 0.594727 0.504883 0.606445 0.504883 0.607422 0.513672 0.611328 0.525391 0.608398 0.533203 0.601562 0.540039 0.590820 0.532227 0.576172 0.519531 0.566406
1 0.516602 0.627930 0.505859 0.640625 0.524414 0.655273 0.532227 0.652344 0.532227 0.653320 0.542969 0.640625 0.546875 0.630859 0.546875 0.631836 0.539062 0.627930 0.531250 0.625000
1 0.507812 0.699219 0.510742 0.710938 0.525391 0.721680 0.531250 0.724609 0.548828 0.709961 0.549805 0.692383 0.533203 0.676758 0.520508 0.681641 0.512695 0.687500 0.513672 0.688477
1 0.486328 0.727539 0.479492 0.738281 0.480469 0.755859 0.495117 0.771484 0.516602 0.775391 0.524414 0.752930 0.524414 0.726562 0.515625 0.719727 0.496094 0.720703
1 0.628906 0.717773 0.628906 0.727539 0.633789 0.735352 0.633789 0.736328 0.651367 0.739258 0.658203 0.731445 0.664062 0.717773 0.655273 0.701172 0.634766 0.707031 0.626953 0.711914
1 0.474609 0.688477 0.467773 0.700195 0.469727 0.708984 0.472656 0.714844 0.473633 0.714844 0.480469 0.716797 0.487305 0.716797 0.494141 0.708984 0.496094 0.692383 0.494141 0.682617 0.487305 0.678711 0.476562 0.678711
1 0.441406 0.616211 0.435547 0.626953 0.430664 0.637695 0.429688 0.651367 0.440430 0.659180 0.455078 0.659180 0.460938 0.659180 0.468750 0.657227 0.474609 0.643555 0.473633 0.631836 0.467773 0.625977 0.458984 0.618164 0.450195 0.617188
1 0.441406 0.606445 0.450195 0.607422 0.455078 0.609375 0.459961 0.608398 0.470703 0.605469 0.474609 0.602539 0.478516 0.597656 0.479492 0.591797 0.480469 0.586914 0.479492 0.582031 0.477539 0.577148 0.474609 0.573242 0.469727 0.571289 0.464844 0.569336 0.459961 0.568359 0.455078 0.569336 0.450195 0.571289 0.446289 0.574219 0.443359 0.579102 0.443359 0.583984 0.443359 0.588867 0.442383 0.593750 0.440430 0.598633
1 0.521484 0.781250 0.521484 0.788086 0.520508 0.792969 0.518555 0.797852 0.515625 0.801758 0.513672 0.806641 0.512695 0.811523 0.511719 0.821289 0.511719 0.826172 0.514648 0.831055 0.518555 0.834961 0.523438 0.836914 0.528320 0.837891 0.538086 0.838867 0.542969 0.837891 0.547852 0.835938 0.551758 0.832031 0.553711 0.827148 0.553711 0.822266 0.555664 0.812500 0.557617 0.802734 0.557617 0.797852 0.556641 0.792969 0.552734 0.789062 0.547852 0.786133 0.543945 0.783203 0.536133 0.777344 0.530273 0.776367 0.525391 0.776367
1 0.520508 0.844727 0.511719 0.847656 0.511719 0.852539 0.513672 0.863281 0.517578 0.867188 0.524414 0.875000 0.528320 0.877930 0.533203 0.879883 0.538086 0.881836 0.542969 0.881836 0.547852 0.879883 0.551758 0.875977 0.554688 0.872070 0.554688 0.867188 0.553711 0.856445 0.552734 0.851562 0.551758 0.846680 0.548828 0.842773 0.545898 0.838867 0.541016 0.835938 0.536133 0.835938 0.531250 0.836914 0.526367 0.838867
1 0.449219 0.781250 0.442383 0.788086 0.439453 0.792969 0.436523 0.796875 0.434570 0.807617 0.434570 0.812500 0.436523 0.818359 0.439453 0.822266 0.444336 0.825195 0.463867 0.834961 0.468750 0.833984 0.479492 0.833984 0.485352 0.832031 0.488281 0.828125 0.495117 0.819336 0.497070 0.814453 0.500977 0.809570 0.502930 0.804688 0.500977 0.799805 0.499023 0.794922 0.493164 0.785156 0.489258 0.781250 0.484375 0.780273 0.478516 0.781250 0.473633 0.783203 0.468750 0.783203 0.462891 0.784180 0.458008 0.784180
1 0.451172 0.841797 0.445312 0.846680 0.442383 0.850586 0.440430 0.860352 0.441406 0.865234 0.443359 0.871094 0.451172 0.878906 0.456055 0.879883 0.460938 0.878906 0.471680 0.876953 0.474609 0.872070 0.476562 0.867188 0.477539 0.862305 0.477539 0.857422 0.474609 0.842773 0.469727 0.840820 0.464844 0.840820
1 0.378906 0.788086 0.375000 0.796875 0.373047 0.801758 0.371094 0.811523 0.372070 0.816406 0.375000 0.820312 0.377930 0.824219 0.382812 0.825195 0.389648 0.824219 0.394531 0.823242 0.399414 0.820312 0.408203 0.815430 0.409180 0.810547 0.410156 0.804688 0.408203 0.799805 0.406250 0.794922 0.403320 0.791016 0.399414 0.788086 0.393555 0.788086
1 0.407227 0.841797 0.399414 0.845703 0.397461 0.850586 0.394531 0.859375 0.394531 0.864258 0.395508 0.870117 0.401367 0.876953 0.406250 0.878906 0.411133 0.875977 0.413086 0.871094 0.411133 0.880859 0.416016 0.881836 0.419922 0.878906 0.427734 0.871094 0.430664 0.867188 0.432617 0.861328 0.431641 0.856445 0.429688 0.851562 0.425781 0.841797 0.422852 0.837891 0.416992 0.836914
1 0.316406 0.791016 0.315430 0.797852 0.315430 0.802734 0.314453 0.808594 0.313477 0.818359 0.317383 0.822266 0.322266 0.825195 0.327148 0.826172 0.332031 0.824219 0.334961 0.820312 0.338867 0.816406 0.348633 0.804688 0.348633 0.799805 0.346680 0.794922 0.343750 0.791016 0.339844 0.787109 0.331055 0.783203 0.326172 0.783203
1 0.334961 0.837891 0.330078 0.846680 0.328125 0.852539 0.326172 0.862305 0.326172 0.867188 0.328125 0.873047 0.331055 0.877930 0.336914 0.885742 0.341797 0.888672 0.346680 0.888672 0.351562 0.886719 0.364258 0.877930 0.366211 0.873047 0.368164 0.868164 0.368164 0.863281 0.369141 0.853516 0.367188 0.848633 0.364258 0.844727 0.360352 0.834961 0.356445 0.832031 0.351562 0.832031 0.346680 0.833984
1 0.344727 0.891602 0.342773 0.901367 0.345703 0.907227 0.344727 0.912109 0.341797 0.916992 0.339844 0.921875 0.339844 0.926758 0.341797 0.936523 0.348633 0.944336 0.352539 0.947266 0.358398 0.949219 0.363281 0.948242 0.367188 0.944336 0.370117 0.940430 0.371094 0.935547 0.374023 0.925781 0.375977 0.910156 0.375000 0.904297 0.375000 0.899414 0.373047 0.894531 0.370117 0.890625 0.361328 0.884766 0.355469 0.883789 0.350586 0.885742
1 0.356445 0.939453 0.352539 0.947266 0.351562 0.952148 0.351562 0.957031 0.351562 0.961914 0.353516 0.967773 0.358398 0.976562 0.362305 0.980469 0.368164 0.982422 0.375000 0.982422 0.380859 0.980469 0.384766 0.975586 0.387695 0.970703 0.391602 0.959961 0.392578 0.949219 0.390625 0.939453 0.386719 0.936523 0.381836 0.933594 0.376953 0.933594
1 0.401367 0.897461 0.396484 0.910156 0.395508 0.916016 0.394531 0.921875 0.395508 0.928711 0.399414 0.933594 0.406250 0.934570 0.418945 0.932617 0.423828 0.928711 0.426758 0.923828 0.435547 0.911133 0.435547 0.905273 0.433594 0.900391 0.429688 0.896484 0.420898 0.888672 0.415039 0.889648 0.410156 0.891602
1 0.459961 0.895508 0.456055 0.902344 0.456055 0.907227 0.458984 0.919922 0.461914 0.923828 0.465820 0.927734 0.470703 0.928711 0.477539 0.928711 0.482422 0.926758 0.487305 0.923828 0.490234 0.919922 0.492188 0.915039 0.493164 0.909180 0.493164 0.904297 0.491211 0.898438 0.487305 0.894531 0.482422 0.891602 0.476562 0.891602 0.471680 0.891602 0.466797 0.891602
1 0.484375 0.941406 0.476562 0.947266 0.476562 0.952148 0.477539 0.957031 0.477539 0.961914 0.476562 0.972656 0.479492 0.976562 0.485352 0.985352 0.489258 0.988281 0.500977 0.986328 0.505859 0.987305 0.510742 0.984375 0.514648 0.980469 0.517578 0.976562 0.519531 0.971680 0.518555 0.965820 0.515625 0.961914 0.515625 0.957031 0.512695 0.943359 0.506836 0.942383 0.500977 0.942383 0.491211 0.941406
1 0.522461 0.892578 0.507812 0.903320 0.507812 0.908203 0.507812 0.919922 0.508789 0.924805 0.513672 0.934570 0.517578 0.937500 0.522461 0.940430 0.528320 0.941406 0.534180 0.941406 0.545898 0.938477 0.548828 0.932617 0.551758 0.922852 0.551758 0.912109 0.550781 0.907227 0.548828 0.902344 0.543945 0.899414 0.539062 0.897461 0.529297 0.895508
1 0.578125 0.894531 0.573242 0.900391 0.571289 0.905273 0.569336 0.910156 0.568359 0.920898 0.569336 0.926758 0.573242 0.936523 0.576172 0.941406 0.581055 0.945312 0.586914 0.945312 0.591797 0.945312 0.596680 0.943359 0.600586 0.940430 0.604492 0.936523 0.607422 0.931641 0.612305 0.919922 0.612305 0.914062 0.610352 0.904297 0.606445 0.900391 0.601562 0.897461 0.596680 0.895508 0.585938 0.892578
1 0.547852 0.946289 0.541992 0.954102 0.541992 0.959961 0.541016 0.971680 0.540039 0.982422 0.541992 0.987305 0.546875 0.990234 0.551758 0.992188 0.556641 0.992188 0.561523 0.991211 0.565430 0.988281 0.574219 0.982422 0.577148 0.978516 0.579102 0.973633 0.580078 0.968750 0.579102 0.963867 0.574219 0.958984 0.568359 0.957031 0.569336 0.952148 0.567383 0.947266 0.561523 0.946289
1 0.422852 0.940430 0.417969 0.947266 0.416016 0.952148 0.415039 0.957031 0.415039 0.962891 0.416016 0.967773 0.417969 0.973633 0.422852 0.981445 0.427734 0.981445 0.438477 0.981445 0.443359 0.978516 0.446289 0.973633 0.448242 0.968750 0.448242 0.961914 0.448242 0.950195 0.446289 0.945312 0.442383 0.941406 0.436523 0.941406
1 0.380859 0.717773 0.379883 0.708008 0.378906 0.703125 0.378906 0.698242 0.378906 0.687500 0.378906 0.682617 0.384766 0.680664 0.389648 0.678711 0.394531 0.678711 0.406250 0.678711 0.418945 0.677734 0.429688 0.678711 0.433594 0.682617 0.436523 0.691406 0.437500 0.697266 0.437500 0.708984 0.436523 0.714844 0.431641 0.716797 0.426758 0.717773 0.419922 0.719727 0.407227 0.721680 0.397461 0.721680
1 0.382812 0.741211 0.377930 0.749023 0.378906 0.757812 0.381836 0.761719 0.386719 0.764648 0.392578 0.765625 0.398438 0.764648 0.403320 0.762695 0.406250 0.758789 0.408203 0.753906 0.408203 0.749023 0.406250 0.744141 0.403320 0.739258 0.398438 0.737305
1 0.443359 0.737305 0.437500 0.747070 0.437500 0.751953 0.441406 0.761719 0.446289 0.764648 0.451172 0.765625 0.457031 0.765625 0.466797 0.761719 0.468750 0.756836 0.469727 0.751953 0.469727 0.746094 0.467773 0.741211 0.463867 0.736328 0.458984 0.733398 0.454102 0.734375
1 0.343750 0.717773 0.338867 0.734375 0.338867 0.741211 0.337891 0.757812 0.338867 0.762695 0.342773 0.772461 0.348633 0.773438 0.354492 0.773438 0.358398 0.770508 0.364258 0.763672 0.368164 0.758789 0.368164 0.753906 0.371094 0.749023 0.372070 0.743164 0.372070 0.731445 0.370117 0.725586 0.362305 0.718750
1 0.327148 0.689453 0.326172 0.698242 0.329102 0.703125 0.337891 0.717773 0.346680 0.722656 0.352539 0.721680 0.355469 0.717773 0.358398 0.711914 0.363281 0.701172 0.365234 0.690430 0.364258 0.685547 0.361328 0.679688 0.357422 0.675781 0.352539 0.672852 0.347656 0.672852 0.342773 0.675781 0.339844 0.680664 0.334961 0.683594
1 0.289062 0.690430 0.285156 0.696289 0.284180 0.702148 0.283203 0.712891 0.284180 0.717773 0.289062 0.721680 0.293945 0.723633 0.300781 0.722656 0.304688 0.718750 0.307617 0.712891 0.311523 0.702148 0.312500 0.696289 0.312500 0.680664 0.308594 0.675781 0.303711 0.674805 0.299805 0.677734 0.296875 0.682617
1 0.273438 0.720703 0.266602 0.727539 0.264648 0.734375 0.263672 0.745117 0.261719 0.757812 0.260742 0.769531 0.263672 0.774414 0.267578 0.777344 0.274414 0.780273 0.279297 0.780273 0.284180 0.780273 0.289062 0.777344 0.293945 0.777344 0.299805 0.777344 0.309570 0.774414 0.314453 0.771484 0.317383 0.767578 0.319336 0.761719 0.319336 0.756836 0.316406 0.747070 0.312500 0.737305 0.306641 0.733398 0.302734 0.728516 0.300781 0.723633 0.295898 0.722656 0.291016 0.721680
1 0.267578 0.788086 0.266602 0.798828 0.262695 0.802734 0.258789 0.806641 0.255859 0.812500 0.255859 0.818359 0.258789 0.823242 0.263672 0.824219 0.269531 0.823242 0.274414 0.823242 0.279297 0.828125 0.284180 0.830078 0.289062 0.829102 0.296875 0.822266 0.296875 0.816406 0.295898 0.811523 0.292969 0.806641 0.291016 0.801758 0.291016 0.796875 0.288086 0.786133 0.284180 0.782227 0.278320 0.780273 0.273438 0.779297
1 0.210938 0.786133 0.201172 0.792969 0.201172 0.799805 0.203125 0.805664 0.206055 0.810547 0.208984 0.814453 0.222656 0.825195 0.228516 0.825195 0.233398 0.823242 0.235352 0.818359 0.234375 0.813477 0.236328 0.803711 0.238281 0.792969 0.238281 0.787109 0.234375 0.783203 0.229492 0.783203 0.218750 0.783203
1 0.199219 0.738281 0.195312 0.744141 0.194336 0.750000 0.194336 0.755859 0.195312 0.760742 0.197266 0.766602 0.201172 0.776367 0.205078 0.780273 0.213867 0.786133 0.218750 0.785156 0.222656 0.781250 0.226562 0.777344 0.232422 0.767578 0.235352 0.757812 0.237305 0.751953 0.237305 0.746094 0.236328 0.741211 0.233398 0.737305 0.228516 0.734375 0.223633 0.733398 0.217773 0.732422 0.211914 0.732422
1 0.229492 0.694336 0.228516 0.701172 0.231445 0.705078 0.233398 0.709961 0.237305 0.714844 0.245117 0.721680 0.250000 0.723633 0.255859 0.722656 0.258789 0.718750 0.261719 0.714844 0.263672 0.709961 0.266602 0.700195 0.264648 0.695312 0.259766 0.686523 0.254883 0.682617 0.250000 0.682617 0.234375 0.684570
1 0.232422 0.833008 0.220703 0.841797 0.218750 0.846680 0.217773 0.853516 0.219727 0.859375 0.219727 0.865234 0.221680 0.875977 0.227539 0.878906 0.232422 0.881836 0.236328 0.884766 0.241211 0.886719 0.247070 0.886719 0.251953 0.888672 0.256836 0.891602 0.261719 0.891602 0.267578 0.891602 0.277344 0.887695 0.291992 0.881836 0.296875 0.878906 0.299805 0.873047 0.301758 0.868164 0.302734 0.862305 0.301758 0.857422 0.296875 0.852539 0.288086 0.839844 0.285156 0.833984 0.278320 0.826172 0.273438 0.830078 0.266602 0.827148 0.261719 0.825195 0.256836 0.826172 0.253906 0.831055 0.249023 0.833008 0.243164 0.833984 0.238281 0.832031
1 0.217773 0.883789 0.210938 0.891602 0.206055 0.894531 0.202148 0.898438 0.199219 0.902344 0.198242 0.908203 0.198242 0.913086 0.199219 0.923828 0.202148 0.927734 0.208008 0.929688 0.212891 0.927734 0.217773 0.924805 0.222656 0.924805 0.227539 0.923828 0.230469 0.919922 0.235352 0.910156 0.235352 0.905273 0.230469 0.893555 0.230469 0.888672 0.226562 0.884766
1 0.246094 0.887695 0.239258 0.894531 0.239258 0.899414 0.238281 0.920898 0.239258 0.925781 0.243164 0.929688 0.248047 0.930664 0.253906 0.931641 0.257812 0.927734 0.263672 0.927734 0.270508 0.920898 0.269531 0.915039 0.270508 0.904297 0.266602 0.899414 0.263672 0.895508 0.263672 0.889648 0.259766 0.886719 0.253906 0.885742
1 0.298828 0.920898 0.311523 0.917969 0.315430 0.915039 0.318359 0.910156 0.319336 0.905273 0.319336 0.900391 0.316406 0.895508 0.311523 0.893555 0.306641 0.892578 0.300781 0.893555 0.297852 0.898438 0.295898 0.903320 0.292969 0.914062
1 0.169922 0.837891 0.164062 0.842773 0.159180 0.850586 0.156250 0.855469 0.155273 0.862305 0.156250 0.867188 0.159180 0.872070 0.163086 0.875977 0.167969 0.877930 0.173828 0.878906 0.178711 0.878906 0.184570 0.875977 0.188477 0.872070 0.190430 0.866211 0.191406 0.860352 0.193359 0.850586 0.193359 0.844727 0.191406 0.839844 0.187500 0.835938 0.182617 0.833008
1 0.162109 0.786133 0.155273 0.793945 0.154297 0.799805 0.154297 0.810547 0.158203 0.815430 0.169922 0.827148 0.174805 0.827148 0.179688 0.825195 0.182617 0.821289 0.186523 0.815430 0.188477 0.810547 0.188477 0.804688 0.187500 0.799805 0.183594 0.794922 0.179688 0.791016
1 0.155273 0.682617 0.152344 0.692383 0.150391 0.697266 0.148438 0.707031 0.148438 0.717773 0.150391 0.722656 0.158203 0.725586 0.162109 0.722656 0.166016 0.718750 0.169922 0.713867 0.173828 0.705078 0.174805 0.699219 0.173828 0.694336 0.170898 0.689453 0.163086 0.683594
1 0.178711 0.700195 0.177734 0.710938 0.180664 0.715820 0.181641 0.720703 0.184570 0.724609 0.187500 0.729492 0.193359 0.729492 0.198242 0.726562 0.200195 0.721680 0.203125 0.717773 0.208008 0.707031 0.208008 0.702148 0.207031 0.696289 0.205078 0.691406 0.200195 0.688477 0.194336 0.685547 0.189453 0.684570 0.184570 0.685547 0.180664 0.688477
1 0.112305 0.679688 0.098633 0.691406 0.096680 0.696289 0.095703 0.701172 0.095703 0.708008 0.096680 0.712891 0.099609 0.716797 0.106445 0.719727 0.116211 0.724609 0.122070 0.723633 0.125977 0.720703 0.129883 0.716797 0.135742 0.707031 0.135742 0.702148 0.135742 0.697266 0.134766 0.691406 0.132812 0.686523 0.129883 0.682617 0.125000 0.680664 0.120117 0.679688
1 0.087891 0.729492 0.076172 0.734375 0.074219 0.740234 0.073242 0.750977 0.074219 0.760742 0.081055 0.781250 0.086914 0.784180 0.091797 0.783203 0.096680 0.781250 0.100586 0.776367 0.102539 0.771484 0.108398 0.761719 0.113281 0.751953 0.113281 0.745117 0.111328 0.734375 0.106445 0.731445 0.101562 0.728516 0.096680 0.727539
1 0.058594 0.789062 0.056641 0.799805 0.057617 0.805664 0.060547 0.810547 0.066406 0.818359 0.072266 0.818359 0.077148 0.816406 0.081055 0.811523 0.083008 0.805664 0.083008 0.799805 0.081055 0.794922 0.077148 0.791992 0.071289 0.790039 0.066406 0.789062
1 0.091797 0.786133 0.084961 0.792969 0.083008 0.797852 0.076172 0.813477 0.076172 0.820312 0.080078 0.829102 0.083984 0.833008 0.088867 0.833008 0.096680 0.838867 0.097656 0.843750 0.097656 0.849609 0.097656 0.861328 0.096680 0.867188 0.096680 0.872070 0.099609 0.877930 0.102539 0.881836 0.109375 0.883789 0.115234 0.882812 0.121094 0.881836 0.125977 0.879883 0.129883 0.876953 0.137695 0.869141 0.139648 0.864258 0.141602 0.857422 0.140625 0.847656 0.137695 0.843750 0.135742 0.837891 0.136719 0.833008 0.139648 0.822266 0.142578 0.810547 0.142578 0.805664 0.139648 0.798828 0.136719 0.792969 0.131836 0.784180 0.126953 0.781250 0.122070 0.780273 0.115234 0.780273 0.105469 0.782227
1 0.052734 0.845703 0.039062 0.852539 0.037109 0.857422 0.037109 0.863281 0.038086 0.869141 0.041016 0.874023 0.045898 0.877930 0.050781 0.879883 0.055664 0.880859 0.065430 0.879883 0.070312 0.877930 0.073242 0.873047 0.075195 0.867188 0.077148 0.856445 0.076172 0.851562 0.073242 0.846680 0.068359 0.845703
1 0.081055 0.893555 0.071289 0.896484 0.066406 0.899414 0.063477 0.905273 0.062500 0.911133 0.060547 0.920898 0.061523 0.925781 0.066406 0.927734 0.072266 0.928711 0.083008 0.929688 0.106445 0.928711 0.116211 0.924805 0.119141 0.920898 0.122070 0.916016 0.125000 0.910156 0.125977 0.905273 0.124023 0.899414 0.121094 0.894531 0.118164 0.890625 0.113281 0.887695 0.108398 0.887695 0.092773 0.886719
1 0.149414 0.889648 0.130859 0.897461 0.129883 0.905273 0.129883 0.910156 0.130859 0.915039 0.132812 0.920898 0.135742 0.925781 0.139648 0.930664 0.145508 0.931641 0.150391 0.931641 0.161133 0.931641 0.166016 0.930664 0.169922 0.925781 0.173828 0.920898 0.178711 0.915039 0.186523 0.905273 0.184570 0.900391 0.179688 0.898438 0.174805 0.888672 0.161133 0.882812
1 0.008789 0.787109 0.017578 0.786133 0.022461 0.789062 0.025391 0.792969 0.029297 0.795898 0.033203 0.799805 0.031250 0.805664 0.028320 0.809570 0.029297 0.814453 0.031250 0.819336 0.031250 0.825195 0.027344 0.828125 0.021484 0.829102 0.017578 0.833008 0.016602 0.838867 0.019531 0.842773 0.023438 0.846680 0.022461 0.851562 0.018555 0.854492 0.017578 0.859375 0.019531 0.864258 0.021484 0.874023 0.019531 0.878906 0.015625 0.881836 0.012695 0.886719 0.003906 0.893555 0.000000 0.890625 0.000000 0.884766 0.000977 0.835938 0.000977 0.824219 0.000000 0.813477 0.000977 0.802734 0.001953 0.791992
1 0.024414 0.916992 0.032227 0.909180 0.033203 0.891602 0.028320 0.889648 0.023438 0.889648 0.018555 0.891602 0.014648 0.895508 0.009766 0.898438 0.004883 0.898438 0.000000 0.901367 0.000000 0.906250 0.002930 0.916016 0.003906 0.920898 0.001953 0.925781 0.000000 0.936523 0.000977 0.961914 0.000000 0.989258 0.017578 0.985352 0.027344 0.976562 0.027344 0.967773 0.028320 0.962891 0.031250 0.953125 0.031250 0.948242 0.029297 0.943359 0.027344 0.938477 0.021484 0.929688
1 0.005859 0.673828 0.015625 0.679688 0.019531 0.683594 0.024414 0.684570 0.034180 0.688477 0.037109 0.692383 0.035156 0.697266 0.034180 0.708008 0.036133 0.712891 0.034180 0.722656 0.029297 0.732422 0.028320 0.744141 0.030273 0.749023 0.031250 0.759766 0.029297 0.769531 0.024414 0.771484 0.015625 0.776367 0.010742 0.778320 0.004883 0.777344 0.000000 0.770508 0.000977 0.753906 0.000977 0.748047 0.000977 0.732422 0.001953 0.721680 0.000977 0.714844 0.000000 0.704102 0.000977 0.699219 0.001953 0.694336 0.001953 0.688477
1 0.110352 0.960938 0.112305 0.967773 0.115234 0.973633 0.122070 0.980469 0.131836 0.986328 0.136719 0.986328 0.142578 0.984375 0.147461 0.979492 0.156250 0.971680 0.159180 0.966797 0.159180 0.960938 0.159180 0.955078 0.158203 0.949219 0.155273 0.945312 0.149414 0.937500 0.139648 0.932617 0.133789 0.933594 0.128906 0.936523 0.123047 0.934570 0.118164 0.933594 0.116211 0.938477 0.115234 0.943359 0.116211 0.948242 0.112305 0.952148
1 0.189453 0.934570 0.178711 0.946289 0.179688 0.951172 0.180664 0.957031 0.176758 0.959961 0.173828 0.963867 0.174805 0.970703 0.177734 0.975586 0.183594 0.984375 0.188477 0.984375 0.193359 0.981445 0.204102 0.978516 0.209961 0.976562 0.218750 0.970703 0.219727 0.964844 0.218750 0.959961 0.216797 0.943359 0.213867 0.938477 0.208984 0.936523 0.204102 0.935547 0.199219 0.936523
1 0.254883 0.951172 0.249023 0.958008 0.249023 0.962891 0.250000 0.973633 0.253906 0.977539 0.260742 0.976562 0.265625 0.974609 0.278320 0.964844 0.277344 0.957031 0.276367 0.952148 0.273438 0.947266 0.269531 0.944336 0.263672 0.944336 0.258789 0.946289
1 0.190430 0.991211 0.179688 0.987305 0.174805 0.984375 0.169922 0.983398 0.165039 0.984375 0.160156 0.987305 0.156250 0.991211 0.154297 0.996094 0.159180 0.999023 0.164062 1.000000 0.168945 1.000000 0.190430 0.999023
1 0.248047 0.986328 0.263672 0.987305 0.280273 0.987305 0.290039 0.991211 0.292969 0.996094 0.237305 0.999023
1 0.018555 0.533203 0.025391 0.540039 0.027344 0.544922 0.028320 0.550781 0.028320 0.556641 0.026367 0.561523 0.022461 0.564453 0.016602 0.566406 0.010742 0.567383 0.005859 0.564453 0.001953 0.560547 0.000977 0.554688 0.000977 0.549805 0.000000 0.537109 0.002930 0.533203 0.008789 0.533203
1 0.022461 0.578125 0.011719 0.581055 0.009766 0.585938 0.003906 0.600586 0.003906 0.608398 0.005859 0.613281 0.009766 0.617188 0.014648 0.619141 0.020508 0.621094 0.026367 0.620117 0.032227 0.619141 0.037109 0.616211 0.041016 0.612305 0.044922 0.608398 0.046875 0.603516 0.045898 0.598633 0.042969 0.594727 0.038086 0.590820 0.034180 0.586914 0.032227 0.583008 0.029297 0.578125
1 0.031250 0.629883 0.025391 0.638672 0.024414 0.643555 0.023438 0.655273 0.024414 0.662109 0.026367 0.666992 0.027344 0.671875 0.030273 0.676758 0.034180 0.679688 0.041016 0.682617 0.046875 0.680664 0.055664 0.680664 0.058594 0.676758 0.068359 0.664062 0.075195 0.644531 0.076172 0.639648 0.073242 0.634766 0.068359 0.631836 0.057617 0.626953 0.052734 0.626953 0.041992 0.627930
1 0.075195 0.614258 0.085938 0.616211 0.102539 0.614258 0.105469 0.610352 0.105469 0.605469 0.103516 0.600586 0.102539 0.595703 0.100586 0.590820 0.094727 0.582031 0.089844 0.579102 0.084961 0.580078 0.081055 0.583984 0.078125 0.587891 0.072266 0.596680 0.072266 0.601562
1 0.099609 0.541016 0.086914 0.551758 0.091797 0.570312 0.104492 0.572266 0.113281 0.573242 0.117188 0.568359 0.121094 0.559570 0.121094 0.548828 0.116211 0.541992 0.112305 0.539062 0.106445 0.539062
1 0.040039 0.478516 0.027344 0.482422 0.024414 0.486328 0.021484 0.491211 0.020508 0.499023 0.020508 0.503906 0.022461 0.510742 0.026367 0.518555 0.030273 0.522461 0.035156 0.527344 0.041992 0.535156 0.046875 0.539062 0.052734 0.541016 0.058594 0.541016 0.064453 0.542969 0.070312 0.543945 0.076172 0.542969 0.081055 0.541016 0.084961 0.537109 0.096680 0.524414 0.098633 0.519531 0.099609 0.513672 0.096680 0.508789 0.092773 0.499023 0.092773 0.494141 0.090820 0.483398 0.088867 0.473633 0.085938 0.462891 0.083984 0.447266 0.083008 0.441406 0.079102 0.437500 0.073242 0.436523 0.068359 0.437500 0.063477 0.439453 0.059570 0.442383 0.056641 0.448242 0.054688 0.452148 0.053711 0.458008 0.056641 0.461914 0.056641 0.466797 0.054688 0.471680 0.050781 0.475586 0.045898 0.475586
1 0.017578 0.433594 0.034180 0.441406 0.037109 0.445312 0.038086 0.451172 0.037109 0.457031 0.035156 0.467773 0.032227 0.472656 0.027344 0.474609 0.022461 0.472656 0.019531 0.468750 0.011719 0.460938 0.004883 0.453125 0.005859 0.447266 0.007812 0.441406 0.011719 0.437500
1 0.104492 0.632812 0.095703 0.641602 0.087891 0.643555 0.083008 0.646484 0.080078 0.651367 0.079102 0.656250 0.080078 0.662109 0.082031 0.666992 0.084961 0.670898 0.089844 0.674805 0.094727 0.677734 0.100586 0.677734 0.123047 0.678711 0.126953 0.675781 0.129883 0.670898 0.132812 0.666016 0.133789 0.660156 0.134766 0.650391 0.132812 0.638672 0.129883 0.633789 0.124023 0.625000 0.116211 0.617188 0.112305 0.621094 0.107422 0.623047 0.103516 0.627930
1 0.156250 0.579102 0.144531 0.583984 0.142578 0.588867 0.138672 0.599609 0.137695 0.606445 0.138672 0.611328 0.141602 0.616211 0.145508 0.621094 0.154297 0.629883 0.160156 0.631836 0.165039 0.631836 0.171875 0.631836 0.176758 0.628906 0.179688 0.624023 0.181641 0.615234 0.180664 0.610352 0.178711 0.598633 0.179688 0.593750 0.181641 0.587891 0.179688 0.583008 0.175781 0.579102 0.170898 0.577148 0.165039 0.576172
1 0.197266 0.580078 0.188477 0.595703 0.190430 0.600586 0.193359 0.611328 0.197266 0.617188 0.202148 0.620117 0.209961 0.621094 0.219727 0.620117 0.224609 0.616211 0.226562 0.611328 0.228516 0.601562 0.229492 0.590820 0.226562 0.583008 0.222656 0.579102 0.217773 0.577148 0.212891 0.576172
1 0.187500 0.630859 0.185547 0.643555 0.184570 0.648438 0.179688 0.651367 0.172852 0.658203 0.173828 0.664062 0.178711 0.666992 0.183594 0.668945 0.194336 0.670898 0.206055 0.666992 0.214844 0.658203 0.216797 0.653320 0.218750 0.647461 0.220703 0.640625 0.219727 0.634766 0.216797 0.630859 0.212891 0.627930 0.208008 0.625977 0.203125 0.623047 0.193359 0.618164 0.189453 0.621094
1 0.236328 0.621094 0.223633 0.630859 0.208984 0.634766 0.209961 0.640625 0.213867 0.644531 0.217773 0.647461 0.222656 0.650391 0.225586 0.655273 0.227539 0.660156 0.231445 0.664062 0.237305 0.666992 0.242188 0.666992 0.247070 0.663086 0.251953 0.661133 0.256836 0.660156 0.260742 0.655273 0.260742 0.650391 0.259766 0.644531 0.256836 0.640625 0.252930 0.636719 0.248047 0.633789 0.245117 0.629883
1 0.281250 0.625977 0.277344 0.636719 0.277344 0.641602 0.279297 0.652344 0.283203 0.656250 0.287109 0.660156 0.291016 0.663086 0.296875 0.664062 0.307617 0.663086 0.317383 0.660156 0.321289 0.656250 0.322266 0.651367 0.323242 0.646484 0.322266 0.641602 0.319336 0.636719 0.314453 0.633789 0.308594 0.631836 0.300781 0.625000 0.297852 0.621094 0.293945 0.618164 0.288086 0.619141 0.283203 0.621094
1 0.241211 0.580078 0.241211 0.590820 0.243164 0.595703 0.249023 0.605469 0.257812 0.613281 0.262695 0.616211 0.267578 0.616211 0.279297 0.613281 0.282227 0.609375 0.283203 0.604492 0.284180 0.587891 0.279297 0.584961 0.270508 0.581055 0.264648 0.580078 0.253906 0.578125
1 0.177734 0.531250 0.173828 0.540039 0.172852 0.545898 0.174805 0.556641 0.178711 0.561523 0.182617 0.565430 0.191406 0.572266 0.196289 0.573242 0.201172 0.571289 0.204102 0.565430 0.205078 0.559570 0.205078 0.552734 0.204102 0.547852 0.202148 0.542969 0.200195 0.538086 0.194336 0.529297 0.188477 0.528320
1 0.160156 0.487305 0.159180 0.500977 0.161133 0.505859 0.163086 0.509766 0.166992 0.513672 0.176758 0.519531 0.181641 0.518555 0.186523 0.515625 0.190430 0.511719 0.192383 0.506836 0.194336 0.496094 0.192383 0.491211 0.189453 0.487305 0.185547 0.484375 0.175781 0.480469 0.168945 0.480469
1 0.125977 0.485352 0.117188 0.495117 0.117188 0.500977 0.118164 0.505859 0.125000 0.514648 0.134766 0.518555 0.139648 0.516602 0.142578 0.512695 0.145508 0.507812 0.147461 0.501953 0.149414 0.492188 0.146484 0.481445 0.140625 0.480469 0.135742 0.480469
1 0.111328 0.424805 0.108398 0.439453 0.106445 0.444336 0.106445 0.449219 0.112305 0.454102 0.119141 0.456055 0.124023 0.454102 0.128906 0.451172 0.132812 0.448242 0.137695 0.438477 0.138672 0.433594 0.137695 0.427734 0.134766 0.423828 0.130859 0.419922 0.125977 0.417969 0.120117 0.416992 0.115234 0.418945
1 0.175781 0.418945 0.157227 0.421875 0.152344 0.422852 0.149414 0.426758 0.145508 0.436523 0.146484 0.441406 0.149414 0.446289 0.153320 0.450195 0.157227 0.454102 0.160156 0.458984 0.161133 0.464844 0.164062 0.469727 0.167969 0.473633 0.172852 0.476562 0.178711 0.474609 0.182617 0.471680 0.184570 0.466797 0.191406 0.459961 0.197266 0.459961 0.202148 0.458008 0.205078 0.453125 0.206055 0.448242 0.204102 0.443359 0.201172 0.439453 0.199219 0.434570 0.198242 0.428711 0.191406 0.415039 0.185547 0.415039
1 0.220703 0.409180 0.208984 0.417969 0.209961 0.422852 0.211914 0.427734 0.216797 0.437500 0.219727 0.450195 0.222656 0.455078 0.229492 0.456055 0.234375 0.455078 0.237305 0.450195 0.237305 0.444336 0.239258 0.439453 0.242188 0.434570 0.243164 0.428711 0.243164 0.423828 0.241211 0.418945 0.237305 0.415039
1 0.219727 0.465820 0.213867 0.479492 0.209961 0.483398 0.209961 0.488281 0.210938 0.500977 0.213867 0.505859 0.217773 0.509766 0.222656 0.512695 0.224609 0.517578 0.229492 0.518555 0.234375 0.520508 0.240234 0.518555 0.244141 0.515625 0.249023 0.513672 0.253906 0.512695 0.258789 0.509766 0.261719 0.505859 0.261719 0.500977 0.260742 0.495117 0.260742 0.490234 0.260742 0.484375 0.260742 0.479492 0.257812 0.474609 0.250000 0.466797 0.245117 0.464844 0.239258 0.463867 0.226562 0.463867
1 0.259766 0.423828 0.244141 0.438477 0.248047 0.442383 0.251953 0.446289 0.254883 0.450195 0.259766 0.453125 0.264648 0.457031 0.270508 0.457031 0.275391 0.452148 0.278320 0.446289 0.279297 0.440430 0.280273 0.428711 0.279297 0.423828 0.275391 0.419922 0.269531 0.417969
1 0.304688 0.411133 0.297852 0.416016 0.293945 0.421875 0.290039 0.430664 0.291992 0.435547 0.294922 0.440430 0.302734 0.451172 0.307617 0.456055 0.319336 0.458008 0.333008 0.453125 0.337891 0.451172 0.339844 0.446289 0.338867 0.440430 0.337891 0.424805 0.333984 0.414062 0.330078 0.410156 0.325195 0.407227 0.318359 0.406250 0.313477 0.407227
1 0.299805 0.473633 0.291992 0.477539 0.290039 0.482422 0.290039 0.493164 0.291992 0.499023 0.296875 0.505859 0.300781 0.508789 0.306641 0.509766 0.311523 0.509766 0.323242 0.506836 0.324219 0.501953 0.324219 0.496094 0.322266 0.479492 0.318359 0.474609 0.313477 0.471680
1 0.283203 0.515625 0.272461 0.528320 0.270508 0.535156 0.273438 0.545898 0.273438 0.550781 0.274414 0.555664 0.277344 0.560547 0.280273 0.564453 0.285156 0.567383 0.294922 0.570312 0.300781 0.568359 0.305664 0.565430 0.308594 0.559570 0.308594 0.553711 0.311523 0.542969 0.311523 0.533203 0.307617 0.529297 0.302734 0.527344 0.296875 0.525391 0.292969 0.522461
1 0.329102 0.558594 0.325195 0.574219 0.320312 0.576172 0.319336 0.582031 0.317383 0.598633 0.318359 0.610352 0.320312 0.614258 0.325195 0.617188 0.332031 0.617188 0.343750 0.612305 0.352539 0.611328 0.358398 0.611328 0.362305 0.607422 0.365234 0.602539 0.368164 0.590820 0.367188 0.583008 0.365234 0.578125 0.360352 0.576172 0.350586 0.571289 0.344727 0.565430 0.339844 0.563477
1 0.379883 0.622070 0.374023 0.632812 0.373047 0.639648 0.373047 0.645508 0.375000 0.651367 0.377930 0.655273 0.382812 0.658203 0.387695 0.660156 0.392578 0.660156 0.399414 0.659180 0.408203 0.654297 0.410156 0.646484 0.409180 0.641602 0.406250 0.635742 0.403320 0.625000 0.401367 0.620117 0.393555 0.619141 0.388672 0.620117
1 0.398438 0.528320 0.385742 0.539062 0.384766 0.543945 0.386719 0.549805 0.388672 0.554688 0.392578 0.558594 0.398438 0.559570 0.403320 0.557617 0.413086 0.552734 0.416016 0.548828 0.417969 0.542969 0.417969 0.536133 0.416016 0.531250 0.413086 0.527344 0.404297 0.525391
1 0.359375 0.422852 0.358398 0.435547 0.357422 0.440430 0.352539 0.444336 0.347656 0.446289 0.344727 0.450195 0.339844 0.459961 0.337891 0.464844 0.337891 0.469727 0.339844 0.475586 0.341797 0.480469 0.340820 0.485352 0.337891 0.490234 0.336914 0.495117 0.336914 0.503906 0.339844 0.508789 0.343750 0.512695 0.355469 0.524414 0.367188 0.530273 0.371094 0.528320 0.373047 0.522461 0.376953 0.512695 0.381836 0.510742 0.382812 0.504883 0.389648 0.496094 0.396484 0.486328 0.394531 0.481445 0.392578 0.475586 0.393555 0.464844 0.393555 0.455078 0.388672 0.451172 0.385742 0.447266 0.381836 0.444336 0.382812 0.438477 0.386719 0.434570 0.393555 0.425781 0.392578 0.420898 0.389648 0.416016 0.383789 0.412109 0.372070 0.409180 0.367188 0.410156 0.363281 0.413086 0.361328 0.417969
1 0.418945 0.412109 0.412109 0.423828 0.410156 0.434570 0.412109 0.439453 0.414062 0.444336 0.417969 0.448242 0.423828 0.450195 0.430664 0.450195 0.435547 0.447266 0.437500 0.441406 0.439453 0.435547 0.440430 0.429688 0.438477 0.424805 0.435547 0.420898 0.434570 0.415039 0.430664 0.411133
1 0.449219 0.406250 0.445312 0.416016 0.443359 0.420898 0.437500 0.429688 0.435547 0.435547 0.434570 0.440430 0.436523 0.450195 0.440430 0.453125 0.446289 0.452148 0.451172 0.449219 0.456055 0.449219 0.460938 0.450195 0.466797 0.450195 0.476562 0.446289 0.478516 0.441406 0.478516 0.433594 0.480469 0.428711 0.485352 0.423828 0.486328 0.416992 0.484375 0.412109 0.480469 0.408203 0.474609 0.407227 0.461914 0.407227 0.457031 0.406250
1 0.457031 0.455078 0.447266 0.460938 0.443359 0.464844 0.440430 0.470703 0.439453 0.475586 0.441406 0.488281 0.443359 0.501953 0.447266 0.511719 0.457031 0.508789 0.461914 0.509766 0.466797 0.513672 0.471680 0.515625 0.486328 0.521484 0.494141 0.522461 0.497070 0.516602 0.492188 0.504883 0.488281 0.490234 0.491211 0.486328 0.493164 0.481445 0.491211 0.476562 0.487305 0.465820 0.488281 0.459961 0.482422 0.457031 0.479492 0.453125 0.476562 0.448242 0.473633 0.443359 0.468750 0.444336 0.462891 0.447266
1 0.442383 0.533203 0.443359 0.524414 0.444336 0.514648 0.446289 0.507812 0.452148 0.500977 0.458008 0.500977 0.462891 0.501953 0.472656 0.505859 0.483398 0.511719 0.484375 0.517578 0.481445 0.523438 0.477539 0.534180 0.477539 0.540039 0.472656 0.549805 0.462891 0.553711 0.458008 0.552734 0.447266 0.551758 0.442383 0.550781 0.439453 0.545898 0.442383 0.541016
1 0.572266 0.374023 0.564453 0.379883 0.560547 0.383789 0.558594 0.389648 0.557617 0.395508 0.558594 0.401367 0.563477 0.403320 0.568359 0.403320 0.574219 0.403320 0.578125 0.399414 0.582031 0.396484 0.583984 0.390625 0.583008 0.385742 0.581055 0.380859
1 0.607422 0.359375 0.593750 0.363281 0.590820 0.367188 0.589844 0.373047 0.589844 0.384766 0.593750 0.388672 0.599609 0.389648 0.615234 0.387695 0.620117 0.385742 0.621094 0.379883 0.620117 0.375000 0.618164 0.370117 0.615234 0.366211 0.610352 0.363281
1 0.474609 0.300781 0.470703 0.310547 0.471680 0.316406 0.473633 0.327148 0.476562 0.331055 0.484375 0.339844 0.489258 0.341797 0.500000 0.341797 0.504883 0.339844 0.511719 0.338867 0.517578 0.337891 0.519531 0.332031 0.519531 0.321289 0.517578 0.315430 0.515625 0.310547 0.511719 0.305664 0.506836 0.299805 0.501953 0.296875 0.497070 0.294922 0.491211 0.294922
1 0.414062 0.306641 0.406250 0.315430 0.405273 0.321289 0.405273 0.333008 0.410156 0.345703 0.414062 0.349609 0.417969 0.352539 0.423828 0.351562 0.428711 0.349609 0.431641 0.345703 0.435547 0.341797 0.443359 0.333984 0.442383 0.323242 0.439453 0.315430 0.433594 0.306641 0.429688 0.303711 0.424805 0.302734 0.419922 0.303711
1 0.411133 0.351562 0.402344 0.353516 0.400391 0.357422 0.398438 0.363281 0.395508 0.367188 0.393555 0.373047 0.392578 0.379883 0.393555 0.384766 0.397461 0.394531 0.401367 0.398438 0.407227 0.399414 0.423828 0.402344 0.427734 0.399414 0.437500 0.393555 0.439453 0.388672 0.440430 0.382812 0.441406 0.377930 0.439453 0.373047 0.435547 0.370117 0.428711 0.361328 0.426758 0.356445 0.423828 0.352539 0.416992 0.350586
1 0.352539 0.304688 0.343750 0.312500 0.341797 0.317383 0.337891 0.327148 0.337891 0.333008 0.339844 0.343750 0.343750 0.346680 0.348633 0.349609 0.352539 0.353516 0.358398 0.354492 0.364258 0.354492 0.369141 0.353516 0.375000 0.350586 0.379883 0.348633 0.382812 0.343750 0.383789 0.337891 0.382812 0.330078 0.381836 0.319336 0.380859 0.314453 0.377930 0.310547 0.374023 0.306641 0.371094 0.301758 0.365234 0.300781 0.360352 0.301758
1 0.367188 0.255859 0.358398 0.264648 0.356445 0.269531 0.356445 0.275391 0.356445 0.280273 0.359375 0.285156 0.364258 0.287109 0.368164 0.291016 0.371094 0.295898 0.375000 0.298828 0.382812 0.306641 0.388672 0.307617 0.394531 0.305664 0.398438 0.301758 0.400391 0.296875 0.406250 0.288086 0.409180 0.283203 0.408203 0.277344 0.406250 0.272461 0.404297 0.268555 0.400391 0.264648 0.394531 0.255859 0.390625 0.251953 0.385742 0.249023 0.380859 0.250000 0.375977 0.251953
1 0.426758 0.201172 0.417969 0.208984 0.416992 0.213867 0.416016 0.218750 0.417969 0.229492 0.421875 0.232422 0.426758 0.232422 0.432617 0.233398 0.439453 0.232422 0.444336 0.230469 0.447266 0.226562 0.449219 0.221680 0.451172 0.216797 0.453125 0.211914 0.453125 0.206055 0.450195 0.201172 0.445312 0.199219 0.439453 0.198242 0.432617 0.198242
1 0.374023 0.202148 0.370117 0.209961 0.367188 0.213867 0.364258 0.223633 0.364258 0.229492 0.368164 0.233398 0.375000 0.241211 0.379883 0.244141 0.385742 0.244141 0.390625 0.244141 0.395508 0.241211 0.397461 0.235352 0.404297 0.225586 0.406250 0.220703 0.409180 0.209961 0.407227 0.205078 0.403320 0.202148 0.398438 0.200195 0.387695 0.198242
1 0.325195 0.205078 0.318359 0.212891 0.316406 0.217773 0.316406 0.222656 0.318359 0.239258 0.322266 0.243164 0.329102 0.250977 0.335938 0.251953 0.340820 0.249023 0.344727 0.244141 0.349609 0.241211 0.352539 0.236328 0.353516 0.231445 0.352539 0.225586 0.350586 0.220703 0.348633 0.210938 0.345703 0.206055 0.341797 0.203125 0.335938 0.201172
1 0.298828 0.208008 0.286133 0.211914 0.285156 0.216797 0.285156 0.222656 0.286133 0.238281 0.289062 0.244141 0.292969 0.247070 0.298828 0.248047 0.303711 0.247070 0.308594 0.244141 0.312500 0.240234 0.315430 0.235352 0.316406 0.230469 0.313477 0.225586 0.310547 0.215820
1 0.291992 0.254883 0.286133 0.263672 0.286133 0.268555 0.286133 0.274414 0.288086 0.287109 0.294922 0.303711 0.301758 0.304688 0.318359 0.305664 0.324219 0.301758 0.325195 0.295898 0.328125 0.291016 0.329102 0.285156 0.328125 0.280273 0.327148 0.275391 0.328125 0.269531 0.326172 0.264648 0.322266 0.258789 0.317383 0.255859 0.311523 0.254883 0.306641 0.251953
1 0.267578 0.256836 0.255859 0.263672 0.253906 0.268555 0.252930 0.274414 0.253906 0.286133 0.255859 0.291016 0.257812 0.295898 0.261719 0.300781 0.266602 0.303711 0.271484 0.303711 0.276367 0.302734 0.281250 0.300781 0.286133 0.296875 0.289062 0.292969 0.291992 0.289062 0.291992 0.283203 0.291016 0.268555 0.287109 0.263672 0.282227 0.261719
1 0.280273 0.310547 0.272461 0.320312 0.270508 0.325195 0.269531 0.331055 0.269531 0.336914 0.271484 0.347656 0.274414 0.351562 0.280273 0.355469 0.285156 0.355469 0.291992 0.355469 0.296875 0.353516 0.301758 0.350586 0.307617 0.348633 0.310547 0.343750 0.310547 0.335938 0.309570 0.322266 0.307617 0.317383 0.302734 0.314453 0.297852 0.312500
1 0.215820 0.320312 0.208008 0.330078 0.207031 0.335938 0.207031 0.346680 0.207031 0.354492 0.210938 0.363281 0.216797 0.363281 0.223633 0.362305 0.226562 0.357422 0.230469 0.353516 0.235352 0.350586 0.239258 0.346680 0.242188 0.340820 0.243164 0.334961 0.241211 0.330078 0.236328 0.324219 0.232422 0.321289 0.226562 0.320312
1 0.186523 0.318359 0.167969 0.324219 0.167969 0.329102 0.168945 0.333984 0.171875 0.338867 0.177734 0.350586 0.186523 0.360352 0.194336 0.363281 0.205078 0.362305 0.207031 0.356445 0.208008 0.350586 0.207031 0.338867 0.204102 0.332031 0.195312 0.317383
1 0.203125 0.372070 0.190430 0.379883 0.190430 0.385742 0.191406 0.396484 0.193359 0.401367 0.197266 0.404297 0.208984 0.404297 0.214844 0.403320 0.220703 0.399414 0.223633 0.395508 0.228516 0.393555 0.230469 0.388672 0.229492 0.381836 0.225586 0.376953 0.220703 0.374023 0.213867 0.371094
1 0.115234 0.269531 0.109375 0.282227 0.105469 0.287109 0.101562 0.290039 0.098633 0.294922 0.097656 0.299805 0.096680 0.317383 0.094727 0.322266 0.091797 0.332031 0.092773 0.337891 0.095703 0.341797 0.101562 0.343750 0.107422 0.343750 0.110352 0.338867 0.114258 0.334961 0.122070 0.333984 0.127930 0.333984 0.129883 0.329102 0.130859 0.324219 0.134766 0.321289 0.140625 0.321289 0.146484 0.321289 0.148438 0.316406 0.148438 0.311523 0.146484 0.306641 0.141602 0.302734 0.134766 0.294922 0.134766 0.288086 0.134766 0.282227 0.134766 0.276367 0.131836 0.272461 0.126953 0.268555
1 0.114258 0.336914 0.094727 0.339844 0.092773 0.345703 0.092773 0.350586 0.094727 0.356445 0.097656 0.361328 0.098633 0.367188 0.098633 0.375000 0.100586 0.386719 0.104492 0.389648 0.108398 0.386719 0.114258 0.384766 0.119141 0.384766 0.135742 0.384766 0.140625 0.382812 0.145508 0.377930 0.146484 0.373047 0.145508 0.366211 0.145508 0.361328 0.148438 0.350586 0.152344 0.345703 0.157227 0.334961 0.154297 0.331055 0.151367 0.327148 0.145508 0.324219 0.140625 0.325195 0.136719 0.328125 0.126953 0.331055 0.122070 0.332031
1 0.308594 0.373047 0.305664 0.381836 0.309570 0.385742 0.313477 0.389648 0.325195 0.394531 0.336914 0.397461 0.341797 0.395508 0.345703 0.392578 0.348633 0.388672 0.350586 0.382812 0.349609 0.377930 0.338867 0.374023 0.330078 0.368164 0.323242 0.366211 0.317383 0.367188 0.312500 0.369141
1 0.171875 0.273438 0.168945 0.286133 0.169922 0.291992 0.173828 0.300781 0.177734 0.304688 0.183594 0.306641 0.189453 0.308594 0.195312 0.309570 0.201172 0.309570 0.204102 0.305664 0.205078 0.300781 0.208984 0.296875 0.212891 0.292969 0.209961 0.286133 0.205078 0.281250 0.200195 0.278320 0.196289 0.272461 0.193359 0.267578 0.187500 0.267578 0.181641 0.269531
1 0.205078 0.219727 0.200195 0.229492 0.200195 0.235352 0.204102 0.253906 0.210938 0.254883 0.220703 0.252930 0.223633 0.248047 0.227539 0.238281 0.224609 0.233398 0.219727 0.224609 0.213867 0.216797
1 0.223633 0.229492 0.228516 0.240234 0.230469 0.246094 0.233398 0.250977 0.237305 0.254883 0.242188 0.257812 0.251953 0.258789 0.257812 0.256836 0.260742 0.252930 0.263672 0.246094 0.262695 0.240234 0.260742 0.234375 0.260742 0.227539 0.260742 0.215820 0.259766 0.210938 0.254883 0.208984 0.250000 0.208008 0.239258 0.208984 0.229492 0.211914 0.224609 0.213867 0.220703 0.220703
1 0.151367 0.206055 0.143555 0.213867 0.142578 0.219727 0.142578 0.224609 0.141602 0.235352 0.137695 0.239258 0.135742 0.246094 0.135742 0.256836 0.140625 0.264648 0.146484 0.260742 0.154297 0.261719 0.159180 0.264648 0.164062 0.265625 0.174805 0.265625 0.178711 0.262695 0.179688 0.257812 0.177734 0.252930 0.175781 0.248047 0.175781 0.238281 0.178711 0.234375 0.182617 0.225586 0.179688 0.219727 0.177734 0.214844 0.172852 0.212891 0.165039 0.215820 0.160156 0.215820 0.157227 0.210938
1 0.074219 0.221680 0.070312 0.228516 0.067383 0.232422 0.062500 0.236328 0.058594 0.240234 0.050781 0.248047 0.045898 0.252930 0.045898 0.264648 0.048828 0.269531 0.057617 0.269531 0.064453 0.266602 0.077148 0.263672 0.082031 0.265625 0.085938 0.269531 0.090820 0.271484 0.095703 0.273438 0.101562 0.274414 0.108398 0.274414 0.112305 0.272461 0.113281 0.266602 0.112305 0.260742 0.110352 0.255859 0.106445 0.252930 0.098633 0.245117 0.098633 0.240234 0.100586 0.235352 0.104492 0.232422 0.105469 0.227539 0.104492 0.221680 0.100586 0.217773 0.095703 0.217773 0.090820 0.217773 0.084961 0.219727
1 0.125000 0.213867 0.117188 0.210938 0.116211 0.215820 0.116211 0.220703 0.118164 0.225586 0.119141 0.231445 0.116211 0.236328 0.113281 0.246094 0.114258 0.252930 0.116211 0.257812 0.121094 0.259766 0.126953 0.259766 0.132812 0.257812 0.135742 0.253906 0.142578 0.246094 0.149414 0.231445 0.149414 0.225586 0.151367 0.220703 0.152344 0.215820 0.151367 0.210938 0.146484 0.208008 0.140625 0.208984 0.130859 0.211914
1 0.082031 0.119141 0.067383 0.123047 0.063477 0.127930 0.062500 0.133789 0.062500 0.139648 0.063477 0.146484 0.066406 0.150391 0.070312 0.154297 0.075195 0.157227 0.080078 0.159180 0.084961 0.160156 0.087891 0.155273 0.088867 0.149414 0.090820 0.144531 0.094727 0.140625 0.097656 0.136719 0.096680 0.131836 0.092773 0.127930 0.086914 0.120117
1 0.088867 0.163086 0.087891 0.172852 0.087891 0.177734 0.089844 0.184570 0.087891 0.189453 0.084961 0.194336 0.086914 0.200195 0.091797 0.204102 0.098633 0.207031 0.103516 0.209961 0.108398 0.212891 0.114258 0.212891 0.118164 0.208984 0.119141 0.202148 0.120117 0.189453 0.121094 0.177734 0.120117 0.167969 0.115234 0.164062 0.109375 0.161133 0.104492 0.160156 0.099609 0.160156 0.095703 0.164062
1 0.148438 0.164062 0.142578 0.169922 0.140625 0.177734 0.141602 0.187500 0.146484 0.197266 0.153320 0.199219 0.159180 0.199219 0.163086 0.203125 0.168945 0.204102 0.174805 0.202148 0.178711 0.199219 0.181641 0.194336 0.183594 0.188477 0.184570 0.177734 0.181641 0.173828 0.176758 0.168945 0.173828 0.165039 0.167969 0.163086 0.153320 0.162109
1 0.228516 0.165039 0.225586 0.174805 0.226562 0.183594 0.230469 0.196289 0.234375 0.200195 0.240234 0.202148 0.245117 0.207031 0.255859 0.210938 0.262695 0.212891 0.267578 0.210938 0.267578 0.204102 0.271484 0.199219 0.277344 0.197266 0.281250 0.194336 0.285156 0.190430 0.286133 0.184570 0.284180 0.179688 0.279297 0.176758 0.274414 0.171875 0.270508 0.168945 0.273438 0.165039 0.278320 0.164062 0.279297 0.159180 0.271484 0.152344 0.263672 0.149414 0.257812 0.151367 0.251953 0.155273 0.245117 0.156250
1 0.305664 0.158203 0.303711 0.166992 0.301758 0.172852 0.301758 0.177734 0.302734 0.183594 0.304688 0.188477 0.312500 0.196289 0.319336 0.197266 0.329102 0.198242 0.332031 0.193359 0.337891 0.179688 0.337891 0.172852 0.337891 0.166992 0.334961 0.157227 0.329102 0.153320 0.324219 0.152344 0.318359 0.153320 0.314453 0.156250
1 0.382812 0.142578 0.376953 0.149414 0.374023 0.154297 0.367188 0.170898 0.367188 0.177734 0.369141 0.182617 0.375000 0.188477 0.380859 0.189453 0.386719 0.188477 0.391602 0.186523 0.397461 0.186523 0.407227 0.182617 0.411133 0.177734 0.412109 0.172852 0.410156 0.166992 0.410156 0.162109 0.411133 0.157227 0.411133 0.152344 0.407227 0.148438 0.401367 0.147461 0.396484 0.147461 0.391602 0.144531
1 0.470703 0.120117 0.465820 0.130859 0.463867 0.135742 0.458984 0.138672 0.455078 0.142578 0.453125 0.147461 0.451172 0.152344 0.451172 0.166016 0.454102 0.176758 0.457031 0.180664 0.461914 0.184570 0.466797 0.184570 0.471680 0.181641 0.476562 0.176758 0.481445 0.178711 0.486328 0.181641 0.500000 0.182617 0.506836 0.180664 0.508789 0.175781 0.508789 0.170898 0.506836 0.165039 0.502930 0.155273 0.501953 0.149414 0.502930 0.144531 0.502930 0.138672 0.499023 0.134766 0.494141 0.133789 0.492188 0.128906 0.488281 0.121094 0.485352 0.117188 0.479492 0.116211
1 0.400391 0.101562 0.395508 0.110352 0.397461 0.115234 0.399414 0.125000 0.402344 0.129883 0.420898 0.127930 0.425781 0.126953 0.426758 0.121094 0.429688 0.111328 0.429688 0.106445 0.426758 0.101562 0.422852 0.097656 0.416992 0.095703 0.411133 0.094727 0.405273 0.096680
1 0.336914 0.049805 0.333984 0.056641 0.333984 0.062500 0.334961 0.067383 0.337891 0.072266 0.341797 0.077148 0.345703 0.081055 0.350586 0.083984 0.358398 0.083984 0.363281 0.082031 0.373047 0.078125 0.376953 0.074219 0.377930 0.067383 0.376953 0.062500 0.374023 0.051758 0.370117 0.046875 0.365234 0.044922 0.359375 0.043945 0.349609 0.042969 0.344727 0.044922
1 0.230469 0.123047 0.233398 0.130859 0.233398 0.136719 0.237305 0.141602 0.243164 0.146484 0.250977 0.145508 0.255859 0.145508 0.260742 0.141602 0.265625 0.135742 0.266602 0.130859 0.269531 0.124023 0.271484 0.119141 0.271484 0.113281 0.270508 0.108398 0.268555 0.103516 0.263672 0.101562 0.257812 0.100586 0.246094 0.100586 0.231445 0.106445 0.233398 0.111328 0.233398 0.116211
1 0.141602 0.116211 0.136719 0.124023 0.134766 0.128906 0.133789 0.133789 0.136719 0.138672 0.142578 0.147461 0.147461 0.148438 0.159180 0.149414 0.165039 0.148438 0.169922 0.146484 0.180664 0.142578 0.190430 0.136719 0.191406 0.128906 0.191406 0.124023 0.187500 0.120117 0.180664 0.112305 0.175781 0.109375 0.171875 0.106445 0.166016 0.106445 0.161133 0.108398 0.156250 0.110352 0.151367 0.111328
1 0.143555 0.062500 0.139648 0.073242 0.141602 0.078125 0.141602 0.083008 0.139648 0.087891 0.139648 0.092773 0.142578 0.097656 0.146484 0.100586 0.151367 0.102539 0.162109 0.102539 0.166992 0.099609 0.169922 0.095703 0.174805 0.083008 0.175781 0.077148 0.175781 0.071289 0.173828 0.066406 0.169922 0.062500 0.165039 0.060547 0.160156 0.060547
1 0.209961 0.059570 0.204102 0.065430 0.203125 0.071289 0.203125 0.081055 0.206055 0.086914 0.208984 0.090820 0.212891 0.094727 0.217773 0.094727 0.223633 0.092773 0.228516 0.090820 0.232422 0.086914 0.240234 0.080078 0.245117 0.078125 0.246094 0.073242 0.243164 0.068359 0.231445 0.059570
1 0.090820 0.065430 0.086914 0.077148 0.085938 0.083008 0.085938 0.087891 0.085938 0.092773 0.086914 0.098633 0.088867 0.103516 0.092773 0.107422 0.097656 0.107422 0.102539 0.106445 0.107422 0.104492 0.120117 0.104492 0.123047 0.099609 0.123047 0.094727 0.121094 0.089844 0.118164 0.085938 0.116211 0.081055 0.116211 0.076172 0.114258 0.071289 0.109375 0.067383 0.104492 0.066406 0.099609 0.065430
1 0.041016 0.085938 0.041016 0.094727 0.040039 0.099609 0.041016 0.109375 0.044922 0.113281 0.050781 0.112305 0.056641 0.113281 0.063477 0.111328 0.068359 0.106445 0.069336 0.100586 0.069336 0.095703 0.071289 0.090820 0.074219 0.085938 0.074219 0.081055 0.071289 0.076172 0.067383 0.073242 0.061523 0.072266 0.056641 0.072266 0.046875 0.076172
1 0.062500 0.019531 0.060547 0.031250 0.062500 0.036133 0.061523 0.041016 0.059570 0.045898 0.060547 0.055664 0.062500 0.059570 0.065430 0.064453 0.071289 0.065430 0.077148 0.063477 0.080078 0.059570 0.088867 0.055664 0.093750 0.057617 0.098633 0.055664 0.101562 0.051758 0.105469 0.042969 0.100586 0.038086 0.094727 0.029297 0.084961 0.016602 0.080078 0.014648 0.075195 0.015625
1 0.127930 0.024414 0.127930 0.031250 0.127930 0.039062 0.128906 0.044922 0.133789 0.046875 0.142578 0.047852 0.147461 0.046875 0.159180 0.046875 0.170898 0.041016 0.168945 0.035156 0.167969 0.027344 0.169922 0.022461 0.172852 0.018555 0.174805 0.013672 0.165039 0.000000 0.135742 0.000000 0.127930 0.003906
1 0.182617 0.027344 0.184570 0.035156 0.185547 0.040039 0.189453 0.043945 0.193359 0.046875 0.199219 0.046875 0.204102 0.044922 0.216797 0.040039 0.218750 0.035156 0.220703 0.020508 0.208984 0.000000 0.191406 0.000000 0.180664 0.011719 0.181641 0.016602 0.180664 0.022461
1 0.239258 0.022461 0.243164 0.037109 0.247070 0.040039 0.253906 0.041016 0.258789 0.040039 0.263672 0.037109 0.270508 0.029297 0.272461 0.024414 0.279297 0.015625 0.270508 0.000000 0.252930 0.000000 0.241211 0.000000 0.238281 0.014648
1 0.306641 0.019531 0.312500 0.023438 0.317383 0.026367 0.322266 0.025391 0.327148 0.022461 0.330078 0.018555 0.331055 0.012695 0.330078 0.007812 0.327148 0.000000 0.305664 0.003906
1 0.371094 0.001953 0.368164 0.011719 0.369141 0.016602 0.372070 0.021484 0.377930 0.022461 0.382812 0.022461 0.392578 0.019531 0.402344 0.009766 0.397461 0.000000
1 0.504883 0.018555 0.502930 0.025391 0.500977 0.030273 0.500000 0.036133 0.502930 0.052734 0.506836 0.061523 0.512695 0.070312 0.517578 0.073242 0.525391 0.071289 0.530273 0.067383 0.543945 0.061523 0.559570 0.054688 0.563477 0.049805 0.562500 0.043945 0.559570 0.036133 0.553711 0.025391 0.548828 0.021484 0.541016 0.014648 0.534180 0.012695 0.529297 0.012695 0.522461 0.012695
1 0.581055 0.006836 0.580078 0.022461 0.578125 0.026367 0.575195 0.032227 0.574219 0.039062 0.574219 0.052734 0.577148 0.058594 0.582031 0.061523 0.587891 0.061523 0.592773 0.059570 0.611328 0.056641 0.627930 0.052734 0.625977 0.046875 0.624023 0.032227 0.624023 0.026367 0.619141 0.023438 0.612305 0.021484 0.608398 0.017578 0.603516 0.013672 0.597656 0.012695 0.592773 0.009766
1 0.659180 0.006836 0.649414 0.018555 0.647461 0.026367 0.648438 0.038086 0.655273 0.041992 0.667969 0.048828 0.672852 0.047852 0.677734 0.045898 0.682617 0.042969 0.686523 0.039062 0.689453 0.034180 0.691406 0.027344 0.690430 0.018555 0.688477 0.013672 0.683594 0.010742 0.677734 0.008789 0.672852 0.007812
1 0.723633 0.001953 0.714844 0.011719 0.710938 0.016602 0.708008 0.022461 0.708008 0.029297 0.711914 0.041992 0.717773 0.042969 0.729492 0.043945 0.744141 0.042969 0.754883 0.041992 0.757812 0.037109 0.758789 0.032227 0.758789 0.022461 0.758789 0.016602 0.753906 0.007812 0.749023 0.004883 0.745117 0.001953
1 0.476562 0.004883 0.486328 0.013672 0.492188 0.015625 0.498047 0.014648 0.502930 0.012695 0.507812 0.012695 0.514648 0.013672 0.520508 0.012695 0.524414 0.000000 0.482422 0.000000
1 0.800781 0.019531 0.807617 0.038086 0.813477 0.045898 0.822266 0.046875 0.832031 0.045898 0.836914 0.043945 0.843750 0.035156 0.845703 0.026367 0.852539 0.011719 0.853516 0.006836 0.851562 0.001953 0.846680 0.000000 0.841797 0.000000 0.799805 0.000000
1 0.967773 0.020508 0.980469 0.025391 0.981445 0.026367 1.000000 0.018555 0.999023 0.000000 0.999023 0.000000 0.998047 0.000000 0.966797 0.000000
1 0.408203 0.462891 0.415039 0.457031 0.418945 0.459961 0.420898 0.464844 0.423828 0.474609 0.424805 0.485352 0.423828 0.490234 0.420898 0.495117 0.416992 0.498047 0.411133 0.501953 0.401367 0.506836 0.396484 0.511719 0.388672 0.518555 0.383789 0.519531 0.378906 0.517578 0.375977 0.512695 0.376953 0.506836 0.379883 0.501953 0.387695 0.489258 0.390625 0.484375 0.392578 0.479492 0.393555 0.474609
1 0.292969 0.049805 0.309570 0.051758 0.310547 0.067383 0.307617 0.082031 0.291016 0.083008 0.275391 0.087891 0.268555 0.078125 0.281250 0.047852
1 0.272461 0.057617 0.270508 0.074219 0.258789 0.076172 0.258789 0.067383 0.256836 0.053711
1 0.252930 0.059570 0.256836 0.071289 0.249023 0.078125 0.239258 0.072266 0.240234 0.060547
1 0.000000 0.109375 0.011719 0.114258 0.015625 0.122070 0.024414 0.117188 0.025391 0.130859 0.034180 0.140625 0.026367 0.149414 0.018555 0.161133 0.006836 0.171875 0.000000 0.169922
1 0.330078 0.098633 0.344727 0.107422 0.340820 0.116211 0.345703 0.129883 0.331055 0.139648 0.312500 0.141602 0.300781 0.126953 0.307617 0.098633 0.318359 0.087891
1 0.435547 0.001953 0.438477 0.006836 0.441406 0.009766 0.449219 0.007812 0.449219 0.000000
1 0.615234 0.065430 0.624023 0.060547 0.632812 0.063477 0.636719 0.074219 0.627930 0.080078 0.619141 0.084961 0.609375 0.083984 0.609375 0.083984 0.604492 0.073242
1 0.920898 0.000000 0.919922 0.010742 0.925781 0.022461 0.934570 0.022461 0.945312 0.009766 0.942383 0.000000
1 0.030273 0.166016 0.043945 0.165039 0.043945 0.165039 0.047852 0.174805 0.041992 0.177734 0.045898 0.186523 0.047852 0.202148 0.045898 0.211914 0.045898 0.211914 0.036133 0.213867 0.026367 0.217773 0.026367 0.217773 0.012695 0.208984 0.005859 0.191406 0.011719 0.172852 0.017578 0.165039
1 0.420898 0.256836 0.428711 0.272461 0.425781 0.286133 0.414062 0.293945 0.402344 0.285156 0.398438 0.266602 0.405273 0.250000 0.405273 0.250000 0.412109 0.248047
1 0.839844 0.308594 0.841797 0.320312 0.833984 0.326172 0.824219 0.324219 0.823242 0.311523 0.830078 0.304688
1 0.923828 0.200195 0.930664 0.207031 0.926758 0.216797 0.914062 0.215820 0.913086 0.203125
1 0.930664 0.321289 0.931641 0.331055 0.931641 0.331055 0.921875 0.335938 0.915039 0.330078 0.915039 0.318359 0.924805 0.309570
1 0.471680 0.254883 0.482422 0.261719 0.481445 0.282227 0.471680 0.290039 0.457031 0.288086 0.449219 0.271484 0.450195 0.259766 0.459961 0.250000
1 0.500000 0.348633 0.508789 0.352539 0.517578 0.370117 0.512695 0.385742 0.512695 0.385742 0.500977 0.395508 0.497070 0.406250 0.487305 0.404297 0.475586 0.389648 0.468750 0.379883 0.476562 0.365234 0.470703 0.349609 0.478516 0.341797 0.489258 0.345703
1 0.541992 0.363281 0.548828 0.372070 0.544922 0.387695 0.529297 0.386719 0.523438 0.373047 0.530273 0.360352 0.530273 0.360352
1 0.000977 0.271484 0.018555 0.270508 0.030273 0.276367 0.035156 0.289062 0.039062 0.301758 0.033203 0.305664 0.033203 0.326172 0.027344 0.333008 0.012695 0.333984 0.001953 0.332031 0.000000 0.330078
1 0.045898 0.278320 0.056641 0.291016 0.054688 0.300781 0.041016 0.295898 0.033203 0.282227
1 0.053711 0.297852 0.059570 0.309570 0.052734 0.315430 0.041992 0.312500 0.041992 0.312500 0.040039 0.300781
1 0.082031 0.285156 0.085938 0.306641 0.081055 0.309570 0.076172 0.318359 0.063477 0.313477 0.054688 0.297852 0.059570 0.285156 0.059570 0.285156 0.067383 0.279297
1 0.097656 0.337891 0.093750 0.350586 0.083008 0.349609 0.081055 0.335938 0.088867 0.329102
1 0.081055 0.350586 0.089844 0.366211 0.081055 0.379883 0.081055 0.379883 0.067383 0.379883 0.060547 0.361328 0.067383 0.347656
1 0.060547 0.315430 0.073242 0.323242 0.077148 0.341797 0.064453 0.347656 0.064453 0.347656 0.052734 0.338867 0.041992 0.336914 0.037109 0.322266 0.044922 0.313477
1 0.051758 0.344727 0.056641 0.361328 0.052734 0.375977 0.041992 0.380859 0.030273 0.375977 0.027344 0.355469 0.034180 0.339844
1 0.595703 0.290039 0.599609 0.304688 0.591797 0.310547 0.583984 0.305664 0.583984 0.286133 0.591797 0.281250
1 0.842773 0.557617 0.853516 0.561523 0.856445 0.572266 0.847656 0.580078 0.833984 0.575195 0.832031 0.562500
1 0.725586 0.471680 0.730469 0.476562 0.730469 0.484375 0.721680 0.487305 0.714844 0.483398 0.717773 0.472656
1 0.581055 0.589844 0.587891 0.595703 0.585938 0.607422 0.573242 0.606445 0.567383 0.597656 0.570312 0.589844
1 0.832031 0.490234 0.834961 0.499023 0.830078 0.505859 0.820312 0.503906 0.817383 0.492188
1 0.361328 0.529297 0.365234 0.541016 0.353516 0.552734 0.336914 0.552734 0.336914 0.552734 0.335938 0.537109 0.346680 0.525391
1 0.239258 0.521484 0.250977 0.524414 0.251953 0.544922 0.251953 0.543945 0.250977 0.565430 0.233398 0.574219 0.233398 0.574219 0.220703 0.569336 0.216797 0.558594 0.219727 0.541992 0.215820 0.527344 0.224609 0.516602
1 0.067383 0.695312 0.076172 0.704102 0.077148 0.716797 0.068359 0.723633 0.055664 0.723633 0.045898 0.727539 0.038086 0.717773 0.036133 0.705078 0.044922 0.689453
1 0.614258 0.674805 0.624023 0.675781 0.625000 0.683594 0.618164 0.689453 0.610352 0.686523 0.609375 0.678711
1 0.916992 0.637695 0.931641 0.640625 0.931641 0.652344 0.924805 0.657227 0.912109 0.650391 0.912109 0.650391
1 0.812500 0.821289 0.825195 0.828125 0.823242 0.846680 0.807617 0.849609 0.798828 0.842773 0.798828 0.827148 0.801758 0.821289
1 0.780273 0.731445 0.778320 0.744141 0.769531 0.746094 0.760742 0.738281 0.767578 0.730469
1 0.774414 0.764648 0.776367 0.777344 0.769531 0.779297 0.762695 0.774414 0.766602 0.763672
1 0.891602 0.803711 0.897461 0.817383 0.888672 0.827148 0.878906 0.822266 0.878906 0.822266 0.873047 0.812500 0.878906 0.801758
1 0.972656 0.836914 0.962891 0.838867 0.959961 0.846680 0.965820 0.850586 0.971680 0.846680
1 0.893555 0.826172 0.901367 0.828125 0.901367 0.836914 0.901367 0.836914 0.895508 0.839844 0.887695 0.833008
1 0.844727 0.825195 0.852539 0.832031 0.849609 0.838867 0.840820 0.837891 0.833984 0.830078 0.835938 0.824219
1 0.718750 0.746094 0.724609 0.754883 0.723633 0.765625 0.712891 0.770508 0.705078 0.762695 0.707031 0.747070
1 0.160156 0.727539 0.175781 0.732422 0.181641 0.750977 0.179688 0.766602 0.170898 0.782227 0.157227 0.784180 0.142578 0.771484 0.137695 0.747070 0.144531 0.736328
1 0.053711 0.937500 0.071289 0.939453 0.083984 0.947266 0.083984 0.947266 0.086914 0.970703 0.071289 0.981445 0.054688 0.985352 0.043945 0.966797 0.041016 0.948242
1 0.337891 0.960938 0.336914 0.978516 0.336914 0.978516 0.322266 0.983398 0.309570 0.973633 0.310547 0.961914 0.310547 0.961914 0.322266 0.955078 0.322266 0.955078
1 0.308594 1.000000 0.311523 0.992188 0.319336 0.990234 0.324219 0.994141 0.325195 1.000000
1 0.645508 0.966797 0.649414 0.978516 0.642578 0.984375 0.634766 0.981445 0.626953 0.972656 0.633789 0.963867
1 0.809570 0.892578 0.820312 0.892578 0.826172 0.901367 0.817383 0.908203 0.807617 0.903320
1 0.864258 0.704102 0.873047 0.710938 0.875000 0.724609 0.864258 0.731445 0.856445 0.724609 0.857422 0.712891
1 0.594727 0.738281 0.605469 0.736328 0.605469 0.736328 0.610352 0.743164 0.610352 0.743164 0.610352 0.751953 0.600586 0.754883 0.593750 0.748047