1 0.000977 0.112305 0.012695 0.112305 0.005859 0.120117 0.021484 0.125000 0.024414 0.139648 0.008789 0.140625 0.025391 0.148438 0.023438 0.162109 0.007812 0.161133 0.019531 0.172852 0.003906 0.184570 0.000000 0.182617
1 0.000000 0.205078 0.010742 0.205078 0.024414 0.215820 0.038086 0.215820 0.041992 0.237305 0.052734 0.240234 0.052734 0.240234 0.045898 0.253906 0.049805 0.264648 0.041992 0.269531 0.036133 0.289062 0.000000 0.305664
1 0.099609 0.111328 0.094727 0.095703 0.116211 0.088867 0.125000 0.105469 0.133789 0.110352 0.139648 0.125000 0.134766 0.129883 0.148438 0.135742 0.148438 0.150391 0.140625 0.152344 0.145508 0.161133 0.128906 0.176758 0.096680 0.181641 0.084961 0.164062 0.061523 0.165039 0.059570 0.146484 0.070312 0.144531 0.064453 0.131836 0.081055 0.127930 0.082031 0.103516
1 0.122070 0.201172 0.141602 0.197266 0.142578 0.204102 0.156250 0.200195 0.152344 0.208984 0.158203 0.235352 0.146484 0.246094 0.129883 0.240234 0.102539 0.267578 0.093750 0.231445 0.081055 0.221680 0.093750 0.214844 0.093750 0.202148 0.103516 0.209961 0.107422 0.194336
1 0.194336 0.018555 0.213867 0.018555 0.233398 0.032227 0.246094 0.036133 0.251953 0.026367 0.242188 0.008789 0.256836 0.006836 0.273438 0.000000 0.200195 0.000000
1 0.245117 0.063477 0.260742 0.061523 0.260742 0.069336 0.273438 0.068359 0.275391 0.081055 0.288086 0.083008 0.280273 0.098633 0.283203 0.109375 0.283203 0.128906 0.266602 0.126953 0.267578 0.140625 0.257812 0.140625 0.248047 0.147461 0.245117 0.132812 0.229492 0.134766 0.210938 0.115234 0.220703 0.108398 0.210938 0.092773 0.208984 0.081055 0.221680 0.075195 0.222656 0.064453
1 0.269531 0.142578 0.279297 0.146484 0.290039 0.156250 0.300781 0.164062 0.305664 0.181641 0.292969 0.186523 0.299805 0.196289 0.298828 0.223633 0.284180 0.218750 0.282227 0.232422 0.263672 0.221680 0.245117 0.232422 0.241211 0.198242 0.236328 0.184570 0.227539 0.157227 0.240234 0.152344
1 0.385742 0.028320 0.395508 0.034180 0.395508 0.034180 0.407227 0.026367 0.411133 0.035156 0.424805 0.037109 0.417969 0.050781 0.439453 0.056641 0.433594 0.063477 0.440430 0.077148 0.423828 0.082031 0.425781 0.096680 0.412109 0.096680 0.409180 0.114258 0.390625 0.115234 0.385742 0.099609 0.371094 0.111328 0.374023 0.095703 0.350586 0.100586 0.364258 0.084961 0.347656 0.076172 0.354492 0.067383 0.353516 0.034180 0.372070 0.031250
1 0.432617 0.139648 0.442383 0.138672 0.454102 0.147461 0.445312 0.166016 0.462891 0.168945 0.449219 0.184570 0.449219 0.195312 0.432617 0.191406 0.422852 0.211914 0.416016 0.201172 0.405273 0.206055 0.405273 0.193359 0.385742 0.194336 0.400391 0.176758 0.374023 0.166016 0.388672 0.159180 0.390625 0.143555 0.412109 0.131836
1 0.000000 0.323242 0.013672 0.306641 0.022461 0.301758 0.034180 0.304688 0.045898 0.304688 0.057617 0.310547 0.057617 0.310547 0.056641 0.326172 0.070312 0.321289 0.070312 0.331055 0.070312 0.331055 0.079102 0.337891 0.060547 0.346680 0.082031 0.359375 0.066406 0.366211 0.066406 0.378906 0.047852 0.394531 0.037109 0.377930 0.028320 0.397461 0.022461 0.380859 0.000000 0.395508
1 0.168945 0.301758 0.188477 0.296875 0.187500 0.308594 0.186523 0.328125 0.186523 0.328125 0.185547 0.343750 0.166992 0.356445 0.160156 0.372070 0.144531 0.363281 0.130859 0.371094 0.127930 0.362305 0.112305 0.360352 0.114258 0.350586 0.101562 0.339844 0.107422 0.318359 0.121094 0.320312 0.120117 0.300781 0.129883 0.300781 0.131836 0.285156 0.151367 0.293945 0.159180 0.284180
1 0.293945 0.261719 0.311523 0.252930 0.308594 0.265625 0.320312 0.261719 0.319336 0.284180 0.337891 0.298828 0.333008 0.316406 0.309570 0.322266 0.314453 0.336914 0.294922 0.331055 0.289062 0.348633 0.276367 0.332031 0.251953 0.337891 0.231445 0.313477 0.253906 0.308594 0.230469 0.296875 0.232422 0.263672 0.252930 0.262695 0.261719 0.250000 0.275391 0.260742 0.285156 0.250977
1 0.452148 0.245117 0.473633 0.244141 0.464844 0.257812 0.477539 0.262695 0.471680 0.278320 0.460938 0.293945 0.470703 0.308594 0.447266 0.308594 0.440430 0.326172 0.430664 0.305664 0.430664 0.305664 0.416992 0.326172 0.411133 0.305664 0.393555 0.315430 0.390625 0.298828 0.375000 0.281250 0.392578 0.273438 0.382812 0.250977 0.411133 0.242188 0.422852 0.217773 0.427734 0.227539 0.442383 0.218750 0.442383 0.218750 0.444336 0.231445 0.456055 0.226562
1 0.342773 0.372070 0.367188 0.374023 0.349609 0.384766 0.366211 0.394531 0.345703 0.400391 0.353516 0.416992 0.337891 0.414062 0.340820 0.438477 0.317383 0.428711 0.311523 0.445312 0.302734 0.431641 0.279297 0.446289 0.279297 0.425781 0.261719 0.425781 0.280273 0.400391 0.250000 0.395508 0.265625 0.382812 0.259766 0.367188 0.280273 0.368164 0.282227 0.341797 0.296875 0.348633 0.304688 0.340820 0.311523 0.353516 0.323242 0.349609 0.333008 0.360352
1 0.062500 0.517578 0.083984 0.520508 0.091797 0.539062 0.074219 0.551758 0.083984 0.571289 0.062500 0.577148 0.038086 0.583984 0.022461 0.570312 0.027344 0.564453 0.011719 0.559570 0.023438 0.524414
1 0.187500 0.484375 0.198242 0.480469 0.203125 0.495117 0.212891 0.498047 0.211914 0.515625 0.216797 0.525391 0.206055 0.543945 0.195312 0.556641 0.175781 0.566406 0.168945 0.547852 0.158203 0.564453 0.155273 0.544922 0.137695 0.553711 0.127930 0.544922 0.139648 0.539062 0.121094 0.527344 0.134766 0.518555 0.129883 0.502930 0.147461 0.491211 0.156250 0.474609 0.171875 0.479492
1 0.355469 0.460938 0.374023 0.457031 0.386719 0.464844 0.386719 0.464844 0.375000 0.471680 0.383789 0.486328 0.373047 0.493164 0.375000 0.504883 0.356445 0.512695 0.357422 0.523438 0.345703 0.526367 0.342773 0.538086 0.323242 0.529297 0.312500 0.542969 0.307617 0.522461 0.291992 0.528320 0.299805 0.506836 0.280273 0.504883 0.280273 0.490234 0.285156 0.467773 0.296875 0.471680 0.286133 0.450195 0.307617 0.449219 0.319336 0.431641 0.324219 0.441406 0.343750 0.437500 0.341797 0.450195 0.355469 0.447266
1 0.481445 0.438477 0.496094 0.420898 0.501953 0.434570 0.518555 0.436523 0.514648 0.448242 0.532227 0.458008 0.527344 0.467773 0.527344 0.489258 0.511719 0.489258 0.517578 0.514648 0.495117 0.500977 0.496094 0.522461 0.479492 0.509766 0.476562 0.526367 0.468750 0.502930 0.444336 0.513672 0.436523 0.505859 0.425781 0.492188 0.425781 0.462891 0.437500 0.458008 0.437500 0.430664 0.453125 0.418945 0.461914 0.424805 0.475586 0.416016
1 0.081055 0.632812 0.095703 0.630859 0.089844 0.647461 0.104492 0.653320 0.104492 0.653320 0.096680 0.664062 0.099609 0.681641 0.083984 0.695312 0.075195 0.686523 0.061523 0.707031 0.044922 0.705078 0.034180 0.681641 0.011719 0.669922 0.012695 0.651367 0.025391 0.647461 0.023438 0.626953 0.043945 0.612305 0.058594 0.620117 0.073242 0.617188
1 0.208984 0.580078 0.213867 0.576172 0.221680 0.583008 0.233398 0.588867 0.249023 0.592773 0.245117 0.606445 0.256836 0.624023 0.242188 0.633789 0.239258 0.649414 0.223633 0.654297 0.203125 0.662109 0.195312 0.653320 0.182617 0.663086 0.173828 0.648438 0.160156 0.636719 0.169922 0.625977 0.156250 0.600586 0.179688 0.600586 0.182617 0.570312 0.193359 0.583008 0.200195 0.569336
1 0.250000 0.542969 0.269531 0.541992 0.271484 0.556641 0.271484 0.556641 0.284180 0.556641 0.282227 0.565430 0.301758 0.558594 0.295898 0.570312 0.301758 0.581055 0.291016 0.591797 0.303711 0.606445 0.289062 0.608398 0.293945 0.621094 0.276367 0.617188 0.276367 0.617188 0.259766 0.630859 0.249023 0.611328 0.232422 0.610352 0.245117 0.592773 0.208984 0.583008 0.233398 0.574219 0.225586 0.546875 0.244141 0.547852
1 0.407227 0.590820 0.406250 0.606445 0.416016 0.632812 0.409180 0.653320 0.396484 0.667969 0.360352 0.674805 0.333984 0.664062 0.313477 0.642578 0.313477 0.610352 0.336914 0.585938 0.360352 0.580078 0.380859 0.584961
1 0.316406 0.654297 0.332031 0.644531 0.332031 0.644531 0.330078 0.666992 0.348633 0.670898 0.338867 0.688477 0.345703 0.702148 0.324219 0.701172 0.324219 0.702148 0.319336 0.714844 0.319336 0.714844 0.304688 0.692383 0.289062 0.666016 0.289062 0.647461 0.300781 0.655273 0.313477 0.642578
1 0.255859 0.683594 0.267578 0.677734 0.260742 0.700195 0.278320 0.696289 0.280273 0.707031 0.275391 0.712891 0.289062 0.718750 0.267578 0.728516 0.284180 0.745117 0.260742 0.742188 0.260742 0.742188 0.258789 0.759766 0.223633 0.760742 0.226562 0.743164 0.208984 0.748047 0.205078 0.726562 0.190430 0.696289 0.205078 0.693359 0.207031 0.670898 0.224609 0.684570 0.224609 0.666016 0.238281 0.663086
1 0.083984 0.718750 0.101562 0.713867 0.093750 0.725586 0.114258 0.724609 0.104492 0.742188 0.121094 0.745117 0.121094 0.745117 0.115234 0.754883 0.122070 0.768555 0.111328 0.772461 0.106445 0.786133 0.106445 0.786133 0.083008 0.782227 0.063477 0.803711 0.045898 0.789062 0.023438 0.800781 0.031250 0.779297 0.016602 0.761719 0.033203 0.756836 0.033203 0.756836 0.026367 0.738281 0.043945 0.727539 0.041992 0.711914 0.064453 0.722656
1 0.112305 0.803711 0.125000 0.798828 0.126953 0.807617 0.144531 0.811523 0.142578 0.819336 0.153320 0.830078 0.150391 0.844727 0.129883 0.845703 0.136719 0.856445 0.118164 0.858398 0.106445 0.864258 0.095703 0.851562 0.074219 0.854492 0.069336 0.836914 0.065430 0.827148 0.082031 0.818359 0.083984 0.801758
1 0.112305 0.859375 0.131836 0.878906 0.111328 0.877930 0.110352 0.894531 0.095703 0.883789 0.089844 0.900391 0.082031 0.880859 0.061523 0.886719 0.071289 0.870117 0.046875 0.858398 0.088867 0.849609 0.104492 0.856445
1 0.000977 0.939453 0.029297 0.950195 0.021484 0.958008 0.028320 0.966797 0.011719 0.974609 0.021484 0.993164 0.007812 1.000000 0.000000 0.974609 0.000000 0.974609
1 0.117188 0.893555 0.140625 0.891602 0.135742 0.909180 0.144531 0.922852 0.144531 0.922852 0.140625 0.934570 0.125000 0.952148 0.114258 0.958008 0.091797 0.953125 0.091797 0.953125 0.082031 0.938477 0.067383 0.940430 0.076172 0.925781 0.060547 0.913086 0.071289 0.903320 0.072266 0.889648 0.091797 0.896484 0.100586 0.884766
1 0.136719 0.942383 0.150391 0.946289 0.136719 0.953125 0.153320 0.961914 0.125000 0.965820 0.128906 0.982422 0.105469 0.974609 0.091797 0.973633 0.094727 0.960938 0.081055 0.945312 0.105469 0.951172 0.121094 0.947266
1 0.272461 0.787109 0.291016 0.782227 0.291016 0.782227 0.279297 0.798828 0.294922 0.806641 0.304688 0.816406 0.279297 0.817383 0.302734 0.834961 0.268555 0.833984 0.267578 0.862305 0.254883 0.848633 0.244141 0.867188 0.241211 0.849609 0.228516 0.856445 0.228516 0.845703 0.215820 0.846680 0.221680 0.833984 0.200195 0.835938 0.196289 0.824219 0.210938 0.817383 0.195312 0.806641 0.200195 0.794922 0.209961 0.793945 0.212891 0.768555 0.228516 0.773438 0.227539 0.755859 0.244141 0.761719 0.247070 0.771484 0.259766 0.764648
1 0.270508 0.890625 0.292969 0.866211 0.283203 0.894531 0.299805 0.898438 0.320312 0.912109 0.300781 0.924805 0.312500 0.938477 0.290039 0.955078 0.282227 0.968750 0.264648 0.953125 0.250000 0.938477 0.232422 0.949219 0.226562 0.929688 0.220703 0.912109 0.216797 0.899414 0.238281 0.895508 0.247070 0.873047
1 0.284180 0.961914 0.299805 0.952148 0.296875 0.971680 0.319336 0.960938 0.311523 0.984375 0.304688 0.991211 0.323242 1.000000 0.248047 1.000000 0.250000 0.986328 0.231445 0.978516 0.250977 0.972656 0.247070 0.954102 0.270508 0.948242
1 0.446289 0.919922 0.461914 0.916016 0.467773 0.925781 0.480469 0.928711 0.491211 0.944336 0.490234 0.968750 0.484375 0.993164 0.485352 1.000000 0.395508 1.000000 0.380859 0.983398 0.391602 0.973633 0.380859 0.959961 0.392578 0.953125 0.387695 0.924805 0.414062 0.916992 0.443359 0.909180
1 0.541016 0.015625 0.561523 0.010742 0.557617 0.027344 0.570312 0.034180 0.559570 0.049805 0.560547 0.062500 0.545898 0.063477 0.539062 0.074219 0.525391 0.062500 0.508789 0.071289 0.512695 0.048828 0.502930 0.024414 0.523438 0.019531 0.532227 0.003906
1 0.640625 0.000000 0.645508 0.016602 0.636719 0.033203 0.653320 0.039062 0.656250 0.050781 0.681641 0.047852 0.698242 0.055664 0.704102 0.042969 0.724609 0.033203 0.705078 0.025391 0.728516 0.000000
1 0.548828 0.091797 0.556641 0.080078 0.559570 0.092773 0.578125 0.086914 0.582031 0.107422 0.594727 0.114258 0.588867 0.132812 0.598633 0.148438 0.587891 0.153320 0.586914 0.166016 0.570312 0.163086 0.570312 0.163086 0.554688 0.178711 0.539062 0.160156 0.525391 0.164062 0.505859 0.151367 0.504883 0.132812 0.518555 0.129883 0.500977 0.110352 0.524414 0.101562
1 0.965820 0.000000 0.958984 0.017578 0.959961 0.030273 0.977539 0.021484 0.982422 0.042969 1.000000 0.052734 1.000000 0.000000
1 0.873047 0.152344 0.899414 0.150391 0.891602 0.165039 0.905273 0.171875 0.891602 0.180664 0.911133 0.197266 0.889648 0.196289 0.892578 0.213867 0.876953 0.208984 0.875000 0.226562 0.854492 0.212891 0.840820 0.223633 0.836914 0.205078 0.811523 0.207031 0.827148 0.188477 0.801758 0.179688 0.826172 0.169922 0.820312 0.145508 0.833008 0.156250 0.834961 0.131836 0.850586 0.151367 0.858398 0.135742
1 0.610352 0.278320 0.625000 0.271484 0.624023 0.288086 0.638672 0.280273 0.636719 0.292969 0.654297 0.295898 0.643555 0.315430 0.663086 0.320312 0.651367 0.328125 0.650391 0.341797 0.631836 0.346680 0.634766 0.366211 0.613281 0.369141 0.591797 0.362305 0.579102 0.353516 0.584961 0.339844 0.569336 0.337891 0.564453 0.321289 0.563477 0.301758 0.563477 0.301758 0.588867 0.294922
1 0.752930 0.251953 0.767578 0.240234 0.768555 0.265625 0.795898 0.271484 0.787109 0.283203 0.786133 0.298828 0.779297 0.310547 0.753906 0.318359 0.738281 0.325195 0.726562 0.305664 0.726562 0.305664 0.694336 0.308594 0.708984 0.294922 0.699219 0.273438 0.715820 0.272461 0.725586 0.249023 0.741211 0.238281 0.745117 0.257812
1 0.890625 0.232422 0.900391 0.223633 0.904297 0.241211 0.923828 0.235352 0.916992 0.252930 0.936523 0.257812 0.919922 0.267578 0.934570 0.280273 0.906250 0.287109 0.908203 0.325195 0.882812 0.298828 0.879883 0.330078 0.871094 0.294922 0.849609 0.318359 0.847656 0.296875 0.835938 0.290039 0.838867 0.270508 0.825195 0.265625 0.831055 0.247070 0.851562 0.242188 0.853516 0.220703
1 1.000000 0.188477 0.992188 0.196289 0.982422 0.191406 0.981445 0.206055 0.969727 0.225586 0.981445 0.228516 0.971680 0.240234 0.980469 0.258789 1.000000 0.262695
1 0.627930 0.397461 0.640625 0.375977 0.642578 0.395508 0.656250 0.386719 0.649414 0.405273 0.668945 0.409180 0.652344 0.421875 0.679688 0.428711 0.665039 0.436523 0.675781 0.452148 0.649414 0.454102 0.648438 0.469727 0.629883 0.466797 0.626953 0.482422 0.616211 0.459961 0.588867 0.467773 0.579102 0.440430 0.579102 0.410156 0.593750 0.411133 0.589844 0.389648 0.610352 0.381836 0.615234 0.391602
1 0.773438 0.359375 0.787109 0.349609 0.792969 0.362305 0.809570 0.363281 0.805664 0.375000 0.823242 0.387695 0.817383 0.405273 0.791016 0.411133 0.802734 0.435547 0.786133 0.444336 0.774414 0.426758 0.747070 0.448242 0.737305 0.437500 0.741211 0.420898 0.702148 0.420898 0.719727 0.406250 0.711914 0.385742 0.735352 0.364258 0.748047 0.362305 0.750977 0.343750
1 0.928711 0.353516 0.948242 0.353516 0.922852 0.375977 0.933594 0.388672 0.926758 0.395508 0.944336 0.407227 0.921875 0.424805 0.889648 0.404297 0.861328 0.423828 0.855469 0.388672 0.831055 0.382812 0.826172 0.348633 0.849609 0.357422 0.850586 0.352539 0.850586 0.333008 0.876953 0.344727 0.880859 0.327148 0.912109 0.323242 0.915039 0.338867
1 0.929688 0.442383 0.954102 0.445312 0.960938 0.467773 0.961914 0.479492 0.938477 0.479492 0.955078 0.502930 0.919922 0.492188 0.919922 0.492188 0.917969 0.516602 0.917969 0.516602 0.896484 0.509766 0.883789 0.498047 0.890625 0.483398 0.871094 0.469727 0.855469 0.459961 0.884766 0.454102 0.875000 0.428711 0.892578 0.432617 0.893555 0.418945 0.917969 0.416992
1 0.544922 0.621094 0.559570 0.616211 0.577148 0.634766 0.568359 0.646484 0.579102 0.651367 0.571289 0.667969 0.582031 0.686523 0.555664 0.686523 0.549805 0.698242 0.532227 0.701172 0.509766 0.714844 0.491211 0.697266 0.494141 0.679688 0.476562 0.679688 0.477539 0.658203 0.471680 0.637695 0.482422 0.624023 0.511719 0.605469 0.522461 0.610352 0.535156 0.602539
1 0.681641 0.594727 0.700195 0.599609 0.690430 0.607422 0.699219 0.614258 0.686523 0.624023 0.686523 0.624023 0.689453 0.639648 0.674805 0.645508 0.652344 0.666992 0.644531 0.650391 0.630859 0.664062 0.632812 0.652344 0.618164 0.649414 0.624023 0.633789 0.613281 0.622070 0.631836 0.613281 0.627930 0.589844 0.641602 0.591797 0.641602 0.573242 0.659180 0.568359 0.666992 0.586914 0.678711 0.576172
0 0.726562 0.594727 0.744141 0.593750 0.764648 0.584961 0.800781 0.594727 0.802734 0.607422 0.789062 0.637695 0.784180 0.652344 0.797852 0.669922 0.793945 0.681641 0.782227 0.682617 0.783203 0.698242 0.769531 0.702148 0.775391 0.715820 0.772461 0.727539 0.753906 0.714844 0.736328 0.703125 0.725586 0.697266 0.707031 0.699219 0.710938 0.676758 0.693359 0.669922 0.693359 0.669922 0.683594 0.681641 0.672852 0.665039 0.672852 0.652344 0.690430 0.641602 0.689453 0.623047 0.693359 0.598633 0.709961 0.589844
1 0.825195 0.563477 0.839844 0.556641 0.855469 0.564453 0.840820 0.579102 0.849609 0.583984 0.840820 0.598633 0.858398 0.620117 0.835938 0.622070 0.835938 0.622070 0.840820 0.634766 0.840820 0.634766 0.827148 0.626953 0.821289 0.647461 0.814453 0.625000 0.805664 0.618164 0.800781 0.624023 0.791016 0.654297 0.792969 0.608398 0.778320 0.585938 0.778320 0.585938 0.778320 0.545898 0.788086 0.559570 0.795898 0.541992 0.811523 0.553711 0.823242 0.547852
1 0.958008 0.546875 0.972656 0.526367 0.976562 0.537109 0.988281 0.533203 0.988281 0.533203 0.982422 0.541992 0.992188 0.542969 0.983398 0.554688 0.997070 0.554688 0.977539 0.575195 0.995117 0.595703 0.969727 0.594727 0.969727 0.594727 0.969727 0.611328 0.955078 0.598633 0.953125 0.614258 0.946289 0.601562 0.928711 0.610352 0.933594 0.588867 0.910156 0.599609 0.922852 0.585938 0.905273 0.576172 0.917969 0.569336 0.904297 0.545898 0.902344 0.532227 0.921875 0.544922 0.922852 0.528320 0.935547 0.539062 0.952148 0.524414
1 0.970703 0.638672 0.986328 0.622070 0.989258 0.642578 1.000000 0.631836 1.000000 0.631836 1.000000 0.689453 0.986328 0.690430 0.987305 0.705078 0.987305 0.705078 0.976562 0.696289 0.971680 0.708008 0.958984 0.710938 0.958984 0.710938 0.958984 0.695312 0.938477 0.696289 0.954102 0.679688 0.918945 0.679688 0.943359 0.671875 0.925781 0.653320 0.947266 0.653320 0.954102 0.637695
1 0.559570 0.717773 0.573242 0.708008 0.572266 0.725586 0.591797 0.724609 0.589844 0.744141 0.600586 0.749023 0.601562 0.759766 0.588867 0.766602 0.604492 0.785156 0.583984 0.783203 0.585938 0.798828 0.567383 0.789062 0.567383 0.789062 0.567383 0.813477 0.549805 0.802734 0.540039 0.818359 0.529297 0.801758 0.511719 0.809570 0.511719 0.809570 0.522461 0.790039 0.489258 0.782227 0.520508 0.765625 0.491211 0.756836 0.507812 0.747070 0.506836 0.723633 0.525391 0.702148 0.536133 0.713867 0.548828 0.700195
1 0.571289 0.825195 0.583984 0.807617 0.583984 0.818359 0.592773 0.814453 0.592773 0.814453 0.583008 0.834961 0.598633 0.829102 0.590820 0.842773 0.609375 0.838867 0.593750 0.857422 0.590820 0.866211 0.606445 0.897461 0.585938 0.892578 0.582031 0.904297 0.568359 0.909180 0.568359 0.909180 0.561523 0.884766 0.548828 0.905273 0.542969 0.892578 0.548828 0.879883 0.520508 0.880859 0.539062 0.868164 0.511719 0.853516 0.540039 0.848633 0.544922 0.830078
1 0.602539 0.912109 0.617188 0.916992 0.628906 0.931641 0.616211 0.945312 0.622070 0.958984 0.622070 0.970703 0.609375 0.971680 0.601562 0.989258 0.575195 0.980469 0.561523 0.988281 0.540039 0.972656 0.554688 0.954102 0.534180 0.939453 0.541992 0.924805 0.550781 0.928711 0.553711 0.908203 0.567383 0.917969 0.575195 0.907227 0.588867 0.904297
1 0.714844 0.712891 0.730469 0.717773 0.725586 0.730469 0.715820 0.736328 0.727539 0.760742 0.697266 0.750977 0.680664 0.780273 0.678711 0.740234 0.652344 0.754883 0.637695 0.741211 0.651367 0.736328 0.635742 0.714844 0.646484 0.708984 0.669922 0.696289 0.650391 0.673828 0.660156 0.656250 0.672852 0.665039 0.677734 0.685547 0.693359 0.675781 0.708008 0.675781 0.706055 0.700195 0.725586 0.699219
1 0.721680 0.779297 0.754883 0.782227 0.748047 0.797852 0.734375 0.812500 0.759766 0.825195 0.759766 0.825195 0.740234 0.825195 0.742188 0.843750 0.720703 0.838867 0.726562 0.859375 0.709961 0.848633 0.709961 0.848633 0.704102 0.866211 0.695312 0.840820 0.684570 0.854492 0.671875 0.836914 0.655273 0.830078 0.657227 0.817383 0.672852 0.818359 0.657227 0.794922 0.683594 0.801758 0.681641 0.777344 0.699219 0.757812 0.705078 0.775391 0.716797 0.759766
1 0.759766 0.901367 0.771484 0.903320 0.769531 0.919922 0.777344 0.932617 0.771484 0.950195 0.769531 0.965820 0.757812 0.958984 0.763672 0.973633 0.742188 0.976562 0.742188 0.976562 0.728516 0.959961 0.715820 0.972656 0.705078 0.955078 0.695312 0.938477 0.688477 0.919922 0.705078 0.889648 0.721680 0.898438 0.729492 0.880859 0.738281 0.892578 0.749023 0.872070 0.758789 0.882812
1 0.883789 0.764648 0.897461 0.747070 0.890625 0.770508 0.904297 0.777344 0.913086 0.794922 0.893555 0.806641 0.898438 0.820312 0.887695 0.826172 0.874023 0.845703 0.858398 0.833984 0.846680 0.849609 0.841797 0.828125 0.818359 0.833008 0.833984 0.809570 0.801758 0.812500 0.791016 0.784180 0.821289 0.784180 0.819336 0.749023 0.831055 0.759766 0.836914 0.739258 0.847656 0.757812 0.861328 0.746094
1 1.000000 0.719727 0.989258 0.708008 0.982422 0.717773 0.971680 0.695312 0.967773 0.722656 0.967773 0.722656 0.953125 0.712891 0.942383 0.720703 0.951172 0.741211 0.928711 0.748047 0.941406 0.760742 0.923828 0.772461 0.947266 0.782227 0.944336 0.796875 0.967773 0.794922 0.957031 0.818359 0.976562 0.806641 0.984375 0.817383 1.000000 0.827148
1 0.895508 0.857422 0.907227 0.856445 0.907227 0.877930 0.893555 0.892578 0.917969 0.909180 0.912109 0.923828 0.890625 0.912109 0.888672 0.932617 0.874023 0.919922 0.858398 0.933594 0.845703 0.919922 0.845703 0.919922 0.813477 0.920898 0.831055 0.903320 0.814453 0.891602 0.821289 0.882812 0.814453 0.866211 0.823242 0.845703 0.847656 0.837891 0.865234 0.834961 0.877930 0.844727 0.891602 0.844727
1 0.893555 0.929688 0.900391 0.936523 0.914062 0.933594 0.917969 0.946289 0.929688 0.972656 0.916992 0.981445 0.932617 1.000000 0.838867 1.000000 0.833984 0.980469 0.827148 0.968750 0.834961 0.957031 0.829102 0.942383 0.841797 0.926758 0.858398 0.927734 0.879883 0.919922
1 1.000000 0.838867 0.988281 0.829102 0.971680 0.822266 0.971680 0.822266 0.975586 0.833008 0.975586 0.833008 0.958984 0.829102 0.958984 0.829102 0.971680 0.846680 0.953125 0.855469 0.949219 0.872070 0.974609 0.878906 0.975586 0.902344 0.996094 0.905273
1 1.000000 0.916016 0.989258 0.920898 0.982422 0.906250 0.982422 0.906250 0.982422 0.930664 0.964844 0.932617 0.943359 0.952148 0.951172 0.956055 0.938477 0.976562 0.942383 0.973633 0.960938 0.967773 0.955078 0.981445 0.978516 0.967773 0.979492 0.989258 0.986328 1.000000 1.000000 1.000000 1.000000 1.000000