1 0.290181 0.000000 0.290181 0.004898 0.293772 0.015470 0.296875 0.020508 0.297852 0.024414 0.299805 0.025391 0.303626 0.022654 0.314608 0.019679 0.320312 0.014648 0.324219 0.006836 0.324219 0.003906 0.327540 0.000000
1 0.310547 0.095703 0.308128 0.096835 0.298953 0.092147 0.288086 0.090820 0.287109 0.087891 0.289062 0.077148 0.284180 0.070312 0.289062 0.056641 0.297852 0.052734 0.303840 0.055549 0.307617 0.059570 0.313477 0.058594 0.317383 0.056641 0.323242 0.058594 0.328125 0.066406 0.332031 0.067383 0.334961 0.069336 0.334961 0.077148 0.330078 0.082031 0.324219 0.083984 0.321289 0.089844 0.320312 0.093750 0.319336 0.094727 0.315430 0.092773 0.313477 0.093750 0.313477 0.095703
1 0.307617 0.195312 0.303711 0.199219 0.298828 0.188477 0.290039 0.186523 0.282227 0.170898 0.287109 0.165039 0.285156 0.151367 0.293945 0.145508 0.305664 0.148438 0.311523 0.154297 0.311523 0.160156 0.310547 0.163086 0.317383 0.166992 0.324523 0.167330 0.324219 0.176758 0.322251 0.180097 0.320312 0.186523 0.318359 0.187500 0.311523 0.187500 0.310547 0.197266 0.309570 0.197266
1 0.303711 0.356445 0.297852 0.354492 0.291992 0.345703 0.287109 0.346680 0.281321 0.340191 0.274414 0.335938 0.269531 0.334961 0.266602 0.328125 0.269206 0.318137 0.275391 0.311523 0.286133 0.311523 0.290039 0.307617 0.293945 0.305664 0.298828 0.307617 0.302734 0.314453 0.307617 0.313477 0.309570 0.307617 0.313477 0.310547 0.314453 0.313477 0.317383 0.313477 0.330078 0.326172 0.323048 0.335843 0.321289 0.341797 0.311523 0.344727 0.307617 0.352539 0.304688 0.351562 0.305664 0.354492
1 0.299805 0.545898 0.291654 0.546102 0.277344 0.541992 0.270508 0.532314 0.266776 0.523504 0.257812 0.515625 0.266602 0.510742 0.273438 0.504883 0.282222 0.507021 0.288086 0.507812 0.294868 0.505881 0.301758 0.504883 0.306641 0.507812 0.314453 0.512695 0.316406 0.518555 0.318359 0.530273 0.313009 0.537290 0.308033 0.541126
1 0.304688 0.638672 0.298580 0.638800 0.289062 0.638672 0.285156 0.633789 0.278320 0.636719 0.269531 0.627930 0.257812 0.623047 0.258789 0.620117 0.254883 0.611328 0.256836 0.605469 0.260742 0.599609 0.267828 0.598068 0.273438 0.604492 0.279084 0.592614 0.282227 0.588867 0.291992 0.589844 0.297852 0.584961 0.304034 0.590409 0.310068 0.594007 0.318359 0.601562 0.321289 0.609375 0.321289 0.616211 0.320312 0.623047 0.320312 0.630859 0.314453 0.638672 0.307617 0.638672
1 0.291016 0.726562 0.283203 0.730469 0.274414 0.728516 0.268555 0.718750 0.268555 0.710938 0.262695 0.713867 0.254883 0.703125 0.257812 0.690430 0.264648 0.686523 0.273438 0.682617 0.271484 0.675781 0.279589 0.669746 0.283203 0.669922 0.284180 0.673828 0.292074 0.676290 0.295898 0.678711 0.296875 0.683594 0.301758 0.685547 0.298519 0.690790 0.301758 0.695312 0.299805 0.704102 0.296875 0.714844 0.293945 0.721680
1 0.307617 0.818359 0.294922 0.818359 0.289062 0.815430 0.286133 0.814453 0.284180 0.818359 0.278320 0.819336 0.276367 0.816406 0.270077 0.807886 0.265625 0.817383 0.259909 0.801440 0.256836 0.785156 0.260742 0.783203 0.264648 0.779297 0.269531 0.776367 0.287109 0.768555 0.291016 0.772461 0.293945 0.774414 0.298828 0.766602 0.300781 0.768555 0.307617 0.767578 0.313477 0.773438 0.313477 0.778320 0.318359 0.781250 0.319336 0.783203 0.312500 0.791016 0.318359 0.794922 0.320312 0.797852 0.319336 0.804688 0.314453 0.807617 0.316406 0.815430 0.312500 0.817383
1 0.527344 0.073242 0.524414 0.069336 0.519531 0.067383 0.517578 0.060547 0.520030 0.055725 0.519531 0.047852 0.524414 0.044922 0.527344 0.039062 0.539062 0.037109 0.541992 0.034180 0.550781 0.033203 0.548828 0.043945 0.547852 0.047852 0.553711 0.051758 0.551758 0.053711 0.550781 0.054688 0.547852 0.056641 0.547852 0.061523 0.548828 0.064453 0.546875 0.068359 0.543945 0.070312 0.543945 0.074219 0.539062 0.073242 0.536133 0.075195 0.531250 0.073242
1 0.631690 0.080965 0.625977 0.081055 0.618164 0.079102 0.616211 0.074219 0.616211 0.062500 0.622377 0.054253 0.629883 0.050781 0.632745 0.049771 0.640625 0.053711 0.639648 0.063477 0.639648 0.069336 0.638672 0.072266 0.635742 0.079102
1 0.717773 0.098633 0.715820 0.106445 0.705078 0.103516 0.698242 0.097656 0.694336 0.091797 0.695312 0.076172 0.707031 0.068359 0.713867 0.064453 0.721070 0.062711 0.727539 0.061523 0.726562 0.070312 0.728516 0.073242 0.727539 0.077148 0.725586 0.081055 0.727539 0.086914 0.726562 0.094727
1 0.788086 0.116211 0.782227 0.117188 0.776367 0.105469 0.781250 0.092773 0.791992 0.091797 0.796875 0.085938 0.800781 0.086914 0.806641 0.083984 0.814432 0.085073 0.821289 0.085938 0.820901 0.097838 0.824219 0.100586 0.821289 0.104492 0.817383 0.106445 0.815430 0.110352 0.812500 0.118164 0.807617 0.118164 0.797852 0.120117 0.791992 0.118164
1 0.900240 0.131954 0.893555 0.137695 0.886719 0.143555 0.883789 0.140625 0.877930 0.140625 0.873047 0.137695 0.865234 0.121094 0.866211 0.116211 0.865234 0.109375 0.869141 0.110352 0.875000 0.106445 0.879883 0.105469 0.883789 0.102539 0.885742 0.099609 0.888672 0.099609 0.889648 0.103516 0.892578 0.102539 0.895508 0.098633 0.898438 0.099609 0.903320 0.098633 0.906250 0.100586 0.911133 0.101562 0.911133 0.106445 0.907227 0.107422 0.905273 0.111328 0.907227 0.116211 0.908203 0.122070 0.908203 0.127930
1 0.982422 0.157227 0.972656 0.159180 0.961047 0.153404 0.956055 0.145508 0.956055 0.129883 0.961914 0.129883 0.964844 0.126953 0.966797 0.126953 0.966797 0.123047 0.972656 0.121094 0.974609 0.123047 0.979242 0.118635 0.986248 0.116670 0.987305 0.119141 0.984375 0.122070 0.992188 0.125000 0.991202 0.132133 0.989258 0.135742 0.989258 0.139648 0.992188 0.139648 0.991211 0.146484 0.985352 0.150391
1 0.782454 0.000000 0.777344 0.000000 0.770508 0.008789 0.775391 0.022461 0.776367 0.023438 0.776367 0.026367 0.783203 0.034180 0.794922 0.034180 0.805833 0.027014 0.809570 0.026367 0.813294 0.019254 0.813477 0.016602 0.814453 0.008789 0.819336 0.007812 0.817383 0.001953 0.816406 0.000000
1 0.886719 0.048828 0.881836 0.050781 0.875000 0.054688 0.872070 0.052734 0.870117 0.049805 0.872070 0.042969 0.862305 0.037109 0.866211 0.021484 0.869141 0.016602 0.874023 0.016602 0.876953 0.013672 0.887695 0.008789 0.889648 0.011719 0.893555 0.009766 0.896484 0.011719 0.899414 0.011719 0.900391 0.015625 0.902344 0.017578 0.900391 0.021484 0.902344 0.024414 0.898438 0.033203 0.893555 0.040039 0.890625 0.041016 0.892578 0.046875
1 0.976454 0.068111 0.966797 0.068359 0.962891 0.070312 0.960000 0.071151 0.955078 0.070312 0.949219 0.065430 0.949219 0.057617 0.944336 0.048828 0.948242 0.043945 0.951172 0.036133 0.958748 0.031448 0.970730 0.028498 0.973633 0.026367 0.979492 0.029297 0.985352 0.033203 0.983398 0.037109 0.985352 0.041016 0.989258 0.045898 0.988281 0.053711 0.987305 0.061523 0.982422 0.064453 0.980469 0.068359
1 0.984375 0.247070 0.978516 0.247070 0.976562 0.245117 0.970617 0.245094 0.968750 0.243164 0.963867 0.243164 0.959961 0.237305 0.962891 0.229492 0.962891 0.222656 0.962891 0.218750 0.965820 0.213867 0.968750 0.212891 0.976562 0.209961 0.986874 0.212105 0.999023 0.210938 0.999023 0.213867 0.995117 0.219727 1.000000 0.217773 1.000000 0.235352 0.996094 0.238281 0.991211 0.243164
1 0.982422 0.333008 0.976562 0.335938 0.973633 0.332031 0.967773 0.331055 0.964336 0.328074 0.961914 0.322266 0.962612 0.313422 0.968750 0.306641 0.973816 0.303798 0.979492 0.303711 0.985739 0.299919 0.996094 0.302734 0.996225 0.315576 0.999023 0.320312 0.995117 0.325195 0.989258 0.327148
1 1.000000 0.418183 0.995117 0.423828 0.984348 0.425771 0.966797 0.422852 0.964817 0.416067 0.960938 0.406250 0.972656 0.392578 0.979492 0.392578 0.989258 0.387695 0.992188 0.390625 0.998047 0.392578 0.997070 0.396484 1.000000 0.402344
1 1.000000 0.510742 0.994141 0.514648 0.983398 0.510742 0.977539 0.510742 0.970703 0.504883 0.976562 0.494141 0.972656 0.489258 0.974609 0.486328 0.981445 0.487305 0.985352 0.483398 0.991211 0.486328 1.000000 0.480504
1 0.894531 0.229492 0.887695 0.228516 0.878906 0.227539 0.872070 0.225586 0.866211 0.219727 0.868164 0.207031 0.870117 0.201172 0.875000 0.201172 0.883789 0.192383 0.888672 0.192383 0.890625 0.195312 0.897364 0.194022 0.904297 0.194336 0.905273 0.204102 0.901367 0.218750
1 0.890625 0.321289 0.888051 0.317371 0.878906 0.313477 0.874777 0.303283 0.874023 0.293945 0.882758 0.285775 0.893555 0.283203 0.897461 0.283203 0.901367 0.280273 0.903320 0.283203 0.906250 0.280273 0.908203 0.285156 0.908653 0.290580 0.907227 0.295898 0.910156 0.299805 0.916016 0.300781 0.909180 0.308594 0.902344 0.315430 0.896484 0.317383
1 0.803512 0.211425 0.795298 0.210679 0.786057 0.203771 0.780456 0.192103 0.782322 0.182208 0.787644 0.176047 0.798752 0.172313 0.803711 0.171875 0.805664 0.177734 0.812500 0.175781 0.821289 0.180664 0.822266 0.188477 0.818634 0.200131 0.813406 0.205824
1 0.812979 0.301806 0.799805 0.301758 0.793830 0.295983 0.788086 0.288086 0.787109 0.275391 0.795898 0.270508 0.799394 0.265577 0.810547 0.263672 0.822266 0.266602 0.823460 0.277998 0.825195 0.283203 0.823242 0.292969 0.817383 0.295898 0.814453 0.299805
1 0.722656 0.284180 0.711914 0.284180 0.703584 0.275929 0.698894 0.266660 0.700195 0.254883 0.708386 0.250914 0.721680 0.247070 0.729938 0.254041 0.737305 0.261719 0.733398 0.267578 0.737305 0.272461 0.733735 0.274813 0.729492 0.277344 0.729045 0.281401
1 0.722656 0.191406 0.716797 0.192383 0.715820 0.194336 0.708984 0.193359 0.706055 0.188477 0.698265 0.177401 0.698242 0.168945 0.706055 0.160156 0.711914 0.158203 0.714844 0.155273 0.719727 0.156250 0.725586 0.155273 0.729747 0.158902 0.732422 0.162109 0.735352 0.167969 0.731445 0.169922 0.731815 0.179240 0.730667 0.183146 0.729492 0.186523
1 0.635742 0.175781 0.625000 0.177734 0.620117 0.176758 0.614258 0.171875 0.611328 0.166016 0.607422 0.166016 0.607422 0.155273 0.607422 0.150391 0.612305 0.147461 0.615234 0.141602 0.621094 0.142578 0.626382 0.140873 0.631836 0.138672 0.633789 0.143555 0.640625 0.147461 0.648438 0.147461 0.645508 0.153320 0.642578 0.156250 0.644725 0.164534 0.641034 0.170829
1 0.639914 0.256396 0.633789 0.258789 0.621094 0.254883 0.615234 0.244141 0.621094 0.240234 0.623047 0.232422 0.635742 0.229492 0.637605 0.226896 0.642578 0.232422 0.646484 0.232422 0.647461 0.239258 0.650687 0.246391 0.644531 0.249023
1 0.635742 0.357422 0.630859 0.356445 0.620117 0.348633 0.616211 0.333984 0.620117 0.326172 0.634766 0.321289 0.636844 0.319138 0.646484 0.320312 0.651367 0.325195 0.651367 0.329102 0.654174 0.331235 0.656136 0.338756 0.653192 0.342844 0.647461 0.351562 0.644531 0.355469 0.639648 0.355469
1 0.727921 0.368738 0.721680 0.374023 0.715820 0.374023 0.709961 0.369141 0.707031 0.364258 0.708008 0.358398 0.707031 0.348633 0.717006 0.343940 0.717773 0.341797 0.718750 0.339844 0.719727 0.340820 0.721680 0.340820 0.722656 0.337891 0.724609 0.336914 0.729492 0.336914 0.732422 0.340820 0.733398 0.343750 0.740234 0.347656 0.737878 0.359451 0.733398 0.362305
1 0.812500 0.392578 0.801758 0.393555 0.796875 0.385742 0.790039 0.378906 0.794922 0.364258 0.806641 0.357422 0.816406 0.356445 0.819336 0.358398 0.823242 0.359375 0.823242 0.362305 0.824219 0.367188 0.827148 0.372070 0.829102 0.375977 0.824219 0.381836 0.820312 0.385742 0.820312 0.385742
1 0.902344 0.404297 0.903320 0.410156 0.896484 0.408203 0.893555 0.404297 0.889095 0.401684 0.883789 0.401367 0.877930 0.395508 0.877930 0.390625 0.875977 0.385742 0.881836 0.383789 0.882812 0.380859 0.885742 0.378906 0.888672 0.373047 0.890625 0.373047 0.892578 0.372070 0.894531 0.375000 0.895757 0.371988 0.901367 0.370117 0.911133 0.374023 0.912109 0.375977 0.911133 0.378906 0.914062 0.380859 0.916016 0.381836 0.914613 0.391974 0.912109 0.395508 0.909180 0.401367 0.906250 0.404297 0.904297 0.403320
1 0.910546 0.493696 0.902344 0.498047 0.891602 0.498047 0.886171 0.494382 0.882812 0.486328 0.885742 0.482422 0.881836 0.478516 0.883789 0.473633 0.887695 0.473633 0.889648 0.475586 0.892578 0.473633 0.891602 0.468750 0.897461 0.466797 0.899414 0.468750 0.901367 0.466797 0.908203 0.465820 0.916016 0.468750 0.916016 0.472656 0.918945 0.473633 0.923828 0.480469 0.923828 0.482422 0.923828 0.485352 0.920898 0.488281 0.918945 0.487305 0.916992 0.493164
1 0.818735 0.481462 0.808594 0.483398 0.801758 0.481445 0.795898 0.473633 0.795898 0.455078 0.801758 0.450195 0.818365 0.447093 0.826172 0.450195 0.824219 0.458984 0.829102 0.458984 0.832532 0.461506 0.835938 0.463867 0.835938 0.471680 0.832409 0.473332 0.828098 0.477150
1 0.736328 0.461914 0.729980 0.462029 0.720703 0.457031 0.715820 0.451172 0.723633 0.446289 0.719727 0.440430 0.726701 0.429235 0.734375 0.427734 0.738281 0.430664 0.746542 0.432843 0.752930 0.445312 0.751953 0.447266 0.749023 0.454102 0.742188 0.458984 0.737305 0.458984
1 0.734963 0.551167 0.722656 0.551758 0.715820 0.545898 0.712891 0.532227 0.709961 0.530273 0.718750 0.520508 0.724231 0.518035 0.736328 0.520508 0.744141 0.524414 0.749341 0.534601 0.749653 0.541373 0.745486 0.546166
1 0.638672 0.445312 0.635742 0.446289 0.631836 0.442383 0.631836 0.438477 0.627930 0.437500 0.624702 0.428081 0.626953 0.417969 0.635742 0.411133 0.646252 0.414613 0.652344 0.416992 0.652344 0.421875 0.654297 0.423828 0.656250 0.436523 0.650391 0.443359 0.646484 0.444336 0.640625 0.447266
1 0.652344 0.536133 0.641602 0.537109 0.636719 0.535156 0.636719 0.533203 0.632812 0.529297 0.624023 0.522461 0.628906 0.518555 0.624023 0.513672 0.624023 0.507812 0.627930 0.507812 0.630859 0.504883 0.637695 0.504883 0.641602 0.503906 0.640625 0.500977 0.642578 0.497070 0.644531 0.497070 0.645508 0.500000 0.647310 0.497044 0.649414 0.497070 0.650391 0.499023 0.654297 0.499023 0.655928 0.507296 0.656250 0.511719 0.658203 0.512695 0.661133 0.514648 0.664062 0.517578 0.664062 0.523438 0.662109 0.527344 0.659180 0.531250 0.655273 0.535156
1 0.561859 0.430107 0.553711 0.431641 0.548209 0.429373 0.540870 0.423502 0.534180 0.421875 0.535732 0.417044 0.533203 0.406250 0.540430 0.399136 0.544922 0.397461 0.551879 0.398256 0.562500 0.402344 0.565823 0.412493 0.566406 0.416992 0.568318 0.420713 0.567383 0.425781 0.565430 0.425781
1 0.561523 0.524414 0.554688 0.523438 0.550781 0.519531 0.544922 0.518555 0.540039 0.515625 0.535156 0.503906 0.537685 0.498724 0.537109 0.491211 0.548828 0.487305 0.552734 0.488281 0.561523 0.490234 0.564453 0.487305 0.568990 0.492124 0.576172 0.501953 0.573242 0.509766 0.570312 0.511719 0.566406 0.517578 0.564453 0.521484
1 0.465146 0.411404 0.452148 0.410156 0.445078 0.402736 0.444336 0.387695 0.448242 0.384766 0.451172 0.376953 0.458972 0.381242 0.462891 0.378906 0.465820 0.379883 0.470847 0.384448 0.481445 0.387695 0.476071 0.399886 0.473459 0.404636
1 0.468750 0.500977 0.461914 0.501953 0.458984 0.498047 0.454559 0.488081 0.451172 0.484375 0.454785 0.478687 0.462256 0.470083 0.466797 0.466797 0.473633 0.472656 0.478516 0.468750 0.481445 0.469727 0.482422 0.474609 0.483398 0.476562 0.480469 0.478516 0.482422 0.479492 0.483398 0.478516 0.487305 0.480469 0.489258 0.482422 0.486328 0.486328 0.485352 0.494141 0.479492 0.496094 0.479492 0.496094 0.472656 0.497070 0.470703 0.496094 0.468750 0.496094
1 0.445312 0.226562 0.443359 0.227539 0.440430 0.226562 0.438477 0.216797 0.436523 0.208008 0.439423 0.204012 0.443359 0.200195 0.449219 0.197266 0.457031 0.197266 0.465820 0.199219 0.469727 0.207031 0.471680 0.209961 0.469727 0.213867 0.465820 0.215820 0.461914 0.220703 0.460938 0.224609 0.455078 0.226562 0.452148 0.231445
1 0.467773 0.323242 0.457031 0.324219 0.449219 0.321289 0.443359 0.320312 0.438477 0.312500 0.437500 0.300781 0.441406 0.295898 0.456055 0.286133 0.469344 0.292636 0.474609 0.295898 0.475586 0.300781 0.474609 0.304688 0.476296 0.311327 0.472656 0.318359
1 0.546875 0.249023 0.537109 0.248047 0.529297 0.240234 0.529297 0.221680 0.532227 0.219727 0.536133 0.216797 0.541992 0.212891 0.541992 0.215820 0.544922 0.214844 0.546875 0.213867 0.551758 0.216797 0.558298 0.220902 0.561523 0.229492 0.559570 0.242188 0.552734 0.248047 0.549805 0.248047
1 0.537109 0.337891 0.536133 0.333984 0.529297 0.332031 0.528604 0.318142 0.530273 0.314453 0.529297 0.311523 0.537109 0.308594 0.540039 0.309570 0.546875 0.308594 0.553711 0.310547 0.558594 0.316406 0.558594 0.325195 0.555664 0.332031 0.550781 0.333984 0.547852 0.336914 0.544922 0.336914 0.541992 0.336914
1 0.541449 0.151637 0.530699 0.150581 0.522924 0.146838 0.518988 0.138295 0.522540 0.131384 0.533866 0.126296 0.546345 0.129943 0.551720 0.134647 0.549992 0.144630
1 0.820312 0.567383 0.818359 0.569336 0.814453 0.569336 0.807617 0.556641 0.804688 0.546875 0.807617 0.536133 0.819336 0.533203 0.821289 0.530273 0.831055 0.532227 0.836914 0.539062 0.836914 0.543945 0.834961 0.544922 0.840820 0.548828 0.840820 0.555664 0.837891 0.559570 0.834961 0.560547 0.833984 0.564453 0.831055 0.568359 0.825195 0.567383 0.824219 0.565430 0.821289 0.564453
1 0.919459 0.585889 0.904297 0.583984 0.901195 0.581219 0.895800 0.574682 0.892578 0.565430 0.895508 0.563477 0.898438 0.555664 0.912109 0.556641 0.918945 0.558594 0.925063 0.569805 0.927346 0.578937 0.921875 0.581055
1 1.000000 0.600586 0.991211 0.602539 0.986328 0.603516 0.977539 0.598633 0.976562 0.594727 0.973509 0.592626 0.972486 0.584725 0.974609 0.578125 0.975586 0.577148 0.976562 0.574219 0.984375 0.571289 0.988281 0.572266 0.991211 0.570312 1.000000 0.569336 1.000000 0.572456
1 0.913086 0.679688 0.908203 0.679688 0.905273 0.677734 0.897843 0.672014 0.887461 0.662454 0.887695 0.657227 0.887050 0.652176 0.896301 0.645699 0.911822 0.643644 0.923745 0.648681 0.929193 0.658240 0.931249 0.667080 0.934570 0.668945 0.926758 0.671875 0.923828 0.671875 0.919922 0.674805 0.916992 0.675781
1 0.913086 0.766602 0.903320 0.763672 0.900088 0.755492 0.892578 0.745117 0.897073 0.734285 0.906250 0.726562 0.919922 0.728516 0.922852 0.730469 0.924805 0.733398 0.926758 0.737305 0.932106 0.741771 0.936523 0.748047 0.936523 0.760742 0.930664 0.763672 0.922852 0.770508 0.916992 0.769531 0.916016 0.766602
1 1.000000 0.781250 0.996094 0.780273 0.992188 0.780273 0.986328 0.777344 0.982943 0.767836 0.979492 0.759766 0.985352 0.749023 0.993164 0.745117 1.000000 0.743164
1 1.000000 0.693359 0.993717 0.687342 0.988962 0.678756 0.989258 0.666016 0.998047 0.661133 1.000000 0.665039
1 0.828125 0.660156 0.824219 0.660156 0.820312 0.661133 0.817610 0.659218 0.808594 0.658203 0.803711 0.651367 0.804688 0.646484 0.800445 0.638556 0.807617 0.627930 0.813477 0.627930 0.819358 0.624411 0.823242 0.625000 0.825195 0.626953 0.830961 0.629338 0.834961 0.637695 0.833008 0.644531 0.832031 0.651367
1 0.835251 0.749381 0.824549 0.749381 0.819336 0.747070 0.813477 0.748047 0.808594 0.743164 0.805664 0.739258 0.809570 0.738281 0.806641 0.733398 0.809570 0.723633 0.813477 0.721680 0.816406 0.723633 0.819336 0.724609 0.820312 0.719727 0.824219 0.720703 0.829082 0.719037 0.832031 0.722656 0.839844 0.725586 0.844727 0.733398 0.841169 0.740441 0.833984 0.745117
1 0.747070 0.733398 0.736328 0.733398 0.727539 0.727539 0.725586 0.724609 0.720703 0.721680 0.720703 0.712891 0.720703 0.705078 0.733398 0.699219 0.738281 0.696289 0.746094 0.700195 0.748524 0.704978 0.757513 0.714394 0.761719 0.718750 0.761719 0.724609 0.756836 0.729492 0.750000 0.727539 0.750000 0.730469
1 0.739258 0.652344 0.734375 0.649414 0.731445 0.650391 0.719727 0.639648 0.717773 0.633789 0.713867 0.629883 0.713577 0.625176 0.716797 0.617188 0.725586 0.613281 0.734375 0.614258 0.739258 0.614258 0.746094 0.618164 0.750977 0.621094 0.751953 0.637695 0.750977 0.642578 0.747070 0.644531 0.745117 0.650391
1 0.651367 0.625000 0.649414 0.628906 0.645508 0.628906 0.637695 0.625977 0.634766 0.625000 0.625000 0.619141 0.627930 0.604492 0.636960 0.595444 0.641602 0.593750 0.648438 0.593750 0.652344 0.594727 0.651367 0.596680 0.652344 0.599609 0.659180 0.597656 0.666658 0.611745 0.664983 0.619226 0.660156 0.625977
1 0.657227 0.716797 0.650391 0.714844 0.643555 0.711914 0.634766 0.704102 0.633789 0.699219 0.635742 0.691406 0.643555 0.686523 0.652344 0.685547 0.655273 0.684570 0.664062 0.687500 0.668945 0.695312 0.672852 0.703125 0.669922 0.706055 0.671875 0.708008 0.670898 0.710938 0.665039 0.710938 0.662109 0.715820
1 0.569336 0.700195 0.561523 0.700195 0.555664 0.693359 0.550781 0.683594 0.551758 0.676758 0.555975 0.672530 0.564453 0.671875 0.575195 0.672852 0.577148 0.674805 0.577148 0.676758 0.576172 0.679688 0.580078 0.686523 0.581055 0.693359 0.579102 0.694336 0.578125 0.696289 0.575195 0.696289 0.576172 0.703125 0.571289 0.704102
1 0.555664 0.611328 0.552734 0.611328 0.546875 0.607422 0.541992 0.599609 0.542969 0.590820 0.541992 0.587891 0.547852 0.584961 0.548828 0.581055 0.553711 0.578125 0.557617 0.577148 0.566406 0.578125 0.570312 0.582031 0.574219 0.583008 0.575195 0.583984 0.574219 0.585938 0.575195 0.586914 0.577148 0.584961 0.579102 0.585938 0.579102 0.587891 0.581055 0.588867 0.579102 0.596680 0.576172 0.600586 0.574219 0.601562 0.575195 0.608398 0.572266 0.610352 0.569336 0.612305 0.564453 0.612305 0.560547 0.613281
1 0.468750 0.593750 0.463867 0.593750 0.457031 0.588867 0.452148 0.574219 0.457031 0.567383 0.461914 0.566406 0.463867 0.560547 0.467773 0.562500 0.472656 0.563477 0.485671 0.569742 0.488572 0.579509 0.484124 0.587148 0.479191 0.589180 0.475586 0.591797 0.472656 0.590820
1 0.480469 0.692383 0.471680 0.693359 0.463867 0.689453 0.461914 0.690430 0.458008 0.682617 0.451172 0.674805 0.453125 0.670898 0.457031 0.670898 0.458008 0.659180 0.465820 0.651367 0.474731 0.652719 0.486791 0.655163 0.489258 0.659180 0.499023 0.664062 0.499023 0.669922 0.491517 0.682704 0.487279 0.687104
1 0.485352 0.766602 0.482422 0.762695 0.480469 0.758789 0.474797 0.755944 0.472055 0.749546 0.476854 0.743986 0.484375 0.744141 0.489040 0.743605 0.494295 0.748100 0.493306 0.755411 0.494141 0.762695 0.494141 0.765625 0.491211 0.767578
1 0.580221 0.796086 0.574219 0.798828 0.570580 0.793172 0.558025 0.787455 0.551411 0.779496 0.552309 0.767501 0.554688 0.761719 0.560939 0.759206 0.571477 0.758646 0.579885 0.768622 0.583023 0.779720 0.583135 0.788016
1 0.665039 0.814453 0.655273 0.812500 0.647461 0.811523 0.647046 0.803222 0.640639 0.795829 0.638471 0.784889 0.646750 0.778384 0.654142 0.774737 0.664393 0.776905 0.673065 0.790408 0.675037 0.797998 0.675431 0.805291 0.673828 0.809570 0.668945 0.808594 0.669922 0.813477
1 0.753906 0.832031 0.747070 0.830078 0.741211 0.828125 0.737305 0.823242 0.733398 0.824219 0.724609 0.819336 0.719104 0.802304 0.723836 0.793478 0.729593 0.789512 0.742188 0.787109 0.750977 0.791016 0.762695 0.800781 0.764648 0.803711 0.762695 0.808594 0.760742 0.810547 0.759766 0.818359 0.760742 0.823242 0.757812 0.829102
1 0.839844 0.848633 0.833274 0.843169 0.823242 0.843750 0.814453 0.836914 0.812500 0.813477 0.818359 0.806641 0.823242 0.804688 0.833984 0.804688 0.840820 0.808594 0.843750 0.813477 0.849609 0.818359 0.850586 0.825195 0.853516 0.828125 0.853516 0.835938 0.850586 0.841797 0.845703 0.846680
1 0.928862 0.862021 0.920898 0.861328 0.914515 0.859782 0.906250 0.857422 0.904297 0.850586 0.897461 0.841797 0.897461 0.830078 0.906250 0.818359 0.921129 0.821927 0.928964 0.828948 0.936523 0.833008 0.939453 0.847656 0.936523 0.854492
1 0.930664 0.948242 0.918056 0.949339 0.908112 0.946206 0.897761 0.936809 0.895037 0.925640 0.898170 0.914335 0.904297 0.911133 0.916285 0.911747 0.923828 0.910156 0.926758 0.914062 0.940665 0.915288 0.944615 0.921962 0.946289 0.929688
1 0.834961 0.931641 0.823242 0.929688 0.818359 0.923828 0.815813 0.919181 0.816406 0.914062 0.814896 0.908788 0.822232 0.900535 0.833849 0.900025 0.846585 0.903388 0.847656 0.907227 0.850586 0.914062 0.853717 0.918161 0.849947 0.923053 0.848633 0.927734 0.844727 0.929688 0.841797 0.931641
1 0.757146 0.917143 0.744141 0.918945 0.739258 0.921875 0.733398 0.915039 0.728516 0.913086 0.724786 0.893940 0.733640 0.884935 0.744141 0.885742 0.751957 0.883103 0.766916 0.890888 0.771189 0.903557 0.767831 0.910578 0.763672 0.912109 0.758789 0.913086 0.759766 0.916016
1 0.733398 1.000000 0.734087 0.992846 0.729492 0.982422 0.738281 0.965820 0.743164 0.964844 0.749023 0.965820 0.760742 0.968750 0.764648 0.974609 0.767578 0.984375 0.765625 0.991211 0.770508 1.000000
1 0.670898 0.995117 0.662109 0.994141 0.645508 0.980469 0.643555 0.961914 0.642578 0.955078 0.648438 0.948242 0.652344 0.947266 0.654297 0.945312 0.661133 0.945312 0.663086 0.952148 0.669922 0.952148 0.680664 0.964844 0.684746 0.968638 0.684932 0.980732 0.684570 0.991211
1 0.651367 0.903320 0.648438 0.904297 0.640625 0.897461 0.638805 0.891486 0.635194 0.882462 0.642578 0.872070 0.651367 0.871094 0.662268 0.872882 0.671569 0.879546 0.673651 0.890931 0.672402 0.897595 0.666016 0.903320 0.662109 0.904297
1 0.488281 0.868164 0.482422 0.867188 0.469727 0.861328 0.466201 0.846132 0.467773 0.842773 0.472656 0.837891 0.479492 0.834961 0.486328 0.834961 0.495292 0.838997 0.500000 0.852539 0.498047 0.862305
1 0.498047 0.949219 0.492188 0.956055 0.483398 0.958008 0.472525 0.948626 0.467133 0.933450 0.470703 0.923828 0.477539 0.921875 0.484375 0.920898 0.496094 0.927734 0.500000 0.943359
1 0.572266 0.976562 0.565430 0.974609 0.556644 0.966320 0.553013 0.954257 0.558283 0.944652 0.557617 0.940430 0.573242 0.940430 0.582031 0.943359 0.589844 0.945312 0.590820 0.958008 0.585938 0.971680 0.580078 0.972656 0.578125 0.973633
1 0.556641 0.892578 0.556641 0.887695 0.549434 0.881636 0.544777 0.866533 0.549805 0.858398 0.550001 0.853589 0.557949 0.847116 0.575195 0.846680 0.583008 0.850586 0.584961 0.857422 0.587891 0.864258 0.585938 0.875000 0.580078 0.879883 0.577148 0.884766 0.568359 0.885742 0.564453 0.888672 0.563477 0.896484 0.560547 0.897461
1 0.302734 0.265625 0.298828 0.263672 0.292969 0.253906 0.291992 0.246094 0.290039 0.238281 0.295898 0.241211 0.300781 0.237305 0.314453 0.238281 0.316406 0.248047 0.311523 0.256836 0.310547 0.261719 0.311523 0.263672 0.305664 0.262695
1 0.309570 0.409180 0.299805 0.394531 0.302734 0.386719 0.312500 0.391602 0.314453 0.384766 0.329102 0.366211 0.331055 0.380859 0.333008 0.393555 0.330078 0.397461 0.330078 0.404297 0.322266 0.407227 0.316406 0.414062 0.313477 0.409180
1 0.279297 0.884766 0.279297 0.872070 0.271484 0.869141 0.277344 0.859375 0.282227 0.860352 0.289062 0.855469 0.294922 0.860352 0.297852 0.869141 0.297852 0.874023 0.297852 0.879883 0.293945 0.880859 0.293945 0.885742 0.290039 0.885742 0.286133 0.888672 0.281250 0.888672
1 0.280273 0.907227 0.281250 0.899414 0.291016 0.895508 0.290039 0.901367 0.299805 0.912109 0.299805 0.912109 0.294922 0.914062 0.293945 0.917969 0.289062 0.917969 0.289062 0.917969 0.281250 0.914062
0 0.000000 0.910156 0.007812 0.913086 0.019531 0.904297 0.028320 0.909180 0.037109 0.915039 0.037109 0.915039 0.036133 0.921875 0.041016 0.924805 0.045898 0.933594 0.046875 0.937500 0.040039 0.942383 0.041016 0.947266 0.038086 0.956055 0.026367 0.958008 0.029297 0.962891 0.025391 0.969727 0.017578 0.971680 0.017578 0.982422 0.010742 0.978516 0.004883 0.979492 0.001953 0.976562 0.000000 0.976562
1 0.466797 0.752930 0.461914 0.766602 0.465820 0.780273 0.473633 0.781250 0.476562 0.785156 0.493164 0.780273 0.493164 0.780273 0.495117 0.770508 0.493164 0.767578 0.491211 0.768555 0.485352 0.767578 0.480469 0.759766 0.475586 0.756836
1 0.819336 1.000000 0.823242 0.986328 0.834961 0.985352 0.848633 0.991211 0.851562 1.000000
1 1.000000 0.963867 0.993164 0.959961 0.985352 0.951172 0.985352 0.924805 0.994141 0.927734 1.000000 0.927734
1 1.000000 0.875977 0.991211 0.866211 0.988281 0.848633 1.000000 0.841797
1 0.693359 0.015625 0.699219 0.020508 0.707031 0.019531 0.709961 0.015625 0.719727 0.013672 0.726562 0.000000 0.684570 0.000000 0.691406 0.011719