1 0.071734 0.581313 0.056822 0.583238 0.030124 0.597188 0.020263 0.614025 0.026417 0.638573 0.043532 0.646932 0.060449 0.653301 0.074182 0.638374 0.076569 0.622453 0.079157 0.597377
1 0.128951 0.578965 0.116590 0.576959 0.099624 0.573205 0.086884 0.575655 0.082351 0.586926 0.072795 0.581658 0.073407 0.596114 0.075245 0.622454 0.078186 0.642301 0.074755 0.662882 0.082351 0.680523 0.098867 0.682338 0.115090 0.678553 0.121392 0.684854 0.137093 0.685681 0.146493 0.679482 0.146597 0.666881 0.151864 0.659133 0.154815 0.671347 0.166569 0.672158 0.178189 0.662564 0.176433 0.643784 0.185485 0.631760 0.181162 0.610817 0.170758 0.592577 0.165260 0.584898 0.157775 0.572371 0.150128 0.580181 0.135485 0.585875 0.129465 0.586525
1 0.015356 1.000000 0.011684 0.990724 0.009182 0.985915 0.011966 0.979950 0.011568 0.970471 0.009314 0.963776 0.006224 0.957832 0.007378 0.944517 0.014382 0.934665 0.017799 0.930834 0.028502 0.922741 0.038285 0.922415 0.048778 0.921871 0.057953 0.919985 0.069232 0.915600 0.082547 0.907924 0.097584 0.915684 0.105371 0.934214 0.114472 0.946866 0.110477 0.953415 0.124480 0.972590 0.125724 0.984089 0.126401 0.997875 0.118039 1.000000
1 0.134273 1.000000 0.131666 0.996377 0.126776 0.989422 0.124712 0.978664 0.134383 0.976491 0.139599 0.968885 0.134926 0.959104 0.144380 0.954323 0.157963 0.955193 0.176219 0.961821 0.181651 0.974753 0.180456 0.985945 0.171892 0.987407 0.169433 0.994890 0.161736 0.993821 0.156818 1.000000
1 0.205991 1.000000 0.205456 0.993761 0.211808 0.991666 0.213576 0.987344 0.217439 0.978699 0.222482 0.976080 0.228376 0.976473 0.231847 0.978503 0.232764 0.973854 0.238920 0.970906 0.245010 0.975032 0.250476 0.977634 0.257681 0.978373 0.265717 0.983176 0.273106 0.995276 0.274770 1.000000
1 0.266432 0.977682 0.268338 0.963121 0.276658 0.952895 0.286019 0.941454 0.295726 0.931228 0.311499 0.931228 0.338712 0.937641 0.364366 0.949602 0.381526 0.965375 0.388807 0.986868 0.385274 0.999646 0.273343 1.000000 0.267621 0.989745
1 0.377892 0.998889 0.370970 0.978685 0.378266 0.970453 0.412313 0.973072 0.445238 0.977937 0.452160 0.988600 0.446548 1.000000 0.380511 1.000000
1 0.486750 0.946380 0.507938 0.948098 0.518169 0.943935 0.534646 0.949790 0.536893 0.952503 0.537301 0.981516 0.536178 1.000000 0.468263 1.000000 0.462976 0.993602 0.459993 0.979097 0.469347 0.976928 0.470566 0.967574 0.466906 0.953883 0.473143 0.949138
1 0.533938 0.997814 0.529406 0.989447 0.538122 0.978987 0.557298 0.978813 0.568441 0.980789 0.574496 0.991852 0.577059 1.000000 0.534905 1.000000
1 0.568290 1.000000 0.563511 0.986912 0.568290 0.977355 0.575691 0.977295 0.577583 0.968071 0.588698 0.961923 0.600168 0.962514 0.611756 0.958967 0.623107 0.964879 0.621074 0.973637 0.624646 0.976792 0.628458 0.983580 0.625063 0.989595 0.631018 0.995132 0.631196 1.000000
1 0.688355 0.999401 0.684765 0.993166 0.685332 0.980789 0.699787 0.982206 0.715565 0.981355 0.729644 0.984096 0.734557 0.993071 0.735501 1.000000
1 0.771792 1.000000 0.768035 0.995159 0.757413 0.992050 0.757932 0.975599 0.768554 0.970288 0.779306 0.965106 0.792000 0.964848 0.807545 0.967309 0.815576 0.973655 0.823821 0.979235 0.821302 0.988547 0.815935 1.000000
1 0.829623 1.000000 0.828688 0.990368 0.833327 0.983263 0.834018 0.972407 0.845169 0.970532 0.860663 0.966782 0.869644 0.969743 0.886898 0.973030 0.897431 0.985299 0.898262 0.991332 0.895033 1.000000
1 0.920732 0.999592 0.915416 0.988293 0.906997 0.982422 0.898024 0.973671 0.893594 0.962151 0.898136 0.950742 0.906000 0.941104 0.912868 0.938114 0.920300 0.923901 0.937307 0.916805 0.946072 0.915034 0.962252 0.911750 0.979714 0.913593 0.994691 0.916876 1.000000 0.918318 1.000000 1.000000
1 0.986219 0.836101 0.979009 0.837817 0.977292 0.844614 0.980107 0.855875 0.987248 0.859033 0.992535 0.855463 0.995007 0.847155 0.993290 0.841524
1 0.856181 0.846812 0.845595 0.842638 0.840377 0.852030 0.833966 0.857249 0.824424 0.851136 0.824125 0.867686 0.824125 0.894820 0.840675 0.899294 0.853050 0.895119 0.869733 0.890835 0.873438 0.883425 0.868133 0.877024 0.859881 0.873319 0.857102 0.868015 0.867628 0.861783 0.875291 0.855215 0.871586 0.846794 0.858702 0.847973
1 0.619746 0.857262 0.601240 0.859019 0.588591 0.868740 0.579689 0.879867 0.581096 0.894039 0.589763 0.898138 0.598618 0.899250 0.607369 0.894376 0.614486 0.887335 0.621145 0.879069 0.626043 0.867283
1 0.456077 0.732531 0.443140 0.737073 0.430615 0.740239 0.417823 0.740401 0.408502 0.748457 0.399756 0.754441 0.390204 0.757894 0.383645 0.769862 0.390434 0.785053 0.400677 0.790231 0.407466 0.780335 0.412341 0.792975 0.409206 0.799322 0.407634 0.815727 0.421596 0.818368 0.437696 0.813714 0.441973 0.800633 0.450757 0.801338 0.468039 0.795344 0.474532 0.785254 0.470937 0.765773 0.466966 0.749896 0.461961 0.738217 0.455955 0.736993
1 0.437070 0.818970 0.428019 0.818199 0.421278 0.820317 0.420508 0.838806 0.422723 0.852287 0.427537 0.862205 0.438226 0.860664 0.447181 0.848339 0.440922 0.839673 0.445544 0.826962 0.443137 0.820125
1 0.468365 0.833702 0.450166 0.835917 0.444677 0.841021 0.444100 0.854887 0.451418 0.860472 0.456521 0.862302 0.470869 0.862976 0.480690 0.851324
0 0.500924 0.766059 0.484528 0.767083 0.473257 0.781634 0.466083 0.804588 0.466083 0.825697 0.460888 0.833059 0.463178 0.844049 0.478748 0.850918 0.494317 0.845537 0.503591 0.825617 0.508056 0.799400 0.506843 0.775680
1 0.449270 0.826906 0.443265 0.827737 0.440518 0.831506 0.442498 0.836744 0.446516 0.837192 0.451483 0.835653 0.452533 0.830267
0 0.498364 0.690778 0.479354 0.688017 0.468305 0.697928 0.463268 0.719863 0.466030 0.739036 0.477404 0.764059 0.488290 0.769745 0.502264 0.755609 0.503076 0.736924 0.503401 0.699065
1 0.492896 0.652683 0.481130 0.655212 0.471563 0.658400 0.471453 0.677644 0.480910 0.687980 0.497514 0.688750 0.506421 0.678634 0.507960 0.661589 0.506091 0.651692
1 0.495975 0.628161 0.483438 0.624202 0.473652 0.627281 0.475302 0.642676 0.483109 0.653342 0.494105 0.654222 0.505431 0.646744 0.506201 0.637618 0.501582 0.630471
1 0.443379 0.682965 0.431531 0.684640 0.429019 0.697086 0.436198 0.707138 0.447687 0.705941 0.448764 0.695410
1 0.433925 0.665373 0.417770 0.666809 0.402332 0.669322 0.403409 0.682605 0.414179 0.691222 0.427104 0.689666 0.436437 0.679255
1 0.449733 0.587092 0.436771 0.582979 0.424059 0.593946 0.421316 0.609650 0.423436 0.620618 0.446617 0.632334 0.466061 0.630091 0.482138 0.621366 0.484008 0.609152 0.476778 0.602297 0.485005 0.590083 0.467930 0.590332 0.460576 0.601176 0.452226 0.600926
1 0.401021 0.597358 0.394634 0.601021 0.391824 0.607322 0.398126 0.614135 0.405109 0.610984 0.408175 0.605704 0.406387 0.600850
1 0.708067 0.511066 0.689918 0.511066 0.674362 0.518326 0.669868 0.534573 0.680931 0.548229 0.706339 0.556179 0.723796 0.547364 0.731229 0.536647 0.730191 0.520573 0.721376 0.512449
1 0.767826 0.508630 0.748630 0.512037 0.738065 0.518398 0.739088 0.535209 0.749652 0.550998 0.767031 0.549749 0.783047 0.547363 0.787817 0.541229 0.787931 0.522033 0.781911 0.512037
1 0.819305 0.511085 0.801635 0.512007 0.784732 0.513236 0.781198 0.527219 0.782427 0.547348 0.793798 0.555799 0.813466 0.563175 0.837897 0.555185 0.849576 0.539051 0.854339 0.518921 0.847578 0.512929 0.833596 0.509702
1 0.924013 0.474933 0.902151 0.474159 0.889189 0.476094 0.884547 0.504920 0.894413 0.526781 0.895961 0.546320 0.912019 0.559282 0.932719 0.564893 0.953613 0.563346 0.975475 0.550189 0.982245 0.526588 0.977603 0.499310 0.960965 0.487121 0.938329 0.477448
1 0.956947 0.551697 0.941360 0.556748 0.925485 0.562377 0.923609 0.572912 0.930681 0.577964 0.950309 0.576087 0.963297 0.575366 0.966905 0.568727 0.961998 0.562521 0.964308 0.559490
1 0.896114 0.507693 0.883636 0.509730 0.880707 0.517116 0.886183 0.531887 0.897515 0.527430 0.900443 0.519026
1 0.878343 0.509608 0.865079 0.510976 0.864806 0.522324 0.875061 0.534083 0.886409 0.532442 0.886409 0.520820 0.882444 0.513300
1 0.875833 0.352671 0.858521 0.346960 0.845672 0.357133 0.845136 0.372304 0.846921 0.392113 0.864946 0.392828 0.881723 0.390150 0.890468 0.374445 0.887077 0.357847
1 0.869356 0.290069 0.846479 0.295645 0.831484 0.304295 0.833600 0.327749 0.849556 0.337746 0.870317 0.338322 0.885505 0.321981 0.884159 0.305833
0 0.916675 0.000000 0.924833 0.020905 0.930664 0.045898 0.917875 0.046578 0.907227 0.055664 0.915039 0.079102 0.919314 0.093364 0.933594 0.096680 0.942348 0.105601 0.955063 0.132472 0.966580 0.146868 0.971680 0.163086 0.988281 0.167969 1.000000 0.177508 1.000000 0.000000
1 0.747970 0.691321 0.730778 0.698118 0.731045 0.715310 0.744639 0.723839 0.755699 0.718508 0.759697 0.703982 0.757032 0.694387
0 0.512695 0.409180 0.518555 0.420898 0.516602 0.429688 0.516602 0.429688 0.522461 0.439453 0.522461 0.439453 0.531250 0.450195 0.522461 0.458984 0.522461 0.458984 0.524414 0.477539 0.512695 0.483398 0.500977 0.489258 0.491211 0.481445 0.487305 0.464844 0.492188 0.450195 0.487305 0.437500 0.491211 0.422852
0 0.439453 0.522461 0.448242 0.504883 0.465820 0.500000 0.465820 0.500000 0.486328 0.504883 0.502930 0.513672 0.501953 0.527344 0.522461 0.536133 0.530273 0.545898 0.530273 0.545898 0.528320 0.564453 0.519531 0.572266 0.506836 0.573242 0.494141 0.577148 0.477539 0.583008 0.461914 0.581055 0.441406 0.572266 0.431641 0.555664 0.433594 0.535156
1 0.625977 0.862305 0.641602 0.863281 0.649414 0.875000 0.647461 0.883789 0.627930 0.885742 0.619141 0.878906
1 0.645508 0.863281 0.655273 0.858398 0.666016 0.863281 0.666016 0.878906 0.656250 0.885742 0.643555 0.879883
1 0.689453 0.842773 0.692383 0.851562 0.683594 0.856445 0.677734 0.844727
1 0.688477 0.865234 0.693359 0.874023 0.691406 0.886719 0.679688 0.882812 0.679688 0.870117 0.679688 0.870117
1 0.703125 0.873047 0.711914 0.873047 0.715820 0.880859 0.707031 0.887695 0.699219 0.883789 0.699219 0.875000
1 0.723633 0.868164 0.742188 0.866211 0.746094 0.874023 0.741211 0.881836 0.724609 0.883789 0.719727 0.878906
1 0.781250 0.874023 0.781250 0.881836 0.772461 0.882812 0.772461 0.875000
1 0.506836 0.868164 0.515625 0.873047 0.514648 0.885742 0.502930 0.884766 0.499023 0.874023
1 0.719727 0.665039 0.739258 0.665039 0.750977 0.665039 0.761719 0.668945 0.763672 0.678711 0.755859 0.684570 0.734375 0.684570 0.719727 0.681641