1 0.029297 0.119141 0.042969 0.126953 0.045898 0.131836 0.051758 0.133789 0.060547 0.133789 0.073242 0.134766 0.079102 0.133789 0.085938 0.130859 0.090820 0.125977 0.094727 0.120117 0.095703 0.115234 0.099609 0.105469 0.107422 0.095703 0.112305 0.082031 0.112305 0.073242 0.110352 0.067383 0.104492 0.058594 0.095703 0.046875 0.093750 0.041016 0.088867 0.029297 0.080078 0.019531 0.065430 0.005859 0.057617 0.001953 0.049805 0.000000 0.043945 0.000000 0.030273 0.001953 0.025391 0.003906 0.020508 0.005859 0.012695 0.012695 0.006836 0.023438 0.005859 0.029297 0.005859 0.035156 0.004883 0.041992 0.003906 0.046875 0.000977 0.051758 0.000977 0.057617 0.001953 0.071289 0.001953 0.077148 0.002930 0.082031 0.002930 0.087891 0.004883 0.093750 0.006836 0.098633 0.010742 0.102539 0.015625 0.105469
1 0.064453 0.198242 0.079102 0.208984 0.083984 0.213867 0.087891 0.217773 0.089844 0.222656 0.094727 0.234375 0.094727 0.239258 0.092773 0.245117 0.089844 0.250000 0.084961 0.254883 0.078125 0.262695 0.076172 0.269531 0.069336 0.278320 0.063477 0.279297 0.057617 0.281250 0.050781 0.282227 0.044922 0.282227 0.040039 0.278320 0.035156 0.274414 0.031250 0.269531 0.026367 0.267578 0.019531 0.267578 0.012695 0.265625 0.007812 0.262695 0.004883 0.257812 0.002930 0.252930 0.000000 0.240234 0.000000 0.231445 0.003906 0.197266 0.011719 0.196289 0.017578 0.196289 0.043945 0.198242
1 0.044922 0.335938 0.076172 0.349609 0.099609 0.356445 0.107422 0.360352 0.110352 0.366211 0.110352 0.372070 0.109375 0.376953 0.104492 0.387695 0.101562 0.394531 0.097656 0.399414 0.095703 0.405273 0.089844 0.416992 0.084961 0.426758 0.077148 0.435547 0.071289 0.437500 0.065430 0.441406 0.059570 0.443359 0.056641 0.447266 0.048828 0.453125 0.043945 0.457031 0.039062 0.458008 0.028320 0.458008 0.025391 0.454102 0.021484 0.446289 0.020508 0.436523 0.017578 0.425781 0.016602 0.416016 0.009766 0.416992 0.000000 0.415039 0.000000 0.410156 0.001953 0.371094 0.004883 0.356445 0.012695 0.349609 0.023438 0.346680 0.027344 0.344727
1 0.164062 0.108398 0.159180 0.125977 0.158203 0.131836 0.158203 0.136719 0.162109 0.140625 0.167969 0.141602 0.172852 0.142578 0.177734 0.140625 0.180664 0.136719 0.186523 0.133789 0.191406 0.128906 0.193359 0.123047 0.191406 0.118164 0.187500 0.114258 0.183594 0.110352 0.178711 0.108398 0.172852 0.108398
1 0.184570 0.025391 0.175781 0.041016 0.176758 0.046875 0.180664 0.050781 0.186523 0.052734 0.192383 0.051758 0.197266 0.049805 0.201172 0.044922 0.203125 0.039062 0.206055 0.035156 0.208984 0.024414 0.208008 0.019531 0.204102 0.015625 0.199219 0.013672 0.194336 0.013672 0.187500 0.015625 0.182617 0.018555
1 0.271484 0.012695 0.266602 0.029297 0.268555 0.035156 0.272461 0.039062 0.277344 0.041992 0.283203 0.041992 0.289062 0.039062 0.291992 0.034180 0.293945 0.027344 0.294922 0.021484 0.291992 0.016602 0.286133 0.006836 0.281250 0.004883 0.276367 0.004883
1 0.358398 0.008789 0.360352 0.027344 0.361328 0.033203 0.364258 0.037109 0.368164 0.041016 0.374023 0.041016 0.378906 0.038086 0.383789 0.036133 0.390625 0.029297 0.396484 0.020508 0.398438 0.014648 0.397461 0.004883 0.390625 0.002930 0.379883 0.001953 0.369141 0.002930
1 0.454102 0.000000 0.454102 0.017578 0.455078 0.022461 0.458008 0.027344 0.462891 0.029297 0.467773 0.030273 0.473633 0.030273 0.480469 0.029297 0.484375 0.026367 0.488281 0.021484 0.492188 0.011719 0.491211 0.000977 0.486328 0.000000 0.478516 0.000000
1 0.580078 0.031250 0.594727 0.025391 0.598633 0.021484 0.607422 0.013672 0.610352 0.009766 0.611328 0.004883 0.609375 0.000000 0.601562 0.000000 0.545898 0.000000 0.551758 0.024414
1 0.247070 0.116211 0.258789 0.129883 0.261719 0.133789 0.265625 0.136719 0.270508 0.135742 0.275391 0.133789 0.283203 0.126953 0.286133 0.123047 0.287109 0.118164 0.287109 0.106445 0.284180 0.101562 0.281250 0.096680 0.275391 0.095703 0.264648 0.096680 0.260742 0.100586 0.252930 0.107422
1 0.350586 0.090820 0.346680 0.107422 0.346680 0.112305 0.348633 0.118164 0.351562 0.123047 0.354492 0.127930 0.362305 0.134766 0.368164 0.133789 0.373047 0.129883 0.379883 0.122070 0.382812 0.118164 0.385742 0.113281 0.386719 0.108398 0.385742 0.103516 0.382812 0.098633 0.378906 0.095703 0.374023 0.092773 0.363281 0.087891 0.357422 0.087891
1 0.444336 0.081055 0.435547 0.095703 0.435547 0.101562 0.437500 0.106445 0.442383 0.116211 0.445312 0.120117 0.449219 0.124023 0.454102 0.125000 0.458984 0.124023 0.463867 0.121094 0.467773 0.117188 0.470703 0.112305 0.472656 0.107422 0.473633 0.096680 0.473633 0.091797 0.469727 0.087891 0.464844 0.086914 0.458984 0.085938 0.454102 0.083008
1 0.529297 0.087891 0.531250 0.106445 0.533203 0.111328 0.540039 0.111328 0.549805 0.110352 0.555664 0.107422 0.559570 0.103516 0.564453 0.103516 0.568359 0.099609 0.569336 0.094727 0.569336 0.088867 0.566406 0.083984 0.563477 0.080078 0.559570 0.076172 0.555664 0.073242 0.549805 0.073242 0.543945 0.073242 0.540039 0.077148 0.535156 0.080078 0.529297 0.085938
1 0.657227 0.083008 0.645508 0.064453 0.639648 0.064453 0.633789 0.063477 0.628906 0.065430 0.625000 0.069336 0.622070 0.073242 0.619141 0.078125 0.616211 0.088867 0.617188 0.095703 0.619141 0.100586 0.623047 0.103516 0.627930 0.105469 0.632812 0.105469 0.638672 0.103516 0.642578 0.100586 0.650391 0.093750
1 0.721680 0.061523 0.713867 0.073242 0.709961 0.077148 0.707031 0.086914 0.709961 0.091797 0.715820 0.093750 0.721680 0.094727 0.726562 0.094727 0.732422 0.092773 0.742188 0.087891 0.746094 0.083984 0.749023 0.080078 0.750977 0.074219 0.750977 0.069336 0.747070 0.065430 0.743164 0.061523 0.738281 0.058594 0.734375 0.055664 0.729492 0.054688
1 0.813477 0.086914 0.829102 0.082031 0.832031 0.078125 0.834961 0.073242 0.834961 0.067383 0.833984 0.062500 0.832031 0.057617 0.829102 0.052734 0.825195 0.049805 0.820312 0.050781 0.809570 0.055664 0.801758 0.061523 0.798828 0.066406 0.797852 0.072266 0.798828 0.077148 0.801758 0.081055 0.805664 0.084961
1 0.916992 0.045898 0.902344 0.053711 0.897461 0.056641 0.893555 0.059570 0.889648 0.063477 0.888672 0.068359 0.887695 0.073242 0.888672 0.084961 0.892578 0.088867 0.897461 0.087891 0.903320 0.086914 0.908203 0.085938 0.917969 0.081055 0.919922 0.075195 0.926758 0.066406 0.932617 0.056641 0.930664 0.050781 0.926758 0.046875
1 0.159180 0.189453 0.146484 0.201172 0.143555 0.207031 0.141602 0.218750 0.144531 0.223633 0.154297 0.236328 0.159180 0.239258 0.164062 0.240234 0.169922 0.240234 0.180664 0.239258 0.185547 0.237305 0.188477 0.232422 0.193359 0.228516 0.195312 0.224609 0.195312 0.218750 0.193359 0.208984 0.188477 0.205078 0.180664 0.196289 0.175781 0.194336 0.170898 0.194336
1 0.241211 0.193359 0.240234 0.209961 0.243164 0.214844 0.250000 0.223633 0.253906 0.225586 0.259766 0.227539 0.264648 0.226562 0.269531 0.224609 0.272461 0.219727 0.274414 0.214844 0.275391 0.208984 0.275391 0.202148 0.273438 0.197266 0.269531 0.194336 0.264648 0.191406 0.259766 0.190430 0.253906 0.190430
1 0.339844 0.214844 0.355469 0.216797 0.360352 0.214844 0.365234 0.210938 0.368164 0.206055 0.368164 0.201172 0.370117 0.195312 0.370117 0.190430 0.369141 0.183594 0.366211 0.178711 0.361328 0.176758 0.356445 0.176758 0.340820 0.179688 0.337891 0.185547 0.335938 0.190430 0.334961 0.195312 0.335938 0.206055
1 0.426758 0.177734 0.420898 0.196289 0.422852 0.201172 0.430664 0.208984 0.440430 0.210938 0.446289 0.211914 0.451172 0.208984 0.454102 0.204102 0.458008 0.201172 0.462891 0.198242 0.465820 0.193359 0.464844 0.187500 0.461914 0.183594 0.459961 0.178711 0.457031 0.173828 0.451172 0.170898 0.445312 0.170898 0.434570 0.170898
1 0.533203 0.161133 0.521484 0.174805 0.518555 0.178711 0.515625 0.185547 0.514648 0.190430 0.515625 0.195312 0.519531 0.199219 0.525391 0.201172 0.531250 0.201172 0.537109 0.201172 0.541992 0.201172 0.546875 0.197266 0.548828 0.193359 0.549805 0.187500 0.553711 0.170898 0.554688 0.165039 0.552734 0.160156 0.548828 0.157227 0.542969 0.156250 0.538086 0.157227
1 0.621094 0.164062 0.607422 0.175781 0.606445 0.180664 0.608398 0.186523 0.611328 0.190430 0.616211 0.193359 0.621094 0.194336 0.626953 0.194336 0.631836 0.192383 0.634766 0.187500 0.637695 0.182617 0.641602 0.172852 0.640625 0.167969 0.636719 0.164062 0.631836 0.162109 0.625977 0.162109
1 0.701172 0.149414 0.695312 0.164062 0.694336 0.170898 0.696289 0.175781 0.700195 0.179688 0.704102 0.184570 0.708984 0.186523 0.715820 0.186523 0.729492 0.186523 0.733398 0.182617 0.735352 0.176758 0.734375 0.170898 0.734375 0.159180 0.734375 0.153320 0.732422 0.148438 0.728516 0.144531 0.722656 0.143555 0.716797 0.143555 0.711914 0.146484
1 0.799805 0.136719 0.787109 0.149414 0.784180 0.154297 0.783203 0.159180 0.784180 0.164062 0.786133 0.169922 0.791016 0.178711 0.793945 0.183594 0.798828 0.186523 0.803711 0.185547 0.813477 0.180664 0.819336 0.179688 0.830078 0.176758 0.833008 0.171875 0.833008 0.165039 0.831055 0.160156 0.829102 0.156250 0.824219 0.145508 0.821289 0.140625 0.817383 0.137695 0.811523 0.136719 0.805664 0.136719
1 0.878906 0.146484 0.880859 0.170898 0.884766 0.173828 0.889648 0.174805 0.902344 0.173828 0.911133 0.166992 0.913086 0.162109 0.917969 0.158203 0.918945 0.152344 0.918945 0.147461 0.916016 0.142578 0.912109 0.138672 0.907227 0.135742 0.900391 0.134766 0.895508 0.134766 0.889648 0.136719 0.885742 0.140625
1 0.968750 0.126953 0.969727 0.144531 0.969727 0.149414 0.972656 0.154297 0.975586 0.158203 0.979492 0.161133 0.985352 0.163086 0.991211 0.164062 0.996094 0.162109 0.999023 0.157227 1.000000 0.151367 1.000000 0.146484 0.999023 0.134766 0.996094 0.129883 0.995117 0.125000 0.989258 0.124023 0.984375 0.125000 0.978516 0.125977
1 0.143555 0.292969 0.133789 0.302734 0.133789 0.307617 0.136719 0.312500 0.140625 0.316406 0.144531 0.320312 0.148438 0.322266 0.159180 0.325195 0.164062 0.324219 0.169922 0.322266 0.172852 0.317383 0.172852 0.311523 0.170898 0.306641 0.167969 0.301758 0.164062 0.297852 0.156250 0.290039
1 0.237305 0.277344 0.227539 0.288086 0.225586 0.292969 0.224609 0.299805 0.225586 0.305664 0.228516 0.310547 0.234375 0.320312 0.239258 0.322266 0.245117 0.321289 0.249023 0.318359 0.253906 0.314453 0.257812 0.310547 0.261719 0.306641 0.266602 0.295898 0.266602 0.291016 0.264648 0.285156 0.260742 0.282227 0.255859 0.279297 0.250977 0.279297
1 0.327148 0.268555 0.313477 0.281250 0.313477 0.286133 0.314453 0.291992 0.314453 0.297852 0.314453 0.302734 0.316406 0.307617 0.322266 0.309570 0.329102 0.309570 0.334961 0.307617 0.339844 0.306641 0.345703 0.306641 0.352539 0.300781 0.352539 0.295898 0.353516 0.291016 0.353516 0.285156 0.352539 0.279297 0.348633 0.276367 0.343750 0.274414 0.338867 0.271484 0.333984 0.269531
1 0.418945 0.270508 0.415039 0.286133 0.416016 0.291016 0.418945 0.294922 0.424805 0.303711 0.430664 0.303711 0.435547 0.301758 0.442383 0.300781 0.447266 0.297852 0.449219 0.292969 0.452148 0.288086 0.453125 0.283203 0.453125 0.278320 0.450195 0.271484 0.444336 0.261719 0.439453 0.259766 0.434570 0.259766 0.428711 0.261719 0.423828 0.264648
1 0.515625 0.258789 0.505859 0.272461 0.507812 0.277344 0.510742 0.287109 0.515625 0.296875 0.521484 0.298828 0.526367 0.299805 0.534180 0.302734 0.539062 0.303711 0.545898 0.296875 0.547852 0.291992 0.548828 0.287109 0.548828 0.281250 0.547852 0.270508 0.545898 0.264648 0.541992 0.261719 0.537109 0.259766 0.530273 0.258789 0.525391 0.256836
1 0.603516 0.248047 0.596680 0.261719 0.595703 0.267578 0.594727 0.273438 0.595703 0.278320 0.598633 0.283203 0.603516 0.286133 0.609375 0.287109 0.617188 0.284180 0.630859 0.276367 0.633789 0.271484 0.633789 0.264648 0.631836 0.244141 0.626953 0.242188 0.622070 0.242188 0.617188 0.243164 0.612305 0.245117
1 0.707031 0.242188 0.694336 0.250977 0.690430 0.254883 0.686523 0.263672 0.687500 0.268555 0.691406 0.273438 0.695312 0.276367 0.700195 0.278320 0.706055 0.276367 0.710938 0.273438 0.714844 0.270508 0.724609 0.256836 0.726562 0.250977 0.726562 0.245117 0.724609 0.240234 0.718750 0.237305 0.713867 0.237305
1 0.783203 0.232422 0.778320 0.243164 0.777344 0.248047 0.774414 0.259766 0.776367 0.265625 0.779297 0.270508 0.785156 0.270508 0.794922 0.270508 0.799805 0.267578 0.802734 0.263672 0.813477 0.254883 0.821289 0.247070 0.820312 0.241211 0.817383 0.237305 0.811523 0.234375 0.806641 0.234375 0.801758 0.234375 0.795898 0.234375
1 0.861328 0.236328 0.861328 0.254883 0.864258 0.259766 0.869141 0.261719 0.875000 0.263672 0.889648 0.262695 0.902344 0.255859 0.907227 0.253906 0.909180 0.248047 0.909180 0.242188 0.908203 0.237305 0.906250 0.231445 0.901367 0.227539 0.896484 0.224609 0.891602 0.223633 0.881836 0.223633 0.875000 0.226562
1 0.231445 0.370117 0.215820 0.375977 0.211914 0.379883 0.208008 0.383789 0.207031 0.388672 0.208008 0.394531 0.209961 0.399414 0.213867 0.403320 0.218750 0.407227 0.224609 0.409180 0.231445 0.409180 0.244141 0.405273 0.249023 0.401367 0.249023 0.395508 0.248047 0.385742 0.243164 0.375977
1 0.310547 0.364258 0.306641 0.378906 0.307617 0.383789 0.311523 0.395508 0.314453 0.399414 0.323242 0.405273 0.329102 0.406250 0.333984 0.404297 0.336914 0.399414 0.339844 0.394531 0.339844 0.388672 0.339844 0.382812 0.339844 0.376953 0.337891 0.372070 0.334961 0.367188 0.331055 0.364258 0.326172 0.364258 0.320312 0.365234
1 0.416016 0.356445 0.397461 0.363281 0.397461 0.369141 0.398438 0.379883 0.402344 0.382812 0.412109 0.388672 0.416992 0.388672 0.422852 0.386719 0.432617 0.382812 0.433594 0.377930 0.432617 0.372070 0.430664 0.367188 0.428711 0.362305
1 0.520508 0.347656 0.505859 0.351562 0.500977 0.352539 0.496094 0.355469 0.493164 0.359375 0.491211 0.365234 0.492188 0.370117 0.496094 0.375000 0.500000 0.377930 0.504883 0.379883 0.509766 0.379883 0.515625 0.377930 0.520508 0.375000 0.524414 0.370117 0.526367 0.364258 0.526367 0.358398 0.524414 0.353516
1 0.601562 0.337891 0.589844 0.346680 0.585938 0.350586 0.579102 0.361328 0.580078 0.366211 0.583008 0.371094 0.587891 0.373047 0.593750 0.375000 0.604492 0.375000 0.609375 0.372070 0.614258 0.369141 0.619141 0.366211 0.625000 0.364258 0.626953 0.358398 0.626953 0.352539 0.624023 0.347656 0.621094 0.342773 0.613281 0.337891
1 0.683594 0.330078 0.675781 0.338867 0.672852 0.343750 0.669922 0.348633 0.669922 0.353516 0.670898 0.359375 0.672852 0.364258 0.676758 0.367188 0.683594 0.369141 0.688477 0.368164 0.699219 0.366211 0.704102 0.366211 0.708984 0.367188 0.712891 0.364258 0.721680 0.358398 0.723633 0.352539 0.723633 0.347656 0.719727 0.342773 0.713867 0.339844 0.708984 0.338867 0.700195 0.333984 0.695312 0.331055
1 0.783203 0.362305 0.795898 0.353516 0.798828 0.348633 0.801758 0.343750 0.800781 0.338867 0.796875 0.334961 0.792969 0.332031 0.783203 0.329102 0.772461 0.328125 0.767578 0.330078 0.763672 0.333984 0.760742 0.338867 0.760742 0.344727 0.763672 0.349609 0.766602 0.353516 0.771484 0.356445
1 0.865234 0.321289 0.856445 0.335938 0.856445 0.341797 0.858398 0.346680 0.862305 0.350586 0.868164 0.352539 0.873047 0.355469 0.878906 0.356445 0.883789 0.354492 0.887695 0.350586 0.898438 0.342773 0.900391 0.337891 0.900391 0.331055 0.898438 0.325195 0.894531 0.315430 0.889648 0.313477 0.883789 0.313477 0.878906 0.314453 0.873047 0.316406
1 0.199219 0.479492 0.208008 0.492188 0.209961 0.497070 0.215820 0.499023 0.222656 0.498047 0.233398 0.494141 0.237305 0.490234 0.238281 0.484375 0.239258 0.473633 0.238281 0.462891 0.236328 0.458008 0.231445 0.455078 0.225586 0.454102 0.220703 0.454102 0.215820 0.455078 0.209961 0.458008 0.206055 0.462891 0.202148 0.467773
1 0.292969 0.455078 0.287109 0.473633 0.287109 0.479492 0.290039 0.483398 0.296875 0.491211 0.303711 0.499023 0.311523 0.506836 0.317383 0.506836 0.323242 0.506836 0.328125 0.501953 0.331055 0.498047 0.333984 0.493164 0.336914 0.488281 0.337891 0.483398 0.337891 0.477539 0.334961 0.471680 0.331055 0.468750 0.326172 0.465820 0.308594 0.452148 0.303711 0.452148
1 0.969727 0.215820 0.962891 0.226562 0.958008 0.227539 0.954102 0.232422 0.952148 0.237305 0.952148 0.243164 0.954102 0.248047 0.958008 0.252930 0.961914 0.255859 0.976562 0.261719 0.981445 0.261719 0.986328 0.259766 0.991211 0.256836 1.000000 0.244141 1.000000 0.239258 0.997070 0.229492 0.993164 0.226562 0.983398 0.219727
1 0.953125 0.308594 0.939453 0.316406 0.937500 0.321289 0.936523 0.326172 0.936523 0.332031 0.939453 0.337891 0.943359 0.341797 0.947266 0.345703 0.953125 0.347656 0.959961 0.347656 0.964844 0.345703 0.974609 0.339844 0.978516 0.336914 0.983398 0.333008 0.987305 0.328125 0.989258 0.323242 0.990234 0.318359 0.989258 0.313477 0.988281 0.308594 0.984375 0.304688 0.979492 0.303711 0.974609 0.302734 0.969727 0.302734 0.963867 0.303711
1 0.402344 0.443359 0.385742 0.453125 0.382812 0.457031 0.380859 0.462891 0.381836 0.468750 0.383789 0.475586 0.386719 0.480469 0.390625 0.484375 0.398438 0.491211 0.410156 0.496094 0.418945 0.496094 0.424805 0.493164 0.427734 0.487305 0.427734 0.480469 0.429688 0.464844 0.426758 0.453125 0.421875 0.450195 0.416992 0.448242 0.411133 0.446289
1 0.486328 0.438477 0.483398 0.458008 0.482422 0.462891 0.484375 0.469727 0.487305 0.473633 0.493164 0.477539 0.498047 0.479492 0.505859 0.479492 0.515625 0.479492 0.520508 0.476562 0.524414 0.472656 0.527344 0.467773 0.527344 0.460938 0.524414 0.455078 0.520508 0.450195 0.507812 0.439453
1 0.582031 0.428711 0.573242 0.443359 0.570312 0.447266 0.568359 0.452148 0.568359 0.457031 0.568359 0.462891 0.570312 0.467773 0.573242 0.471680 0.577148 0.476562 0.583984 0.476562 0.596680 0.476562 0.606445 0.473633 0.610352 0.470703 0.612305 0.465820 0.614258 0.455078 0.614258 0.449219 0.612305 0.443359 0.609375 0.438477 0.604492 0.435547 0.600586 0.432617 0.595703 0.429688 0.589844 0.429688
1 0.681641 0.423828 0.668945 0.432617 0.667969 0.438477 0.668945 0.443359 0.668945 0.455078 0.669922 0.459961 0.673828 0.462891 0.678711 0.464844 0.683594 0.464844 0.688477 0.462891 0.694336 0.459961 0.698242 0.455078 0.702148 0.448242 0.703125 0.441406 0.703125 0.435547 0.700195 0.429688 0.695312 0.427734
1 0.767578 0.419922 0.753906 0.432617 0.754883 0.438477 0.758789 0.441406 0.764648 0.443359 0.769531 0.442383 0.774414 0.438477 0.777344 0.433594 0.777344 0.427734 0.774414 0.421875
1 0.851562 0.409180 0.841797 0.423828 0.842773 0.429688 0.845703 0.434570 0.848633 0.438477 0.853516 0.440430 0.872070 0.439453 0.876953 0.439453 0.880859 0.435547 0.883789 0.430664 0.883789 0.424805 0.881836 0.417969 0.878906 0.412109 0.875977 0.408203 0.870117 0.405273 0.864258 0.404297
1 0.935547 0.400391 0.930664 0.420898 0.933594 0.424805 0.938477 0.428711 0.944336 0.429688 0.949219 0.428711 0.955078 0.425781 0.958984 0.421875 0.960938 0.416016 0.961914 0.409180 0.960938 0.404297 0.959961 0.399414 0.957031 0.394531 0.952148 0.391602 0.947266 0.391602 0.942383 0.394531
1 0.194336 0.546875 0.183594 0.559570 0.180664 0.564453 0.179688 0.569336 0.179688 0.574219 0.181641 0.579102 0.184570 0.583984 0.191406 0.587891 0.199219 0.589844 0.205078 0.589844 0.209961 0.588867 0.215820 0.584961 0.229492 0.570312 0.227539 0.563477 0.224609 0.557617 0.218750 0.548828 0.212891 0.547852
1 0.271484 0.564453 0.300781 0.583984 0.306641 0.583008 0.316406 0.577148 0.317383 0.572266 0.317383 0.566406 0.317383 0.560547 0.314453 0.549805 0.308594 0.546875 0.300781 0.546875 0.290039 0.547852 0.279297 0.550781 0.274414 0.553711
1 0.360352 0.544922 0.365234 0.565430 0.368164 0.570312 0.373047 0.573242 0.379883 0.575195 0.391602 0.577148 0.397461 0.575195 0.402344 0.573242 0.410156 0.565430 0.411133 0.559570 0.412109 0.553711 0.410156 0.547852 0.407227 0.542969 0.403320 0.540039 0.399414 0.537109 0.394531 0.536133 0.375000 0.535156 0.370117 0.538086
1 0.464844 0.543945 0.470703 0.556641 0.474609 0.561523 0.479492 0.563477 0.485352 0.564453 0.491211 0.562500 0.496094 0.560547 0.499023 0.554688 0.499023 0.548828 0.497070 0.543945 0.494141 0.540039 0.485352 0.532227 0.479492 0.531250 0.466797 0.532227 0.463867 0.537109
1 0.560547 0.540039 0.565430 0.557617 0.570312 0.560547 0.576172 0.560547 0.595703 0.557617 0.599609 0.553711 0.601562 0.547852 0.602539 0.542969 0.601562 0.537109 0.598633 0.531250 0.592773 0.529297 0.586914 0.527344 0.573242 0.526367 0.568359 0.528320 0.562500 0.531250
1 0.671875 0.513672 0.656250 0.529297 0.651367 0.537109 0.652344 0.542969 0.655273 0.547852 0.657227 0.552734 0.661133 0.556641 0.666992 0.556641 0.672852 0.556641 0.682617 0.552734 0.691406 0.547852 0.695312 0.544922 0.695312 0.539062 0.693359 0.533203 0.688477 0.523438 0.684570 0.519531
1 0.750000 0.502930 0.741211 0.516602 0.739258 0.521484 0.739258 0.526367 0.741211 0.531250 0.744141 0.536133 0.749023 0.538086 0.754883 0.540039 0.760742 0.540039 0.765625 0.540039 0.771484 0.539062 0.782227 0.534180 0.785156 0.529297 0.785156 0.523438 0.784180 0.517578 0.782227 0.512695 0.778320 0.509766 0.770508 0.502930 0.764648 0.500977
1 0.838867 0.499023 0.823242 0.509766 0.822266 0.514648 0.823242 0.520508 0.826172 0.526367 0.829102 0.530273 0.833984 0.534180 0.838867 0.536133 0.844727 0.537109 0.850586 0.537109 0.855469 0.534180 0.865234 0.529297 0.869141 0.526367 0.872070 0.520508 0.873047 0.514648 0.869141 0.509766 0.865234 0.506836 0.851562 0.499023 0.845703 0.496094
1 0.926758 0.492188 0.916992 0.503906 0.916992 0.509766 0.918945 0.515625 0.921875 0.520508 0.925781 0.523438 0.932617 0.522461 0.937500 0.520508 0.954102 0.514648 0.956055 0.509766 0.956055 0.503906 0.953125 0.499023 0.949219 0.496094 0.944336 0.493164 0.939453 0.490234 0.933594 0.489258
1 0.181641 0.647461 0.168945 0.659180 0.167969 0.664062 0.167969 0.668945 0.168945 0.674805 0.171875 0.679688 0.176758 0.682617 0.181641 0.684570 0.186523 0.685547 0.192383 0.685547 0.197266 0.684570 0.202148 0.681641 0.209961 0.674805 0.217773 0.664062 0.217773 0.655273 0.213867 0.645508 0.208984 0.644531 0.204102 0.644531 0.199219 0.647461 0.193359 0.647461
1 0.276367 0.636719 0.256836 0.645508 0.253906 0.649414 0.251953 0.661133 0.252930 0.666992 0.255859 0.671875 0.259766 0.674805 0.265625 0.675781 0.282227 0.674805 0.285156 0.670898 0.291992 0.662109 0.291992 0.655273 0.291016 0.649414 0.289062 0.644531 0.285156 0.640625
1 0.362305 0.661133 0.375000 0.681641 0.378906 0.678711 0.383789 0.674805 0.398438 0.665039 0.403320 0.662109 0.404297 0.657227 0.403320 0.651367 0.400391 0.644531 0.396484 0.639648 0.390625 0.635742 0.384766 0.634766 0.377930 0.633789 0.367188 0.634766 0.364258 0.638672 0.361328 0.648438 0.361328 0.653320
1 0.459961 0.621094 0.450195 0.633789 0.449219 0.638672 0.451172 0.647461 0.455078 0.651367 0.458984 0.655273 0.463867 0.655273 0.470703 0.655273 0.481445 0.654297 0.485352 0.650391 0.488281 0.646484 0.489258 0.641602 0.488281 0.635742 0.486328 0.630859 0.483398 0.625000 0.478516 0.623047 0.473633 0.622070 0.468750 0.622070
1 0.553711 0.623047 0.540039 0.637695 0.539062 0.642578 0.540039 0.647461 0.542969 0.652344 0.545898 0.656250 0.551758 0.659180 0.556641 0.661133 0.567383 0.665039 0.574219 0.666016 0.582031 0.664062 0.584961 0.658203 0.585938 0.652344 0.585938 0.647461 0.583984 0.625977 0.579102 0.622070 0.573242 0.621094 0.568359 0.621094 0.562500 0.622070
1 0.644531 0.597656 0.633789 0.613281 0.630859 0.617188 0.630859 0.624023 0.632812 0.628906 0.635742 0.633789 0.639648 0.637695 0.644531 0.641602 0.650391 0.641602 0.656250 0.641602 0.661133 0.638672 0.665039 0.634766 0.674805 0.622070 0.674805 0.617188 0.672852 0.611328 0.668945 0.607422 0.666016 0.603516 0.661133 0.600586 0.656250 0.598633
1 0.813477 0.590820 0.809570 0.608398 0.812500 0.614258 0.818359 0.617188 0.823242 0.618164 0.834961 0.620117 0.840820 0.619141 0.850586 0.614258 0.852539 0.608398 0.852539 0.600586 0.849609 0.594727 0.845703 0.591797 0.839844 0.589844 0.833984 0.587891 0.829102 0.587891 0.823242 0.588867
1 0.742188 0.594727 0.732422 0.608398 0.731445 0.614258 0.732422 0.620117 0.736328 0.624023 0.741211 0.625977 0.747070 0.627930 0.752930 0.627930 0.758789 0.627930 0.763672 0.625977 0.765625 0.619141 0.765625 0.612305 0.764648 0.607422 0.762695 0.602539 0.759766 0.597656
1 0.908203 0.572266 0.903320 0.592773 0.900391 0.598633 0.900391 0.603516 0.903320 0.608398 0.909180 0.610352 0.914062 0.611328 0.919922 0.612305 0.923828 0.615234 0.929688 0.617188 0.942383 0.619141 0.959961 0.620117 0.963867 0.617188 0.963867 0.608398 0.959961 0.601562 0.958008 0.596680 0.954102 0.591797 0.947266 0.583984 0.935547 0.580078
1 0.630859 0.694336 0.622070 0.706055 0.620117 0.710938 0.620117 0.716797 0.623047 0.722656 0.627930 0.727539 0.633789 0.730469 0.638672 0.732422 0.643555 0.732422 0.649414 0.732422 0.655273 0.732422 0.660156 0.730469 0.664062 0.726562 0.666016 0.716797 0.666016 0.709961 0.666992 0.705078 0.666016 0.699219 0.662109 0.696289 0.656250 0.694336 0.650391 0.693359
1 0.712891 0.686523 0.717773 0.708008 0.719727 0.712891 0.724609 0.715820 0.733398 0.718750 0.745117 0.718750 0.754883 0.716797 0.757812 0.712891 0.757812 0.707031 0.754883 0.701172 0.751953 0.697266 0.736328 0.687500 0.730469 0.685547 0.724609 0.685547
1 0.544922 0.710938 0.529297 0.726562 0.531250 0.731445 0.534180 0.736328 0.538086 0.740234 0.545898 0.747070 0.550781 0.749023 0.555664 0.747070 0.560547 0.745117 0.565430 0.741211 0.572266 0.731445 0.571289 0.726562 0.569336 0.720703 0.566406 0.715820 0.556641 0.708008
1 0.447266 0.709961 0.438477 0.725586 0.437500 0.730469 0.439453 0.735352 0.447266 0.746094 0.456055 0.752930 0.460938 0.754883 0.466797 0.755859 0.471680 0.752930 0.482422 0.748047 0.488281 0.741211 0.485352 0.735352 0.482422 0.730469 0.471680 0.716797 0.461914 0.709961
1 0.361328 0.725586 0.344727 0.732422 0.341797 0.738281 0.340820 0.746094 0.342773 0.751953 0.344727 0.757812 0.351562 0.767578 0.356445 0.768555 0.367188 0.768555 0.373047 0.765625 0.382812 0.759766 0.385742 0.754883 0.387695 0.749023 0.387695 0.743164 0.386719 0.737305 0.383789 0.732422 0.378906 0.729492 0.374023 0.727539
1 0.249023 0.762695 0.253906 0.780273 0.256836 0.784180 0.261719 0.787109 0.267578 0.788086 0.280273 0.785156 0.284180 0.779297 0.287109 0.771484 0.293945 0.762695 0.295898 0.755859 0.295898 0.748047 0.292969 0.735352 0.287109 0.733398 0.279297 0.732422 0.273438 0.735352 0.268555 0.738281 0.264648 0.742188
1 0.158203 0.750977 0.154297 0.764648 0.155273 0.769531 0.161133 0.779297 0.164062 0.784180 0.169922 0.786133 0.178711 0.787109 0.183594 0.784180 0.188477 0.781250 0.191406 0.776367 0.196289 0.765625 0.196289 0.759766 0.194336 0.754883 0.191406 0.750000 0.186523 0.747070 0.181641 0.746094 0.175781 0.745117
1 0.244141 0.820312 0.236328 0.830078 0.233398 0.834961 0.233398 0.839844 0.232422 0.844727 0.232422 0.850586 0.234375 0.855469 0.236328 0.860352 0.239258 0.864258 0.243164 0.868164 0.248047 0.871094 0.252930 0.872070 0.257812 0.870117 0.267578 0.864258 0.274414 0.853516 0.275391 0.847656 0.275391 0.842773 0.274414 0.836914 0.272461 0.832031 0.267578 0.829102 0.262695 0.828125 0.256836 0.826172 0.251953 0.824219
1 0.331055 0.819336 0.330078 0.832031 0.330078 0.836914 0.333984 0.841797 0.342773 0.848633 0.346680 0.852539 0.351562 0.855469 0.356445 0.857422 0.361328 0.858398 0.365234 0.854492 0.367188 0.849609 0.369141 0.844727 0.371094 0.833008 0.368164 0.827148 0.363281 0.825195 0.358398 0.823242 0.341797 0.819336
1 0.458008 0.847656 0.465820 0.831055 0.465820 0.826172 0.463867 0.820312 0.461914 0.815430 0.458984 0.810547 0.454102 0.808594 0.449219 0.810547 0.433594 0.817383 0.430664 0.822266 0.429688 0.829102 0.430664 0.839844 0.432617 0.844727 0.437500 0.847656 0.442383 0.848633
1 0.527344 0.796875 0.518555 0.811523 0.518555 0.817383 0.520508 0.831055 0.525391 0.839844 0.533203 0.840820 0.542969 0.839844 0.547852 0.835938 0.554688 0.828125 0.560547 0.818359 0.561523 0.811523 0.559570 0.799805 0.554688 0.797852 0.549805 0.795898 0.540039 0.793945
1 0.616211 0.792969 0.612305 0.812500 0.612305 0.817383 0.614258 0.823242 0.618164 0.826172 0.623047 0.829102 0.636719 0.833984 0.647461 0.833984 0.651367 0.830078 0.658203 0.820312 0.659180 0.814453 0.657227 0.809570 0.653320 0.806641 0.650391 0.801758 0.639648 0.788086 0.633789 0.786133 0.626953 0.787109 0.622070 0.786133
1 0.706055 0.780273 0.700195 0.796875 0.703125 0.801758 0.705078 0.806641 0.713867 0.814453 0.719727 0.814453 0.724609 0.814453 0.743164 0.814453 0.747070 0.810547 0.749023 0.805664 0.749023 0.800781 0.749023 0.795898 0.746094 0.791016 0.742188 0.787109 0.737305 0.785156 0.731445 0.784180 0.726562 0.782227 0.721680 0.780273 0.715820 0.780273
1 0.803711 0.683594 0.804688 0.709961 0.808594 0.712891 0.813477 0.714844 0.818359 0.714844 0.823242 0.713867 0.829102 0.714844 0.834961 0.716797 0.837891 0.712891 0.839844 0.708008 0.839844 0.701172 0.840820 0.689453 0.841797 0.684570 0.838867 0.679688 0.834961 0.677734 0.825195 0.671875 0.820312 0.672852 0.815430 0.675781
1 0.884766 0.673828 0.890625 0.691406 0.893555 0.695312 0.897461 0.699219 0.905273 0.705078 0.908203 0.709961 0.913086 0.711914 0.917969 0.711914 0.922852 0.710938 0.928711 0.710938 0.933594 0.709961 0.940430 0.706055 0.943359 0.699219 0.943359 0.688477 0.940430 0.682617 0.935547 0.678711 0.925781 0.673828 0.920898 0.670898 0.916016 0.668945 0.903320 0.666992 0.898438 0.667969
1 0.877930 0.787109 0.898438 0.791992 0.903320 0.792969 0.914062 0.793945 0.918945 0.791992 0.922852 0.789062 0.925781 0.784180 0.925781 0.777344 0.924805 0.771484 0.920898 0.762695 0.916016 0.758789 0.906250 0.753906 0.900391 0.752930 0.895508 0.754883 0.891602 0.757812 0.887695 0.761719 0.878906 0.773438 0.878906 0.779297
1 0.794922 0.753906 0.791992 0.770508 0.789062 0.776367 0.788086 0.781250 0.789062 0.786133 0.791016 0.791016 0.793945 0.795898 0.798828 0.798828 0.807617 0.804688 0.818359 0.808594 0.832031 0.807617 0.834961 0.803711 0.841797 0.790039 0.840820 0.781250 0.839844 0.774414 0.836914 0.769531 0.833008 0.765625 0.825195 0.761719 0.820312 0.760742 0.806641 0.757812
1 0.787109 0.854492 0.778320 0.866211 0.779297 0.872070 0.781250 0.876953 0.784180 0.881836 0.788086 0.885742 0.801758 0.894531 0.813477 0.897461 0.818359 0.894531 0.821289 0.889648 0.821289 0.883789 0.817383 0.847656 0.811523 0.846680 0.806641 0.846680 0.795898 0.847656
1 0.318359 0.920898 0.318359 0.937500 0.320312 0.944336 0.323242 0.949219 0.332031 0.958008 0.339844 0.959961 0.346680 0.958008 0.352539 0.954102 0.357422 0.949219 0.364258 0.940430 0.361328 0.922852 0.357422 0.916016 0.350586 0.904297 0.344727 0.902344 0.337891 0.903320 0.329102 0.906250 0.325195 0.909180 0.322266 0.913086
1 0.232422 0.948242 0.254883 0.964844 0.266602 0.967773 0.271484 0.965820 0.278320 0.962891 0.283203 0.958008 0.285156 0.953125 0.286133 0.945312 0.283203 0.935547 0.277344 0.928711 0.273438 0.925781 0.266602 0.922852 0.260742 0.920898 0.254883 0.920898 0.249023 0.922852 0.245117 0.927734 0.238281 0.936523
1 0.144531 0.917969 0.138672 0.929688 0.133789 0.938477 0.132812 0.945312 0.132812 0.953125 0.134766 0.958008 0.139648 0.961914 0.149414 0.964844 0.156250 0.964844 0.167969 0.964844 0.178711 0.960938 0.183594 0.957031 0.181641 0.944336 0.177734 0.933594 0.174805 0.928711 0.170898 0.924805 0.166016 0.922852
1 0.429688 0.895508 0.417969 0.903320 0.415039 0.912109 0.416016 0.916992 0.417969 0.922852 0.420898 0.927734 0.429688 0.933594 0.436523 0.933594 0.442383 0.932617 0.454102 0.931641 0.458984 0.930664 0.460938 0.924805 0.459961 0.915039 0.457031 0.909180 0.452148 0.899414 0.449219 0.895508 0.444336 0.893555 0.439453 0.893555
1 0.519531 0.893555 0.508789 0.906250 0.510742 0.912109 0.515625 0.920898 0.520508 0.923828 0.530273 0.929688 0.544922 0.933594 0.551758 0.932617 0.554688 0.928711 0.554688 0.923828 0.553711 0.917969 0.550781 0.901367 0.546875 0.890625 0.541016 0.889648
1 0.604492 0.877930 0.598633 0.894531 0.600586 0.900391 0.606445 0.910156 0.610352 0.914062 0.615234 0.916992 0.620117 0.918945 0.627930 0.918945 0.631836 0.915039 0.633789 0.908203 0.634766 0.900391 0.632812 0.889648 0.630859 0.884766 0.627930 0.880859 0.622070 0.878906 0.612305 0.875000
1 0.696289 0.871094 0.685547 0.878906 0.686523 0.886719 0.689453 0.892578 0.692383 0.897461 0.696289 0.901367 0.701172 0.903320 0.710938 0.908203 0.716797 0.907227 0.726562 0.902344 0.728516 0.896484 0.729492 0.891602 0.730469 0.880859 0.729492 0.875000 0.725586 0.871094 0.717773 0.867188 0.707031 0.864258 0.702148 0.864258
1 0.686523 0.948242 0.676758 0.956055 0.673828 0.959961 0.669922 0.970703 0.670898 0.977539 0.671875 0.982422 0.675781 0.987305 0.680664 0.990234 0.688477 0.997070 0.698242 0.999023 0.708984 0.999023 0.714844 1.000000 0.720703 0.999023 0.724609 0.993164 0.726562 0.988281 0.725586 0.983398 0.723633 0.977539 0.715820 0.962891 0.712891 0.958008 0.709961 0.954102 0.704102 0.952148
1 0.603516 0.961914 0.591797 0.966797 0.585938 0.969727 0.582031 0.974609 0.581055 0.980469 0.582031 0.985352 0.583984 0.990234 0.587891 0.995117 0.597656 1.000000 0.607422 1.000000 0.628906 0.996094 0.629883 0.991211 0.629883 0.980469 0.628906 0.975586 0.625977 0.969727 0.622070 0.966797 0.612305 0.961914
1 0.514648 0.971680 0.505859 0.978516 0.500977 0.981445 0.499023 0.986328 0.499023 0.991211 0.502930 1.000000 0.507812 1.000000 0.542969 0.999023 0.540039 0.994141 0.535156 0.984375 0.532227 0.979492 0.527344 0.977539
1 0.787109 0.946289 0.776367 0.951172 0.772461 0.954102 0.769531 0.958984 0.770508 0.964844 0.773438 0.970703 0.779297 0.980469 0.783203 0.984375 0.791016 0.990234 0.795898 0.991211 0.801758 0.990234 0.806641 0.987305 0.809570 0.982422 0.811523 0.973633 0.810547 0.968750 0.807617 0.963867 0.801758 0.954102 0.797852 0.951172 0.793945 0.947266
1 0.856445 0.960938 0.861328 0.969727 0.863281 0.979492 0.867188 0.987305 0.870117 0.992188 0.875000 0.995117 0.883789 0.996094 0.890625 0.996094 0.893555 0.992188 0.898438 0.982422 0.898438 0.975586 0.897461 0.963867 0.894531 0.953125 0.892578 0.949219 0.890625 0.944336 0.885742 0.939453 0.880859 0.937500 0.875000 0.938477 0.860352 0.944336 0.858398 0.949219
1 0.942383 0.932617 0.937500 0.941406 0.938477 0.947266 0.942383 0.951172 0.947266 0.960938 0.951172 0.964844 0.957031 0.965820 0.964844 0.965820 0.976562 0.966797 0.981445 0.964844 0.989258 0.960938 0.993164 0.957031 0.993164 0.951172 0.990234 0.945312 0.985352 0.938477 0.981445 0.934570 0.972656 0.926758 0.966797 0.924805 0.958984 0.922852 0.954102 0.924805 0.950195 0.927734
1 0.872070 0.859375 0.875000 0.871094 0.876953 0.875977 0.882812 0.881836 0.887695 0.883789 0.893555 0.884766 0.904297 0.886719 0.909180 0.883789 0.909180 0.878906 0.909180 0.868164 0.907227 0.861328 0.905273 0.857422 0.896484 0.846680 0.890625 0.845703 0.884766 0.848633 0.875977 0.853516
1 0.955078 0.836914 0.953125 0.851562 0.956055 0.856445 0.959961 0.859375 0.968750 0.866211 0.972656 0.869141 0.978516 0.870117 0.990234 0.871094 0.992188 0.866211 0.994141 0.861328 0.994141 0.855469 0.992188 0.849609 0.990234 0.844727 0.986328 0.840820 0.982422 0.836914 0.973633 0.830078 0.967773 0.829102 0.958008 0.829102 0.952148 0.832031
1 0.981445 0.741211 0.973633 0.749023 0.969727 0.751953 0.966797 0.755859 0.964844 0.761719 0.967773 0.765625 0.971680 0.769531 0.979492 0.776367 0.984375 0.777344 0.999023 0.784180 1.000000 0.749023
1 0.979492 0.661133 0.976562 0.675781 0.975586 0.681641 0.979492 0.687500 0.983398 0.691406 0.991211 0.696289 0.996094 0.698242 1.000000 0.694336 1.000000 0.689453 0.999023 0.684570 1.000000 0.678711 0.997070 0.656250
1 0.058594 0.463867 0.083984 0.474609 0.086914 0.480469 0.092773 0.491211 0.094727 0.497070 0.096680 0.511719 0.097656 0.525391 0.096680 0.557617 0.096680 0.564453 0.092773 0.570312 0.089844 0.574219 0.084961 0.576172 0.078125 0.576172 0.074219 0.573242 0.073242 0.568359 0.068359 0.564453 0.062500 0.563477 0.051758 0.559570 0.043945 0.560547 0.038086 0.564453 0.032227 0.565430 0.027344 0.564453 0.016602 0.559570 0.004883 0.551758 0.000000 0.542969 0.000000 0.536133 0.004883 0.504883 0.024414 0.499023 0.041016 0.493164 0.044922 0.490234 0.046875 0.484375 0.048828 0.477539 0.048828 0.466797 0.051758 0.462891
1 0.071289 0.567383 0.076172 0.586914 0.072266 0.590820 0.066406 0.591797 0.062500 0.595703 0.057617 0.597656 0.054688 0.602539 0.057617 0.607422 0.061523 0.612305 0.065430 0.614258 0.075195 0.617188 0.079102 0.621094 0.082031 0.625977 0.083984 0.630859 0.084961 0.636719 0.084961 0.642578 0.084961 0.648438 0.086914 0.653320 0.090820 0.662109 0.090820 0.668945 0.090820 0.674805 0.089844 0.688477 0.086914 0.693359 0.079102 0.701172 0.075195 0.707031 0.073242 0.713867 0.068359 0.725586 0.055664 0.749023 0.049805 0.757812 0.038086 0.765625 0.032227 0.767578 0.027344 0.764648 0.023438 0.760742 0.018555 0.758789 0.008789 0.750000 0.007812 0.745117 0.004883 0.726562 0.005859 0.685547 0.005859 0.677734 0.006836 0.639648 0.007812 0.603516 0.005859 0.588867 0.004883 0.570312 0.001953 0.563477 0.000000 0.548828 0.000977 0.542969 0.004883 0.546875 0.008789 0.551758 0.020508 0.556641 0.027344 0.556641 0.032227 0.554688 0.038086 0.554688 0.044922 0.552734 0.049805 0.554688 0.055664 0.561523 0.059570 0.566406
1 0.073242 0.827148 0.084961 0.857422 0.083984 0.872070 0.082031 0.890625 0.078125 0.924805 0.065430 0.939453 0.060547 0.942383 0.054688 0.943359 0.037109 0.940430 0.024414 0.939453 0.013672 0.935547 0.000977 0.924805 0.000000 0.916992 0.000977 0.897461 0.006836 0.870117 0.008789 0.854492 0.007812 0.843750 0.004883 0.838867 0.006836 0.833984 0.014648 0.832031 0.019531 0.832031 0.036133 0.834961 0.048828 0.834961 0.054688 0.831055 0.060547 0.829102