0 0.199556 0.765680 0.188477 0.772461 0.183594 0.769531 0.174805 0.771484 0.162109 0.776367 0.159180 0.770508 0.157227 0.767578 0.162109 0.761719 0.161133 0.752930 0.150391 0.752930 0.128906 0.738281 0.116211 0.746094 0.099609 0.731445 0.107422 0.708984 0.094727 0.690430 0.105469 0.669922 0.117188 0.673828 0.122070 0.663086 0.132812 0.655273 0.140625 0.655273 0.166016 0.639648 0.175781 0.642578 0.197266 0.641602 0.212891 0.644531 0.221680 0.646484 0.225586 0.651367 0.222656 0.667969 0.233398 0.666992 0.243164 0.670898 0.240234 0.675781 0.242188 0.692383 0.239258 0.707031 0.232422 0.711914 0.227539 0.721680 0.220703 0.724609 0.224609 0.732422 0.222656 0.738281 0.219727 0.741211 0.215820 0.742188 0.214844 0.751953 0.211914 0.756836 0.206055 0.756836 0.204102 0.758789 0.201172 0.759766
0 0.218750 0.916992 0.211914 0.918945 0.209961 0.928711 0.205078 0.931641 0.203125 0.928711 0.202148 0.923828 0.198242 0.922852 0.194336 0.920898 0.185547 0.926758 0.183594 0.918945 0.180664 0.916992 0.172852 0.918945 0.169922 0.924805 0.158203 0.923828 0.149414 0.927734 0.132812 0.932617 0.124023 0.926758 0.113281 0.930664 0.098633 0.928711 0.091797 0.917969 0.091797 0.910156 0.087891 0.902344 0.091797 0.898438 0.085938 0.891602 0.083008 0.877930 0.081055 0.871094 0.084961 0.869141 0.091797 0.868164 0.090820 0.864258 0.084961 0.864258 0.085938 0.859375 0.079102 0.857422 0.073242 0.855469 0.076172 0.851562 0.074219 0.847656 0.079102 0.841797 0.083984 0.832031 0.093750 0.827148 0.093750 0.824219 0.094727 0.818359 0.094727 0.813477 0.089844 0.812500 0.084961 0.813477 0.081055 0.811523 0.083984 0.805664 0.083984 0.802734 0.089844 0.794922 0.094727 0.786133 0.101562 0.784180 0.103516 0.775391 0.112727 0.778002 0.175781 0.778320 0.191406 0.788086 0.206055 0.800781 0.227539 0.808594 0.236328 0.815430 0.235352 0.823242 0.241211 0.825195 0.242188 0.831055 0.245117 0.840820 0.242188 0.847656 0.240234 0.854492 0.235352 0.863281 0.244141 0.864258 0.244141 0.871094 0.235352 0.874023 0.232422 0.879883 0.223633 0.870117 0.218750 0.875000 0.221680 0.882812 0.220703 0.896484 0.225586 0.904297 0.223633 0.908203 0.221680 0.909180
0 0.007812 0.772461 0.010742 0.780273 0.025391 0.785156 0.030273 0.789062 0.042969 0.788086 0.048828 0.781250 0.056641 0.786133 0.064453 0.784180 0.071289 0.788086 0.071289 0.798828 0.075195 0.805664 0.073242 0.813477 0.062500 0.813477 0.073242 0.823242 0.074219 0.831055 0.077148 0.831055 0.077148 0.838867 0.077148 0.843750 0.074219 0.847656 0.072266 0.848633 0.067383 0.853516 0.068359 0.859375 0.069336 0.865234 0.072266 0.868164 0.074219 0.875000 0.080078 0.890625 0.070312 0.902344 0.065430 0.904297 0.077148 0.911133 0.065430 0.920898 0.058594 0.918945 0.047852 0.921875 0.041992 0.919922 0.037109 0.925781 0.035156 0.934570 0.023438 0.944336 0.000000 0.921825 0.000000 0.868164 0.003906 0.863281 0.000000 0.857422 0.000000 0.835938 0.001953 0.832031 0.000000 0.827148 0.005859 0.822266 0.005859 0.816406 0.000977 0.815430 0.000000 0.813477 0.000000 0.762695 0.002930 0.760742 0.004883 0.765625
1 0.296875 0.545898 0.291992 0.545898 0.287109 0.540039 0.278320 0.539062 0.278320 0.536133 0.275391 0.533203 0.275391 0.527344 0.270508 0.523438 0.269531 0.516602 0.279297 0.502930 0.288086 0.517578 0.298828 0.521484 0.303711 0.531250 0.300781 0.540039 0.303711 0.542969 0.301758 0.545898 0.297852 0.543945
1 0.308594 0.478516 0.302734 0.475586 0.294922 0.478516 0.284180 0.477539 0.280273 0.468750 0.275391 0.468750 0.274414 0.472656 0.269531 0.468750 0.265625 0.460938 0.265625 0.454102 0.267578 0.439453 0.272461 0.435547 0.276367 0.430664 0.288086 0.435547 0.296875 0.431641 0.299805 0.434570 0.308594 0.425781 0.320312 0.430664 0.320312 0.437500 0.326172 0.442383 0.325195 0.452148 0.323242 0.459961 0.319336 0.467773 0.323242 0.476562 0.316406 0.481445
1 0.299805 0.378906 0.291992 0.384766 0.286133 0.391602 0.278320 0.387695 0.277344 0.379883 0.271484 0.382812 0.268555 0.377930 0.270508 0.375000 0.267578 0.371094 0.258789 0.367188 0.258789 0.354492 0.260742 0.346680 0.268555 0.344727 0.273438 0.343750 0.278320 0.326172 0.289062 0.332031 0.293945 0.341797 0.298828 0.340820 0.303711 0.348633 0.306641 0.356445
1 0.301758 0.293945 0.296875 0.298828 0.275391 0.288086 0.270508 0.282227 0.258789 0.279297 0.263672 0.258789 0.271484 0.258789 0.285156 0.250000 0.292969 0.246094 0.305664 0.251953 0.308594 0.256836 0.315430 0.257812 0.322266 0.261719 0.317383 0.266602 0.324219 0.271484 0.327148 0.280273 0.319336 0.284180 0.315430 0.286133 0.318359 0.291992 0.317383 0.297852 0.311523 0.298828
1 0.296875 0.208984 0.283072 0.204650 0.273438 0.194336 0.263672 0.178711 0.266602 0.166992 0.272461 0.162109 0.281250 0.156250 0.289062 0.153320 0.303711 0.161133 0.311523 0.170898 0.317383 0.173828 0.318359 0.185547 0.322266 0.188477 0.316406 0.194336 0.309570 0.201172 0.304688 0.202148
1 0.269592 0.000000 0.274414 0.014648 0.281250 0.016602 0.287109 0.012695 0.296875 0.022461 0.303711 0.021484 0.309570 0.016602 0.321289 0.016602 0.324219 0.011719 0.325195 0.000000
1 0.456055 0.074219 0.452425 0.068998 0.436523 0.060547 0.437500 0.048828 0.440430 0.044922 0.442383 0.038086 0.450195 0.031250 0.462891 0.031250 0.463867 0.036133 0.467773 0.037109 0.468750 0.040039 0.476562 0.042969 0.479492 0.049805 0.475586 0.051758 0.476562 0.060547 0.466797 0.063477 0.468750 0.072266 0.459961 0.070312
1 0.550781 0.087891 0.544922 0.089844 0.540039 0.084961 0.531250 0.079102 0.532227 0.070312 0.531250 0.063477 0.535156 0.057617 0.539062 0.050781 0.547852 0.048828 0.552734 0.053711 0.557617 0.053711 0.558594 0.056641 0.562500 0.054688 0.564453 0.064453 0.563477 0.071289 0.565430 0.074219 0.564453 0.076172 0.565430 0.081055 0.559570 0.082031 0.560547 0.085938 0.556641 0.088867
1 0.644531 0.101562 0.635742 0.103516 0.630859 0.100586 0.630859 0.094727 0.625000 0.099609 0.622070 0.084961 0.625000 0.082031 0.624023 0.078125 0.631836 0.064453 0.642578 0.062500 0.647461 0.065430 0.652344 0.065430 0.652344 0.069336 0.647461 0.072266 0.647461 0.074219 0.652344 0.075195 0.655273 0.079102 0.655273 0.081055 0.653320 0.083008 0.652344 0.085938 0.656250 0.086914 0.654297 0.089844 0.651367 0.093750 0.647461 0.097656
1 0.739515 0.120693 0.724278 0.114946 0.715992 0.097973 0.719467 0.086077 0.732164 0.079930 0.744594 0.091424 0.748202 0.102517 0.749138 0.111873
1 0.806641 0.046875 0.802734 0.043945 0.793945 0.041992 0.788086 0.036133 0.785156 0.028320 0.788086 0.017578 0.793945 0.011719 0.803595 0.009761 0.808594 0.006836 0.815430 0.003906 0.816406 0.005859 0.819336 0.006836 0.817383 0.013672 0.819336 0.016602 0.824219 0.013672 0.824219 0.017578 0.823242 0.020508 0.824219 0.025391 0.820312 0.029297 0.817383 0.034180 0.815430 0.035156 0.810547 0.043945
1 0.811523 0.139648 0.795898 0.131836 0.792969 0.111328 0.798828 0.099609 0.810476 0.098875 0.822266 0.097656 0.826172 0.107422 0.832031 0.111328 0.833984 0.119141 0.833984 0.119141 0.828125 0.124023 0.829102 0.135742 0.822266 0.136719 0.819336 0.135742 0.818359 0.137695
1 0.895508 0.062500 0.886719 0.060547 0.878906 0.057617 0.875977 0.049805 0.870117 0.045898 0.875000 0.031250 0.877930 0.031250 0.892578 0.020508 0.899414 0.018555 0.901367 0.020508 0.907227 0.019531 0.908203 0.024414 0.907227 0.029297 0.909180 0.031250 0.910156 0.036133 0.910156 0.041992 0.907227 0.047852 0.902344 0.052734 0.902344 0.052734
1 0.916016 0.137695 0.910156 0.142578 0.904297 0.143555 0.902344 0.146484 0.895508 0.150391 0.884766 0.148438 0.878906 0.132812 0.883789 0.130859 0.885742 0.127930 0.888672 0.125977 0.887695 0.122070 0.892578 0.117188 0.898438 0.117188 0.900391 0.119141 0.904297 0.113281 0.907227 0.116211 0.913086 0.115234 0.915039 0.119141 0.916016 0.123047 0.918945 0.124023 0.918945 0.129883 0.918945 0.132812 0.922852 0.132812
1 0.982422 0.073242 0.977680 0.075930 0.961586 0.071186 0.957031 0.063477 0.957031 0.055664 0.962891 0.047852 0.968750 0.045898 0.973633 0.044922 0.979544 0.037980 0.989258 0.036133 0.991211 0.040039 0.993164 0.049805 0.998047 0.047852 1.000000 0.050781 0.998047 0.053711 1.000000 0.056641 1.000000 0.063477 0.996094 0.067383 0.987305 0.069336
1 0.992188 0.164062 0.985352 0.164062 0.973633 0.156250 0.973633 0.148438 0.970703 0.145508 0.971680 0.140625 0.974609 0.136719 0.984375 0.131836 0.986328 0.134766 0.989258 0.134766 0.991211 0.130859 0.999023 0.126953 1.000000 0.128906 1.000000 0.158203 0.999023 0.159180 0.998047 0.162109 0.995117 0.164062
1 1.000000 0.252930 0.997070 0.251953 0.995117 0.250000 0.991211 0.250977 0.985352 0.250000 0.981445 0.250977 0.977539 0.239258 0.975586 0.233398 0.977539 0.232422 0.977539 0.224609 0.982422 0.220703 0.986328 0.222656 0.990234 0.219727 0.994141 0.218750 0.997070 0.215820 1.000000 0.216797
1 0.911133 0.233398 0.903320 0.234375 0.893555 0.220703 0.890625 0.215820 0.893555 0.209961 0.896484 0.208984 0.901367 0.208008 0.906250 0.204102 0.909180 0.203125 0.913086 0.204102 0.916992 0.203125 0.921875 0.207031 0.920898 0.211914 0.925781 0.211914 0.927734 0.215820 0.926758 0.219727 0.923828 0.222656 0.922852 0.226562 0.919922 0.228516 0.915039 0.229492
1 0.805664 0.206055 0.806641 0.197266 0.801758 0.191406 0.805664 0.190430 0.811523 0.184570 0.821289 0.177734 0.830078 0.179688 0.836914 0.178711 0.839844 0.184570 0.837891 0.190430 0.839844 0.192383 0.840820 0.199219 0.834961 0.205078 0.834961 0.208984 0.833984 0.214844 0.830078 0.217773 0.824219 0.214844 0.823242 0.218750 0.817383 0.218750 0.811523 0.212891 0.810547 0.208008 0.809570 0.205078
1 0.735352 0.203125 0.723633 0.204102 0.712891 0.196289 0.708444 0.187443 0.720703 0.170898 0.731445 0.171875 0.737305 0.176758 0.742188 0.174805 0.745117 0.177734 0.743164 0.184570 0.747070 0.186523 0.743164 0.191406 0.744141 0.195312 0.741211 0.195312
1 0.653320 0.196289 0.644531 0.194336 0.638805 0.193754 0.624072 0.179022 0.625000 0.174805 0.623047 0.163086 0.632795 0.151109 0.641602 0.151367 0.648438 0.149414 0.654297 0.150391 0.654297 0.154297 0.653320 0.157227 0.656250 0.159180 0.655273 0.163086 0.655273 0.165039 0.658203 0.167969 0.662109 0.170898 0.660156 0.177734 0.656250 0.183594 0.660156 0.186523 0.660156 0.190430 0.656250 0.191406
1 0.556641 0.177734 0.551758 0.176758 0.544922 0.172852 0.543945 0.175781 0.541016 0.174805 0.537109 0.165039 0.536294 0.160504 0.535156 0.150391 0.539062 0.144531 0.545898 0.141602 0.556641 0.135742 0.562500 0.137695 0.567383 0.138672 0.569336 0.144531 0.572266 0.145508 0.574219 0.154297 0.576172 0.156250 0.575195 0.160156 0.573242 0.165039 0.568359 0.165039 0.567383 0.169922 0.565430 0.173828 0.561523 0.178711 0.559570 0.176758
1 0.470703 0.157227 0.459961 0.162109 0.455078 0.158203 0.451172 0.147461 0.452148 0.134766 0.456055 0.132812 0.464844 0.125000 0.472656 0.126953 0.481445 0.133789 0.490932 0.139874 0.489258 0.142578 0.485352 0.145508 0.485352 0.152344 0.480469 0.156250 0.478516 0.156250 0.474609 0.157227
1 0.481445 0.246094 0.475586 0.249023 0.471680 0.250000 0.466797 0.248047 0.463867 0.249023 0.458008 0.245117 0.452148 0.236328 0.453125 0.231445 0.451172 0.227539 0.458008 0.225586 0.469841 0.216359 0.477539 0.215820 0.481445 0.219727 0.486328 0.221680 0.491211 0.223633 0.491211 0.228516 0.489258 0.231445 0.490234 0.233398 0.487305 0.233398 0.487305 0.237305 0.484375 0.241211 0.481445 0.242188
1 0.569336 0.269531 0.555664 0.265625 0.550781 0.265625 0.544922 0.260742 0.543945 0.249023 0.544922 0.245117 0.547852 0.241211 0.554926 0.234802 0.559570 0.232422 0.569336 0.232422 0.572266 0.234375 0.577148 0.236328 0.577148 0.240234 0.583008 0.245117 0.583984 0.248047 0.581055 0.251953 0.578125 0.255859 0.575195 0.256836 0.575195 0.261719 0.575195 0.266602 0.571289 0.266602
1 0.651367 0.279297 0.648438 0.283203 0.640625 0.285156 0.633789 0.277344 0.629883 0.274414 0.627930 0.264648 0.634766 0.251953 0.643555 0.249023 0.649414 0.250000 0.656250 0.247070 0.660156 0.248047 0.671875 0.266602 0.666992 0.269531 0.666016 0.272461 0.663086 0.273438 0.661133 0.279297 0.662109 0.283203
1 0.749023 0.295898 0.743164 0.296875 0.740234 0.299805 0.738281 0.296875 0.729492 0.297852 0.725586 0.291992 0.719727 0.289062 0.717773 0.278320 0.720703 0.271484 0.731445 0.261719 0.739258 0.263672 0.750000 0.263672 0.751953 0.271484 0.753382 0.278055 0.754883 0.288086
1 0.828125 0.310547 0.824219 0.307617 0.821289 0.308594 0.815430 0.306641 0.813477 0.306641 0.810547 0.304688 0.808594 0.294922 0.807617 0.288086 0.811932 0.282784 0.820312 0.275391 0.825195 0.275391 0.833008 0.274414 0.834961 0.277344 0.838867 0.277344 0.838867 0.280273 0.836914 0.281250 0.840820 0.286133 0.839844 0.288086 0.836914 0.290039 0.834961 0.293945 0.836914 0.298828 0.836914 0.301758 0.835938 0.304688 0.830078 0.308594
1 0.919922 0.324219 0.913086 0.325195 0.903320 0.323242 0.900391 0.321289 0.897461 0.320312 0.895508 0.317383 0.896484 0.314453 0.892599 0.302777 0.893555 0.298828 0.898438 0.298828 0.902366 0.296730 0.906250 0.295898 0.913086 0.292969 0.915039 0.293945 0.919922 0.291016 0.925781 0.290039 0.927734 0.293945 0.930664 0.294922 0.934570 0.298828 0.932617 0.304688 0.937500 0.306641 0.938477 0.311523 0.937500 0.314453 0.927734 0.321289 0.923828 0.320312
1 0.930664 0.417969 0.911133 0.416992 0.908203 0.411133 0.902344 0.410156 0.901367 0.405273 0.900391 0.401367 0.901367 0.398438 0.904297 0.395508 0.906250 0.393555 0.903320 0.391602 0.903320 0.388672 0.906250 0.385742 0.914062 0.375977 0.922852 0.373047 0.927734 0.376953 0.934570 0.378906 0.937500 0.384766 0.943359 0.388672 0.945312 0.394531 0.947266 0.404297 0.946289 0.409180 0.940430 0.411133
1 0.838245 0.398662 0.826901 0.401535 0.815406 0.389737 0.816406 0.376953 0.826172 0.373047 0.829102 0.369141 0.833008 0.370117 0.841797 0.371094 0.853516 0.375977 0.852539 0.383789 0.848633 0.388672
1 0.750000 0.384766 0.742188 0.382812 0.737305 0.379883 0.728516 0.365234 0.733398 0.358398 0.737665 0.355887 0.750977 0.350586 0.755859 0.354492 0.756836 0.359375 0.762695 0.358398 0.763672 0.361328 0.766602 0.361328 0.766602 0.365234 0.768555 0.371094 0.764648 0.374023 0.760742 0.376953 0.755859 0.377930 0.756836 0.382812
1 0.662109 0.369141 0.650391 0.362305 0.643555 0.350586 0.640625 0.349609 0.643555 0.341797 0.654297 0.338867 0.658203 0.335938 0.663086 0.335938 0.669922 0.340820 0.674805 0.348633 0.672852 0.357422 0.670898 0.365234 0.666016 0.367188
1 0.582031 0.357422 0.578125 0.355469 0.572266 0.356445 0.561523 0.355469 0.555664 0.349609 0.557617 0.346680 0.553711 0.336914 0.557617 0.331055 0.561523 0.327148 0.568359 0.327148 0.577110 0.327242 0.585938 0.344727 0.583984 0.348633 0.583984 0.353516
1 0.482422 0.344727 0.479492 0.342773 0.476562 0.344727 0.471148 0.344018 0.467773 0.340820 0.464844 0.340820 0.460938 0.338867 0.458008 0.329102 0.460938 0.320312 0.458984 0.314453 0.463867 0.312500 0.473633 0.305664 0.481290 0.306595 0.489258 0.311523 0.496094 0.312500 0.497070 0.317383 0.499023 0.319336 0.496094 0.321289 0.499023 0.324219 0.499023 0.329102 0.496094 0.334961 0.493164 0.334961 0.495117 0.338867 0.492188 0.341797 0.488281 0.342773 0.487305 0.340820 0.486328 0.341797
1 0.491194 0.433019 0.485352 0.437500 0.478516 0.434570 0.464844 0.423828 0.465127 0.419700 0.470703 0.416016 0.479492 0.404297 0.482422 0.399414 0.486187 0.398755 0.498047 0.401367 0.505859 0.413086 0.500977 0.418945 0.503906 0.419922 0.503906 0.423828 0.500977 0.429688 0.500977 0.433594 0.499023 0.433594 0.496094 0.435547
1 0.496094 0.521484 0.490301 0.521238 0.485352 0.521484 0.476789 0.519012 0.475586 0.509766 0.474562 0.502232 0.479492 0.494141 0.488281 0.494141 0.493164 0.491211 0.495117 0.496094 0.496094 0.500000 0.501953 0.500977 0.506836 0.500977 0.506836 0.504883 0.509766 0.505859 0.508789 0.510742 0.503906 0.514648 0.500000 0.514648
1 0.576172 0.449219 0.573242 0.446289 0.569336 0.446289 0.563477 0.442383 0.560547 0.442383 0.558594 0.432617 0.556641 0.429688 0.557617 0.420898 0.566406 0.416016 0.569632 0.413609 0.579102 0.415039 0.583008 0.416016 0.587891 0.421875 0.590820 0.421875 0.591797 0.424805 0.588867 0.433594 0.590820 0.444336 0.581055 0.449219
1 0.570312 0.543945 0.561114 0.535504 0.556912 0.524817 0.562500 0.519531 0.564116 0.507528 0.570312 0.503906 0.573242 0.500977 0.580078 0.504883 0.586914 0.505859 0.588867 0.511719 0.594727 0.512695 0.599609 0.518555 0.599609 0.524414 0.594727 0.531250 0.590820 0.533203 0.586914 0.537109 0.585938 0.535156 0.583984 0.537109 0.583008 0.540039 0.580078 0.541992 0.578125 0.541992 0.575195 0.544922 0.572266 0.543945
1 0.668945 0.465820 0.662109 0.461914 0.657262 0.462837 0.649414 0.456055 0.645795 0.447377 0.648438 0.437500 0.652623 0.435524 0.655273 0.429688 0.663086 0.428711 0.671875 0.434570 0.673828 0.437500 0.678711 0.437500 0.686523 0.444336 0.686523 0.450195 0.682617 0.456055 0.681641 0.458984 0.676758 0.459961 0.675781 0.463867 0.672852 0.463867
1 0.676758 0.554688 0.668945 0.556641 0.658203 0.551758 0.648438 0.542969 0.647461 0.530273 0.655071 0.526093 0.668945 0.520508 0.679688 0.522461 0.687500 0.536133 0.686523 0.543945 0.684570 0.547852 0.680664 0.547852 0.678711 0.548828
1 0.737305 0.471680 0.734375 0.471680 0.727539 0.462891 0.728516 0.455078 0.735352 0.447266 0.742188 0.441406 0.756836 0.439453 0.757812 0.444336 0.764648 0.446289 0.771484 0.450195 0.771484 0.458984 0.770508 0.464844 0.769531 0.467773 0.769531 0.474609 0.763672 0.477539 0.757812 0.476562 0.757812 0.479492 0.753906 0.480469 0.745117 0.475586 0.744141 0.472656 0.739258 0.473633
1 0.763672 0.569336 0.749023 0.568359 0.747070 0.562500 0.743164 0.562500 0.740234 0.559570 0.739258 0.554688 0.739258 0.549805 0.742188 0.542969 0.743164 0.532227 0.749023 0.531250 0.752930 0.530273 0.755859 0.526367 0.761719 0.529297 0.767578 0.535156 0.772461 0.539062 0.774414 0.541016 0.774414 0.541992 0.779297 0.547852 0.781250 0.550781 0.781250 0.555664 0.780273 0.559570 0.776367 0.561523 0.774414 0.565430 0.770508 0.566406 0.767578 0.569336
1 0.853516 0.490234 0.847656 0.491211 0.839844 0.491211 0.833984 0.493164 0.825195 0.485352 0.820312 0.486328 0.821289 0.478516 0.824219 0.462891 0.829102 0.459961 0.832649 0.457601 0.850586 0.456055 0.853516 0.460938 0.858398 0.463867 0.861328 0.481445 0.860352 0.487305 0.856445 0.492188
1 0.851998 0.576453 0.836277 0.574553 0.824876 0.556414 0.842323 0.543803 0.856144 0.555550 0.862708 0.560732
1 0.941406 0.506836 0.931641 0.507812 0.924805 0.508789 0.917969 0.504883 0.919922 0.502930 0.914062 0.500000 0.907227 0.488281 0.914062 0.470703 0.918945 0.471680 0.927734 0.471680 0.935547 0.471680 0.945045 0.477031 0.949219 0.481445 0.944336 0.484375 0.949219 0.487305 0.951172 0.491211 0.949219 0.500000
1 0.933594 0.598633 0.925210 0.595278 0.920898 0.593750 0.919922 0.588867 0.915039 0.586914 0.910156 0.584961 0.911133 0.579102 0.913086 0.577148 0.913086 0.566406 0.919922 0.563477 0.923828 0.558594 0.928711 0.559570 0.935547 0.556641 0.939453 0.557617 0.941406 0.561523 0.943359 0.562500 0.944336 0.568359 0.947266 0.570312 0.950195 0.570312 0.953125 0.568359 0.958984 0.573242 0.960938 0.579102 0.958008 0.583008 0.956055 0.584961 0.952148 0.590820 0.949219 0.592773 0.947266 0.594727 0.944336 0.596680 0.940430 0.595703 0.936523 0.595703
1 0.509766 0.707031 0.500000 0.710938 0.493164 0.706055 0.486328 0.702148 0.480316 0.691428 0.481445 0.686523 0.481445 0.675781 0.489258 0.676758 0.497070 0.676758 0.500977 0.673828 0.510742 0.677734 0.515625 0.676758 0.524414 0.686523 0.524414 0.693359 0.523438 0.698242 0.518555 0.698242 0.515625 0.702148
1 0.591797 0.724609 0.582681 0.717624 0.578125 0.714844 0.580078 0.697266 0.588867 0.689453 0.602052 0.691868 0.605469 0.694336 0.606445 0.702148 0.605469 0.709961 0.598633 0.719727
1 0.590820 0.629883 0.584961 0.631836 0.577148 0.629883 0.570312 0.623047 0.567518 0.602026 0.572266 0.597656 0.578125 0.598633 0.582031 0.594727 0.586914 0.596680 0.598256 0.602217 0.603220 0.610809 0.605469 0.614258 0.601562 0.622070
1 0.672852 0.645508 0.671875 0.642578 0.665039 0.642578 0.659058 0.637557 0.654297 0.616211 0.659180 0.614258 0.663086 0.606445 0.667969 0.606445 0.676758 0.608398 0.683594 0.608398 0.693359 0.618164 0.695312 0.630859 0.692383 0.639648 0.686523 0.643555 0.680664 0.644531 0.675781 0.646484
1 0.685547 0.738281 0.682617 0.735352 0.676758 0.735352 0.671875 0.731445 0.665084 0.711594 0.668945 0.705078 0.670898 0.699219 0.680664 0.699219 0.685547 0.698242 0.687500 0.703125 0.696766 0.704362 0.697266 0.709961 0.704102 0.712891 0.708984 0.719727 0.704102 0.726562 0.696289 0.731445
1 0.765625 0.659180 0.757812 0.659180 0.749023 0.656250 0.748047 0.649414 0.744141 0.643555 0.744141 0.635742 0.747070 0.628906 0.751953 0.625000 0.756836 0.625977 0.763672 0.620117 0.772461 0.624023 0.780273 0.634766 0.781250 0.649414 0.783203 0.658203 0.778320 0.658203 0.774414 0.656250 0.768555 0.660156
1 0.776367 0.750977 0.765625 0.750977 0.757812 0.745117 0.748047 0.736328 0.749023 0.729492 0.749023 0.724609 0.750000 0.719727 0.754883 0.716797 0.756836 0.716797 0.761719 0.710938 0.775391 0.709961 0.785156 0.713867 0.788086 0.718750 0.785156 0.720703 0.790039 0.730469 0.793945 0.739258 0.790039 0.740234 0.789062 0.744141 0.786133 0.748047 0.781250 0.747070 0.780273 0.750000
1 0.868164 0.671875 0.855469 0.676758 0.852539 0.671875 0.848633 0.673828 0.837891 0.666992 0.835938 0.661133 0.832031 0.659180 0.835938 0.648438 0.838867 0.637695 0.847656 0.642578 0.850586 0.637695 0.859375 0.639648 0.870117 0.645508 0.874023 0.652344 0.872070 0.662109
1 0.866211 0.759766 0.861328 0.764648 0.850586 0.760742 0.842773 0.748047 0.842773 0.741211 0.842773 0.729492 0.854492 0.725586 0.858398 0.728516 0.863281 0.729492 0.867586 0.730087 0.873081 0.735726 0.877930 0.738281 0.878720 0.746281 0.871094 0.759766
1 0.953125 0.683594 0.943359 0.685547 0.938477 0.687500 0.921875 0.682617 0.920898 0.671875 0.930664 0.653320 0.937500 0.656250 0.940430 0.653320 0.948242 0.655273 0.949219 0.661133 0.954353 0.665349 0.954102 0.672852 0.958008 0.677734
1 0.971680 0.760742 0.973633 0.763672 0.971680 0.776367 0.959961 0.783203 0.955314 0.780080 0.946289 0.781250 0.937500 0.775391 0.934570 0.769531 0.928711 0.765625 0.922852 0.753906 0.929688 0.748047 0.933594 0.740234 0.940952 0.737972 0.943359 0.741211 0.949219 0.738281 0.953125 0.738281 0.958008 0.744141 0.965820 0.750977 0.973633 0.754883
1 0.517578 0.800781 0.508789 0.798828 0.501953 0.799805 0.495117 0.791016 0.486328 0.780273 0.486328 0.772461 0.490234 0.762695 0.503906 0.758789 0.509766 0.760742 0.519531 0.762695 0.525881 0.779293 0.526367 0.787109 0.522461 0.789062
1 0.517578 0.892578 0.504416 0.892927 0.497070 0.888672 0.494355 0.882285 0.491211 0.874023 0.496677 0.860615 0.498047 0.858398 0.501953 0.857422 0.504883 0.855469 0.509766 0.850586 0.520508 0.853516 0.527344 0.854492 0.530273 0.863281 0.534180 0.866211 0.535156 0.875000 0.533203 0.878906 0.529297 0.879883 0.531250 0.883789 0.524414 0.887695 0.519531 0.887695
1 0.537109 0.978516 0.527344 0.978516 0.524414 0.982422 0.516024 0.982314 0.508789 0.979492 0.506836 0.970703 0.500000 0.965820 0.501953 0.958984 0.505859 0.954102 0.503906 0.950195 0.504883 0.943359 0.510742 0.943359 0.516602 0.940430 0.531250 0.944336 0.529297 0.949219 0.533203 0.955078 0.536133 0.960938 0.540039 0.963867 0.541016 0.966797 0.541016 0.970703 0.539062 0.971680 0.537109 0.973633
1 0.609375 0.989258 0.604492 0.991211 0.598633 0.981445 0.592773 0.980469 0.590820 0.969727 0.594727 0.963867 0.602539 0.957031 0.608398 0.958984 0.616211 0.967773 0.625977 0.975586 0.622070 0.979492 0.624023 0.984375 0.620117 0.987305 0.618164 0.990234
1 0.597656 0.904297 0.592773 0.904297 0.586110 0.895295 0.583984 0.888672 0.585938 0.879883 0.588867 0.875000 0.592773 0.871094 0.600586 0.873047 0.610352 0.871094 0.613281 0.875000 0.616211 0.874023 0.619141 0.875977 0.618164 0.880859 0.622070 0.878906 0.624023 0.881836 0.623047 0.884766 0.622070 0.891602 0.621094 0.898438 0.617188 0.902344 0.613281 0.901367 0.611328 0.908203 0.603516 0.907227 0.601562 0.906250
1 0.601562 0.804688 0.594727 0.805664 0.583008 0.793945 0.591797 0.780273 0.599609 0.777344 0.607924 0.785866 0.611328 0.795898
1 0.692383 0.834961 0.685547 0.833984 0.677734 0.836914 0.677734 0.830078 0.673828 0.827148 0.666992 0.813477 0.663086 0.809570 0.662109 0.805664 0.669169 0.802503 0.673828 0.791992 0.685547 0.789062 0.692383 0.794922 0.695312 0.804688 0.701172 0.808594 0.708008 0.812500 0.708008 0.818359 0.708008 0.818359 0.706055 0.820312 0.708984 0.830078 0.704102 0.829102 0.700195 0.831055 0.698242 0.832031 0.694336 0.835938
1 0.698242 0.922852 0.687500 0.919922 0.681641 0.909180 0.677734 0.909180 0.675781 0.893555 0.674805 0.885742 0.678711 0.882812 0.685547 0.882812 0.690430 0.884766 0.692383 0.879883 0.700193 0.877267 0.707600 0.884114 0.709961 0.888672 0.708008 0.896484 0.711914 0.901367 0.710938 0.909180 0.706055 0.910156 0.702148 0.912109 0.706055 0.917969
1 0.791016 0.936523 0.778320 0.933594 0.776367 0.928711 0.771484 0.927734 0.760742 0.917969 0.762695 0.914062 0.762695 0.907227 0.759766 0.903320 0.776367 0.896484 0.781250 0.900391 0.787109 0.896484 0.791992 0.900391 0.794922 0.902344 0.794922 0.904297 0.795898 0.910156 0.802734 0.914062 0.800781 0.916992 0.799805 0.921875 0.798828 0.923828 0.795898 0.925781 0.796875 0.934570 0.794922 0.935547
1 0.869141 0.857422 0.861328 0.852539 0.847656 0.837891 0.852539 0.829102 0.863281 0.827148 0.867188 0.829102 0.872070 0.831055 0.880859 0.841797 0.878906 0.844727 0.875000 0.855469
1 0.876953 0.946289 0.872070 0.949219 0.866211 0.946289 0.863281 0.940430 0.859375 0.937500 0.856445 0.933594 0.849609 0.932617 0.846680 0.919922 0.854492 0.911133 0.862305 0.910156 0.870117 0.907227 0.878906 0.919922 0.890955 0.923045 0.890625 0.934570 0.894531 0.937500 0.891602 0.939453 0.889648 0.943359 0.884766 0.943359 0.882812 0.949219
1 0.978516 0.954102 0.966797 0.958008 0.962891 0.952148 0.958008 0.951172 0.955078 0.953125 0.950195 0.949219 0.944336 0.943359 0.938477 0.939453 0.939453 0.929688 0.945312 0.927734 0.954102 0.925781 0.959961 0.925781 0.960938 0.927734 0.964844 0.928711 0.968750 0.936523 0.970703 0.941406 0.975586 0.943359 0.979492 0.949219 0.975586 0.950195
1 0.975586 0.870117 0.968750 0.874023 0.959961 0.871094 0.956216 0.874507 0.948242 0.869141 0.943359 0.873047 0.936523 0.865234 0.936523 0.856445 0.937500 0.851562 0.935853 0.842721 0.938477 0.836914 0.950195 0.827148 0.955078 0.830078 0.960938 0.830078 0.959961 0.836914 0.962891 0.838867 0.966797 0.834961 0.973633 0.842773 0.978516 0.854492 0.976562 0.860352 0.976562 0.860352
0 0.242188 0.992188 0.247070 0.984375 0.253906 0.980469 0.263672 0.973633 0.266602 0.958984 0.272461 0.956055 0.271484 0.945312 0.276367 0.941406 0.283203 0.941406 0.289062 0.941406 0.293945 0.937500 0.304688 0.940430 0.305664 0.951172 0.309570 0.952148 0.315430 0.952148 0.311523 0.961914 0.303711 0.971680 0.306641 0.974609 0.303711 0.981445 0.306641 0.983398 0.314453 0.981445 0.317383 0.985352 0.314453 0.992188 0.309570 0.994141 0.306641 1.000000 0.244141 1.000000 0.242188 0.996094
0 0.000000 0.627930 0.003906 0.633789 0.011719 0.632812 0.020508 0.638672 0.026367 0.643555 0.040039 0.632812 0.039062 0.624023 0.041992 0.619141 0.048828 0.608398 0.043945 0.597656 0.042969 0.587891 0.037109 0.579102 0.032227 0.575195 0.025391 0.575195 0.014648 0.582031 0.007812 0.580078 0.003906 0.582031 0.000000 0.580078
1 0.312500 0.075195 0.308594 0.066406 0.297852 0.049805 0.308594 0.050781 0.312500 0.041016 0.317383 0.042969 0.325195 0.034180 0.325195 0.046875 0.330078 0.059570 0.327148 0.066406 0.329102 0.071289 0.322266 0.073242
1 0.614258 0.000000 0.615234 0.005859 0.621094 0.010742 0.625000 0.019531 0.628906 0.016602 0.630859 0.009766 0.635742 0.011719 0.645508 0.005859 0.642578 0.001953 0.635742 0.000000
1 0.705078 0.000000 0.699219 0.007812 0.705078 0.014648 0.700195 0.020508 0.705078 0.032227 0.710938 0.035156 0.717773 0.031250 0.727539 0.026367 0.728516 0.021484 0.733398 0.015625 0.734375 0.008789 0.737305 0.006836 0.734375 0.001953 0.731445 0.000000
1 0.481445 0.593750 0.477539 0.583008 0.484375 0.583008 0.493164 0.575195 0.504883 0.580078 0.504883 0.580078 0.511719 0.590820 0.510742 0.599609 0.505859 0.613281 0.492188 0.613281 0.478516 0.603516 0.477539 0.600586 0.482422 0.597656
1 1.000000 0.423828 0.995117 0.416992 0.994141 0.408203 1.000000 0.400391
1 1.000000 0.336914 0.988281 0.329102 0.993164 0.322266 0.993164 0.316406 0.997070 0.311523 1.000000 0.310547
1 0.692383 0.987305 0.679688 0.979492 0.687500 0.969727 0.704102 0.959961 0.720703 0.964844 0.726562 0.969727 0.724609 0.975586 0.726562 0.982422 0.717773 0.985352 0.707031 0.987305 0.699219 0.989258
1 0.765625 0.978516 0.773438 0.977539 0.781250 0.973633 0.790039 0.975586 0.796875 0.981445 0.799805 0.988281 0.791992 0.996094 0.787109 0.999023 0.781250 0.993164 0.775391 0.994141
1 0.861328 1.000000 0.850586 0.991211 0.852539 0.985352 0.858398 0.979492 0.865234 0.979492 0.876953 0.987305 0.876953 0.994141 0.876953 1.000000