1 0.000977 0.338867 0.011719 0.338867 0.012695 0.349609 0.004883 0.351562 0.000000 0.348633
1 0.010742 0.347656 0.022461 0.350586 0.021484 0.362305 0.009766 0.360352
1 0.022461 0.358398 0.033203 0.358398 0.037109 0.370117 0.024414 0.370117
1 0.031250 0.369141 0.042969 0.371094 0.045898 0.379883 0.036133 0.381836 0.031250 0.375977
1 0.043945 0.376953 0.056641 0.379883 0.055664 0.392578 0.045898 0.393555 0.041016 0.383789
1 0.056641 0.384766 0.067383 0.391602 0.067383 0.401367 0.057617 0.402344 0.049805 0.394531
1 0.067383 0.397461 0.078125 0.401367 0.076172 0.410156 0.064453 0.411133 0.065430 0.406250
1 0.078125 0.409180 0.088867 0.412109 0.089844 0.421875 0.079102 0.422852 0.077148 0.416016
1 0.092773 0.419922 0.102539 0.422852 0.102539 0.422852 0.102539 0.432617 0.102539 0.432617 0.094727 0.432617 0.089844 0.422852
1 0.103516 0.434570 0.111328 0.433594 0.115234 0.444336 0.103516 0.448242 0.103516 0.448242 0.096680 0.440430
1 0.120117 0.447266 0.129883 0.452148 0.128906 0.461914 0.120117 0.458008
1 0.134766 0.458984 0.150391 0.469727 0.152344 0.481445 0.145508 0.483398 0.145508 0.483398 0.133789 0.471680 0.127930 0.464844
1 0.153320 0.479492 0.163086 0.483398 0.163086 0.496094 0.150391 0.490234
1 0.163086 0.492188 0.174805 0.493164 0.177734 0.501953 0.168945 0.509766 0.160156 0.500000
1 0.177734 0.499023 0.187500 0.501953 0.189453 0.515625 0.178711 0.514648 0.174805 0.505859
1 0.188477 0.510742 0.198242 0.511719 0.202148 0.522461 0.192383 0.526367 0.192383 0.526367 0.187500 0.518555
1 0.202148 0.521484 0.208984 0.526367 0.208008 0.537109 0.201172 0.535156 0.198242 0.527344
1 0.208008 0.534180 0.216797 0.535156 0.214844 0.545898 0.208008 0.543945
1 0.000000 0.380859 0.009766 0.382812 0.007812 0.401367 0.000000 0.399414
1 0.010742 0.395508 0.021484 0.398438 0.023438 0.408203 0.023438 0.408203 0.013672 0.412109 0.006836 0.403320
1 0.023438 0.404297 0.031250 0.408203 0.031250 0.408203 0.031250 0.418945 0.022461 0.423828 0.022461 0.415039
1 0.033203 0.415039 0.041992 0.418945 0.045898 0.426758 0.037109 0.432617 0.031250 0.424805 0.031250 0.424805
1 0.046875 0.431641 0.052734 0.428711 0.055664 0.436523 0.055664 0.436523 0.050781 0.441406 0.043945 0.438477
1 0.058594 0.437500 0.064453 0.439453 0.064453 0.451172 0.057617 0.453125 0.052734 0.444336
1 0.071289 0.444336 0.077148 0.444336 0.079102 0.454102 0.072266 0.462891 0.064453 0.457031
1 0.080078 0.467773 0.091797 0.463867 0.100586 0.471680 0.093750 0.482422 0.084961 0.478516
1 0.106445 0.482422 0.116211 0.488281 0.116211 0.488281 0.117188 0.499023 0.109375 0.500000 0.101562 0.490234
1 0.120117 0.497070 0.126953 0.500000 0.125000 0.511719 0.114258 0.506836 0.114258 0.506836
1 0.127930 0.506836 0.141602 0.511719 0.141602 0.511719 0.137695 0.524414 0.125000 0.518555
1 0.141602 0.519531 0.151367 0.520508 0.151367 0.520508 0.147461 0.535156 0.141602 0.533203 0.136719 0.527344
1 0.148438 0.531250 0.158203 0.528320 0.164062 0.533203 0.156250 0.543945 0.148438 0.538086
1 0.161133 0.536133 0.169922 0.539062 0.169922 0.539062 0.173828 0.547852 0.166992 0.551758 0.157227 0.546875
1 0.170898 0.548828 0.178711 0.547852 0.180664 0.556641 0.179688 0.564453 0.170898 0.562500
1 0.183594 0.560547 0.189453 0.563477 0.194336 0.572266 0.184570 0.575195 0.184570 0.568359
1 0.221680 0.539062 0.230469 0.543945 0.230469 0.543945 0.228516 0.554688 0.217773 0.552734
1 0.000000 0.445312 0.010742 0.441406 0.015625 0.450195 0.006836 0.457031 0.000000 0.452148 0.000000 0.452148
1 0.016602 0.451172 0.022461 0.454102 0.025391 0.460938 0.019531 0.466797 0.008789 0.460938
1 0.028320 0.459961 0.034180 0.463867 0.029297 0.472656 0.021484 0.472656 0.021484 0.466797
1 0.031250 0.468750 0.040039 0.471680 0.045898 0.478516 0.040039 0.486328 0.030273 0.481445 0.033203 0.474609
1 0.046875 0.485352 0.054688 0.485352 0.054688 0.485352 0.054688 0.497070 0.044922 0.497070
1 0.058594 0.494141 0.066406 0.495117 0.068359 0.503906 0.068359 0.503906 0.059570 0.509766 0.059570 0.509766 0.053711 0.500977
1 0.068359 0.504883 0.080078 0.507812 0.079102 0.517578 0.079102 0.517578 0.068359 0.514648 0.068359 0.514648
1 0.080078 0.516602 0.088867 0.520508 0.087891 0.529297 0.081055 0.530273 0.077148 0.524414
1 0.092773 0.523438 0.098633 0.526367 0.102539 0.533203 0.095703 0.539062 0.087891 0.535156
1 0.103516 0.532227 0.109375 0.538086 0.109375 0.548828 0.109375 0.548828 0.099609 0.546875
1 0.113281 0.546875 0.124023 0.548828 0.127930 0.560547 0.121094 0.564453 0.114258 0.556641
1 0.128906 0.562500 0.136719 0.568359 0.130859 0.573242 0.122070 0.569336
1 0.138672 0.570312 0.144531 0.576172 0.137695 0.585938 0.129883 0.579102
1 0.142578 0.581055 0.152344 0.581055 0.153320 0.592773 0.145508 0.593750 0.139648 0.587891
1 0.154297 0.586914 0.162109 0.589844 0.162109 0.603516 0.162109 0.603516 0.153320 0.598633
1 0.163086 0.596680 0.173828 0.598633 0.175781 0.609375 0.167969 0.612305 0.163086 0.605469
1 0.000000 0.490234 0.006836 0.492188 0.008789 0.500977 0.003906 0.507812 0.000000 0.502930
1 0.011719 0.500977 0.017578 0.502930 0.017578 0.502930 0.018555 0.516602 0.009766 0.515625 0.006836 0.506836 0.006836 0.506836
1 0.022461 0.511719 0.030273 0.512695 0.031250 0.522461 0.024414 0.527344 0.017578 0.521484 0.017578 0.521484
1 0.034180 0.527344 0.045898 0.529297 0.045898 0.529297 0.050781 0.543945 0.050781 0.543945 0.036133 0.549805 0.033203 0.540039
1 0.049805 0.538086 0.059570 0.541992 0.061523 0.553711 0.055664 0.558594 0.055664 0.558594 0.048828 0.550781
1 0.064453 0.550781 0.074219 0.556641 0.072266 0.564453 0.061523 0.566406 0.061523 0.556641
1 0.073242 0.559570 0.081055 0.562500 0.079102 0.576172 0.070312 0.574219
1 0.082031 0.572266 0.091797 0.573242 0.094727 0.583008 0.083008 0.584961 0.079102 0.578125
1 0.096680 0.584961 0.106445 0.589844 0.106445 0.600586 0.098633 0.601562 0.091797 0.593750
1 0.107422 0.595703 0.113281 0.596680 0.113281 0.596680 0.113281 0.609375 0.108398 0.612305 0.101562 0.605469
1 0.117188 0.605469 0.125000 0.608398 0.125977 0.619141 0.118164 0.620117 0.114258 0.616211
1 0.128906 0.614258 0.137695 0.617188 0.137695 0.627930 0.130859 0.630859 0.124023 0.624023
1 0.135742 0.627930 0.144531 0.630859 0.146484 0.641602 0.137695 0.640625
1 0.000000 0.542969 0.007812 0.542969 0.010742 0.553711 0.010742 0.553711 0.000000 0.553711
1 0.016602 0.549805 0.019531 0.556641 0.012695 0.567383 0.004883 0.557617 0.004883 0.557617
1 0.021484 0.560547 0.028320 0.566406 0.028320 0.576172 0.019531 0.575195 0.014648 0.568359
1 0.029297 0.575195 0.037109 0.576172 0.041992 0.584961 0.034180 0.589844 0.034180 0.589844 0.025391 0.584961
1 0.041992 0.585938 0.051758 0.584961 0.053711 0.593750 0.044922 0.599609 0.037109 0.592773
1 0.054688 0.592773 0.061523 0.596680 0.060547 0.607422 0.060547 0.607422 0.050781 0.609375 0.050781 0.609375 0.047852 0.602539
1 0.065430 0.601562 0.070312 0.610352 0.067383 0.617188 0.067383 0.617188 0.059570 0.616211 0.054688 0.610352
1 0.078125 0.618164 0.083984 0.626953 0.079102 0.634766 0.072266 0.627930
1 0.085938 0.627930 0.093750 0.627930 0.093750 0.636719 0.081055 0.634766
1 0.096680 0.635742 0.105469 0.640625 0.104492 0.648438 0.094727 0.651367 0.090820 0.640625 0.090820 0.640625
1 0.106445 0.652344 0.114258 0.649414 0.122070 0.655273 0.118164 0.662109 0.107422 0.658203
1 0.000000 0.595703 0.014648 0.600586 0.019531 0.614258 0.011719 0.620117 0.000977 0.612305 0.000977 0.607422
1 0.019531 0.614258 0.027344 0.617188 0.029297 0.625000 0.020508 0.627930 0.013672 0.621094
1 0.028320 0.625000 0.036133 0.626953 0.036133 0.637695 0.036133 0.637695 0.025391 0.638672 0.025391 0.630859 0.025391 0.630859
1 0.045898 0.644531 0.054688 0.645508 0.059570 0.654297 0.051758 0.659180 0.040039 0.654297
1 0.058594 0.656250 0.068359 0.659180 0.070312 0.666992 0.066406 0.673828 0.054688 0.671875 0.056641 0.664062
1 0.072266 0.665039 0.083984 0.666016 0.086914 0.678711 0.079102 0.682617 0.070312 0.678711
1 0.088867 0.688477 0.098633 0.689453 0.100586 0.702148 0.091797 0.706055 0.086914 0.697266
1 0.000000 0.645508 0.006836 0.656250 0.003906 0.666016 0.000000 0.663086
1 0.008789 0.656250 0.015625 0.662109 0.012695 0.672852 0.012695 0.672852 0.002930 0.670898 0.003906 0.663086
1 0.016602 0.668945 0.024414 0.671875 0.026367 0.682617 0.016602 0.683594 0.011719 0.676758
1 0.027344 0.684570 0.037109 0.683594 0.042969 0.687500 0.051758 0.693359 0.047852 0.702148 0.037109 0.701172 0.029297 0.695312 0.024414 0.691406
1 0.049805 0.699219 0.060547 0.703125 0.060547 0.714844 0.050781 0.713867 0.044922 0.708008
1 0.060547 0.710938 0.067383 0.715820 0.067383 0.715820 0.071289 0.724609 0.062500 0.726562 0.055664 0.719727
1 0.000000 0.702148 0.008789 0.710938 0.012695 0.721680 0.007812 0.729492 0.000000 0.727539
1 0.018555 0.723633 0.024414 0.732422 0.015625 0.738281 0.009766 0.731445
1 0.028320 0.736328 0.029297 0.744141 0.024414 0.748047 0.018555 0.740234
1 0.041016 0.743164 0.044922 0.750000 0.037109 0.756836 0.030273 0.748047 0.035156 0.742188
1 0.000000 0.758789 0.007812 0.765625 0.011719 0.774414 0.006836 0.779297 0.000000 0.778320