1 0.000000 0.047852 0.001953 0.043945 0.025391 0.042969 0.036098 0.043499 0.041016 0.041016 0.048828 0.041992 0.062500 0.051758 0.073242 0.050781 0.077148 0.063477 0.080078 0.072266 0.093750 0.092773 0.099609 0.087891 0.106445 0.094727 0.118164 0.112305 0.113281 0.125000 0.117188 0.128906 0.122070 0.125000 0.128906 0.128906 0.131836 0.133789 0.129883 0.139648 0.125977 0.148438 0.116211 0.150391 0.109375 0.150391 0.112305 0.164062 0.103516 0.169922 0.098633 0.186523 0.075195 0.201172 0.071289 0.212891 0.053711 0.210938 0.050781 0.201172 0.030273 0.195312 0.023438 0.194336 0.005859 0.192383 0.000000 0.179301
1 0.008789 0.236328 0.011719 0.231445 0.022461 0.237305 0.032227 0.231445 0.040039 0.226562 0.048828 0.240234 0.055664 0.237305 0.060547 0.244141 0.063477 0.252930 0.074219 0.253906 0.082031 0.263672 0.087891 0.275391 0.090820 0.291992 0.083984 0.327148 0.078125 0.331055 0.078125 0.341797 0.069336 0.348633 0.067383 0.355469 0.058594 0.359375 0.053711 0.357422 0.045898 0.367188 0.026367 0.363281 0.028320 0.357422 0.022461 0.347656 0.014648 0.338867 0.004883 0.341797 0.000000 0.334961 0.000000 0.240234 0.001953 0.239258 0.005859 0.237305 0.008789 0.241211
1 0.000000 0.406250 0.015625 0.404297 0.015625 0.398438 0.019531 0.395508 0.027344 0.396484 0.029024 0.400028 0.031250 0.396484 0.035156 0.395508 0.040039 0.399414 0.040039 0.403320 0.042969 0.406250 0.047102 0.404246 0.055664 0.407227 0.059570 0.404297 0.069336 0.405273 0.070312 0.409180 0.071289 0.410156 0.075195 0.409180 0.082031 0.410156 0.082031 0.413086 0.082031 0.418945 0.081055 0.425781 0.082050 0.435278 0.083984 0.438477 0.084961 0.441406 0.087891 0.440430 0.087891 0.437500 0.093750 0.435547 0.095703 0.438477 0.095703 0.443359 0.097656 0.447266 0.093750 0.452148 0.089844 0.465820 0.087891 0.472656 0.082031 0.481445 0.071289 0.485352 0.071289 0.495117 0.064453 0.498047 0.059570 0.497070 0.042883 0.501862 0.031250 0.497070 0.026367 0.500977 0.014648 0.498047 0.008789 0.501953 0.000000 0.505779
1 0.000000 0.569336 0.007812 0.559570 0.007812 0.555664 0.011719 0.552734 0.017578 0.550781 0.026367 0.556641 0.033203 0.551758 0.041992 0.550781 0.047852 0.553711 0.048828 0.557617 0.052734 0.557617 0.055664 0.561523 0.060547 0.564453 0.059570 0.568359 0.062500 0.569336 0.061523 0.573242 0.064453 0.574219 0.075195 0.561523 0.082031 0.565430 0.087891 0.573242 0.092773 0.574219 0.095703 0.576172 0.094727 0.582031 0.093750 0.584961 0.092773 0.605469 0.084556 0.645365 0.080078 0.650391 0.077148 0.652344 0.068780 0.668372 0.070312 0.672852 0.057617 0.682617 0.053711 0.688477 0.049805 0.689453 0.044922 0.689453 0.039062 0.696289 0.038086 0.691406 0.034180 0.689453 0.033203 0.691406 0.032227 0.693359 0.029297 0.694336 0.024414 0.693359 0.025391 0.690430 0.018555 0.690430 0.016602 0.695312 0.013672 0.693359 0.010742 0.695312 0.006836 0.696289 0.004883 0.695312 0.003906 0.691406 0.001953 0.690430 0.000000 0.690430
1 0.000000 0.719727 0.004883 0.718750 0.021484 0.713867 0.025391 0.709961 0.029297 0.706055 0.041016 0.703125 0.043945 0.702148 0.045898 0.697266 0.052734 0.704102 0.053711 0.711914 0.062500 0.713867 0.067383 0.716797 0.071289 0.718750 0.076172 0.767578 0.074219 0.773438 0.071289 0.791016 0.077148 0.796875 0.077148 0.811523 0.067383 0.820312 0.066406 0.826172 0.066406 0.844727 0.057617 0.846680 0.047852 0.850586 0.038086 0.863281 0.029297 0.860352 0.023438 0.856445 0.017578 0.858398 0.013672 0.863281 0.008789 0.863281 0.009766 0.860352 0.003906 0.861328 0.001953 0.857422 0.000000 0.857422
1 0.007812 0.883789 0.012695 0.886719 0.024414 0.883789 0.030273 0.877930 0.046875 0.892578 0.061523 0.891602 0.067383 0.903320 0.058594 0.915039 0.064453 0.920898 0.072266 0.916016 0.077148 0.917969 0.078125 0.926758 0.072266 0.929688 0.074219 0.938477 0.071289 0.944336 0.080078 0.942383 0.083984 0.944336 0.083984 0.953125 0.080078 0.956055 0.072266 0.966797 0.062500 0.973633 0.064453 0.994141 0.050686 1.000000 0.000000 1.000000 0.000000 0.887695
1 0.126953 0.919922 0.123047 0.923828 0.116666 0.924413 0.112305 0.922852 0.104492 0.919922 0.099609 0.914062 0.102539 0.908203 0.103616 0.901851 0.109375 0.898438 0.112305 0.896484 0.118164 0.898438 0.125000 0.897461 0.127930 0.897461 0.133789 0.899414 0.131058 0.908559 0.129594 0.915145
1 0.127930 0.828125 0.124532 0.830234 0.119141 0.829102 0.112759 0.829211 0.107128 0.820338 0.110352 0.813477 0.117188 0.806641 0.128906 0.804688 0.133404 0.811978 0.134429 0.816584 0.132812 0.822266 0.133789 0.825195 0.130859 0.826172
1 0.221680 0.824219 0.215820 0.825195 0.209961 0.828125 0.205078 0.824219 0.200195 0.821289 0.193359 0.814453 0.201172 0.801758 0.202148 0.795898 0.212891 0.791016 0.216797 0.781250 0.223633 0.785156 0.229492 0.794922 0.230332 0.799969 0.228516 0.814453 0.230469 0.818359
1 0.211914 0.910156 0.204102 0.912109 0.199219 0.907227 0.194336 0.907227 0.186523 0.904297 0.189453 0.886719 0.193359 0.884766 0.198242 0.875000 0.204102 0.878906 0.212891 0.872070 0.216797 0.875000 0.224609 0.875000 0.225586 0.881836 0.224609 0.892578 0.219727 0.903320 0.215820 0.907227
1 0.203125 0.994141 0.190430 0.991211 0.187095 0.976042 0.194322 0.967632 0.204047 0.963032 0.214298 0.963558 0.218240 0.973939 0.217451 0.981956
1 0.296875 0.984375 0.290039 0.987305 0.279080 0.978329 0.276093 0.961151 0.283203 0.957031 0.289062 0.948242 0.303427 0.953086 0.305664 0.963867
1 0.308953 0.890501 0.303711 0.892578 0.302083 0.894533 0.292969 0.894531 0.283203 0.891602 0.280723 0.887812 0.281250 0.875000 0.288086 0.867188 0.295898 0.862305 0.305816 0.864361 0.314453 0.867188 0.315430 0.872070 0.313477 0.876953 0.309570 0.876953 0.312500 0.881836
1 0.380859 0.966797 0.374023 0.965820 0.372070 0.966797 0.369141 0.962891 0.368164 0.958984 0.361328 0.952148 0.368164 0.950195 0.369141 0.941406 0.367188 0.935547 0.379883 0.927734 0.387321 0.929751 0.388672 0.927734 0.398438 0.931641 0.402344 0.949219 0.395508 0.949219 0.398438 0.956055 0.393555 0.958008 0.394531 0.962891 0.389648 0.963867 0.383789 0.962891
1 0.478516 0.861328 0.470703 0.860352 0.464844 0.847656 0.461914 0.841797 0.465820 0.841797 0.468750 0.827148 0.474609 0.826172 0.482422 0.824219 0.487305 0.825195 0.491211 0.828125 0.494958 0.836546 0.496094 0.848633 0.491211 0.852539 0.484375 0.857422
1 0.485352 0.948242 0.481445 0.949219 0.477539 0.954102 0.458592 0.945645 0.456055 0.924805 0.464844 0.918945 0.468750 0.913086 0.474609 0.910156 0.482422 0.915039 0.487305 0.924805 0.489258 0.937500
1 0.387695 0.847656 0.383789 0.843750 0.380859 0.845703 0.376953 0.844727 0.374023 0.840820 0.377930 0.827148 0.374023 0.819336 0.378906 0.814453 0.389648 0.817383 0.399414 0.817383 0.399414 0.824219 0.403320 0.828125 0.401367 0.840820 0.395508 0.843750 0.392578 0.843750
1 0.576172 0.840820 0.572266 0.844727 0.565430 0.843750 0.557559 0.840349 0.555173 0.823862 0.561246 0.807593 0.567383 0.801758 0.573242 0.805664 0.582031 0.801758 0.588867 0.802734 0.591797 0.817383 0.589844 0.831055 0.586914 0.838867
1 0.573828 0.925599 0.556641 0.932617 0.547852 0.928711 0.547852 0.921875 0.541992 0.922852 0.542591 0.908679 0.555606 0.893928 0.572266 0.891602 0.580770 0.910197
1 0.661133 0.821289 0.657802 0.820532 0.649414 0.819336 0.645508 0.815430 0.641495 0.801371 0.651367 0.791992 0.661133 0.789062 0.666016 0.790039 0.669922 0.798828 0.668945 0.801758 0.672852 0.804688 0.668945 0.816406 0.663086 0.815430
1 0.658203 0.916992 0.650391 0.918945 0.644531 0.909180 0.642578 0.897461 0.637214 0.890449 0.643555 0.886719 0.655273 0.879883 0.666016 0.887695 0.667969 0.906250 0.665039 0.912109 0.662109 0.916992
1 0.665039 1.000000 0.647461 1.000000 0.626953 1.000000 0.626953 0.994141 0.628906 0.983398 0.626953 0.975586 0.643555 0.967773 0.649414 0.968750 0.656250 0.964844 0.663086 0.978516 0.665039 0.990234
1 0.750000 0.807617 0.737305 0.804688 0.729492 0.795898 0.727346 0.786349 0.743188 0.774026 0.757812 0.771484 0.762695 0.783203 0.761719 0.788086 0.758789 0.790039 0.759766 0.791992 0.758789 0.795898 0.756836 0.799805 0.755859 0.804688
1 0.747070 0.902344 0.742188 0.899414 0.737517 0.900575 0.722656 0.886719 0.727539 0.873047 0.734375 0.873047 0.745341 0.863217 0.754883 0.873047 0.759766 0.881836 0.755859 0.888672 0.754883 0.891602 0.750977 0.892578 0.752930 0.896484
1 0.750000 0.987305 0.736328 0.992188 0.721869 0.984289 0.720703 0.979492 0.716797 0.975586 0.717370 0.965316 0.727933 0.951430 0.745117 0.952148 0.750000 0.958984 0.754883 0.958984 0.757467 0.973923 0.755859 0.978516 0.750977 0.982422
1 0.845703 0.796875 0.837891 0.795898 0.835938 0.797852 0.827148 0.791992 0.820312 0.789062 0.815430 0.768555 0.822266 0.762695 0.829102 0.762695 0.834961 0.760742 0.847656 0.759766 0.851562 0.762695 0.854848 0.772621 0.855469 0.782227 0.853516 0.790039 0.853516 0.793945 0.850586 0.794922
1 0.921875 0.771484 0.915557 0.774061 0.911133 0.767578 0.906250 0.766602 0.904297 0.758789 0.908203 0.750977 0.917969 0.735352 0.921875 0.732422 0.927734 0.734375 0.936523 0.735352 0.937500 0.737305 0.941406 0.741211 0.945312 0.750977 0.943359 0.755859 0.941406 0.759766 0.943359 0.763672 0.938477 0.766602 0.933594 0.768555 0.927734 0.771484
1 0.920898 0.861328 0.913086 0.862305 0.905273 0.855469 0.897461 0.854492 0.897461 0.825195 0.906250 0.826172 0.915039 0.821289 0.928711 0.824219 0.935547 0.833008 0.934570 0.837891 0.936523 0.840820 0.937500 0.849609 0.937500 0.859375 0.930664 0.862305 0.928711 0.862305 0.928711 0.858398 0.925781 0.857422
1 0.837891 0.964844 0.833984 0.964844 0.821289 0.966797 0.809736 0.955468 0.814535 0.939150 0.829102 0.935547 0.845703 0.947266
1 0.927734 0.958008 0.922852 0.958984 0.915039 0.956055 0.912109 0.957031 0.899414 0.949219 0.894531 0.944336 0.896035 0.929982 0.906250 0.918945 0.915039 0.916016 0.920898 0.918945 0.929688 0.917969 0.936881 0.927695 0.939005 0.941419 0.932617 0.946289 0.935547 0.951172 0.930664 0.955078 0.927734 0.955078
1 0.953125 0.676758 0.941406 0.680664 0.939453 0.678711 0.929688 0.683594 0.927734 0.684570 0.918945 0.682617 0.918142 0.666158 0.925781 0.654297 0.932617 0.649414 0.946289 0.652344 0.950195 0.657227 0.955078 0.658203 0.956055 0.669922
1 0.950195 0.594727 0.942383 0.590820 0.936523 0.590820 0.931641 0.591797 0.926758 0.587891 0.919922 0.586914 0.916992 0.578125 0.920898 0.569336 0.923828 0.562500 0.931641 0.553711 0.938477 0.552734 0.938477 0.558594 0.944336 0.556641 0.947266 0.558594 0.954102 0.557617 0.958008 0.561523 0.953125 0.567383 0.955078 0.574219 0.956055 0.580078 0.954102 0.581055 0.951172 0.583008 0.953125 0.587891 0.953125 0.591797 0.951172 0.592773
1 0.863281 0.606445 0.845703 0.608398 0.833008 0.603516 0.829021 0.590565 0.835938 0.583008 0.846428 0.579916 0.862605 0.585650 0.869568 0.593842
1 0.849609 0.699219 0.842773 0.699219 0.833008 0.700195 0.830197 0.684049 0.837891 0.674805 0.846680 0.672852 0.854492 0.676758 0.859375 0.685547 0.854492 0.697266
1 0.774414 0.617188 0.770508 0.619141 0.770508 0.622070 0.764648 0.625000 0.758789 0.628906 0.755859 0.628906 0.754883 0.624023 0.751953 0.625977 0.744141 0.625977 0.743164 0.616211 0.740234 0.605469 0.744141 0.599609 0.751187 0.593795 0.762695 0.590820 0.771424 0.593795 0.776367 0.597656 0.777344 0.607422
1 0.753906 0.710938 0.750000 0.711914 0.746094 0.711914 0.736328 0.705078 0.741988 0.693508 0.749023 0.687500 0.761489 0.686885 0.769531 0.693359 0.770508 0.700195 0.768555 0.707031 0.764648 0.708008 0.761719 0.710938 0.755859 0.707031
1 0.675781 0.638672 0.669922 0.639648 0.658203 0.635742 0.656250 0.632812 0.651367 0.629883 0.649414 0.627930 0.652344 0.622070 0.655273 0.616211 0.660156 0.615234 0.662512 0.608696 0.667969 0.605469 0.672852 0.605469 0.679688 0.609375 0.681641 0.614258 0.681641 0.623047 0.681641 0.628906 0.678711 0.632812 0.680664 0.635742
1 0.671875 0.734375 0.667969 0.734375 0.665039 0.737305 0.660156 0.737305 0.654297 0.732422 0.643555 0.730469 0.642578 0.712891 0.644531 0.704102 0.653320 0.707031 0.657227 0.705078 0.662109 0.705078 0.664062 0.701172 0.670898 0.699219 0.674805 0.704102 0.679688 0.704102 0.678711 0.709961 0.681641 0.713867 0.677734 0.715820 0.677734 0.719727 0.675781 0.726562
1 0.577148 0.657227 0.566406 0.657227 0.562500 0.651367 0.555805 0.648764 0.563477 0.631836 0.562500 0.625977 0.568359 0.620117 0.576172 0.623047 0.591485 0.621885 0.592773 0.626953 0.597656 0.634766 0.592773 0.640625 0.590820 0.649414 0.584961 0.653320 0.582031 0.655273 0.581055 0.653320
1 0.497070 0.675781 0.494141 0.675781 0.489258 0.676758 0.485352 0.673828 0.482422 0.678711 0.473633 0.677734 0.471680 0.673828 0.467773 0.672852 0.464844 0.666016 0.466797 0.654297 0.465820 0.649414 0.470703 0.647461 0.475586 0.646484 0.480469 0.643555 0.491341 0.641866 0.497070 0.643555 0.501953 0.646484 0.505859 0.653320 0.504883 0.659180 0.500977 0.665039 0.500977 0.668945 0.498047 0.671875
1 0.480469 0.773438 0.474609 0.772461 0.469727 0.767578 0.466797 0.758789 0.468750 0.747070 0.466797 0.741211 0.468980 0.738918 0.483398 0.732422 0.490234 0.734375 0.495117 0.742188 0.493006 0.756521 0.491211 0.765625 0.487305 0.766602 0.486328 0.768555 0.483398 0.771484
1 0.578125 0.752930 0.571289 0.750977 0.565795 0.753903 0.561523 0.751953 0.555664 0.750000 0.557617 0.733398 0.555664 0.729492 0.557617 0.725586 0.556641 0.721680 0.560547 0.720703 0.565430 0.720703 0.569336 0.721680 0.572218 0.712038 0.580078 0.713867 0.582031 0.717773 0.585938 0.720703 0.588867 0.727539 0.591797 0.737305 0.587891 0.747070
1 0.405698 0.694790 0.399414 0.696289 0.396484 0.698242 0.388672 0.699219 0.382812 0.697266 0.379870 0.693355 0.373312 0.678802 0.387695 0.663086 0.390625 0.658203 0.410003 0.660353 0.420252 0.672037 0.416992 0.679688 0.411133 0.689453
1 0.312500 0.712891 0.308594 0.717773 0.305664 0.718750 0.291992 0.715820 0.291016 0.705078 0.280044 0.696635 0.291992 0.674805 0.295898 0.673828 0.298828 0.670898 0.306641 0.671875 0.312500 0.671875 0.316406 0.676758 0.322266 0.681641 0.322266 0.698242
1 0.310382 0.793797 0.301758 0.796875 0.284964 0.787442 0.286133 0.778320 0.291016 0.774414 0.291016 0.770508 0.293945 0.767578 0.297852 0.768555 0.310547 0.767578 0.313456 0.770634 0.317556 0.782522 0.313477 0.788086
1 0.389648 0.787109 0.384766 0.786133 0.380859 0.780273 0.373047 0.774414 0.370117 0.773438 0.371094 0.771484 0.370117 0.769531 0.373047 0.767578 0.374023 0.766602 0.386719 0.748047 0.393555 0.750000 0.398438 0.750000 0.404297 0.751953 0.406250 0.762695 0.408203 0.770508 0.403320 0.776367 0.403320 0.776367 0.399414 0.782227 0.395508 0.784180
1 0.226562 0.720703 0.221680 0.719727 0.217773 0.721680 0.209961 0.725586 0.198242 0.720703 0.197849 0.705722 0.208008 0.689453 0.214844 0.689453 0.219727 0.686523 0.222656 0.685547 0.228516 0.687500 0.231445 0.697266 0.233398 0.701172 0.235352 0.706055 0.233398 0.708008 0.231445 0.711914 0.229492 0.715820 0.230469 0.717773 0.228516 0.721680
1 0.136719 0.731445 0.128165 0.735262 0.114258 0.733398 0.113129 0.724695 0.117188 0.716797 0.118164 0.713867 0.122070 0.713867 0.129883 0.710938 0.138672 0.709961 0.141602 0.716797 0.140625 0.722656
1 0.225586 0.636719 0.219727 0.635742 0.213867 0.637695 0.208984 0.633789 0.203125 0.625000 0.204102 0.621094 0.202148 0.615234 0.205078 0.611328 0.206055 0.606445 0.209961 0.603516 0.212809 0.599538 0.223633 0.598633 0.232231 0.603351 0.238281 0.615234 0.236328 0.626953 0.228516 0.627930 0.227539 0.630859
1 0.140625 0.557617 0.131836 0.559570 0.128906 0.555664 0.119401 0.552846 0.117188 0.545898 0.118164 0.540039 0.118164 0.536133 0.121094 0.532227 0.124023 0.531250 0.128667 0.530269 0.130859 0.529297 0.140804 0.530922 0.144531 0.534180 0.147981 0.543450 0.144531 0.554688
1 0.230469 0.538086 0.222656 0.539062 0.216797 0.541016 0.215820 0.538086 0.210938 0.537109 0.206055 0.526367 0.207447 0.521395 0.208008 0.516602 0.213867 0.514648 0.220009 0.511842 0.222656 0.510742 0.225586 0.509766 0.230469 0.512695 0.234375 0.511719 0.236889 0.514066 0.240234 0.518555 0.241730 0.525450 0.240234 0.531250 0.238281 0.534180 0.234375 0.536133
1 0.317383 0.519531 0.315430 0.521484 0.301758 0.516602 0.300781 0.504883 0.302734 0.499023 0.306641 0.498047 0.312500 0.496094 0.322266 0.501953 0.326172 0.509766 0.326172 0.515625 0.324219 0.517578 0.320312 0.517578
1 0.302734 0.625977 0.297852 0.617188 0.286133 0.608398 0.288424 0.602126 0.290039 0.592773 0.296875 0.590820 0.300271 0.581891 0.303711 0.578125 0.306641 0.577148 0.309570 0.582031 0.325195 0.587891 0.326172 0.595703 0.327148 0.609375 0.325195 0.613281 0.321289 0.612305 0.320312 0.619141 0.320312 0.619141 0.319336 0.623047
1 0.406250 0.509766 0.398411 0.506213 0.393555 0.495117 0.392578 0.493164 0.396484 0.491211 0.394531 0.487305 0.398438 0.486328 0.399414 0.483398 0.406250 0.481445 0.412109 0.480469 0.417969 0.489258 0.418945 0.498047 0.416016 0.501953 0.413086 0.501953 0.412109 0.505859 0.410156 0.509766
1 0.403320 0.596680 0.400532 0.599838 0.382812 0.586914 0.387695 0.578125 0.387695 0.575195 0.390625 0.570312 0.395508 0.569336 0.400391 0.564453 0.404297 0.564453 0.411133 0.563477 0.416992 0.571289 0.418945 0.577148 0.418945 0.587891 0.416016 0.589844 0.414062 0.593750 0.411133 0.597656
1 0.504883 0.495117 0.496094 0.496094 0.489258 0.491211 0.479492 0.479492 0.480469 0.474609 0.483398 0.473633 0.484375 0.466797 0.485352 0.465820 0.486328 0.463867 0.485352 0.461914 0.488281 0.458008 0.499023 0.456055 0.507812 0.459961 0.509766 0.463867 0.510742 0.467773 0.513672 0.470703 0.511719 0.473633 0.514648 0.477539 0.511719 0.484375 0.509766 0.489258 0.502930 0.490234
1 0.496094 0.584961 0.491211 0.584961 0.480469 0.585938 0.479492 0.583008 0.474609 0.578125 0.473633 0.571289 0.476562 0.564453 0.488281 0.566406 0.496094 0.559570 0.502930 0.565430 0.501953 0.576172 0.500000 0.583984
1 0.600586 0.476562 0.592773 0.478516 0.587891 0.477539 0.578925 0.473997 0.575195 0.469727 0.572949 0.462207 0.579102 0.447266 0.584961 0.443359 0.597656 0.447266 0.605413 0.458169 0.606445 0.463867 0.604492 0.468750
1 0.594727 0.571289 0.583984 0.570312 0.574219 0.569336 0.567383 0.558594 0.569396 0.547001 0.578125 0.537109 0.590820 0.536133 0.597983 0.541349 0.602539 0.548828 0.600586 0.560547 0.595703 0.567383
1 0.687500 0.458984 0.681641 0.456055 0.675781 0.456055 0.668680 0.447978 0.672852 0.434570 0.669689 0.430315 0.672852 0.424805 0.680664 0.428711 0.692383 0.426758 0.695931 0.435025 0.696289 0.444336 0.692383 0.451172
1 0.674805 0.554688 0.668945 0.552734 0.663086 0.550781 0.661447 0.538477 0.662109 0.526367 0.661133 0.520508 0.676081 0.515095 0.683594 0.517578 0.689453 0.520508 0.692383 0.528320 0.690430 0.534180 0.693359 0.537109 0.691406 0.543945 0.689453 0.544922 0.686523 0.549805 0.681641 0.553711
1 0.772461 0.444336 0.761719 0.444336 0.751953 0.441406 0.749023 0.436523 0.750977 0.431641 0.753906 0.425781 0.751953 0.417969 0.759695 0.414686 0.768555 0.409180 0.780273 0.413086 0.789062 0.421875 0.789062 0.427734 0.791016 0.431641 0.784180 0.436523 0.780273 0.441406 0.777344 0.441406
1 0.765625 0.542969 0.758789 0.541992 0.755859 0.542969 0.750977 0.540039 0.745117 0.524414 0.746094 0.516602 0.749023 0.513672 0.747070 0.509766 0.752930 0.500977 0.770276 0.500215 0.778320 0.503906 0.784913 0.513088 0.786133 0.524414 0.783203 0.535156 0.777344 0.537109 0.771484 0.538086 0.770508 0.541016
1 0.873047 0.424805 0.868164 0.430664 0.861328 0.430664 0.854492 0.432617 0.844727 0.420898 0.840820 0.404297 0.848633 0.392578 0.855460 0.387708 0.869141 0.387695 0.875977 0.393555 0.885742 0.408203 0.882812 0.418945
1 0.854492 0.516602 0.848633 0.515625 0.836914 0.510742 0.834961 0.502930 0.841797 0.487305 0.846680 0.487305 0.862953 0.491084 0.871094 0.500977 0.867188 0.508789 0.860352 0.513672
1 0.953125 0.413086 0.950195 0.408203 0.936523 0.401367 0.936523 0.382812 0.942383 0.375977 0.954108 0.374209 0.960938 0.373047 0.965820 0.380859 0.970159 0.388907 0.972656 0.393555 0.969727 0.399414 0.965820 0.403320 0.966797 0.409180 0.958008 0.412109 0.956055 0.410156
1 0.935547 0.498047 0.929688 0.487305 0.927734 0.477539 0.940570 0.464717 0.951172 0.463867 0.959717 0.466651 0.969727 0.480469 0.964844 0.488281 0.962891 0.496094 0.957031 0.500000 0.951172 0.498047 0.944336 0.497070 0.942383 0.499023
1 0.978534 0.038028 0.971680 0.039062 0.962326 0.042694 0.952148 0.034180 0.954102 0.014648 0.969727 0.000000 0.987305 0.000000 0.990234 0.005859 0.990234 0.014648 0.989258 0.025391 0.984375 0.027344
1 0.889648 0.051758 0.883249 0.057675 0.868164 0.060547 0.860352 0.051758 0.860352 0.039062 0.855469 0.033203 0.860352 0.029297 0.861328 0.022461 0.868164 0.017578 0.879811 0.009541 0.883789 0.007812 0.892578 0.008789 0.901367 0.018555 0.903320 0.037109
1 0.877930 0.151367 0.873047 0.150391 0.866211 0.147461 0.861328 0.141602 0.864258 0.134766 0.855469 0.129883 0.856445 0.125000 0.864258 0.124023 0.867188 0.115234 0.873047 0.113281 0.878583 0.101879 0.881836 0.101562 0.883789 0.104492 0.886719 0.102539 0.889648 0.104492 0.892578 0.118164 0.892578 0.129883 0.891602 0.136719 0.886719 0.139648 0.884766 0.146484
1 0.967773 0.127930 0.965820 0.131836 0.953125 0.125977 0.946289 0.125000 0.943359 0.121094 0.947266 0.112305 0.941406 0.105469 0.945136 0.101143 0.958984 0.090820 0.982422 0.098633 0.983398 0.112305 0.983398 0.124023 0.979492 0.123047 0.976562 0.125977
1 0.971680 0.222656 0.967773 0.221680 0.956055 0.224609 0.946289 0.219727 0.944336 0.212891 0.944336 0.201172 0.945627 0.193727 0.965765 0.182676 0.980469 0.188477 0.980469 0.193359 0.983398 0.198242 0.980469 0.206055 0.978516 0.210938 0.975586 0.216797
1 0.882267 0.233266 0.869141 0.241211 0.856445 0.240234 0.852539 0.235352 0.845703 0.223633 0.846680 0.212891 0.852539 0.208008 0.856445 0.206055 0.857954 0.200603 0.864258 0.198242 0.869141 0.194336 0.877930 0.196289 0.883789 0.204102 0.885742 0.211914 0.886719 0.221680 0.885742 0.227539 0.882812 0.229492
1 0.789062 0.163086 0.784180 0.162109 0.776367 0.167969 0.765625 0.163086 0.766602 0.160156 0.763521 0.157403 0.764648 0.143555 0.764648 0.138672 0.774414 0.131836 0.781250 0.130859 0.794922 0.127930 0.805664 0.132812 0.802734 0.142578 0.801758 0.146484 0.796875 0.147461 0.794922 0.154297 0.791992 0.156250
1 0.702148 0.185547 0.691406 0.185547 0.681641 0.181641 0.674805 0.175781 0.672852 0.165039 0.681103 0.154850 0.695265 0.146956 0.703125 0.146484 0.703125 0.151367 0.707031 0.153320 0.708984 0.157227 0.708984 0.161133 0.708008 0.164062 0.711914 0.167969 0.708984 0.170898 0.704102 0.173828 0.706055 0.178711 0.705078 0.181641 0.703125 0.181641
1 0.789062 0.249023 0.779297 0.252930 0.775391 0.252930 0.775391 0.249023 0.772461 0.247070 0.772461 0.246094 0.763672 0.245117 0.765625 0.231445 0.767578 0.226562 0.769531 0.215820 0.777344 0.208984 0.784180 0.210938 0.791992 0.211914 0.796875 0.219727 0.799805 0.220703 0.803711 0.219727 0.806641 0.223633 0.810547 0.230469 0.799805 0.235352 0.795898 0.239258 0.794922 0.242188 0.793945 0.246094
1 0.705078 0.268555 0.697251 0.273907 0.688477 0.279297 0.679688 0.277344 0.676758 0.273438 0.670898 0.269531 0.671412 0.263681 0.672852 0.257812 0.677734 0.248047 0.682617 0.243164 0.689414 0.239218 0.699219 0.239258 0.703125 0.243164 0.705078 0.248047 0.708008 0.252930
1 0.773438 0.351562 0.769531 0.347656 0.766602 0.348633 0.757812 0.338867 0.757812 0.330078 0.756836 0.328125 0.762695 0.323242 0.763672 0.317383 0.769513 0.311002 0.775391 0.307617 0.779297 0.309570 0.782227 0.313477 0.787166 0.315833 0.791016 0.321289 0.790039 0.331055 0.789062 0.336914 0.784180 0.344727 0.780273 0.345703 0.779297 0.349609
1 0.694336 0.361328 0.689453 0.361328 0.682617 0.362305 0.677904 0.360244 0.668945 0.352539 0.666016 0.347656 0.670898 0.344727 0.670898 0.338867 0.690911 0.323080 0.693359 0.322266 0.696289 0.323242 0.697266 0.330078 0.696289 0.336914 0.701172 0.336914 0.703125 0.337891 0.703125 0.344727 0.703125 0.349609 0.700195 0.355469 0.697266 0.355469
1 0.970801 0.313208 0.961202 0.319735 0.947266 0.322266 0.937500 0.319336 0.931641 0.305664 0.937500 0.289062 0.952148 0.277344 0.965820 0.274414 0.971680 0.277344 0.971680 0.284180 0.971680 0.290039 0.975586 0.293945 0.978516 0.301758 0.975586 0.307617 0.972656 0.308594
1 0.869141 0.333984 0.864258 0.335938 0.852157 0.332214 0.847656 0.325195 0.842773 0.322266 0.846397 0.311480 0.858876 0.298617 0.875000 0.296875 0.881836 0.300781 0.884766 0.306641 0.884766 0.306641 0.882812 0.312500 0.889648 0.320312 0.884766 0.323242 0.882812 0.331055 0.875977 0.335938
1 0.595744 0.000000 0.592773 0.001953 0.594727 0.005859 0.600778 0.014486 0.603516 0.019531 0.611328 0.018555 0.618164 0.013672 0.621094 0.012695 0.626953 0.004883 0.629883 0.000000
1 0.622070 0.102539 0.614258 0.106445 0.609375 0.103516 0.599465 0.104438 0.594727 0.101562 0.594727 0.092773 0.597656 0.089844 0.596680 0.085938 0.595703 0.083984 0.592773 0.083008 0.593750 0.074219 0.595703 0.072266 0.596680 0.068359 0.603516 0.060547 0.609375 0.058594 0.616211 0.060547 0.620117 0.064453 0.625000 0.069336 0.629883 0.081055 0.627930 0.086914 0.625000 0.090820 0.625977 0.095703 0.624023 0.099609
1 0.501953 0.011719 0.506836 0.011719 0.509766 0.012695 0.513672 0.017578 0.513672 0.022461 0.528320 0.025391 0.532227 0.022461 0.538086 0.024414 0.540039 0.017578 0.537109 0.008789 0.537109 0.000000 0.502930 0.000000 0.500000 0.002930
1 0.515625 0.123047 0.509766 0.123047 0.505859 0.122070 0.503906 0.116211 0.500977 0.112305 0.499023 0.104492 0.500000 0.098633 0.500977 0.090820 0.513672 0.083008 0.517578 0.078125 0.520508 0.079102 0.530273 0.089844 0.532227 0.095703 0.531250 0.102539 0.531250 0.109375 0.534180 0.113281 0.528320 0.118164 0.524414 0.122070 0.518555 0.125000
1 0.607422 0.197266 0.601562 0.201172 0.589844 0.198242 0.586733 0.189764 0.583289 0.173832 0.597714 0.157686 0.615234 0.157227 0.626132 0.172109 0.621094 0.179688 0.618164 0.187500 0.618164 0.197266
1 0.531250 0.214844 0.525391 0.218750 0.518555 0.217773 0.510742 0.218750 0.506836 0.213867 0.502930 0.213867 0.499023 0.211914 0.495665 0.205910 0.492188 0.198242 0.494141 0.190430 0.507812 0.175781 0.516602 0.174805 0.523438 0.177734 0.529297 0.182617 0.526367 0.191406 0.531250 0.197266
1 0.507812 0.306641 0.498047 0.305664 0.485352 0.292969 0.488281 0.289062 0.485978 0.281908 0.491211 0.278320 0.501953 0.271484 0.508789 0.272461 0.515625 0.274414 0.521484 0.281250 0.521484 0.294922 0.516602 0.300781 0.513672 0.304688
1 0.609375 0.289062 0.605469 0.291992 0.596680 0.293945 0.593750 0.292969 0.587891 0.292969 0.582031 0.280273 0.583008 0.275391 0.584961 0.266602 0.587891 0.255859 0.600586 0.250977 0.613860 0.261455 0.618164 0.268555 0.617188 0.274414 0.616211 0.281250 0.614258 0.287109
1 0.419922 0.325195 0.411133 0.326172 0.404297 0.322266 0.395728 0.315263 0.398438 0.308594 0.395508 0.303711 0.395508 0.298828 0.405273 0.294922 0.408203 0.291992 0.414062 0.290039 0.419922 0.287109 0.428711 0.292969 0.435547 0.306641 0.434570 0.311523 0.434570 0.316406 0.429688 0.319336 0.426758 0.324219
1 0.421875 0.228516 0.416387 0.229537 0.404297 0.224609 0.398438 0.220703 0.395508 0.208984 0.398438 0.207031 0.403320 0.193359 0.411133 0.189453 0.419922 0.192383 0.435547 0.198242 0.438477 0.208008 0.435547 0.215820 0.435547 0.215820 0.432617 0.218750 0.432617 0.221680 0.426758 0.228516
1 0.337891 0.251953 0.329102 0.253906 0.324219 0.250000 0.321289 0.250000 0.316406 0.245117 0.313477 0.242188 0.310547 0.235352 0.307617 0.232422 0.310547 0.232422 0.313477 0.217773 0.320312 0.217773 0.322266 0.212891 0.329102 0.209961 0.339210 0.215052 0.344727 0.221680 0.346680 0.237305 0.342773 0.240234 0.342773 0.240234
1 0.338867 0.334961 0.333008 0.339844 0.319336 0.342773 0.312500 0.335938 0.307617 0.336914 0.306641 0.333008 0.306641 0.320312 0.305664 0.313477 0.308594 0.307617 0.315430 0.303711 0.319336 0.304688 0.326172 0.300781 0.333984 0.300781 0.340820 0.304688 0.339844 0.308594 0.340820 0.315430 0.342773 0.316406 0.340820 0.324219
1 0.508789 0.397461 0.499023 0.399414 0.493164 0.396484 0.484375 0.390625 0.486328 0.383789 0.487305 0.378906 0.492188 0.374023 0.500977 0.365234 0.515625 0.369141 0.521484 0.378906 0.522461 0.386719 0.520508 0.392578 0.515625 0.394531
1 0.604492 0.386719 0.593750 0.386719 0.577148 0.380859 0.575195 0.373047 0.577148 0.358398 0.582031 0.356445 0.586914 0.352539 0.590820 0.344727 0.598633 0.342773 0.605469 0.345703 0.613805 0.353793 0.619999 0.364411 0.611328 0.374023 0.610352 0.378906
1 0.419922 0.415039 0.411811 0.414732 0.402344 0.410156 0.396484 0.401367 0.393555 0.396484 0.393555 0.393555 0.394822 0.388063 0.399414 0.386719 0.399414 0.380859 0.403320 0.377930 0.413086 0.375977 0.425781 0.381836 0.425781 0.386719 0.428711 0.388672 0.429688 0.392578 0.429688 0.404297 0.424805 0.406250 0.424805 0.406250 0.423828 0.411133
1 0.326172 0.432617 0.309570 0.434570 0.306641 0.429688 0.299805 0.426758 0.294765 0.414229 0.294922 0.409180 0.298828 0.406250 0.303711 0.409180 0.305386 0.399128 0.314453 0.393555 0.322266 0.397461 0.329102 0.403320 0.334961 0.413086 0.333984 0.420898 0.332031 0.425781 0.327148 0.427734
1 0.239258 0.439453 0.232422 0.448242 0.219254 0.444766 0.207031 0.430664 0.208008 0.425781 0.211914 0.427734 0.214844 0.419922 0.227539 0.415039 0.234375 0.418945 0.237305 0.425781
1 0.148438 0.363281 0.139648 0.372070 0.137695 0.367188 0.133789 0.367188 0.125000 0.364258 0.122070 0.359375 0.122070 0.352539 0.128906 0.344727 0.129947 0.340857 0.137695 0.338867 0.149113 0.347676 0.151367 0.349609
1 0.148438 0.461914 0.143555 0.464844 0.135742 0.466797 0.130859 0.464844 0.125977 0.464844 0.124023 0.458984 0.118164 0.453125 0.124023 0.447266 0.123129 0.442585 0.125000 0.436523 0.131836 0.433594 0.135742 0.435547 0.140625 0.432617 0.152431 0.444244 0.151367 0.452148
1 0.237305 0.354492 0.233398 0.357422 0.223633 0.357422 0.216797 0.350586 0.216797 0.333008 0.219727 0.322266 0.224609 0.322266 0.227539 0.316406 0.232422 0.316406 0.240234 0.321289 0.243164 0.329102 0.245117 0.333008 0.248047 0.340820 0.246094 0.348633
1 0.238281 0.268555 0.226562 0.266602 0.218750 0.254883 0.221680 0.237305 0.218750 0.231445 0.228516 0.225586 0.239258 0.226562 0.250000 0.240234 0.252930 0.252930 0.246094 0.262695
1 0.158203 0.274414 0.148438 0.278320 0.138672 0.276367 0.136719 0.272461 0.130859 0.263672 0.138672 0.256836 0.140625 0.252930 0.144531 0.250977 0.152344 0.253906 0.160156 0.265625
1 0.246910 0.167295 0.238281 0.168945 0.232422 0.169922 0.225949 0.165078 0.223633 0.155273 0.221680 0.143555 0.226562 0.136719 0.226562 0.131836 0.231445 0.127930 0.239258 0.128906 0.246094 0.131836 0.253906 0.141602 0.252930 0.148438 0.257812 0.149414 0.256836 0.154297 0.251953 0.166016
1 0.340820 0.156250 0.325195 0.158203 0.313477 0.147461 0.314453 0.136719 0.313477 0.125977 0.319336 0.122070 0.325195 0.114258 0.330078 0.113281 0.336914 0.112305 0.347656 0.116211 0.350586 0.121094 0.349609 0.127930 0.352539 0.134766 0.352539 0.142578 0.351562 0.149414 0.345703 0.150391
1 0.428711 0.136719 0.418945 0.138672 0.415039 0.130859 0.407227 0.128906 0.407227 0.120117 0.404297 0.119141 0.405983 0.101747 0.410156 0.098633 0.415039 0.099609 0.417969 0.096680 0.426481 0.097118 0.431641 0.096680 0.435547 0.100586 0.436523 0.107422 0.440430 0.114258 0.437500 0.124023 0.435547 0.134766
1 0.417969 0.041992 0.415039 0.031250 0.410156 0.021484 0.412109 0.014648 0.412437 0.010518 0.417969 0.003906 0.431641 0.000000 0.438477 0.005859 0.443359 0.012695 0.445312 0.022461 0.443359 0.032227 0.434570 0.041992 0.426758 0.039062 0.420898 0.041016
1 0.344727 0.063477 0.337891 0.068359 0.325195 0.060547 0.319336 0.055664 0.314453 0.042969 0.320312 0.025391 0.343750 0.017578 0.357422 0.039062 0.355469 0.046875 0.357422 0.056641
1 0.254883 0.072266 0.250977 0.076172 0.240234 0.075195 0.227539 0.070312 0.222656 0.057617 0.227200 0.045257 0.236328 0.038086 0.248742 0.037789 0.256836 0.044922 0.262695 0.055664 0.257812 0.066406
1 0.164062 0.091797 0.150391 0.093750 0.144531 0.087891 0.144531 0.083984 0.139648 0.081055 0.138672 0.073242 0.143750 0.065206 0.148438 0.060547 0.157227 0.062500 0.171887 0.073438 0.171875 0.079102 0.168945 0.083984 0.167969 0.088867
1 0.162727 0.176171 0.159180 0.177734 0.157463 0.179109 0.148438 0.179688 0.145508 0.174805 0.146484 0.163086 0.151367 0.165039 0.156729 0.163931 0.160891 0.168582
1 0.117188 0.633789 0.120117 0.626953 0.127930 0.623047 0.131836 0.625000 0.130859 0.629883 0.132812 0.632812 0.129883 0.638672 0.125977 0.641602 0.119141 0.642578 0.116211 0.637695
1 0.112305 0.979492 0.117188 0.983398 0.123047 0.988281 0.122070 0.994141 0.116211 1.000000 0.107422 0.996094 0.107422 0.993164 0.103516 0.990234 0.103516 0.984375 0.107422 0.980469 0.109375 0.978516
1 0.534180 1.000000 0.534180 0.995117 0.541992 0.989258 0.550781 0.995117 0.556641 0.989258 0.563477 0.993164 0.564453 0.996094 0.561523 1.000000
1 1.000000 0.938477 0.989258 0.936523 0.981445 0.927734 0.987305 0.914062 1.000000 0.906250
1 1.000000 0.839844 0.992188 0.838867 0.984375 0.831055 0.996094 0.818359 1.000000 0.818359