1 0.938477 0.160156 0.953125 0.165039 0.970703 0.169922 0.985352 0.186523 1.000000 0.215820 0.995117 0.239258 0.983398 0.260742 0.972656 0.278320 0.958008 0.288086 0.936523 0.284180 0.932617 0.277344 0.918945 0.277344 0.908203 0.267578 0.898438 0.254883 0.882812 0.254883 0.875000 0.248047 0.871094 0.223633 0.876953 0.188477 0.904297 0.166992 0.924805 0.154297
1 0.904297 0.258789 0.913086 0.275391 0.917969 0.279297 0.931641 0.278320 0.937500 0.289062 0.932617 0.302734 0.932617 0.302734 0.923828 0.310547 0.908203 0.318359 0.896484 0.313477 0.890625 0.305664 0.877930 0.305664 0.869141 0.299805 0.858398 0.292969 0.850586 0.280273 0.855469 0.263672 0.871094 0.256836 0.882812 0.257812
1 0.933594 0.333008 0.940430 0.340820 0.949219 0.357422 0.943359 0.363281 0.933594 0.368164 0.921875 0.368164 0.915039 0.357422 0.905273 0.356445 0.894531 0.356445 0.884766 0.357422 0.885742 0.371094 0.874023 0.374023 0.860352 0.369141 0.856445 0.354492 0.858398 0.335938 0.879883 0.322266 0.893555 0.330078 0.908203 0.322266 0.921875 0.325195 0.921875 0.325195
1 0.932617 0.383789 0.932617 0.383789 0.929688 0.397461 0.920898 0.404297 0.911133 0.414062 0.901367 0.418945 0.887695 0.417969 0.882812 0.412109 0.872070 0.405273 0.861328 0.400391 0.861328 0.384766 0.870117 0.375000 0.891602 0.367188 0.903320 0.369141 0.920898 0.372070
1 0.922852 0.434570 0.930664 0.446289 0.939453 0.459961 0.950195 0.467773 0.962891 0.477539 0.962891 0.477539 0.964844 0.497070 0.960938 0.518555 0.957031 0.534180 0.954102 0.546875 0.937500 0.555664 0.928711 0.559570 0.903320 0.556641 0.888672 0.546875 0.875977 0.542969 0.873047 0.530273 0.873047 0.519531 0.861328 0.515625 0.861328 0.500977 0.863281 0.476562 0.879883 0.471680 0.880859 0.450195 0.898438 0.434570
1 0.956055 0.375000 0.960938 0.383789 0.968750 0.397461 0.982422 0.397461 1.000000 0.390625 1.000000 0.480469 0.994141 0.476562 0.980469 0.478516 0.965820 0.468750 0.952148 0.456055 0.940430 0.442383 0.931641 0.418945 0.940430 0.396484 0.944336 0.378906
1 0.967773 0.690430 0.969727 0.696289 0.964844 0.705078 0.962891 0.713867 0.962891 0.713867 0.972656 0.716797 0.976562 0.724609 0.978516 0.738281 0.974609 0.748047 0.965820 0.751953 0.954102 0.747070 0.942383 0.739258 0.930664 0.727539 0.938477 0.716797 0.946289 0.717773 0.947266 0.704102 0.946289 0.692383 0.959961 0.688477
1 0.985352 0.791992 0.994141 0.797852 1.000000 0.783203 0.999023 0.864258 0.986328 0.879883 0.979492 0.870117 0.986328 0.849609 0.972656 0.859375 0.959961 0.861328 0.965820 0.848633 0.958008 0.851562 0.942383 0.850586 0.957031 0.845703 0.972656 0.830078 0.958008 0.828125 0.958008 0.818359 0.967773 0.817383 0.965820 0.806641 0.981445 0.809570
1 0.901367 0.778320 0.912109 0.775391 0.920898 0.775391 0.929688 0.772461 0.940430 0.775391 0.946289 0.770508 0.953125 0.766602 0.957031 0.769531 0.964844 0.774414 0.975586 0.784180 0.980469 0.794922 0.979492 0.807617 0.971680 0.813477 0.962891 0.814453 0.954102 0.819336 0.933594 0.818359 0.918945 0.809570 0.906250 0.798828 0.895508 0.789062
1 0.910156 0.871094 0.914062 0.876953 0.922852 0.852539 0.926758 0.871094 0.937500 0.863281 0.938477 0.876953 0.932617 0.888672 0.950195 0.880859 0.969727 0.873047 0.960938 0.887695 0.948242 0.899414 0.965820 0.899414 0.961914 0.909180 0.978516 0.912109 0.969727 0.921875 0.976562 0.933594 0.976562 0.933594 0.967773 0.938477 0.970703 0.946289 0.958984 0.947266 0.964844 0.957031 0.960938 0.960938 0.953125 0.962891 0.955078 0.971680 0.944336 0.969727 0.944336 0.969727 0.931641 0.954102 0.932617 0.978516 0.932617 0.978516 0.919922 0.967773 0.910156 0.988281 0.905273 0.978516 0.906250 0.963867 0.898438 0.975586 0.891602 0.959961 0.898438 0.945312 0.881836 0.943359 0.863281 0.932617 0.864258 0.932617 0.881836 0.928711 0.894531 0.922852 0.877930 0.907227 0.888672 0.908203 0.899414 0.911133 0.899414 0.911133 0.902344 0.886719 0.905273 0.871094
1 0.892578 0.885742 0.879883 0.859375 0.875977 0.870117 0.867188 0.865234 0.866211 0.880859 0.866211 0.893555 0.849609 0.884766 0.844727 0.891602 0.844727 0.891602 0.851562 0.904297 0.834961 0.902344 0.843750 0.915039 0.850586 0.920898 0.836914 0.925781 0.846680 0.932617 0.859375 0.936523 0.859375 0.936523 0.843750 0.954102 0.843750 0.954102 0.858398 0.949219 0.856445 0.958984 0.862305 0.958984 0.861328 0.978516 0.870117 0.970703 0.882812 0.960938 0.889648 0.986328 0.893555 0.988281 0.892578 0.970703 0.892578 0.949219 0.899414 0.944336 0.881836 0.941406 0.865234 0.932617 0.880859 0.930664 0.895508 0.922852 0.878906 0.909180 0.897461 0.912109 0.904297 0.883789
1 0.805664 0.885742 0.808594 0.892578 0.819336 0.877930 0.838867 0.847656 0.840820 0.863281 0.843750 0.859375 0.844727 0.871094 0.844727 0.875977 0.848633 0.879883 0.847656 0.891602 0.840820 0.899414 0.844727 0.904297 0.836914 0.920898 0.847656 0.922852 0.860352 0.946289 0.844727 0.947266 0.835938 0.944336 0.851562 0.957031 0.844727 0.961914 0.830078 0.959961 0.832031 0.975586 0.843750 0.991211 0.839844 0.997070 0.826172 0.993164 0.813477 0.984375 0.815430 1.000000 0.803711 1.000000 0.801758 0.989258 0.802734 0.975586 0.793945 0.984375 0.779297 1.000000 0.771484 1.000000 0.775391 0.987305 0.763672 0.992188 0.757812 0.990234 0.760742 0.983398 0.753906 0.986328 0.744141 0.984375 0.749023 0.976562 0.749023 0.966797 0.762695 0.954102 0.780273 0.938477 0.780273 0.938477 0.763672 0.943359 0.750977 0.945312 0.750977 0.945312 0.734375 0.938477 0.742188 0.926758 0.759766 0.928711 0.770508 0.924805 0.773438 0.917969 0.765625 0.909180 0.753906 0.901367 0.734375 0.886719 0.745117 0.886719 0.744141 0.876953 0.756836 0.881836 0.767578 0.878906 0.770508 0.890625 0.782227 0.888672 0.794922 0.905273 0.793945 0.885742 0.797852 0.877930
1 0.740234 0.905273 0.750977 0.906250 0.758789 0.910156 0.759766 0.922852 0.755859 0.924805 0.746094 0.925781 0.739258 0.932617 0.738281 0.941406 0.747070 0.944336 0.754883 0.951172 0.754883 0.962891 0.745117 0.967773 0.741211 0.974609 0.737305 0.982422 0.725586 0.985352 0.713867 0.985352 0.711914 0.975586 0.709961 0.964844 0.717773 0.956055 0.718750 0.945312 0.715820 0.936523 0.724609 0.934570 0.721680 0.925781 0.729492 0.917969 0.726562 0.908203 0.716797 0.901367 0.728516 0.898438
1 0.632812 0.881836 0.641602 0.893555 0.653320 0.904297 0.658203 0.892578 0.670898 0.875000 0.679688 0.893555 0.686523 0.883789 0.688477 0.891602 0.695312 0.887695 0.699219 0.883789 0.698242 0.892578 0.710938 0.884766 0.708984 0.892578 0.702148 0.903320 0.701172 0.911133 0.709961 0.909180 0.715820 0.899414 0.726562 0.894531 0.724609 0.911133 0.724609 0.921875 0.717773 0.931641 0.706055 0.938477 0.716797 0.942383 0.713867 0.949219 0.720703 0.951172 0.717773 0.968750 0.715820 0.977539 0.696289 0.979492 0.700195 0.988281 0.696289 0.993164 0.680664 0.995117 0.679688 1.000000 0.630859 1.000000 0.632812 0.987305 0.614258 0.993164 0.620117 0.977539 0.622070 0.961914 0.612305 0.966797 0.594727 0.967773 0.588867 0.962891 0.598633 0.955078 0.619141 0.946289 0.610352 0.938477 0.595703 0.938477 0.577148 0.933594 0.586914 0.926758 0.603516 0.922852 0.594727 0.916016 0.595703 0.898438 0.599609 0.891602 0.606445 0.901367 0.611328 0.886719 0.623047 0.881836
1 0.534180 0.897461 0.547852 0.908203 0.561523 0.896484 0.567383 0.911133 0.578125 0.901367 0.583008 0.899414 0.585938 0.912109 0.595703 0.915039 0.601562 0.920898 0.586914 0.926758 0.581055 0.934570 0.595703 0.936523 0.615234 0.945312 0.604492 0.952148 0.585938 0.961914 0.590820 0.978516 0.606445 0.994141 0.605469 1.000000 0.532227 1.000000 0.524414 0.994141 0.512695 0.989258 0.502930 0.981445 0.507812 0.969727 0.494141 0.959961 0.494141 0.959961 0.500977 0.955078 0.500000 0.948242 0.508789 0.934570 0.515625 0.931641 0.512695 0.918945 0.528320 0.908203 0.535156 0.917969
1 0.445312 0.906250 0.452148 0.921875 0.459961 0.914062 0.477539 0.905273 0.480469 0.915039 0.474609 0.928711 0.491211 0.923828 0.504883 0.928711 0.513672 0.927734 0.514648 0.934570 0.505859 0.939453 0.484375 0.944336 0.484375 0.944336 0.496094 0.956055 0.507812 0.967773 0.505859 0.981445 0.497070 0.983398 0.489258 0.973633 0.478516 0.969727 0.481445 0.982422 0.481445 0.982422 0.478516 1.000000 0.458008 1.000000 0.464844 0.979492 0.454102 0.986328 0.446289 1.000000 0.439453 1.000000 0.441406 0.986328 0.434570 0.990234 0.422852 0.991211 0.430664 0.983398 0.439453 0.973633 0.425781 0.976562 0.408203 0.974609 0.415039 0.962891 0.426758 0.957031 0.434570 0.949219 0.420898 0.946289 0.411133 0.931641 0.407227 0.917969 0.417969 0.924805 0.425781 0.920898 0.439453 0.923828 0.440430 0.914062
1 0.366211 0.924805 0.373047 0.915039 0.380859 0.920898 0.392578 0.911133 0.398438 0.919922 0.398438 0.929688 0.409180 0.928711 0.416016 0.940430 0.415039 0.948242 0.405273 0.953125 0.406250 0.958008 0.415039 0.967773 0.415039 0.967773 0.413086 0.976562 0.403320 0.972656 0.394531 0.970703 0.383789 0.964844 0.371094 0.967773 0.369141 0.960938 0.360352 0.966797 0.348633 0.970703 0.344727 0.964844 0.353516 0.957031 0.360352 0.951172 0.354492 0.936523 0.367188 0.937500 0.359375 0.930664 0.360352 0.921875
1 0.270508 0.913086 0.283203 0.902344 0.285156 0.917969 0.294922 0.922852 0.307617 0.922852 0.313477 0.933594 0.324219 0.929688 0.334961 0.930664 0.333008 0.939453 0.319336 0.949219 0.306641 0.951172 0.325195 0.956055 0.339844 0.964844 0.351562 0.971680 0.346680 0.974609 0.333984 0.974609 0.317383 0.974609 0.300781 0.973633 0.319336 1.000000 0.319336 1.000000 0.231445 1.000000 0.250977 0.978516 0.243164 0.968750 0.237305 0.956055 0.222656 0.955078 0.210938 0.944336 0.216797 0.939453 0.224609 0.948242 0.224609 0.948242 0.237305 0.946289 0.232422 0.937500 0.234375 0.926758 0.236328 0.916016 0.248047 0.921875 0.260742 0.923828 0.268555 0.921875
1 0.174805 1.000000 0.188477 0.992188 0.193359 0.984375 0.207031 0.986328 0.205078 0.977539 0.206055 0.968750 0.217773 0.967773 0.223633 0.971680 0.233398 0.969727 0.240234 0.973633 0.243164 0.984375 0.240234 0.991211 0.229492 1.000000
1 0.168945 0.938477 0.164062 0.923828 0.172852 0.910156 0.174805 0.924805 0.183594 0.934570 0.207031 0.929688 0.198242 0.946289 0.213867 0.948242 0.242188 0.956055 0.237305 0.960938 0.225586 0.962891 0.201172 0.957031 0.201172 0.965820 0.209961 0.988281 0.196289 0.985352 0.191406 0.991211 0.178711 0.996094 0.176758 1.000000 0.111328 1.000000 0.115234 0.991211 0.115234 0.991211 0.127930 0.983398 0.141602 0.968750 0.116211 0.972656 0.088867 0.967773 0.075195 0.974609 0.079102 0.962891 0.091797 0.956055 0.124023 0.955078 0.140625 0.951172 0.134766 0.943359 0.125977 0.931641 0.120117 0.926758 0.125000 0.916992 0.142578 0.925781 0.159180 0.941406
1 0.037109 0.939453 0.046875 0.943359 0.061523 0.944336 0.069336 0.938477 0.065430 0.926758 0.069336 0.910156 0.075195 0.904297 0.076172 0.911133 0.075195 0.919922 0.079102 0.927734 0.085938 0.936523 0.089844 0.948242 0.097656 0.940430 0.125000 0.925781 0.121094 0.937500 0.113281 0.947266 0.135742 0.949219 0.121094 0.955078 0.094727 0.956055 0.080078 0.961914 0.076172 0.972656 0.092773 0.965820 0.105469 0.967773 0.115234 0.976562 0.122070 0.987305 0.119141 1.000000 0.025391 1.000000 0.045898 0.979492 0.027344 0.981445 0.010742 0.984375 0.000000 0.978516 0.000000 0.969727 0.021484 0.965820 0.036133 0.952148 0.030273 0.941406 0.033203 0.934570
1 0.024414 0.824219 0.029297 0.833984 0.042969 0.823242 0.049805 0.826172 0.043945 0.838867 0.059570 0.839844 0.056641 0.851562 0.059570 0.859375 0.057617 0.864258 0.044922 0.865234 0.048828 0.873047 0.056641 0.882812 0.048828 0.887695 0.034180 0.885742 0.038086 0.898438 0.032227 0.911133 0.017578 0.905273 0.015625 0.895508 0.000000 0.905273 0.000000 0.840820 0.010742 0.829102
1 0.099609 0.817383 0.110352 0.820312 0.117188 0.828125 0.117188 0.828125 0.116211 0.839844 0.110352 0.844727 0.098633 0.841797 0.084961 0.842773 0.087891 0.852539 0.095703 0.860352 0.101562 0.873047 0.093750 0.876953 0.087891 0.877930 0.087891 0.877930 0.090820 0.882812 0.090820 0.882812 0.095703 0.887695 0.086914 0.890625 0.078125 0.891602 0.067383 0.894531 0.063477 0.890625 0.058594 0.885742 0.056641 0.875000 0.062500 0.867188 0.054688 0.864258 0.062500 0.858398 0.059570 0.846680 0.066406 0.836914 0.071289 0.833984 0.077148 0.827148 0.087891 0.822266 0.095703 0.818359
1 0.142578 0.832031 0.151367 0.817383 0.162109 0.806641 0.175781 0.794922 0.171875 0.807617 0.164062 0.823242 0.157227 0.833984 0.154297 0.845703 0.158203 0.852539 0.162109 0.860352 0.170898 0.868164 0.164062 0.874023 0.157227 0.879883 0.163086 0.902344 0.165039 0.916992 0.152344 0.916016 0.144531 0.902344 0.145508 0.885742 0.135742 0.893555 0.121094 0.906250 0.119141 0.916016 0.108398 0.913086 0.111328 0.898438 0.116211 0.882812 0.103516 0.886719 0.091797 0.894531 0.084961 0.877930 0.084961 0.877930 0.105469 0.873047 0.102539 0.861328 0.091797 0.859375 0.083008 0.842773 0.093750 0.840820 0.106445 0.842773 0.119141 0.838867 0.116211 0.828125 0.121094 0.819336 0.117188 0.812500 0.131836 0.813477
1 0.203125 0.806641 0.186523 0.809570 0.169922 0.821289 0.164062 0.836914 0.154297 0.838867 0.153320 0.848633 0.161133 0.851562 0.158203 0.858398 0.169922 0.866211 0.161133 0.875977 0.163086 0.888672 0.170898 0.899414 0.172852 0.906250 0.182617 0.909180 0.194336 0.913086 0.205078 0.912109 0.215820 0.904297 0.216797 0.888672 0.207031 0.897461 0.191406 0.905273 0.194336 0.892578 0.186523 0.888672 0.200195 0.875977 0.185547 0.876953 0.174805 0.873047 0.180664 0.864258 0.174805 0.858398 0.182617 0.851562 0.183594 0.843750 0.179688 0.829102 0.189453 0.831055 0.192383 0.820312 0.199219 0.820312
1 0.210938 0.794922 0.224609 0.809570 0.235352 0.788086 0.240234 0.791016 0.242188 0.804688 0.249023 0.790039 0.270508 0.786133 0.271484 0.795898 0.283203 0.791016 0.283203 0.791016 0.282227 0.804688 0.294922 0.803711 0.291992 0.813477 0.291016 0.821289 0.282227 0.827148 0.282227 0.827148 0.284180 0.837891 0.282227 0.854492 0.282227 0.854492 0.284180 0.861328 0.274414 0.865234 0.276367 0.873047 0.283203 0.885742 0.288086 0.900391 0.279297 0.898438 0.282227 0.908203 0.265625 0.901367 0.255859 0.899414 0.246094 0.901367 0.250977 0.908203 0.259766 0.916016 0.250977 0.919922 0.238281 0.913086 0.230469 0.903320 0.230469 0.903320 0.223633 0.911133 0.208008 0.914062 0.202148 0.912109 0.215820 0.901367 0.216797 0.888672 0.202148 0.900391 0.190430 0.904297 0.196289 0.894531 0.191406 0.893555 0.186523 0.885742 0.201172 0.875000 0.179688 0.875977 0.179688 0.875977 0.171875 0.873047 0.189453 0.864258 0.176758 0.864258 0.170898 0.856445 0.179688 0.851562 0.191406 0.852539 0.180664 0.845703 0.175781 0.827148 0.190430 0.833984 0.190430 0.833984 0.185547 0.823242 0.189453 0.819336 0.198242 0.821289 0.198242 0.821289 0.197266 0.810547 0.206055 0.814453 0.205078 0.797852
0 0.404297 0.713867 0.415039 0.725586 0.421875 0.725586 0.425781 0.729492 0.430664 0.739258 0.430664 0.744141 0.432617 0.754883 0.432617 0.760742 0.434570 0.766602 0.437500 0.777344 0.437500 0.783203 0.438477 0.789062 0.439453 0.793945 0.439453 0.798828 0.437500 0.804688 0.436523 0.810547 0.436523 0.816406 0.435547 0.827148 0.431641 0.838867 0.425781 0.848633 0.421875 0.852539 0.416992 0.854492 0.404297 0.857422 0.398438 0.859375 0.393555 0.861328 0.388672 0.863281 0.378906 0.867188 0.371094 0.874023 0.367188 0.878906 0.362305 0.880859 0.357422 0.881836 0.351562 0.879883 0.346680 0.878906 0.338867 0.880859 0.321289 0.882812 0.315430 0.884766 0.302734 0.889648 0.291992 0.891602 0.287109 0.890625 0.283203 0.887695 0.278320 0.884766 0.277344 0.879883 0.278320 0.875000 0.281250 0.870117 0.285156 0.860352 0.281250 0.856445 0.275391 0.848633 0.275391 0.843750 0.280273 0.842773 0.281250 0.837891 0.280273 0.832031 0.281250 0.827148 0.286133 0.825195 0.291992 0.818359 0.289062 0.813477 0.289062 0.807617 0.293945 0.804688 0.298828 0.802734 0.301758 0.798828 0.301758 0.793945 0.307617 0.793945 0.321289 0.794922 0.332031 0.796875 0.341797 0.798828 0.344727 0.793945 0.345703 0.784180 0.341797 0.780273 0.340820 0.774414 0.342773 0.769531 0.347656 0.766602 0.358398 0.763672 0.363281 0.763672 0.364258 0.757812 0.364258 0.752930 0.361328 0.748047 0.360352 0.743164 0.360352 0.737305 0.363281 0.732422 0.369141 0.731445 0.378906 0.726562 0.381836 0.721680 0.387695 0.712891 0.397461 0.708008
1 0.447266 0.828125 0.453125 0.813477 0.453125 0.813477 0.465820 0.803711 0.465820 0.814453 0.461914 0.831055 0.500000 0.807617 0.500000 0.816406 0.495117 0.824219 0.497070 0.832031 0.484375 0.845703 0.477539 0.850586 0.497070 0.854492 0.499023 0.868164 0.492188 0.870117 0.506836 0.881836 0.490234 0.882812 0.478516 0.878906 0.487305 0.896484 0.483398 0.902344 0.471680 0.895508 0.471680 0.895508 0.470703 0.910156 0.473633 0.920898 0.459961 0.913086 0.453125 0.900391 0.450195 0.909180 0.453125 0.923828 0.442383 0.922852 0.432617 0.905273 0.428711 0.916016 0.428711 0.922852 0.420898 0.923828 0.416992 0.912109 0.411133 0.914062 0.407227 0.905273 0.412109 0.889648 0.403320 0.901367 0.391602 0.902344 0.388672 0.892578 0.380859 0.882812 0.381836 0.875977 0.392578 0.872070 0.397461 0.859375 0.416016 0.856445 0.430664 0.853516 0.428711 0.844727 0.435547 0.831055
1 0.508789 0.794922 0.519531 0.793945 0.532227 0.801758 0.542969 0.811523 0.548828 0.820312 0.550781 0.834961 0.553711 0.847656 0.544922 0.852539 0.552734 0.861328 0.558594 0.865234 0.558594 0.882812 0.558594 0.892578 0.552734 0.896484 0.541016 0.896484 0.529297 0.898438 0.517578 0.894531 0.508789 0.886719 0.502930 0.875000 0.492188 0.872070 0.499023 0.863281 0.493164 0.852539 0.483398 0.849609 0.489258 0.841797 0.500000 0.835938 0.499023 0.831055 0.500000 0.821289 0.499023 0.812500 0.499023 0.801758 0.495117 0.790039
1 0.585938 0.804688 0.595703 0.816406 0.601562 0.804688 0.607422 0.813477 0.606445 0.820312 0.613281 0.809570 0.617188 0.821289 0.616211 0.827148 0.618164 0.836914 0.627930 0.840820 0.641602 0.845703 0.633789 0.852539 0.625000 0.855469 0.639648 0.869141 0.639648 0.869141 0.641602 0.877930 0.636719 0.877930 0.623047 0.872070 0.623047 0.872070 0.627930 0.884766 0.616211 0.881836 0.616211 0.890625 0.608398 0.893555 0.604492 0.888672 0.601562 0.900391 0.591797 0.900391 0.583008 0.890625 0.576172 0.901367 0.568359 0.903320 0.570312 0.885742 0.562500 0.890625 0.553711 0.896484 0.552734 0.885742 0.559570 0.874023 0.569336 0.860352 0.557617 0.862305 0.549805 0.867188 0.547852 0.854492 0.559570 0.848633 0.571289 0.844727 0.562500 0.840820 0.562500 0.835938 0.552734 0.835938 0.544922 0.833008 0.546875 0.823242 0.564453 0.823242 0.578125 0.828125 0.578125 0.820312 0.581055 0.802734
1 0.672852 0.819336 0.682617 0.808594 0.704102 0.796875 0.702148 0.806641 0.698242 0.816406 0.707031 0.817383 0.716797 0.828125 0.713867 0.833008 0.701172 0.833984 0.693359 0.839844 0.701172 0.843750 0.716797 0.841797 0.715820 0.853516 0.715820 0.853516 0.707031 0.856445 0.718750 0.861328 0.718750 0.870117 0.705078 0.872070 0.693359 0.867188 0.701172 0.878906 0.697266 0.880859 0.684570 0.876953 0.669922 0.869141 0.668945 0.878906 0.661133 0.891602 0.656250 0.887695 0.652344 0.875977 0.653320 0.866211 0.639648 0.879883 0.641602 0.870117 0.646484 0.859375 0.635742 0.860352 0.624023 0.864258 0.624023 0.853516 0.633789 0.849609 0.639648 0.843750 0.625000 0.840820 0.614258 0.834961 0.622070 0.826172 0.619141 0.821289 0.636719 0.823242 0.642578 0.817383 0.647461 0.817383 0.655273 0.811523 0.666016 0.805664
1 0.782227 0.794922 0.796875 0.774414 0.797852 0.782227 0.808594 0.781250 0.815430 0.790039 0.817383 0.799805 0.819336 0.814453 0.812500 0.824219 0.827148 0.827148 0.821289 0.833984 0.805664 0.835938 0.811523 0.851562 0.811523 0.851562 0.823242 0.861328 0.816406 0.867188 0.816406 0.867188 0.794922 0.851562 0.798828 0.878906 0.796875 0.889648 0.787109 0.887695 0.783203 0.889648 0.778320 0.882812 0.771484 0.890625 0.768555 0.876953 0.767578 0.862305 0.756836 0.873047 0.756836 0.873047 0.747070 0.877930 0.737305 0.867188 0.750000 0.845703 0.733398 0.849609 0.722656 0.845703 0.721680 0.827148 0.721680 0.827148 0.746094 0.825195 0.733398 0.818359 0.722656 0.810547 0.734375 0.810547 0.740234 0.808594 0.728516 0.799805 0.733398 0.787109 0.744141 0.785156 0.748047 0.776367 0.751953 0.781250 0.751953 0.781250 0.758789 0.770508 0.763672 0.775391 0.773438 0.772461
1 0.628906 0.717773 0.646484 0.726562 0.663086 0.735352 0.674805 0.750000 0.682617 0.765625 0.681641 0.780273 0.671875 0.786133 0.671875 0.786133 0.667969 0.800781 0.657227 0.815430 0.637695 0.820312 0.625977 0.823242 0.613281 0.822266 0.611328 0.810547 0.605469 0.807617 0.596680 0.795898 0.593750 0.775391 0.591797 0.755859 0.604492 0.749023 0.601562 0.740234 0.595703 0.728516 0.604492 0.719727 0.617188 0.715820
1 0.666016 0.687500 0.673828 0.666016 0.679688 0.684570 0.690430 0.680664 0.690430 0.689453 0.697266 0.695312 0.693359 0.710938 0.689453 0.723633 0.681641 0.739258 0.673828 0.741211 0.665039 0.735352 0.653320 0.731445 0.643555 0.718750 0.638672 0.704102 0.652344 0.710938 0.647461 0.693359 0.657227 0.685547 0.665039 0.674805
1 0.571289 0.711914 0.581055 0.723633 0.592773 0.712891 0.598633 0.724609 0.604492 0.746094 0.592773 0.755859 0.592773 0.774414 0.586914 0.789062 0.578125 0.811523 0.572266 0.827148 0.572266 0.827148 0.568359 0.810547 0.569336 0.791016 0.571289 0.773438 0.553711 0.783203 0.553711 0.783203 0.560547 0.766602 0.551758 0.757812 0.557617 0.749023 0.569336 0.741211 0.563477 0.727539
1 0.745117 0.676758 0.755859 0.684570 0.769531 0.690430 0.761719 0.678711 0.759766 0.665039 0.772461 0.675781 0.775391 0.665039 0.789062 0.677734 0.802734 0.653320 0.805664 0.669922 0.800781 0.685547 0.810547 0.681641 0.819336 0.671875 0.828125 0.676758 0.830078 0.685547 0.818359 0.693359 0.833008 0.692383 0.835938 0.708984 0.818359 0.715820 0.824219 0.728516 0.816406 0.735352 0.820312 0.749023 0.797852 0.741211 0.797852 0.741211 0.802734 0.756836 0.795898 0.758789 0.786133 0.752930 0.785156 0.760742 0.776367 0.766602 0.771484 0.751953 0.763672 0.755859 0.752930 0.753906 0.753906 0.746094 0.743164 0.750977 0.740234 0.741211 0.745117 0.727539 0.730469 0.721680 0.742188 0.713867 0.749023 0.705078 0.729492 0.699219 0.724609 0.694336 0.742188 0.692383 0.743164 0.686523 0.734375 0.674805
1 0.753906 0.556641 0.759766 0.573242 0.764648 0.560547 0.768555 0.569336 0.768555 0.569336 0.784180 0.558594 0.784180 0.559570 0.787109 0.567383 0.791016 0.565430 0.792969 0.579102 0.807617 0.579102 0.813477 0.591797 0.805664 0.602539 0.821289 0.609375 0.821289 0.609375 0.815430 0.616211 0.818359 0.625000 0.801758 0.627930 0.812500 0.637695 0.805664 0.641602 0.792969 0.638672 0.805664 0.654297 0.792969 0.659180 0.784180 0.663086 0.784180 0.671875 0.765625 0.674805 0.753906 0.662109 0.749023 0.674805 0.731445 0.670898 0.728516 0.661133 0.735352 0.646484 0.718750 0.653320 0.712891 0.648438 0.726562 0.638672 0.711914 0.639648 0.711914 0.639648 0.701172 0.630859 0.710938 0.626953 0.703125 0.620117 0.716797 0.615234 0.731445 0.609375 0.716797 0.603516 0.706055 0.600586 0.703125 0.590820 0.713867 0.583984 0.729492 0.593750 0.726562 0.582031 0.724609 0.560547 0.738281 0.569336
1 0.675781 0.588867 0.696289 0.574219 0.688477 0.598633 0.703125 0.598633 0.703125 0.598633 0.705078 0.604492 0.716797 0.609375 0.716797 0.609375 0.716797 0.615234 0.703125 0.621094 0.692383 0.624023 0.708984 0.629883 0.714844 0.644531 0.718750 0.659180 0.709961 0.662109 0.692383 0.648438 0.694336 0.667969 0.694336 0.667969 0.694336 0.684570 0.682617 0.676758 0.671875 0.656250 0.668945 0.671875 0.659180 0.682617 0.655273 0.669922 0.654297 0.649414 0.648438 0.657227 0.632812 0.665039 0.628906 0.655273 0.637695 0.634766 0.625000 0.632812 0.615234 0.619141 0.631836 0.619141 0.617188 0.609375 0.614258 0.595703 0.636719 0.605469 0.626953 0.584961 0.631836 0.580078 0.646484 0.596680 0.657227 0.604492 0.671875 0.583008
1 0.602539 0.617188 0.604492 0.635742 0.616211 0.630859 0.622070 0.633789 0.617188 0.653320 0.633789 0.648438 0.634766 0.666016 0.630859 0.674805 0.650391 0.681641 0.647461 0.689453 0.652344 0.704102 0.638672 0.701172 0.640625 0.720703 0.617188 0.714844 0.597656 0.699219 0.599609 0.720703 0.588867 0.723633 0.576172 0.706055 0.576172 0.706055 0.565430 0.718750 0.542969 0.720703 0.557617 0.708008 0.558594 0.693359 0.545898 0.693359 0.535156 0.686523 0.553711 0.675781 0.540039 0.667969 0.529297 0.650391 0.548828 0.656250 0.544922 0.641602 0.544922 0.626953 0.557617 0.639648 0.561523 0.621094 0.573242 0.636719 0.587891 0.632812
1 0.517578 0.529297 0.527344 0.533203 0.539062 0.535156 0.550781 0.540039 0.555664 0.548828 0.552734 0.559570 0.558594 0.570312 0.555664 0.583984 0.556641 0.596680 0.553711 0.610352 0.553711 0.610352 0.535156 0.613281 0.520508 0.616211 0.508789 0.620117 0.508789 0.620117 0.495117 0.615234 0.491211 0.597656 0.490234 0.581055 0.494141 0.568359 0.487305 0.557617 0.497070 0.540039 0.507812 0.530273
1 0.562500 0.549805 0.567383 0.557617 0.584961 0.538086 0.584961 0.538086 0.584961 0.546875 0.579102 0.561523 0.592773 0.557617 0.590820 0.566406 0.594727 0.572266 0.589844 0.577148 0.583008 0.578125 0.591797 0.588867 0.591797 0.588867 0.586914 0.594727 0.580078 0.593750 0.576172 0.598633 0.567383 0.592773 0.557617 0.610352 0.551758 0.605469 0.558594 0.592773 0.553711 0.588867 0.549805 0.560547 0.544922 0.534180 0.551758 0.529297 0.551758 0.529297
1 0.621094 0.481445 0.636719 0.491211 0.636719 0.491211 0.642578 0.467773 0.657227 0.489258 0.666992 0.489258 0.685547 0.469727 0.685547 0.492188 0.696289 0.501953 0.714844 0.512695 0.709961 0.521484 0.696289 0.524414 0.707031 0.546875 0.707031 0.546875 0.713867 0.554688 0.703125 0.556641 0.720703 0.572266 0.715820 0.578125 0.692383 0.568359 0.691406 0.593750 0.673828 0.583008 0.664062 0.576172 0.659180 0.592773 0.644531 0.599609 0.643555 0.586914 0.644531 0.568359 0.632812 0.582031 0.616211 0.583008 0.616211 0.583008 0.601562 0.575195 0.605469 0.567383 0.592773 0.565430 0.592773 0.565430 0.604492 0.548828 0.596680 0.539062 0.609375 0.528320 0.596680 0.518555 0.596680 0.518555 0.594727 0.502930 0.602539 0.489258 0.618164 0.494141
1 0.774414 0.465820 0.775391 0.475586 0.780273 0.473633 0.780273 0.473633 0.780273 0.483398 0.792969 0.486328 0.783203 0.500000 0.795898 0.509766 0.800781 0.522461 0.790039 0.526367 0.775391 0.532227 0.786133 0.545898 0.787109 0.554688 0.774414 0.548828 0.773438 0.564453 0.762695 0.568359 0.762695 0.568359 0.752930 0.558594 0.745117 0.572266 0.733398 0.567383 0.722656 0.561523 0.713867 0.562500 0.708008 0.559570 0.708008 0.541992 0.698242 0.541992 0.705078 0.531250 0.684570 0.534180 0.705078 0.519531 0.700195 0.506836 0.689453 0.495117 0.689453 0.495117 0.697266 0.496094 0.693359 0.476562 0.703125 0.467773 0.720703 0.478516 0.721680 0.460938 0.735352 0.465820 0.750977 0.462891 0.760742 0.473633
1 0.706055 0.339844 0.713867 0.344727 0.729492 0.340820 0.742188 0.357422 0.743164 0.374023 0.739258 0.389648 0.738281 0.400391 0.738281 0.400391 0.726562 0.407227 0.711914 0.416016 0.703125 0.425781 0.682617 0.422852 0.675781 0.412109 0.673828 0.399414 0.660156 0.397461 0.647461 0.386719 0.653320 0.372070 0.655273 0.355469 0.670898 0.359375 0.680664 0.342773 0.692383 0.345703
1 0.744141 0.383789 0.756836 0.385742 0.749023 0.402344 0.750000 0.407227 0.773438 0.405273 0.773438 0.413086 0.756836 0.422852 0.775391 0.427734 0.770508 0.435547 0.779297 0.443359 0.776367 0.449219 0.759766 0.447266 0.748047 0.446289 0.748047 0.446289 0.761719 0.461914 0.755859 0.466797 0.743164 0.460938 0.744141 0.477539 0.738281 0.479492 0.738281 0.479492 0.730469 0.460938 0.712891 0.477539 0.704102 0.474609 0.704102 0.474609 0.707031 0.450195 0.684570 0.458008 0.681641 0.448242 0.699219 0.435547 0.678711 0.420898 0.689453 0.415039 0.705078 0.416992 0.705078 0.416992 0.727539 0.404297 0.738281 0.397461
1 0.633789 0.379883 0.648438 0.362305 0.650391 0.380859 0.657227 0.389648 0.655273 0.401367 0.675781 0.401367 0.679688 0.416016 0.670898 0.421875 0.692383 0.431641 0.691406 0.440430 0.678711 0.438477 0.689453 0.459961 0.683594 0.459961 0.669922 0.456055 0.677734 0.475586 0.677734 0.475586 0.666016 0.471680 0.671875 0.486328 0.661133 0.488281 0.643555 0.459961 0.635742 0.488281 0.629883 0.481445 0.627930 0.492188 0.618164 0.483398 0.606445 0.490234 0.610352 0.474609 0.600586 0.471680 0.602539 0.458984 0.591797 0.460938 0.596680 0.451172 0.581055 0.450195 0.592773 0.437500 0.583008 0.420898 0.572266 0.398438 0.585938 0.400391 0.580078 0.382812 0.594727 0.385742 0.596680 0.366211 0.613281 0.376953 0.619141 0.363281
1 0.554688 0.413086 0.570312 0.416016 0.583984 0.425781 0.589844 0.435547 0.583984 0.446289 0.583984 0.446289 0.599609 0.455078 0.600586 0.468750 0.598633 0.480469 0.591797 0.485352 0.592773 0.502930 0.583984 0.509766 0.566406 0.523438 0.559570 0.529297 0.541992 0.529297 0.531250 0.527344 0.522461 0.526367 0.508789 0.520508 0.498047 0.514648 0.491211 0.500000 0.484375 0.490234 0.486328 0.475586 0.480469 0.467773 0.489258 0.449219 0.493164 0.431641 0.504883 0.423828 0.505859 0.411133 0.519531 0.418945 0.531250 0.411133
1 0.667969 0.292969 0.688477 0.304688 0.701172 0.286133 0.706055 0.298828 0.729492 0.283203 0.730469 0.292969 0.741211 0.294922 0.732422 0.309570 0.747070 0.310547 0.747070 0.310547 0.748047 0.319336 0.733398 0.326172 0.733398 0.326172 0.750977 0.334961 0.749023 0.338867 0.742188 0.339844 0.750977 0.349609 0.740234 0.349609 0.726562 0.338867 0.713867 0.343750 0.703125 0.338867 0.688477 0.346680 0.688477 0.346680 0.679688 0.346680 0.668945 0.354492 0.673828 0.332031 0.652344 0.325195 0.664062 0.315430 0.650391 0.298828
1 0.614258 0.288086 0.618164 0.272461 0.626953 0.263672 0.630859 0.278320 0.630859 0.291992 0.642578 0.278320 0.653320 0.283203 0.646484 0.302734 0.661133 0.303711 0.661133 0.313477 0.646484 0.315430 0.667969 0.323242 0.668945 0.333008 0.674805 0.351562 0.656250 0.351562 0.657227 0.369141 0.635742 0.359375 0.633789 0.373047 0.622070 0.347656 0.616211 0.375000 0.608398 0.375000 0.601562 0.355469 0.580078 0.367188 0.580078 0.367188 0.584961 0.344727 0.571289 0.343750 0.570312 0.333984 0.580078 0.329102 0.558594 0.323242 0.571289 0.303711 0.585938 0.301758 0.572266 0.288086 0.588867 0.275391
1 0.527344 0.317383 0.530273 0.332031 0.547852 0.321289 0.554688 0.325195 0.570312 0.332031 0.574219 0.348633 0.582031 0.365234 0.571289 0.374023 0.583984 0.380859 0.581055 0.391602 0.566406 0.398438 0.566406 0.398438 0.569336 0.409180 0.553711 0.409180 0.553711 0.409180 0.544922 0.418945 0.528320 0.408203 0.528320 0.423828 0.514648 0.417969 0.507812 0.407227 0.493164 0.412109 0.488281 0.405273 0.500000 0.382812 0.500000 0.382812 0.484375 0.380859 0.470703 0.365234 0.497070 0.360352 0.482422 0.349609 0.479492 0.326172 0.499023 0.333008 0.498047 0.319336
1 0.617188 0.192383 0.642578 0.188477 0.642578 0.188477 0.667969 0.199219 0.672852 0.202148 0.683594 0.195312 0.697266 0.202148 0.713867 0.214844 0.704102 0.228516 0.691406 0.240234 0.684570 0.242188 0.675781 0.241211 0.670898 0.252930 0.670898 0.252930 0.653320 0.248047 0.635742 0.250000 0.620117 0.240234 0.625000 0.217773 0.615234 0.202148
1 0.708008 0.224609 0.729492 0.222656 0.727539 0.229492 0.741211 0.231445 0.728516 0.243164 0.737305 0.250977 0.727539 0.257812 0.729492 0.268555 0.714844 0.269531 0.708984 0.288086 0.691406 0.278320 0.688477 0.292969 0.678711 0.302734 0.669922 0.290039 0.658203 0.292969 0.653320 0.281250 0.641602 0.282227 0.648438 0.262695 0.663086 0.250977 0.670898 0.251953 0.680664 0.238281 0.693359 0.232422
1 0.583008 0.168945 0.598633 0.186523 0.604492 0.159180 0.615234 0.178711 0.628906 0.174805 0.627930 0.186523 0.614258 0.193359 0.614258 0.193359 0.620117 0.209961 0.620117 0.209961 0.623047 0.227539 0.622070 0.237305 0.632812 0.274414 0.618164 0.272461 0.603516 0.247070 0.597656 0.278320 0.587891 0.267578 0.575195 0.277344 0.569336 0.268555 0.581055 0.241211 0.551758 0.243164 0.543945 0.229492 0.578125 0.216797 0.554688 0.206055 0.548828 0.182617 0.548828 0.182617 0.565430 0.185547 0.572266 0.192383
1 0.636719 0.090820 0.652344 0.089844 0.671875 0.091797 0.692383 0.104492 0.700195 0.123047 0.704102 0.134766 0.690430 0.148438 0.680664 0.155273 0.669922 0.167969 0.647461 0.174805 0.626953 0.173828 0.609375 0.164062 0.605469 0.144531 0.605469 0.125000 0.605469 0.125000 0.614258 0.112305 0.607422 0.102539 0.621094 0.094727
1 0.703125 0.136719 0.729492 0.133789 0.727539 0.140625 0.740234 0.147461 0.740234 0.147461 0.732422 0.154297 0.750977 0.167969 0.734375 0.172852 0.746094 0.182617 0.743164 0.199219 0.724609 0.195312 0.721680 0.201172 0.711914 0.199219 0.716797 0.214844 0.716797 0.226562 0.705078 0.211914 0.686523 0.191406 0.682617 0.205078 0.672852 0.205078 0.669922 0.186523 0.657227 0.196289 0.644531 0.191406 0.660156 0.166992 0.672852 0.165039
1 0.636719 0.077148 0.624023 0.066406 0.641602 0.062500 0.632812 0.050781 0.632812 0.041016 0.642578 0.044922 0.647461 0.054688 0.648438 0.039062 0.658203 0.027344 0.667969 0.035156 0.680664 0.026367 0.683594 0.035156 0.681641 0.046875 0.696289 0.042969 0.694336 0.056641 0.708008 0.048828 0.716797 0.048828 0.715820 0.059570 0.724609 0.061523 0.731445 0.066406 0.724609 0.074219 0.713867 0.083008 0.726562 0.096680 0.724609 0.103516 0.706055 0.101562 0.687500 0.101562 0.670898 0.090820 0.642578 0.091797
1 0.625977 0.092773 0.610352 0.067383 0.603516 0.084961 0.592773 0.071289 0.585938 0.083008 0.579102 0.079102 0.579102 0.089844 0.562500 0.088867 0.563477 0.099609 0.556641 0.098633 0.556641 0.098633 0.562500 0.106445 0.567383 0.114258 0.553711 0.117188 0.567383 0.126953 0.539062 0.137695 0.539062 0.137695 0.559570 0.139648 0.553711 0.152344 0.576172 0.152344 0.564453 0.174805 0.582031 0.163086 0.582031 0.163086 0.584961 0.171875 0.599609 0.157227 0.606445 0.174805 0.606445 0.174805 0.611328 0.166016 0.605469 0.136719 0.607422 0.119141 0.616211 0.112305 0.608398 0.102539
1 0.732422 0.007812 0.744141 0.024414 0.749023 0.030273 0.749023 0.030273 0.767578 0.022461 0.777344 0.022461 0.777344 0.022461 0.766602 0.030273 0.751953 0.039062 0.751953 0.044922 0.771484 0.055664 0.771484 0.055664 0.757812 0.053711 0.750977 0.054688 0.750977 0.064453 0.738281 0.055664 0.726562 0.051758 0.714844 0.049805 0.709961 0.042969 0.719727 0.036133 0.731445 0.032227 0.721680 0.016602
0 0.443359 0.000000 0.443359 0.005859 0.437500 0.005859 0.435547 0.010742 0.432617 0.015625 0.432617 0.021484 0.434570 0.030273 0.440430 0.031250 0.445312 0.034180 0.454102 0.041016 0.460938 0.043945 0.467773 0.050781 0.473633 0.050781 0.504883 0.050781 0.512695 0.053711 0.517578 0.060547 0.523438 0.061523 0.531250 0.067383 0.535156 0.070312 0.545898 0.075195 0.550781 0.078125 0.555664 0.079102 0.561523 0.082031 0.565430 0.084961 0.570312 0.082031 0.571289 0.076172 0.571289 0.070312 0.576172 0.067383 0.581055 0.067383 0.586914 0.068359 0.598633 0.069336 0.603516 0.069336 0.609375 0.065430 0.619141 0.061523 0.629883 0.059570 0.634766 0.056641 0.635742 0.050781 0.636719 0.045898 0.642578 0.041992 0.646484 0.038086 0.650391 0.033203 0.654297 0.030273 0.660156 0.026367 0.666016 0.024414 0.672852 0.027344 0.677734 0.027344 0.688477 0.027344 0.693359 0.025391 0.696289 0.020508 0.696289 0.015625 0.693359 0.011719 0.688477 0.008789 0.682617 0.001953
1 0.463867 0.047852 0.448242 0.052734 0.441406 0.063477 0.454102 0.063477 0.450195 0.082031 0.469727 0.078125 0.472656 0.113281 0.480469 0.106445 0.485352 0.109375 0.496094 0.101562 0.506836 0.101562 0.525391 0.109375 0.521484 0.092773 0.530273 0.098633 0.529297 0.091797 0.546875 0.098633 0.538086 0.077148 0.514648 0.061523 0.499023 0.049805
1 0.456055 0.074219 0.436523 0.071289 0.437500 0.083984 0.424805 0.091797 0.431641 0.099609 0.420898 0.103516 0.420898 0.103516 0.428711 0.112305 0.428711 0.112305 0.428711 0.125000 0.435547 0.125977 0.440430 0.136719 0.445312 0.150391 0.452148 0.135742 0.464844 0.149414 0.484375 0.136719 0.501953 0.148438 0.512695 0.150391 0.508789 0.131836 0.508789 0.131836 0.529297 0.140625 0.526367 0.132812 0.536133 0.129883 0.532227 0.119141 0.527344 0.110352 0.508789 0.100586 0.487305 0.101562 0.480469 0.106445 0.470703 0.096680 0.470703 0.079102 0.450195 0.078125 0.450195 0.078125
1 0.448242 0.143555 0.450195 0.152344 0.431641 0.147461 0.420898 0.150391 0.427734 0.157227 0.440430 0.161133 0.420898 0.168945 0.440430 0.170898 0.440430 0.170898 0.426758 0.190430 0.445312 0.184570 0.457031 0.191406 0.460938 0.215820 0.466797 0.224609 0.472656 0.201172 0.479492 0.215820 0.492188 0.223633 0.506836 0.219727 0.510742 0.208008 0.528320 0.216797 0.513672 0.199219 0.529297 0.205078 0.538086 0.189453 0.519531 0.175781 0.536133 0.170898 0.534180 0.154297 0.512695 0.156250 0.523438 0.140625 0.509766 0.138672 0.509766 0.138672 0.493164 0.132812 0.483398 0.143555 0.473633 0.138672 0.462891 0.132812
1 0.470703 0.215820 0.477539 0.225586 0.482422 0.215820 0.493164 0.227539 0.497070 0.209961 0.503906 0.205078 0.517578 0.211914 0.523438 0.220703 0.523438 0.220703 0.542969 0.217773 0.542969 0.228516 0.533203 0.242188 0.553711 0.241211 0.558594 0.259766 0.549805 0.269531 0.536133 0.274414 0.541992 0.285156 0.541992 0.299805 0.522461 0.298828 0.512695 0.298828 0.510742 0.307617 0.500977 0.314453 0.495117 0.300781 0.487305 0.308594 0.480469 0.300781 0.467773 0.298828 0.465820 0.289062 0.453125 0.291016 0.451172 0.279297 0.458984 0.266602 0.451172 0.261719 0.446289 0.244141 0.450195 0.229492 0.461914 0.229492
1 0.463867 0.291992 0.477539 0.296875 0.489258 0.310547 0.489258 0.310547 0.490234 0.325195 0.480469 0.338867 0.476562 0.356445 0.469727 0.376953 0.468750 0.388672 0.458008 0.386719 0.449219 0.368164 0.437500 0.350586 0.437500 0.350586 0.423828 0.346680 0.416992 0.331055 0.426758 0.317383 0.432617 0.305664 0.446289 0.302734 0.448242 0.290039
1 0.479492 0.397461 0.492188 0.404297 0.501953 0.419922 0.492188 0.445312 0.481445 0.460938 0.467773 0.465820 0.452148 0.452148 0.453125 0.434570 0.449219 0.416992 0.461914 0.402344 0.468750 0.395508 0.468750 0.395508
1 0.386719 0.335938 0.401367 0.355469 0.414062 0.335938 0.421875 0.339844 0.421875 0.339844 0.421875 0.358398 0.431641 0.353516 0.441406 0.350586 0.444336 0.359375 0.434570 0.375000 0.452148 0.372070 0.454102 0.378906 0.444336 0.383789 0.454102 0.392578 0.459961 0.404297 0.446289 0.400391 0.432617 0.404297 0.438477 0.414062 0.438477 0.431641 0.428711 0.428711 0.415039 0.421875 0.416992 0.443359 0.406250 0.441406 0.396484 0.418945 0.396484 0.418945 0.387695 0.432617 0.374023 0.443359 0.375000 0.422852 0.364258 0.407227 0.364258 0.407227 0.351562 0.416016 0.336914 0.414062 0.351562 0.403320 0.360352 0.389648 0.348633 0.386719 0.338867 0.377930 0.353516 0.375977 0.364258 0.373047 0.364258 0.373047 0.360352 0.360352 0.360352 0.342773 0.369141 0.349609 0.375000 0.355469 0.375977 0.343750
1 0.418945 0.447266 0.431641 0.438477 0.433594 0.451172 0.450195 0.449219 0.450195 0.449219 0.448242 0.457031 0.461914 0.455078 0.461914 0.455078 0.459961 0.460938 0.468750 0.460938 0.470703 0.470703 0.478516 0.477539 0.478516 0.477539 0.479492 0.489258 0.482422 0.503906 0.474609 0.512695 0.476562 0.525391 0.472656 0.540039 0.470703 0.552734 0.452148 0.546875 0.452148 0.556641 0.452148 0.556641 0.439453 0.550781 0.431641 0.557617 0.421875 0.549805 0.418945 0.560547 0.418945 0.560547 0.405273 0.555664 0.394531 0.560547 0.387695 0.548828 0.373047 0.548828 0.368164 0.536133 0.356445 0.535156 0.350586 0.525391 0.360352 0.516602 0.349609 0.509766 0.367188 0.502930 0.354492 0.493164 0.354492 0.477539 0.373047 0.482422 0.379883 0.474609 0.378906 0.447266 0.378906 0.447266 0.395508 0.458984 0.399414 0.447266
1 0.440430 0.582031 0.463867 0.569336 0.461914 0.582031 0.469727 0.590820 0.466797 0.598633 0.466797 0.598633 0.475586 0.602539 0.475586 0.602539 0.476562 0.615234 0.468750 0.615234 0.475586 0.623047 0.471680 0.627930 0.471680 0.627930 0.457031 0.625000 0.468750 0.636719 0.464844 0.648438 0.459961 0.660156 0.447266 0.658203 0.445312 0.668945 0.435547 0.670898 0.429688 0.656250 0.429688 0.656250 0.423828 0.681641 0.412109 0.673828 0.414062 0.654297 0.414062 0.654297 0.403320 0.667969 0.403320 0.667969 0.390625 0.666992 0.390625 0.666992 0.394531 0.652344 0.402344 0.633789 0.388672 0.643555 0.381836 0.651367 0.375977 0.641602 0.388672 0.623047 0.367188 0.629883 0.368164 0.622070 0.385742 0.615234 0.380859 0.606445 0.374023 0.592773 0.397461 0.599609 0.389648 0.587891 0.385742 0.571289 0.402344 0.582031 0.398438 0.564453 0.416992 0.578125 0.416992 0.563477 0.424805 0.555664 0.431641 0.575195
1 0.329102 0.640625 0.332031 0.648438 0.342773 0.637695 0.348633 0.645508 0.354492 0.634766 0.362305 0.636719 0.362305 0.636719 0.362305 0.645508 0.371094 0.639648 0.376953 0.654297 0.390625 0.649414 0.390625 0.649414 0.387695 0.656250 0.399414 0.658203 0.400391 0.671875 0.411133 0.681641 0.398438 0.697266 0.413086 0.708008 0.387695 0.710938 0.376953 0.714844 0.375977 0.725586 0.361328 0.731445 0.354492 0.751953 0.355469 0.767578 0.355469 0.767578 0.343750 0.767578 0.337891 0.735352 0.324219 0.753906 0.319336 0.755859 0.307617 0.759766 0.318359 0.738281 0.307617 0.735352 0.288086 0.742188 0.277344 0.742188 0.287109 0.732422 0.287109 0.732422 0.274414 0.728516 0.268555 0.715820 0.287109 0.710938 0.287109 0.710938 0.285156 0.699219 0.273438 0.688477 0.273438 0.676758 0.288086 0.671875 0.304688 0.675781 0.308594 0.657227
0 0.477539 0.591797 0.486328 0.603516 0.488281 0.608398 0.492188 0.612305 0.500977 0.620117 0.506836 0.621094 0.512695 0.618164 0.523438 0.613281 0.528320 0.615234 0.533203 0.618164 0.536133 0.622070 0.537109 0.627930 0.534180 0.631836 0.531250 0.636719 0.527344 0.639648 0.527344 0.645508 0.528320 0.656250 0.533203 0.659180 0.537109 0.662109 0.537109 0.667969 0.539062 0.672852 0.543945 0.674805 0.542969 0.679688 0.537109 0.682617 0.534180 0.686523 0.535156 0.692383 0.541016 0.695312 0.546875 0.697266 0.550781 0.701172 0.547852 0.707031 0.542969 0.708984 0.541992 0.714844 0.541016 0.721680 0.546875 0.725586 0.552734 0.724609 0.562500 0.724609 0.564453 0.730469 0.563477 0.735352 0.557617 0.748047 0.554688 0.752930 0.549805 0.757812 0.552734 0.761719 0.555664 0.766602 0.555664 0.771484 0.559570 0.775391 0.562500 0.780273 0.564453 0.785156 0.564453 0.791016 0.560547 0.803711 0.554688 0.812500 0.549805 0.813477 0.543945 0.814453 0.538086 0.813477 0.527344 0.811523 0.524414 0.806641 0.523438 0.801758 0.519531 0.796875 0.517578 0.791992 0.511719 0.792969 0.505859 0.792969 0.501953 0.795898 0.499023 0.800781 0.495117 0.804688 0.486328 0.811523 0.476562 0.814453 0.471680 0.811523 0.468750 0.806641 0.463867 0.806641 0.458984 0.809570 0.453125 0.810547 0.443359 0.808594 0.441406 0.803711 0.441406 0.797852 0.442383 0.788086 0.445312 0.778320 0.444336 0.773438 0.440430 0.769531 0.438477 0.764648 0.436523 0.759766 0.437500 0.752930 0.431641 0.750977 0.425781 0.753906 0.421875 0.750977 0.421875 0.745117 0.426758 0.740234 0.427734 0.734375 0.425781 0.726562 0.419922 0.725586 0.410156 0.722656 0.405273 0.720703 0.402344 0.711914 0.406250 0.707031 0.417969 0.709961 0.417969 0.705078 0.417969 0.698242 0.416992 0.687500 0.416992 0.682617 0.421875 0.679688 0.426758 0.679688 0.432617 0.677734 0.436523 0.674805 0.431641 0.670898 0.436523 0.668945 0.442383 0.668945 0.451172 0.665039 0.450195 0.658203 0.454102 0.654297 0.459961 0.654297 0.469727 0.652344 0.470703 0.646484 0.469727 0.641602 0.469727 0.636719 0.467773 0.631836 0.473633 0.622070 0.472656 0.615234 0.470703 0.610352 0.473633 0.605469 0.474609 0.600586
1 0.341797 0.753906 0.329102 0.741211 0.329102 0.741211 0.327148 0.753906 0.316406 0.742188 0.311523 0.751953 0.293945 0.759766 0.305664 0.763672 0.292969 0.782227 0.315430 0.779297 0.317383 0.796875 0.326172 0.791016 0.331055 0.801758 0.337891 0.791992 0.341797 0.801758 0.346680 0.781250
1 0.284180 0.736328 0.291016 0.750000 0.296875 0.767578 0.296875 0.767578 0.293945 0.783203 0.283203 0.789062 0.266602 0.789062 0.249023 0.784180 0.249023 0.784180 0.238281 0.775391 0.236328 0.754883 0.236328 0.754883 0.248047 0.743164 0.263672 0.740234
1 0.174805 0.735352 0.178711 0.746094 0.189453 0.760742 0.193359 0.782227 0.189453 0.791016 0.172852 0.791992 0.156250 0.807617 0.129883 0.810547 0.111328 0.806641 0.102539 0.785156 0.106445 0.762695 0.129883 0.745117 0.147461 0.739258
1 0.264648 0.696289 0.265625 0.666016 0.247070 0.683594 0.235352 0.665039 0.222656 0.683594 0.216797 0.693359 0.209961 0.678711 0.204102 0.690430 0.204102 0.690430 0.196289 0.683594 0.196289 0.683594 0.193359 0.702148 0.183594 0.695312 0.182617 0.706055 0.182617 0.706055 0.169922 0.712891 0.170898 0.722656 0.170898 0.722656 0.178711 0.732422 0.192383 0.737305 0.192383 0.744141 0.178711 0.753906 0.169922 0.759766 0.169922 0.759766 0.186523 0.757812 0.186523 0.757812 0.194336 0.760742 0.193359 0.773438 0.185547 0.792969 0.182617 0.798828 0.182617 0.798828 0.197266 0.789062 0.208984 0.780273 0.216797 0.773438 0.216797 0.773438 0.219727 0.792969 0.228516 0.810547 0.242188 0.774414 0.236328 0.757812 0.248047 0.743164 0.265625 0.740234 0.283203 0.730469 0.269531 0.714844 0.281250 0.698242 0.282227 0.684570
1 0.000977 0.691406 0.009766 0.693359 0.013672 0.675781 0.013672 0.675781 0.020508 0.678711 0.032227 0.668945 0.037109 0.682617 0.044922 0.676758 0.052734 0.683594 0.051758 0.694336 0.050781 0.701172 0.060547 0.699219 0.060547 0.699219 0.073242 0.694336 0.080078 0.698242 0.072266 0.708984 0.049805 0.720703 0.043945 0.730469 0.036133 0.738281 0.029297 0.749023 0.017578 0.754883 0.004883 0.757812 0.000000 0.757812
1 0.125977 0.649414 0.127930 0.654297 0.127930 0.654297 0.139648 0.642578 0.143555 0.653320 0.162109 0.645508 0.162109 0.645508 0.162109 0.653320 0.166016 0.659180 0.165039 0.666016 0.172852 0.666992 0.167969 0.674805 0.164062 0.680664 0.179688 0.677734 0.200195 0.680664 0.199219 0.687500 0.176758 0.693359 0.166992 0.697266 0.179688 0.704102 0.175781 0.710938 0.157227 0.710938 0.157227 0.710938 0.162109 0.722656 0.158203 0.737305 0.143555 0.739258 0.141602 0.731445 0.128906 0.738281 0.124023 0.752930 0.109375 0.758789 0.107422 0.745117 0.109375 0.734375 0.095703 0.728516 0.084961 0.726562 0.093750 0.715820 0.071289 0.716797 0.078125 0.699219 0.078125 0.699219 0.057617 0.694336 0.076172 0.681641 0.074219 0.669922 0.083984 0.672852 0.088867 0.662109 0.098633 0.664062 0.107422 0.666016
1 0.187500 0.603516 0.204102 0.612305 0.201172 0.593750 0.205078 0.580078 0.215820 0.588867 0.212891 0.570312 0.225586 0.580078 0.230469 0.588867 0.243164 0.567383 0.243164 0.567383 0.248047 0.577148 0.253906 0.572266 0.256836 0.583984 0.268555 0.576172 0.268555 0.588867 0.267578 0.597656 0.279297 0.590820 0.287109 0.588867 0.286133 0.597656 0.291992 0.600586 0.281250 0.614258 0.290039 0.620117 0.300781 0.621094 0.300781 0.621094 0.292969 0.627930 0.304688 0.625977 0.296875 0.634766 0.281250 0.638672 0.268555 0.644531 0.268555 0.655273 0.275391 0.664062 0.267578 0.666016 0.251953 0.658203 0.254883 0.673828 0.248047 0.681641 0.232422 0.664062 0.227539 0.693359 0.216797 0.678711 0.216797 0.667969 0.214844 0.687500 0.204102 0.693359 0.208008 0.666016 0.198242 0.669922 0.184570 0.680664 0.180664 0.665039 0.192383 0.645508 0.192383 0.645508 0.174805 0.648438 0.179688 0.641602 0.167969 0.633789 0.187500 0.633789 0.193359 0.623047 0.183594 0.613281
1 0.308594 0.647461 0.304688 0.655273 0.304688 0.655273 0.299805 0.661133 0.289062 0.656250 0.282227 0.654297 0.282227 0.654297 0.281250 0.660156 0.273438 0.662109 0.265625 0.656250 0.266602 0.649414 0.273438 0.649414 0.270508 0.637695 0.282227 0.640625 0.291016 0.636719 0.293945 0.631836 0.305664 0.630859
1 0.000000 0.573242 0.009766 0.574219 0.022461 0.552734 0.025391 0.578125 0.034180 0.558594 0.048828 0.549805 0.058594 0.560547 0.062500 0.544922 0.067383 0.558594 0.061523 0.576172 0.063477 0.588867 0.081055 0.577148 0.085938 0.584961 0.070312 0.599609 0.070312 0.599609 0.090820 0.595703 0.088867 0.609375 0.082031 0.620117 0.070312 0.624023 0.070312 0.624023 0.091797 0.627930 0.105469 0.641602 0.090820 0.641602 0.098633 0.654297 0.075195 0.656250 0.092773 0.665039 0.074219 0.667969 0.055664 0.656250 0.046875 0.648438 0.052734 0.675781 0.052734 0.675781 0.052734 0.685547 0.039062 0.671875 0.028320 0.666016 0.028320 0.666016 0.018555 0.673828 0.004883 0.689453 0.000000 0.683594
1 0.000000 0.456055 0.012695 0.447266 0.020508 0.455078 0.038086 0.448242 0.043945 0.466797 0.053711 0.466797 0.062500 0.478516 0.071289 0.486328 0.079102 0.490234 0.066406 0.497070 0.062500 0.502930 0.073242 0.507812 0.073242 0.507812 0.064453 0.515625 0.073242 0.522461 0.070312 0.532227 0.064453 0.534180 0.070312 0.540039 0.061523 0.541992 0.052734 0.542969 0.056641 0.551758 0.043945 0.550781 0.030273 0.548828 0.023438 0.549805 0.023438 0.549805 0.022461 0.562500 0.015625 0.567383 0.000000 0.570312
1 0.114258 0.543945 0.120117 0.553711 0.130859 0.544922 0.144531 0.532227 0.144531 0.532227 0.150391 0.542969 0.150391 0.556641 0.165039 0.554688 0.165039 0.554688 0.173828 0.563477 0.173828 0.563477 0.168945 0.573242 0.184570 0.574219 0.186523 0.586914 0.172852 0.590820 0.167969 0.591797 0.178711 0.595703 0.185547 0.599609 0.174805 0.604492 0.158203 0.606445 0.173828 0.616211 0.178711 0.630859 0.173828 0.635742 0.156250 0.625977 0.149414 0.625977 0.157227 0.638672 0.152344 0.643555 0.143555 0.636719 0.136719 0.635742 0.137695 0.648438 0.134766 0.653320 0.123047 0.647461 0.115234 0.642578 0.104492 0.634766 0.105469 0.622070 0.097656 0.625977 0.086914 0.622070 0.096680 0.609375 0.082031 0.608398 0.082031 0.598633 0.082031 0.598633 0.094727 0.591797 0.085938 0.585938 0.077148 0.565430 0.090820 0.565430 0.090820 0.552734 0.104492 0.555664 0.106445 0.539062
1 0.324219 0.528320 0.331055 0.546875 0.331055 0.546875 0.335938 0.534180 0.347656 0.531250 0.347656 0.537109 0.357422 0.531250 0.363281 0.539062 0.372070 0.546875 0.371094 0.560547 0.379883 0.570312 0.385742 0.584961 0.376953 0.588867 0.370117 0.590820 0.380859 0.598633 0.377930 0.613281 0.377930 0.613281 0.372070 0.618164 0.361328 0.615234 0.355469 0.624023 0.342773 0.625977 0.328125 0.625977 0.315430 0.626953 0.303711 0.617188 0.295898 0.608398 0.298828 0.600586 0.287109 0.596680 0.297852 0.585938 0.291016 0.573242 0.288086 0.558594 0.288086 0.558594 0.298828 0.557617 0.308594 0.559570 0.311523 0.545898 0.312500 0.529297
1 0.213867 0.471680 0.227539 0.460938 0.232422 0.464844 0.248047 0.477539 0.244141 0.487305 0.260742 0.488281 0.263672 0.500977 0.251953 0.514648 0.272461 0.520508 0.257812 0.527344 0.268555 0.533203 0.253906 0.537109 0.265625 0.546875 0.257812 0.551758 0.244141 0.551758 0.248047 0.561523 0.240234 0.566406 0.231445 0.565430 0.228516 0.572266 0.213867 0.563477 0.208984 0.564453 0.211914 0.572266 0.211914 0.572266 0.205078 0.572266 0.195312 0.567383 0.188477 0.572266 0.177734 0.572266 0.175781 0.561523 0.160156 0.561523 0.155273 0.551758 0.160156 0.536133 0.148438 0.538086 0.150391 0.525391 0.166016 0.516602 0.158203 0.508789 0.141602 0.500977 0.169922 0.500977 0.166016 0.487305 0.182617 0.462891 0.186523 0.469727 0.195312 0.459961 0.196289 0.467773 0.208984 0.459961 0.209961 0.473633
1 0.121094 0.425781 0.127930 0.432617 0.145508 0.419922 0.148438 0.424805 0.161133 0.423828 0.163086 0.438477 0.170898 0.445312 0.176758 0.452148 0.191406 0.453125 0.194336 0.461914 0.176758 0.466797 0.160156 0.473633 0.169922 0.481445 0.167969 0.492188 0.155273 0.490234 0.146484 0.491211 0.151367 0.504883 0.151367 0.519531 0.146484 0.527344 0.129883 0.516602 0.129883 0.516602 0.128906 0.527344 0.120117 0.531250 0.110352 0.524414 0.106445 0.511719 0.096680 0.506836 0.096680 0.506836 0.079102 0.507812 0.071289 0.501953 0.081055 0.496094 0.081055 0.496094 0.086914 0.490234 0.085938 0.484375 0.076172 0.477539 0.072266 0.466797 0.077148 0.456055 0.090820 0.446289 0.093750 0.433594 0.104492 0.437500 0.108398 0.425781
1 0.332031 0.396484 0.336914 0.406250 0.351562 0.404297 0.352539 0.414062 0.367188 0.412109 0.368164 0.420898 0.375000 0.419922 0.383789 0.432617 0.383789 0.442383 0.386719 0.446289 0.385742 0.458008 0.377930 0.467773 0.376953 0.479492 0.369141 0.480469 0.354492 0.477539 0.354492 0.477539 0.355469 0.490234 0.368164 0.505859 0.365234 0.511719 0.352539 0.510742 0.350586 0.514648 0.338867 0.508789 0.328125 0.514648 0.324219 0.522461 0.324219 0.522461 0.315430 0.515625 0.308594 0.522461 0.299805 0.518555 0.291016 0.506836 0.291016 0.506836 0.290039 0.493164 0.276367 0.501953 0.257812 0.505859 0.266602 0.496094 0.258789 0.488281 0.265625 0.479492 0.252930 0.475586 0.248047 0.464844 0.242188 0.455078 0.242188 0.455078 0.249023 0.446289 0.256836 0.425781 0.274414 0.414062 0.280273 0.405273 0.289062 0.410156 0.298828 0.387695 0.298828 0.387695 0.309570 0.402344 0.309570 0.402344 0.322266 0.395508
1 0.203125 0.346680 0.212891 0.337891 0.214844 0.345703 0.226562 0.345703 0.224609 0.366211 0.238281 0.362305 0.249023 0.364258 0.249023 0.364258 0.246094 0.381836 0.246094 0.387695 0.233398 0.394531 0.252930 0.397461 0.263672 0.409180 0.257812 0.416992 0.257812 0.416992 0.253906 0.427734 0.251953 0.439453 0.241211 0.440430 0.234375 0.450195 0.214844 0.449219 0.202148 0.441406 0.202148 0.450195 0.186523 0.453125 0.170898 0.452148 0.167969 0.442383 0.173828 0.419922 0.163086 0.427734 0.146484 0.429688 0.146484 0.429688 0.154297 0.414062 0.141602 0.413086 0.133789 0.401367 0.151367 0.397461 0.135742 0.381836 0.146484 0.378906 0.152344 0.366211 0.166016 0.368164 0.168945 0.345703 0.190430 0.340820
1 0.295898 0.292969 0.305664 0.294922 0.320312 0.288086 0.324219 0.293945 0.338867 0.289062 0.338867 0.289062 0.345703 0.305664 0.339844 0.311523 0.339844 0.311523 0.342773 0.316406 0.351562 0.316406 0.366211 0.316406 0.365234 0.325195 0.375977 0.330078 0.376953 0.338867 0.365234 0.340820 0.365234 0.350586 0.352539 0.350586 0.360352 0.362305 0.363281 0.376953 0.349609 0.374023 0.333984 0.365234 0.341797 0.381836 0.341797 0.395508 0.325195 0.391602 0.316406 0.381836 0.321289 0.397461 0.311523 0.397461 0.311523 0.397461 0.299805 0.390625 0.286133 0.375977 0.281250 0.385742 0.268555 0.385742 0.270508 0.375000 0.260742 0.369141 0.263672 0.362305 0.257812 0.356445 0.252930 0.346680 0.248047 0.331055 0.268555 0.329102 0.261719 0.316406 0.271484 0.309570 0.270508 0.300781 0.262695 0.291992 0.279297 0.288086 0.289062 0.297852
1 0.376953 0.202148 0.382812 0.214844 0.394531 0.205078 0.405273 0.197266 0.406250 0.204102 0.416016 0.199219 0.416992 0.212891 0.431641 0.211914 0.434570 0.223633 0.442383 0.225586 0.451172 0.227539 0.448242 0.235352 0.435547 0.242188 0.450195 0.240234 0.453125 0.248047 0.448242 0.253906 0.440430 0.258789 0.457031 0.267578 0.457031 0.267578 0.458008 0.277344 0.454102 0.284180 0.439453 0.284180 0.453125 0.295898 0.453125 0.306641 0.434570 0.301758 0.412109 0.293945 0.424805 0.308594 0.432617 0.321289 0.419922 0.324219 0.407227 0.307617 0.405273 0.323242 0.396484 0.335938 0.388672 0.327148 0.380859 0.305664 0.380859 0.322266 0.374023 0.330078 0.366211 0.322266 0.363281 0.312500 0.363281 0.312500 0.355469 0.320312 0.351562 0.306641 0.341797 0.293945 0.357422 0.278320 0.335938 0.280273 0.320312 0.278320 0.326172 0.269531 0.317383 0.259766 0.327148 0.254883 0.343750 0.256836 0.354492 0.256836 0.339844 0.247070 0.333008 0.228516 0.332031 0.217773 0.346680 0.226562 0.341797 0.215820 0.342773 0.206055 0.348633 0.208984 0.355469 0.217773 0.367188 0.227539 0.368164 0.210938 0.369141 0.200195
1 0.000977 0.346680 0.007812 0.356445 0.017578 0.343750 0.041016 0.338867 0.030273 0.356445 0.027344 0.370117 0.039062 0.361328 0.053711 0.360352 0.048828 0.375000 0.042969 0.379883 0.057617 0.388672 0.064453 0.400391 0.064453 0.400391 0.045898 0.401367 0.047852 0.420898 0.052734 0.431641 0.033203 0.427734 0.017578 0.420898 0.005859 0.435547 0.007812 0.446289 0.007812 0.446289 0.000000 0.442383
1 0.080078 0.307617 0.093750 0.304688 0.110352 0.296875 0.118164 0.303711 0.130859 0.298828 0.130859 0.302734 0.142578 0.299805 0.147461 0.305664 0.149414 0.313477 0.157227 0.315430 0.156250 0.324219 0.159180 0.329102 0.159180 0.329102 0.165039 0.341797 0.158203 0.350586 0.166992 0.361328 0.156250 0.361328 0.156250 0.367188 0.147461 0.373047 0.139648 0.379883 0.142578 0.393555 0.129883 0.393555 0.125000 0.400391 0.111328 0.400391 0.099609 0.405273 0.089844 0.401367 0.089844 0.401367 0.083008 0.391602 0.069336 0.392578 0.061523 0.381836 0.050781 0.368164 0.055664 0.357422 0.045898 0.348633 0.045898 0.348633 0.051758 0.332031 0.057617 0.326172 0.067383 0.317383
1 0.000000 0.243164 0.020508 0.231445 0.020508 0.244141 0.038086 0.242188 0.032227 0.253906 0.037109 0.262695 0.047852 0.269531 0.047852 0.281250 0.047852 0.281250 0.040039 0.286133 0.028320 0.287109 0.045898 0.293945 0.050781 0.308594 0.042969 0.311523 0.042969 0.324219 0.030273 0.321289 0.020508 0.318359 0.025391 0.328125 0.021484 0.339844 0.008789 0.343750 0.000000 0.339844
1 0.097656 0.198242 0.104492 0.210938 0.112305 0.199219 0.130859 0.195312 0.131836 0.209961 0.125000 0.220703 0.144531 0.216797 0.154297 0.225586 0.143555 0.241211 0.143555 0.241211 0.146484 0.250977 0.130859 0.252930 0.125977 0.253906 0.133789 0.267578 0.131836 0.279297 0.121094 0.277344 0.110352 0.262695 0.107422 0.277344 0.100586 0.284180 0.090820 0.279297 0.090820 0.279297 0.076172 0.279297 0.082031 0.266602 0.082031 0.266602 0.069336 0.265625 0.065430 0.253906 0.068359 0.239258 0.068359 0.239258 0.056641 0.227539 0.058594 0.217773 0.069336 0.212891 0.082031 0.213867 0.077148 0.199219 0.084961 0.191406
1 0.209961 0.264648 0.232422 0.256836 0.233398 0.266602 0.225586 0.279297 0.236328 0.295898 0.256836 0.316406 0.251953 0.320312 0.236328 0.311523 0.216797 0.302734 0.224609 0.320312 0.217773 0.323242 0.217773 0.323242 0.207031 0.317383 0.198242 0.304688 0.193359 0.317383 0.185547 0.331055 0.172852 0.335938 0.166992 0.325195 0.173828 0.304688 0.163086 0.311523 0.149414 0.306641 0.156250 0.292969 0.167969 0.282227 0.157227 0.273438 0.151367 0.254883 0.170898 0.263672 0.164062 0.245117 0.176758 0.237305 0.191406 0.232422 0.191406 0.232422 0.196289 0.241211 0.207031 0.237305 0.207031 0.237305
0 0.274414 0.189453 0.291992 0.174805 0.291992 0.174805 0.293945 0.191406 0.307617 0.179688 0.322266 0.172852 0.327148 0.183594 0.320312 0.189453 0.327148 0.192383 0.318359 0.204102 0.331055 0.208008 0.345703 0.213867 0.342773 0.219727 0.332031 0.220703 0.332031 0.220703 0.338867 0.236328 0.342773 0.246094 0.328125 0.245117 0.333984 0.258789 0.318359 0.252930 0.323242 0.268555 0.321289 0.274414 0.321289 0.274414 0.310547 0.270508 0.315430 0.281250 0.306641 0.282227 0.302734 0.270508 0.297852 0.284180 0.284180 0.278320 0.279297 0.267578 0.270508 0.272461 0.262695 0.271484 0.262695 0.271484 0.241211 0.269531 0.225586 0.265625 0.207031 0.258789 0.202148 0.240234 0.208008 0.215820 0.217773 0.204102 0.245117 0.197266 0.254883 0.190430 0.261719 0.179688
0 0.374023 0.000977 0.373047 0.009766 0.369141 0.012695 0.363281 0.014648 0.345703 0.021484 0.338867 0.023438 0.331055 0.024414 0.314453 0.022461 0.310547 0.019531 0.302734 0.011719 0.293945 0.007812 0.285156 0.007812 0.281250 0.011719 0.281250 0.018555 0.275391 0.021484 0.271484 0.016602 0.262695 0.009766 0.257812 0.007812 0.250000 0.010742 0.250000 0.015625 0.251953 0.020508 0.252930 0.025391 0.248047 0.025391 0.240234 0.021484 0.233398 0.019531 0.227539 0.019531 0.221680 0.022461 0.215820 0.027344 0.210938 0.029297 0.202148 0.034180 0.197266 0.038086 0.185547 0.043945 0.180664 0.046875 0.174805 0.046875 0.163086 0.047852 0.157227 0.044922 0.151367 0.044922 0.146484 0.042969 0.142578 0.040039 0.137695 0.040039 0.132812 0.041992 0.121094 0.046875 0.112305 0.044922 0.110352 0.039062 0.104492 0.037109 0.098633 0.037109 0.087891 0.039062 0.084961 0.043945 0.079102 0.042969 0.071289 0.039062 0.065430 0.041992 0.062500 0.045898 0.060547 0.051758 0.064453 0.055664 0.064453 0.061523 0.059570 0.062500 0.053711 0.065430 0.049805 0.069336 0.051758 0.075195 0.053711 0.085938 0.058594 0.087891 0.064453 0.089844 0.067383 0.094727 0.072266 0.097656 0.072266 0.102539 0.068359 0.108398 0.064453 0.111328 0.061523 0.116211 0.058594 0.120117 0.055664 0.125000 0.051758 0.128906 0.050781 0.134766 0.046875 0.138672 0.041992 0.139648 0.032227 0.143555 0.026367 0.142578 0.021484 0.137695 0.012695 0.132812 0.006836 0.135742 0.000977 0.136719 0.000000 0.000000
1 0.378906 0.000000 0.381836 0.006836 0.363281 0.003906 0.348633 0.011719 0.364258 0.018555 0.358398 0.033203 0.369141 0.036133 0.357422 0.056641 0.373047 0.052734 0.380859 0.060547 0.400391 0.042969 0.400391 0.028320 0.411133 0.024414 0.411133 0.024414 0.416992 0.016602 0.425781 0.010742 0.432617 0.009766 0.438477 0.000000
1 0.294922 0.007812 0.305664 0.026367 0.314453 0.027344 0.314453 0.027344 0.329102 0.025391 0.331055 0.033203 0.346680 0.038086 0.357422 0.048828 0.357422 0.048828 0.347656 0.058594 0.333984 0.064453 0.345703 0.075195 0.353516 0.090820 0.340820 0.086914 0.330078 0.080078 0.339844 0.101562 0.333008 0.118164 0.322266 0.108398 0.322266 0.108398 0.307617 0.088867 0.296875 0.107422 0.287109 0.094727 0.287109 0.080078 0.272461 0.085938 0.257812 0.085938 0.269531 0.071289 0.257812 0.069336 0.250977 0.063477 0.266602 0.055664 0.250977 0.045898 0.243164 0.039062 0.243164 0.028320 0.263672 0.032227 0.263672 0.032227 0.255859 0.020508 0.251953 0.005859 0.266602 0.012695 0.279297 0.025391 0.288086 0.016602 0.290039 0.005859
1 0.228516 0.023438 0.236328 0.023438 0.241211 0.026367 0.250000 0.032227 0.255859 0.041016 0.258789 0.045898 0.258789 0.050781 0.259766 0.061523 0.255859 0.071289 0.250977 0.075195 0.246094 0.077148 0.240234 0.078125 0.235352 0.079102 0.230469 0.081055 0.221680 0.084961 0.216797 0.086914 0.210938 0.086914 0.208008 0.082031 0.209961 0.077148 0.207031 0.073242 0.206055 0.068359 0.207031 0.062500 0.210938 0.053711 0.208008 0.048828 0.206055 0.043945 0.205078 0.033203 0.209961 0.031250 0.221680 0.021484
1 0.339844 0.105469 0.358398 0.129883 0.367188 0.119141 0.381836 0.112305 0.381836 0.126953 0.395508 0.130859 0.420898 0.130859 0.412109 0.142578 0.398438 0.150391 0.417969 0.151367 0.431641 0.155273 0.424805 0.159180 0.413086 0.163086 0.422852 0.172852 0.422852 0.180664 0.409180 0.177734 0.409180 0.177734 0.409180 0.186523 0.416016 0.195312 0.405273 0.193359 0.405273 0.202148 0.395508 0.198242 0.389648 0.211914 0.378906 0.198242 0.375000 0.207031 0.365234 0.199219 0.358398 0.185547 0.358398 0.185547 0.352539 0.197266 0.341797 0.207031 0.336914 0.202148 0.339844 0.174805 0.327148 0.171875 0.303711 0.168945 0.325195 0.156250 0.307617 0.136719 0.327148 0.133789 0.335938 0.136719 0.335938 0.136719 0.335938 0.112305
1 0.279297 0.110352 0.297852 0.106445 0.327148 0.114258 0.329102 0.123047 0.307617 0.125977 0.307617 0.125977 0.293945 0.132812 0.310547 0.140625 0.320312 0.160156 0.306641 0.161133 0.301758 0.161133 0.314453 0.176758 0.314453 0.176758 0.303711 0.180664 0.303711 0.180664 0.285156 0.170898 0.285156 0.170898 0.285156 0.181641 0.274414 0.185547 0.264648 0.172852 0.262695 0.185547 0.252930 0.193359 0.243164 0.184570 0.231445 0.187500 0.231445 0.187500 0.227539 0.196289 0.217773 0.192383 0.220703 0.173828 0.210938 0.174805 0.198242 0.171875 0.206055 0.166016 0.212891 0.155273 0.212891 0.155273 0.210938 0.143555 0.197266 0.145508 0.197266 0.145508 0.183594 0.145508 0.190430 0.136719 0.190430 0.136719 0.178711 0.132812 0.191406 0.126953 0.206055 0.124023 0.199219 0.110352 0.192383 0.095703 0.203125 0.093750 0.225586 0.098633 0.227539 0.091797 0.240234 0.080078 0.240234 0.080078 0.247070 0.094727 0.250977 0.103516 0.250977 0.103516 0.273438 0.092773 0.285156 0.094727
1 0.179688 0.133789 0.186523 0.155273 0.212891 0.153320 0.211914 0.162109 0.195312 0.167969 0.208008 0.174805 0.216797 0.187500 0.226562 0.200195 0.215820 0.196289 0.197266 0.185547 0.197266 0.185547 0.210938 0.205078 0.208984 0.214844 0.197266 0.213867 0.186523 0.211914 0.178711 0.203125 0.168945 0.207031 0.164062 0.217773 0.151367 0.217773 0.149414 0.207031 0.156250 0.199219 0.145508 0.202148 0.136719 0.205078 0.139648 0.194336 0.120117 0.188477 0.128906 0.180664 0.116211 0.167969 0.122070 0.155273 0.122070 0.155273 0.130859 0.165039 0.133789 0.159180 0.125000 0.144531 0.142578 0.147461 0.147461 0.132812 0.155273 0.129883 0.154297 0.123047 0.165039 0.131836
1 0.000000 0.148438 0.008789 0.149414 0.011719 0.154297 0.025391 0.154297 0.037109 0.152344 0.033203 0.166992 0.019531 0.173828 0.005859 0.180664 0.022461 0.184570 0.033203 0.193359 0.033203 0.193359 0.044922 0.196289 0.041016 0.201172 0.020508 0.204102 0.012695 0.210938 0.018555 0.225586 0.022461 0.238281 0.015625 0.239258 0.015625 0.239258 0.000000 0.223633
1 0.107422 0.037109 0.113281 0.056641 0.123047 0.041016 0.139648 0.036133 0.137695 0.058594 0.137695 0.071289 0.157227 0.078125 0.146484 0.094727 0.164062 0.111328 0.169922 0.125977 0.144531 0.116211 0.145508 0.145508 0.125000 0.139648 0.112305 0.125977 0.105469 0.153320 0.095703 0.151367 0.090820 0.125977 0.090820 0.125977 0.076172 0.125000 0.061523 0.110352 0.085938 0.108398 0.077148 0.096680 0.060547 0.086914 0.042969 0.068359 0.069336 0.066406 0.077148 0.049805 0.086914 0.058594 0.091797 0.039062 0.091797 0.039062
1 0.052734 0.127930 0.056641 0.143555 0.040039 0.146484 0.032227 0.151367 0.046875 0.156250 0.055664 0.162109 0.050781 0.180664 0.055664 0.197266 0.065430 0.189453 0.074219 0.195312 0.081055 0.203125 0.092773 0.203125 0.098633 0.179688 0.108398 0.188477 0.123047 0.190430 0.125000 0.178711 0.106445 0.163086 0.095703 0.148438 0.090820 0.126953 0.079102 0.123047 0.063477 0.114258