1 0.000000 0.034180 0.014648 0.048828 0.013672 0.036133 0.024414 0.041016 0.021484 0.029297 0.031250 0.028320 0.018555 0.010742 0.020508 0.000977 0.000000 0.000000
1 0.054688 0.010742 0.040039 0.022461 0.038086 0.044922 0.050781 0.038086 0.052734 0.051758 0.060547 0.044922 0.065430 0.058594 0.082031 0.066406 0.083008 0.053711 0.096680 0.062500 0.093750 0.042969 0.118164 0.060547 0.114258 0.050781 0.123047 0.056641 0.113281 0.037109 0.123047 0.034180 0.123047 0.034180 0.107422 0.021484 0.127930 0.018555 0.110352 0.008789 0.122070 0.000000 0.031250 0.000000
1 0.126953 0.000000 0.135742 0.008789 0.102539 0.017578 0.142578 0.024414 0.113281 0.036133 0.123047 0.041992 0.124023 0.054688 0.135742 0.059570 0.146484 0.072266 0.158203 0.058594 0.173828 0.069336 0.184570 0.083008 0.181641 0.065430 0.197266 0.074219 0.190430 0.056641 0.209961 0.069336 0.208984 0.058594 0.195312 0.048828 0.216797 0.048828 0.196289 0.029297 0.211914 0.030273 0.228516 0.029297 0.220703 0.011719 0.213867 0.005859 0.185547 0.009766 0.181641 0.000000
1 0.213867 0.000000 0.228516 0.013672 0.205078 0.012695 0.218750 0.034180 0.203125 0.048828 0.217773 0.052734 0.209961 0.071289 0.224609 0.070312 0.237305 0.083984 0.249023 0.077148 0.260742 0.077148 0.278320 0.082031 0.291992 0.091797 0.287109 0.079102 0.298828 0.084961 0.292969 0.072266 0.309570 0.081055 0.304688 0.063477 0.282227 0.047852 0.302734 0.038086 0.310547 0.029297 0.299805 0.020508 0.277344 0.025391 0.278320 0.025391 0.295898 0.000000 0.267578 0.000000 0.259766 0.008789 0.260742 0.000000 0.236328 0.000000 0.241211 0.008789
1 0.337891 0.006836 0.348633 0.026367 0.352539 0.002930 0.364258 0.026367 0.375000 0.014648 0.379883 0.024414 0.392578 0.019531 0.402344 0.024414 0.397461 0.037109 0.399414 0.050781 0.392578 0.053711 0.401367 0.071289 0.397461 0.084961 0.375977 0.094727 0.361328 0.096680 0.350586 0.089844 0.335938 0.092773 0.327148 0.083984 0.321289 0.089844 0.315430 0.081055 0.316406 0.070312 0.316406 0.070312 0.308594 0.064453 0.309570 0.045898 0.309570 0.029297 0.321289 0.020508 0.329102 0.023438 0.324219 0.011719
0 0.602539 0.070312 0.614258 0.085938 0.616211 0.091797 0.618164 0.103516 0.616211 0.108398 0.611328 0.111328 0.605469 0.112305 0.593750 0.116211 0.587891 0.116211 0.582031 0.116211 0.576172 0.114258 0.571289 0.114258 0.567383 0.119141 0.564453 0.125000 0.559570 0.128906 0.560547 0.135742 0.552734 0.137695 0.547852 0.134766 0.543945 0.130859 0.536133 0.125000 0.534180 0.120117 0.528320 0.122070 0.518555 0.127930 0.516602 0.132812 0.511719 0.134766 0.506836 0.133789 0.512695 0.126953 0.508789 0.124023 0.494141 0.128906 0.489258 0.127930 0.484375 0.125000 0.479492 0.121094 0.474609 0.119141 0.470703 0.122070 0.459961 0.123047 0.455078 0.120117 0.452148 0.116211 0.449219 0.111328 0.444336 0.112305 0.440430 0.116211 0.436523 0.113281 0.426758 0.111328 0.421875 0.113281 0.417969 0.108398 0.414062 0.098633 0.409180 0.093750 0.406250 0.088867 0.406250 0.083984 0.409180 0.079102 0.411133 0.074219 0.406250 0.072266 0.396484 0.065430 0.394531 0.060547 0.399414 0.058594 0.402344 0.053711 0.407227 0.051758 0.408203 0.046875 0.408203 0.041016 0.406250 0.030273 0.407227 0.024414 0.408203 0.019531 0.412109 0.025391 0.414062 0.031250 0.418945 0.031250 0.422852 0.026367 0.426758 0.022461 0.429688 0.017578 0.431641 0.021484 0.436523 0.019531 0.446289 0.013672 0.451172 0.011719 0.451172 0.017578 0.453125 0.022461 0.449219 0.028320 0.454102 0.027344 0.458984 0.023438 0.464844 0.021484 0.469727 0.025391 0.469727 0.019531 0.473633 0.011719 0.478516 0.013672 0.483398 0.016602 0.498047 0.025391 0.503906 0.025391 0.515625 0.024414 0.520508 0.027344 0.523438 0.032227 0.527344 0.036133 0.533203 0.035156 0.537109 0.032227 0.541992 0.030273 0.546875 0.033203 0.552734 0.035156 0.570312 0.042969 0.574219 0.047852 0.579102 0.050781 0.583984 0.051758 0.586914 0.057617 0.586914 0.062500 0.582031 0.065430 0.582031 0.071289 0.586914 0.074219 0.592773 0.068359
1 0.573242 0.000000 0.586914 0.006836 0.586914 0.006836 0.583984 0.020508 0.606445 0.011719 0.624023 0.033203 0.627930 0.013672 0.662109 0.036133 0.651367 0.019531 0.654297 0.006836 0.678711 0.013672 0.674805 0.000000
1 0.609375 0.046875 0.627930 0.065430 0.631836 0.048828 0.639648 0.042969 0.639648 0.042969 0.643555 0.065430 0.650391 0.051758 0.650391 0.062500 0.664062 0.060547 0.662109 0.071289 0.677734 0.075195 0.667969 0.082031 0.675781 0.085938 0.661133 0.090820 0.689453 0.108398 0.668945 0.104492 0.678711 0.119141 0.666016 0.116211 0.652344 0.109375 0.662109 0.138672 0.648438 0.130859 0.647461 0.136719 0.648438 0.136719 0.637695 0.125000 0.638672 0.140625 0.625977 0.125000 0.622070 0.142578 0.621094 0.131836 0.612305 0.139648 0.608398 0.125000 0.593750 0.126953 0.604492 0.116211 0.587891 0.112305 0.613281 0.097656 0.605469 0.078125 0.591797 0.066406 0.605469 0.070312 0.597656 0.055664 0.610352 0.055664
1 0.666016 0.000977 0.676758 0.003906 0.676758 0.003906 0.693359 0.003906 0.693359 0.004883 0.662109 0.024414 0.672852 0.022461 0.672852 0.023438 0.672852 0.034180 0.684570 0.031250 0.688477 0.038086 0.712891 0.023438 0.710938 0.057617 0.721680 0.047852 0.724609 0.057617 0.734375 0.037109 0.747070 0.056641 0.752930 0.055664 0.747070 0.028320 0.774414 0.041016 0.770508 0.026367 0.785156 0.035156 0.774414 0.014648 0.785156 0.009766 0.776367 0.004883 0.789062 0.000000
1 0.765625 0.014648 0.783203 0.025391 0.783203 0.025391 0.766602 0.054688 0.795898 0.042969 0.795898 0.042969 0.795898 0.056641 0.805664 0.044922 0.813477 0.053711 0.822266 0.047852 0.829102 0.047852 0.827148 0.039062 0.834961 0.043945 0.835938 0.037109 0.857422 0.039062 0.852539 0.030273 0.835938 0.027344 0.857422 0.018555 0.860352 0.010742 0.839844 0.011719 0.851562 0.000000 0.769531 0.000000 0.782227 0.006836
1 0.853516 0.000977 0.875000 0.016602 0.848633 0.025391 0.874023 0.029297 0.839844 0.049805 0.862305 0.050781 0.869141 0.058594 0.883789 0.057617 0.878906 0.087891 0.896484 0.069336 0.898438 0.077148 0.903320 0.074219 0.903320 0.097656 0.915039 0.077148 0.922852 0.085938 0.923828 0.073242 0.936523 0.084961 0.944336 0.081055 0.935547 0.069336 0.948242 0.071289 0.937500 0.059570 0.954102 0.062500 0.947266 0.053711 0.961914 0.057617 0.944336 0.044922 0.958008 0.038086 0.942383 0.036133 0.960938 0.023438 0.956055 0.015625 0.935547 0.018555 0.948242 0.000000
1 0.967773 0.014648 0.958008 0.020508 0.961914 0.029297 0.961914 0.029297 0.951172 0.033203 0.964844 0.041016 0.947266 0.053711 0.959961 0.058594 0.959961 0.059570 0.942383 0.068359 0.951172 0.072266 0.951172 0.072266 0.950195 0.080078 0.978516 0.075195 0.983398 0.084961 0.997070 0.078125 1.000000 0.086914 1.000000 0.000000 0.949219 0.000000 0.959961 0.008789
1 1.000000 0.095703 0.996094 0.086914 0.995117 0.112305 0.981445 0.096680 0.983398 0.111328 0.971680 0.111328 0.976562 0.123047 0.985352 0.133789 0.964844 0.129883 0.968750 0.137695 0.958008 0.135742 0.964844 0.150391 0.973633 0.153320 0.965820 0.162109 0.965820 0.163086 0.977539 0.166016 0.992188 0.166016 0.992188 0.166016 0.972656 0.180664 0.983398 0.186523 1.000000 0.181641
1 0.921875 0.094727 0.925781 0.103516 0.947266 0.095703 0.945312 0.109375 0.948242 0.113281 0.949219 0.113281 0.944336 0.123047 0.956055 0.119141 0.948242 0.130859 0.960938 0.139648 0.958984 0.148438 0.953125 0.149414 0.959961 0.164062 0.949219 0.161133 0.949219 0.166016 0.928711 0.154297 0.918945 0.162109 0.914062 0.140625 0.898438 0.124023 0.910156 0.120117 0.910156 0.097656
1 0.899414 0.099609 0.889648 0.109375 0.884766 0.111328 0.869141 0.116211 0.866211 0.122070 0.865234 0.126953 0.869141 0.130859 0.867188 0.136719 0.862305 0.139648 0.855469 0.147461 0.855469 0.152344 0.857422 0.162109 0.862305 0.163086 0.868164 0.161133 0.874023 0.160156 0.874023 0.165039 0.876953 0.169922 0.876953 0.175781 0.875000 0.181641 0.872070 0.186523 0.873047 0.192383 0.876953 0.195312 0.881836 0.197266 0.887695 0.197266 0.898438 0.195312 0.910156 0.191406 0.915039 0.190430 0.916992 0.186523 0.916992 0.180664 0.913086 0.176758 0.909180 0.173828 0.907227 0.168945 0.912109 0.162109 0.914062 0.157227 0.915039 0.152344 0.917969 0.147461 0.916992 0.142578 0.912109 0.139648 0.909180 0.135742 0.905273 0.130859 0.904297 0.125000 0.904297 0.120117 0.908203 0.116211 0.912109 0.113281 0.909180 0.108398
1 0.834961 0.062500 0.837891 0.071289 0.845703 0.062500 0.846680 0.075195 0.862305 0.066406 0.859375 0.085938 0.880859 0.085938 0.878906 0.091797 0.896484 0.094727 0.870117 0.111328 0.879883 0.119141 0.865234 0.126953 0.868164 0.141602 0.857422 0.141602 0.848633 0.145508 0.864258 0.180664 0.853516 0.178711 0.854492 0.184570 0.848633 0.182617 0.847656 0.188477 0.830078 0.166016 0.825195 0.192383 0.817383 0.171875 0.809570 0.188477 0.798828 0.185547 0.794922 0.166992 0.783203 0.162109 0.771484 0.168945 0.771484 0.154297 0.759766 0.159180 0.762695 0.142578 0.774414 0.140625 0.792969 0.131836 0.795898 0.117188 0.788086 0.107422 0.777344 0.082031 0.791992 0.083008 0.791016 0.064453 0.796875 0.076172 0.809570 0.055664 0.814453 0.065430 0.820312 0.060547 0.827148 0.066406
1 0.762695 0.084961 0.775391 0.084961 0.782227 0.097656 0.776367 0.109375 0.766602 0.111328 0.768555 0.129883 0.755859 0.131836 0.755859 0.131836 0.747070 0.118164 0.753906 0.103516 0.748047 0.096680 0.752930 0.087891
1 0.787109 0.106445 0.795898 0.116211 0.795898 0.130859 0.785156 0.139648 0.773438 0.133789 0.768555 0.124023 0.770508 0.109375
1 0.720703 0.053711 0.724609 0.068359 0.737305 0.056641 0.741211 0.078125 0.755859 0.071289 0.754883 0.079102 0.764648 0.077148 0.755859 0.084961 0.745117 0.099609 0.756836 0.107422 0.745117 0.117188 0.750000 0.131836 0.746094 0.153320 0.736328 0.151367 0.726562 0.146484 0.723633 0.151367 0.716797 0.142578 0.708984 0.156250 0.709961 0.156250 0.705078 0.145508 0.697266 0.135742 0.688477 0.134766 0.693359 0.123047 0.681641 0.116211 0.695312 0.107422 0.675781 0.100586 0.699219 0.090820 0.698242 0.067383 0.709961 0.067383
1 0.940430 0.262695 0.952148 0.272461 0.959961 0.266602 0.964844 0.280273 0.978516 0.279297 0.981445 0.293945 0.995117 0.296875 0.977539 0.319336 1.000000 0.320312 0.998047 0.333984 0.981445 0.333008 0.981445 0.333008 0.994141 0.350586 0.979492 0.351562 0.991211 0.372070 0.985352 0.370117 0.984375 0.386719 0.944336 0.360352 0.936523 0.387695 0.925781 0.360352 0.898438 0.387695 0.891602 0.363281 0.867188 0.364258 0.882812 0.349609 0.859375 0.342773 0.891602 0.324219 0.866211 0.311523 0.884766 0.305664 0.876953 0.286133 0.914062 0.304688 0.898438 0.269531 0.911133 0.275391 0.916016 0.273438 0.933594 0.287109 0.934570 0.287109
1 0.928711 0.371094 0.939453 0.388672 0.946289 0.362305 0.953125 0.376953 0.961914 0.364258 0.963867 0.384766 0.984375 0.370117 0.984375 0.378906 1.000000 0.371094 1.000000 0.392578 1.000000 0.417969 0.988281 0.423828 1.000000 0.435547 1.000000 0.457031 0.986328 0.452148 0.989258 0.474609 0.961914 0.457031 0.939453 0.478516 0.934570 0.463867 0.921875 0.486328 0.922852 0.464844 0.908203 0.457031 0.916016 0.440430 0.876953 0.431641 0.889648 0.422852 0.909180 0.420898 0.884766 0.389648 0.902344 0.392578 0.901367 0.369141 0.917969 0.380859
1 0.960938 0.461914 0.970703 0.471680 0.975586 0.482422 0.982422 0.461914 0.983398 0.461914 0.993164 0.457031 1.000000 0.462891 1.000000 0.572266 0.981445 0.561523 0.981445 0.561523 0.968750 0.581055 0.958008 0.573242 0.942383 0.585938 0.942383 0.563477 0.933594 0.575195 0.916992 0.574219 0.927734 0.556641 0.907227 0.563477 0.916016 0.546875 0.892578 0.541016 0.893555 0.541992 0.922852 0.523438 0.907227 0.517578 0.884766 0.524414 0.894531 0.510742 0.914062 0.504883 0.918945 0.494141 0.910156 0.477539 0.922852 0.480469 0.935547 0.481445 0.953125 0.460938
1 0.977539 0.565430 0.989258 0.583008 1.000000 0.574219 1.000000 0.668945 0.995117 0.658203 0.983398 0.680664 0.978516 0.655273 0.959961 0.674805 0.960938 0.675781 0.962891 0.663086 0.962891 0.654297 0.962891 0.654297 0.945312 0.662109 0.946289 0.662109 0.953125 0.642578 0.934570 0.646484 0.950195 0.625977 0.924805 0.626953 0.943359 0.613281 0.924805 0.606445 0.938477 0.605469 0.934570 0.579102 0.934570 0.579102 0.953125 0.586914 0.958008 0.562500 0.967773 0.573242
1 1.000000 0.664062 1.000000 0.765625 0.990234 0.749023 0.971680 0.750977 0.972656 0.751953 0.972656 0.742188 0.960938 0.741211 0.970703 0.727539 0.949219 0.720703 0.962891 0.713867 0.963867 0.713867 0.946289 0.701172 0.952148 0.697266 0.947266 0.681641 0.963867 0.682617 0.962891 0.662109 0.974609 0.670898 0.987305 0.657227
1 1.000000 0.768555 1.000000 0.855469 1.000000 0.855469 0.982422 0.853516 0.998047 0.831055 0.990234 0.825195 0.971680 0.830078 0.985352 0.816406 0.965820 0.813477 0.958008 0.801758 0.958008 0.801758 0.992188 0.800781 0.991211 0.793945 0.969727 0.784180 0.969727 0.784180 0.987305 0.784180 0.971680 0.769531 0.993164 0.777344 0.986328 0.756836
1 0.958008 0.849609 0.971680 0.842773 0.964844 0.881836 0.986328 0.868164 0.986328 0.868164 0.986328 0.875977 0.978516 0.886719 0.994141 0.882812 0.993164 0.896484 0.983398 0.902344 0.993164 0.905273 0.992188 0.918945 0.984375 0.928711 0.979492 0.929688 0.986328 0.940430 0.984375 0.944336 0.960938 0.940430 0.968750 0.959961 0.958008 0.954102 0.957031 0.973633 0.951172 0.979492 0.942383 0.962891 0.940430 0.971680 0.934570 0.959961 0.925781 0.978516 0.920898 0.973633 0.924805 0.945312 0.912109 0.958008 0.900391 0.964844 0.892578 0.963867 0.903320 0.951172 0.890625 0.947266 0.892578 0.939453 0.901367 0.931641 0.884766 0.930664 0.875000 0.916992 0.869141 0.894531 0.875000 0.883789 0.881836 0.884766 0.879883 0.865234 0.892578 0.871094 0.896484 0.852539 0.911133 0.860352 0.921875 0.839844 0.935547 0.849609 0.948242 0.838867
1 0.894531 0.983398 0.910156 0.987305 0.911133 0.987305 0.900391 0.963867 0.908203 0.962891 0.907227 0.947266 0.922852 0.964844 0.929688 0.953125 0.933594 0.961914 0.936523 0.942383 0.947266 0.958008 0.960938 0.949219 0.985352 0.937500 0.979492 0.951172 0.980469 0.951172 0.992188 0.948242 0.985352 0.970703 1.000000 0.960938 1.000000 1.000000 0.897461 1.000000
1 0.782227 1.000000 0.777344 0.981445 0.778320 0.959961 0.791016 0.968750 0.791992 0.942383 0.797852 0.934570 0.808594 0.948242 0.808594 0.948242 0.817383 0.925781 0.824219 0.932617 0.824219 0.932617 0.835938 0.917969 0.844727 0.927734 0.844727 0.927734 0.859375 0.920898 0.859375 0.949219 0.875977 0.934570 0.878906 0.959961 0.895508 0.952148 0.889648 0.970703 0.907227 0.968750 0.909180 0.985352 0.909180 1.000000
1 0.887695 0.767578 0.892578 0.775391 0.908203 0.761719 0.916992 0.756836 0.924805 0.768555 0.935547 0.758789 0.937500 0.768555 0.938477 0.768555 0.949219 0.768555 0.958984 0.774414 0.953125 0.797852 0.953125 0.797852 0.968750 0.801758 0.965820 0.815430 0.965820 0.815430 0.945312 0.821289 0.970703 0.829102 0.965820 0.840820 0.950195 0.842773 0.948242 0.857422 0.920898 0.846680 0.915039 0.864258 0.903320 0.852539 0.889648 0.861328 0.876953 0.848633 0.882812 0.839844 0.868164 0.833984 0.875000 0.822266 0.862305 0.810547 0.863281 0.799805 0.874023 0.804688 0.874023 0.805664 0.861328 0.785156 0.873047 0.789062 0.874023 0.775391 0.880859 0.782227
1 0.854492 0.730469 0.842773 0.738281 0.854492 0.742188 0.854492 0.742188 0.847656 0.754883 0.875000 0.749023 0.872070 0.765625 0.884766 0.760742 0.888672 0.773438 0.893555 0.766602 0.901367 0.780273 0.902344 0.761719 0.914062 0.770508 0.917969 0.759766 0.941406 0.765625 0.942383 0.754883 0.933594 0.746094 0.948242 0.747070 0.950195 0.737305 0.958984 0.734375 0.960938 0.725586 0.949219 0.718750 0.958008 0.710938 0.944336 0.708008 0.956055 0.685547 0.942383 0.686523 0.944336 0.678711 0.931641 0.682617 0.934570 0.664062 0.924805 0.671875 0.922852 0.655273 0.916016 0.670898 0.910156 0.656250 0.899414 0.675781 0.885742 0.657227 0.885742 0.657227 0.885742 0.673828 0.865234 0.660156 0.864258 0.682617 0.854492 0.677734 0.861328 0.693359 0.837891 0.689453 0.848633 0.701172 0.833008 0.701172 0.839844 0.710938 0.854492 0.714844 0.844727 0.720703
1 0.865234 0.555664 0.874023 0.563477 0.883789 0.552734 0.888672 0.563477 0.904297 0.556641 0.906250 0.567383 0.899414 0.583984 0.917969 0.578125 0.918945 0.584961 0.916016 0.590820 0.916016 0.591797 0.932617 0.587891 0.934570 0.593750 0.919922 0.604492 0.935547 0.616211 0.940430 0.624023 0.934570 0.637695 0.921875 0.636719 0.932617 0.648438 0.928711 0.656250 0.916992 0.658203 0.904297 0.659180 0.905273 0.672852 0.898438 0.679688 0.898438 0.679688 0.884766 0.665039 0.878906 0.672852 0.870117 0.664062 0.860352 0.671875 0.851562 0.675781 0.846680 0.666992 0.840820 0.675781 0.828125 0.678711 0.828125 0.666016 0.822266 0.662109 0.833008 0.647461 0.833984 0.634766 0.815430 0.634766 0.797852 0.620117 0.825195 0.608398 0.816406 0.580078 0.834961 0.583008 0.835938 0.570312 0.850586 0.575195 0.850586 0.566406 0.860352 0.563477
1 0.839844 0.487305 0.853516 0.501953 0.870117 0.483398 0.873047 0.492188 0.898438 0.478516 0.898438 0.493164 0.907227 0.493164 0.917969 0.497070 0.902344 0.503906 0.902344 0.503906 0.887695 0.516602 0.900391 0.527344 0.913086 0.540039 0.909180 0.548828 0.898438 0.543945 0.911133 0.559570 0.897461 0.556641 0.893555 0.563477 0.880859 0.564453 0.870117 0.557617 0.862305 0.565430 0.862305 0.565430 0.846680 0.568359 0.840820 0.576172 0.832031 0.578125 0.832031 0.578125 0.833984 0.556641 0.821289 0.556641 0.827148 0.549805 0.808594 0.551758 0.827148 0.535156 0.799805 0.534180 0.820312 0.520508 0.805664 0.506836 0.806641 0.488281 0.831055 0.498047
1 0.832031 0.373047 0.839844 0.379883 0.855469 0.369141 0.862305 0.379883 0.881836 0.367188 0.882812 0.381836 0.890625 0.379883 0.887695 0.390625 0.894531 0.392578 0.892578 0.401367 0.909180 0.403320 0.895508 0.417969 0.912109 0.435547 0.895508 0.441406 0.895508 0.441406 0.914062 0.467773 0.896484 0.468750 0.894531 0.481445 0.895508 0.481445 0.887695 0.479492 0.883789 0.491211 0.875977 0.497070 0.861328 0.483398 0.856445 0.504883 0.846680 0.493164 0.834961 0.500977 0.825195 0.485352 0.813477 0.500000 0.813477 0.474609 0.793945 0.487305 0.799805 0.476562 0.788086 0.471680 0.802734 0.458984 0.794922 0.450195 0.773438 0.452148 0.786133 0.434570 0.770508 0.426758 0.791016 0.417969 0.805664 0.420898 0.780273 0.408203 0.784180 0.396484 0.780273 0.384766 0.796875 0.395508 0.791992 0.377930 0.809570 0.387695 0.821289 0.373047
1 0.831055 0.276367 0.835938 0.293945 0.862305 0.290039 0.861328 0.295898 0.868164 0.301758 0.870117 0.317383 0.882812 0.319336 0.868164 0.328125 0.876953 0.340820 0.868164 0.350586 0.874023 0.357422 0.869141 0.373047 0.856445 0.374023 0.851562 0.385742 0.851562 0.385742 0.837891 0.377930 0.828125 0.395508 0.821289 0.385742 0.809570 0.385742 0.804688 0.388672 0.804688 0.388672 0.795898 0.379883 0.785156 0.377930 0.778320 0.367188 0.773438 0.359375 0.787109 0.350586 0.764648 0.347656 0.788086 0.336914 0.765625 0.326172 0.788086 0.325195 0.774414 0.308594 0.792969 0.312500 0.783203 0.300781 0.791992 0.296875 0.803711 0.281250 0.811523 0.287109 0.812500 0.277344 0.820312 0.283203
1 0.757812 0.209961 0.772461 0.218750 0.771484 0.209961 0.781250 0.218750 0.782227 0.229492 0.794922 0.215820 0.795898 0.234375 0.791016 0.243164 0.815430 0.268555 0.796875 0.267578 0.782227 0.265625 0.765625 0.289062 0.756836 0.285156 0.750000 0.291992 0.750000 0.291992 0.751953 0.277344 0.742188 0.274414 0.738281 0.265625 0.751953 0.254883 0.725586 0.250977 0.742188 0.242188 0.750977 0.244141 0.734375 0.231445 0.751953 0.227539
1 0.657227 0.208008 0.666016 0.218750 0.677734 0.210938 0.684570 0.221680 0.684570 0.222656 0.696289 0.227539 0.696289 0.227539 0.697266 0.239258 0.705078 0.246094 0.690430 0.253906 0.711914 0.269531 0.688477 0.268555 0.690430 0.276367 0.682617 0.276367 0.693359 0.293945 0.669922 0.275391 0.663086 0.283203 0.650391 0.275391 0.629883 0.280273 0.633789 0.268555 0.620117 0.262695 0.621094 0.262695 0.629883 0.254883 0.625977 0.234375 0.636719 0.231445 0.650391 0.232422 0.652344 0.210938
1 0.571289 0.210938 0.576172 0.193359 0.586914 0.182617 0.586914 0.195312 0.586914 0.205078 0.586914 0.205078 0.600586 0.197266 0.598633 0.208984 0.589844 0.230469 0.596680 0.232422 0.607422 0.218750 0.630859 0.212891 0.636719 0.216797 0.626953 0.223633 0.640625 0.227539 0.644531 0.232422 0.619141 0.241211 0.637695 0.253906 0.638672 0.254883 0.637695 0.259766 0.624023 0.256836 0.602539 0.254883 0.615234 0.277344 0.622070 0.289062 0.618164 0.295898 0.618164 0.295898 0.604492 0.282227 0.586914 0.260742 0.584961 0.271484 0.584961 0.290039 0.576172 0.295898 0.568359 0.286133 0.568359 0.275391 0.554688 0.274414 0.553711 0.287109 0.543945 0.287109 0.543945 0.278320 0.538086 0.286133 0.524414 0.286133 0.526367 0.277344 0.540039 0.268555 0.545898 0.257812 0.524414 0.262695 0.524414 0.254883 0.541992 0.247070 0.512695 0.230469 0.533203 0.234375 0.536133 0.223633 0.531250 0.208008 0.539062 0.211914 0.541016 0.198242 0.550781 0.207031 0.560547 0.203125
1 0.458008 0.184570 0.467773 0.203125 0.477539 0.198242 0.474609 0.212891 0.479492 0.226562 0.488281 0.209961 0.504883 0.202148 0.499023 0.215820 0.494141 0.229492 0.488281 0.244141 0.488281 0.245117 0.500977 0.239258 0.527344 0.240234 0.509766 0.254883 0.516602 0.258789 0.496094 0.264648 0.497070 0.264648 0.520508 0.281250 0.525391 0.291016 0.506836 0.283203 0.485352 0.274414 0.485352 0.274414 0.488281 0.295898 0.468750 0.286133 0.455078 0.311523 0.449219 0.300781 0.452148 0.289062 0.436523 0.303711 0.425781 0.310547 0.424805 0.297852 0.424805 0.297852 0.438477 0.285156 0.432617 0.277344 0.410156 0.278320 0.389648 0.259766 0.411133 0.262695 0.395508 0.249023 0.396484 0.250000 0.399414 0.242188 0.413086 0.244141 0.408203 0.234375 0.426758 0.233398 0.426758 0.234375 0.436523 0.233398 0.412109 0.209961 0.436523 0.213867 0.432617 0.198242 0.446289 0.190430 0.447266 0.210938 0.456055 0.220703 0.454102 0.199219
1 0.405273 0.168945 0.431641 0.169922 0.439453 0.169922 0.440430 0.170898 0.453125 0.181641 0.445312 0.196289 0.434570 0.206055 0.419922 0.210938 0.425781 0.194336 0.405273 0.191406 0.418945 0.182617 0.399414 0.174805
1 0.345703 0.131836 0.343750 0.140625 0.361328 0.135742 0.359375 0.150391 0.380859 0.138672 0.372070 0.156250 0.393555 0.157227 0.382812 0.170898 0.404297 0.174805 0.400391 0.182617 0.416992 0.189453 0.399414 0.194336 0.416992 0.210938 0.395508 0.208008 0.400391 0.222656 0.372070 0.214844 0.358398 0.202148 0.353516 0.235352 0.344727 0.237305 0.343750 0.216797 0.336914 0.208984 0.328125 0.214844 0.318359 0.228516 0.294922 0.230469 0.294922 0.230469 0.310547 0.212891 0.317383 0.197266 0.304688 0.199219 0.286133 0.201172 0.285156 0.187500 0.310547 0.187500 0.300781 0.176758 0.291016 0.158203 0.314453 0.167969 0.313477 0.150391 0.313477 0.151367 0.321289 0.137695 0.330078 0.150391 0.333984 0.135742
1 0.209961 0.117188 0.217773 0.131836 0.232422 0.146484 0.242188 0.150391 0.244141 0.121094 0.251953 0.121094 0.257812 0.128906 0.252930 0.141602 0.254883 0.155273 0.250000 0.166992 0.252930 0.176758 0.241211 0.184570 0.228516 0.201172 0.224609 0.208984 0.211914 0.203125 0.204102 0.190430 0.202148 0.183594 0.193359 0.184570 0.188477 0.174805 0.172852 0.166016 0.177734 0.159180 0.172852 0.148438 0.185547 0.151367 0.197266 0.152344 0.198242 0.145508 0.190430 0.142578 0.191406 0.136719 0.203125 0.138672 0.209961 0.136719 0.204102 0.122070
1 0.002930 0.091797 0.000000 0.071289 0.011719 0.058594 0.015625 0.069336 0.007812 0.093750 0.016602 0.102539 0.019531 0.083984 0.037109 0.070312 0.056641 0.070312 0.065430 0.073242 0.050781 0.085938 0.065430 0.090820 0.046875 0.104492 0.064453 0.102539 0.081055 0.108398 0.080078 0.117188 0.055664 0.120117 0.026367 0.119141 0.024414 0.126953 0.042969 0.137695 0.040039 0.140625 0.023438 0.136719 0.009766 0.132812 0.017578 0.146484 0.019531 0.156250 0.011719 0.152344 0.011719 0.152344 0.000977 0.139648 0.000000 0.131836 0.000000 0.094727
1 0.032227 0.145508 0.042969 0.151367 0.051758 0.143555 0.061523 0.133789 0.070312 0.137695 0.069336 0.149414 0.077148 0.149414 0.080078 0.142578 0.092773 0.140625 0.096680 0.145508 0.096680 0.153320 0.106445 0.162109 0.114258 0.163086 0.115234 0.163086 0.122070 0.168945 0.111328 0.173828 0.096680 0.177734 0.089844 0.182617 0.107422 0.188477 0.116211 0.190430 0.130859 0.188477 0.135742 0.194336 0.130859 0.196289 0.112305 0.194336 0.125000 0.202148 0.125977 0.208008 0.111328 0.204102 0.096680 0.205078 0.083984 0.202148 0.077148 0.202148 0.083008 0.213867 0.094727 0.223633 0.084961 0.229492 0.063477 0.219727 0.053711 0.226562 0.048828 0.233398 0.037109 0.234375 0.037109 0.235352 0.036133 0.222656 0.042969 0.209961 0.031250 0.206055 0.024414 0.212891 0.013672 0.214844 0.006836 0.207031 0.021484 0.199219 0.036133 0.193359 0.025391 0.191406 0.004883 0.197266 0.000000 0.194336 0.000000 0.184570 0.019531 0.184570 0.013672 0.177734 0.000000 0.168945 0.007812 0.163086 0.017578 0.166992 0.019531 0.154297
1 0.002930 0.199219 0.017578 0.217773 0.028320 0.240234 0.028320 0.240234 0.038086 0.227539 0.056641 0.219727 0.053711 0.236328 0.054688 0.236328 0.052734 0.256836 0.067383 0.276367 0.083984 0.295898 0.109375 0.308594 0.106445 0.314453 0.079102 0.303711 0.050781 0.295898 0.056641 0.320312 0.068359 0.335938 0.066406 0.341797 0.051758 0.333984 0.045898 0.311523 0.041016 0.297852 0.026367 0.321289 0.014648 0.340820 0.005859 0.347656 0.000000 0.343750 0.008789 0.322266 0.020508 0.307617 0.036133 0.287109 0.013672 0.303711 0.000000 0.314453 0.000000 0.205078
1 0.132812 0.216797 0.138672 0.224609 0.153320 0.224609 0.152344 0.234375 0.152344 0.234375 0.139648 0.248047 0.155273 0.240234 0.169922 0.228516 0.190430 0.232422 0.184570 0.240234 0.197266 0.242188 0.188477 0.252930 0.188477 0.252930 0.204102 0.261719 0.198242 0.265625 0.211914 0.277344 0.205078 0.282227 0.186523 0.281250 0.196289 0.290039 0.188477 0.294922 0.179688 0.296875 0.191406 0.321289 0.179688 0.321289 0.157227 0.314453 0.152344 0.339844 0.142578 0.339844 0.134766 0.309570 0.128906 0.301758 0.126953 0.322266 0.133789 0.342773 0.122070 0.342773 0.107422 0.318359 0.110352 0.291992 0.110352 0.292969 0.094727 0.299805 0.076172 0.302734 0.094727 0.286133 0.079102 0.275391 0.079102 0.275391 0.081055 0.273438 0.096680 0.270508 0.099609 0.255859 0.094727 0.239258 0.102539 0.225586 0.113281 0.233398 0.118164 0.224609 0.118164 0.225586
1 0.226562 0.230469 0.238281 0.208984 0.251953 0.222656 0.262695 0.208984 0.277344 0.219727 0.288086 0.227539 0.288086 0.228516 0.298828 0.235352 0.285156 0.248047 0.302734 0.261719 0.310547 0.277344 0.292969 0.276367 0.320312 0.299805 0.301758 0.295898 0.282227 0.285156 0.291016 0.309570 0.269531 0.295898 0.264648 0.320312 0.251953 0.303711 0.251953 0.303711 0.242188 0.322266 0.239258 0.292969 0.213867 0.308594 0.199219 0.293945 0.215820 0.276367 0.192383 0.268555 0.197266 0.255859 0.217773 0.260742 0.217773 0.260742 0.210938 0.238281 0.199219 0.226562 0.205078 0.209961 0.215820 0.219727
1 0.328125 0.213867 0.344727 0.227539 0.346680 0.236328 0.358398 0.225586 0.366211 0.224609 0.366211 0.224609 0.366211 0.207031 0.371094 0.220703 0.371094 0.220703 0.370117 0.243164 0.382812 0.238281 0.400391 0.227539 0.416016 0.231445 0.405273 0.242188 0.387695 0.250977 0.376953 0.258789 0.397461 0.261719 0.397461 0.262695 0.412109 0.278320 0.401367 0.280273 0.386719 0.277344 0.397461 0.293945 0.390625 0.294922 0.394531 0.308594 0.377930 0.297852 0.377930 0.298828 0.376953 0.314453 0.366211 0.308594 0.361328 0.316406 0.348633 0.307617 0.339844 0.320312 0.331055 0.308594 0.317383 0.301758 0.318359 0.291016 0.301758 0.294922 0.293945 0.289062 0.303711 0.281250 0.290039 0.271484 0.316406 0.255859 0.302734 0.253906 0.289062 0.239258 0.312500 0.236328 0.329102 0.242188 0.319336 0.229492
1 0.708984 0.277344 0.713867 0.288086 0.729492 0.274414 0.732422 0.289062 0.732422 0.289062 0.723633 0.317383 0.734375 0.305664 0.753906 0.295898 0.752930 0.303711 0.729492 0.328125 0.756836 0.325195 0.752930 0.335938 0.767578 0.336914 0.759766 0.344727 0.729492 0.342773 0.773438 0.355469 0.777344 0.363281 0.768555 0.362305 0.770508 0.373047 0.747070 0.365234 0.759766 0.379883 0.759766 0.380859 0.760742 0.387695 0.750000 0.388672 0.726562 0.364258 0.731445 0.387695 0.734375 0.407227 0.727539 0.409180 0.719727 0.376953 0.711914 0.381836 0.697266 0.363281 0.690430 0.375977 0.684570 0.382812 0.663086 0.383789 0.660156 0.371094 0.677734 0.360352 0.651367 0.358398 0.658203 0.335938 0.674805 0.327148 0.653320 0.297852 0.667969 0.295898 0.670898 0.275391 0.685547 0.299805 0.697266 0.318359 0.700195 0.284180
1 0.620117 0.285156 0.617188 0.303711 0.631836 0.293945 0.636719 0.296875 0.629883 0.318359 0.634766 0.316406 0.656250 0.308594 0.661133 0.318359 0.644531 0.331055 0.669922 0.339844 0.666992 0.352539 0.646484 0.351562 0.664062 0.363281 0.655273 0.365234 0.669922 0.376953 0.653320 0.375000 0.654297 0.386719 0.653320 0.398438 0.637695 0.387695 0.633789 0.397461 0.621094 0.395508 0.612305 0.416016 0.600586 0.409180 0.603516 0.387695 0.585938 0.414062 0.583008 0.396484 0.575195 0.392578 0.563477 0.406250 0.552734 0.393555 0.557617 0.378906 0.538086 0.379883 0.549805 0.372070 0.540039 0.366211 0.550781 0.354492 0.530273 0.337891 0.552734 0.337891 0.541016 0.312500 0.547852 0.312500 0.546875 0.302734 0.554688 0.306641 0.554688 0.293945 0.567383 0.299805 0.577148 0.278320 0.587891 0.290039 0.587891 0.290039 0.592773 0.274414 0.596680 0.283203 0.610352 0.272461
1 0.496094 0.283203 0.500977 0.301758 0.513672 0.293945 0.511719 0.320312 0.521484 0.306641 0.546875 0.297852 0.539062 0.312500 0.532227 0.321289 0.554688 0.320312 0.541992 0.332031 0.549805 0.338867 0.557617 0.351562 0.541016 0.358398 0.541016 0.359375 0.551758 0.372070 0.534180 0.373047 0.514648 0.369141 0.526367 0.411133 0.514648 0.403320 0.516602 0.418945 0.508789 0.413086 0.509766 0.413086 0.501953 0.400391 0.489258 0.424805 0.486328 0.409180 0.485352 0.395508 0.467773 0.413086 0.468750 0.390625 0.447266 0.401367 0.447266 0.401367 0.449219 0.382812 0.435547 0.388672 0.441406 0.371094 0.425781 0.368164 0.434570 0.357422 0.421875 0.351562 0.433594 0.346680 0.421875 0.337891 0.450195 0.336914 0.434570 0.315430 0.434570 0.316406 0.447266 0.319336 0.442383 0.300781 0.453125 0.307617 0.460938 0.290039 0.472656 0.301758 0.480469 0.295898
1 0.378906 0.311523 0.383789 0.309570 0.387695 0.314453 0.387695 0.314453 0.402344 0.302734 0.401367 0.308594 0.401367 0.309570 0.419922 0.300781 0.424805 0.310547 0.418945 0.324219 0.435547 0.325195 0.436523 0.325195 0.440430 0.334961 0.423828 0.340820 0.432617 0.345703 0.432617 0.345703 0.418945 0.352539 0.439453 0.364258 0.446289 0.376953 0.436523 0.380859 0.410156 0.370117 0.400391 0.373047 0.408203 0.387695 0.409180 0.402344 0.402344 0.409180 0.390625 0.394531 0.388672 0.381836 0.373047 0.403320 0.361328 0.403320 0.361328 0.390625 0.364258 0.377930 0.349609 0.383789 0.337891 0.379883 0.334961 0.359375 0.330078 0.352539 0.349609 0.349609 0.337891 0.338867 0.345703 0.320312 0.354492 0.318359 0.368164 0.322266
1 0.273438 0.328125 0.291016 0.309570 0.294922 0.322266 0.304688 0.313477 0.309570 0.319336 0.317383 0.316406 0.322266 0.323242 0.316406 0.333008 0.342773 0.332031 0.329102 0.343750 0.340820 0.349609 0.328125 0.363281 0.328125 0.363281 0.338867 0.375977 0.331055 0.380859 0.336914 0.397461 0.315430 0.390625 0.323242 0.405273 0.306641 0.402344 0.292969 0.397461 0.301758 0.410156 0.282227 0.403320 0.274414 0.401367 0.274414 0.401367 0.269531 0.414062 0.258789 0.403320 0.255859 0.396484 0.236328 0.407227 0.241211 0.383789 0.220703 0.387695 0.220703 0.387695 0.238281 0.367188 0.219727 0.348633 0.246094 0.346680 0.239258 0.327148 0.246094 0.316406 0.259766 0.327148
1 0.155273 0.331055 0.169922 0.304688 0.180664 0.308594 0.173828 0.325195 0.185547 0.324219 0.208008 0.322266 0.200195 0.335938 0.182617 0.351562 0.182617 0.351562 0.168945 0.359375 0.199219 0.376953 0.182617 0.379883 0.191406 0.402344 0.186523 0.405273 0.168945 0.395508 0.169922 0.395508 0.168945 0.407227 0.155273 0.396484 0.146484 0.390625 0.134766 0.403320 0.124023 0.415039 0.119141 0.426758 0.114258 0.419922 0.113281 0.393555 0.121094 0.380859 0.107422 0.375977 0.113281 0.355469 0.144531 0.335938 0.149414 0.343750
1 0.038086 0.333984 0.047852 0.346680 0.047852 0.347656 0.061523 0.361328 0.074219 0.340820 0.086914 0.330078 0.086914 0.330078 0.083008 0.354492 0.097656 0.346680 0.119141 0.354492 0.095703 0.367188 0.095703 0.367188 0.126953 0.376953 0.096680 0.385742 0.127930 0.393555 0.127930 0.393555 0.139648 0.405273 0.121094 0.404297 0.125000 0.420898 0.111328 0.422852 0.101562 0.418945 0.107422 0.439453 0.091797 0.437500 0.080078 0.416016 0.071289 0.423828 0.055664 0.426758 0.055664 0.426758 0.043945 0.417969 0.032227 0.423828 0.018555 0.424805 0.019531 0.405273 0.000000 0.400391 0.000000 0.382812 0.026367 0.377930 0.044922 0.377930 0.039062 0.363281 0.037109 0.349609 0.029297 0.339844 0.029297 0.339844
1 0.037109 0.417969 0.051758 0.415039 0.061523 0.438477 0.077148 0.410156 0.089844 0.422852 0.089844 0.441406 0.106445 0.432617 0.126953 0.436523 0.126953 0.436523 0.110352 0.456055 0.137695 0.453125 0.119141 0.469727 0.123047 0.491211 0.130859 0.504883 0.113281 0.503906 0.119141 0.526367 0.108398 0.527344 0.108398 0.527344 0.102539 0.540039 0.077148 0.523438 0.065430 0.542969 0.053711 0.536133 0.036133 0.536133 0.033203 0.516602 0.006836 0.521484 0.003906 0.508789 0.000000 0.501953 0.000000 0.468750 0.012695 0.469727 0.000000 0.447266 0.024414 0.447266 0.027344 0.412109
1 0.000000 0.525391 0.025391 0.514648 0.024414 0.530273 0.047852 0.546875 0.038086 0.558594 0.051758 0.579102 0.031250 0.590820 0.020508 0.594727 0.028320 0.605469 0.000000 0.612305
1 0.163086 0.415039 0.176758 0.411133 0.178711 0.419922 0.200195 0.408203 0.204102 0.417969 0.217773 0.420898 0.232422 0.426758 0.226562 0.444336 0.241211 0.443359 0.235352 0.451172 0.234375 0.458008 0.232422 0.461914 0.244141 0.465820 0.235352 0.476562 0.227539 0.479492 0.239258 0.490234 0.226562 0.496094 0.208008 0.501953 0.194336 0.510742 0.194336 0.516602 0.176758 0.512695 0.166992 0.523438 0.159180 0.513672 0.135742 0.521484 0.145508 0.503906 0.119141 0.508789 0.132812 0.493164 0.125000 0.487305 0.109375 0.486328 0.107422 0.476562 0.133789 0.471680 0.143555 0.464844 0.128906 0.458008 0.125000 0.439453 0.137695 0.446289 0.139648 0.427734 0.150391 0.437500 0.151367 0.419922
1 0.274414 0.417969 0.284180 0.400391 0.292969 0.409180 0.298828 0.404297 0.307617 0.390625 0.316406 0.402344 0.316406 0.403320 0.310547 0.415039 0.310547 0.416016 0.314453 0.430664 0.325195 0.417969 0.344727 0.413086 0.338867 0.429688 0.327148 0.446289 0.317383 0.450195 0.341797 0.468750 0.333008 0.476562 0.319336 0.471680 0.311523 0.473633 0.322266 0.495117 0.311523 0.498047 0.298828 0.492188 0.299805 0.509766 0.287109 0.501953 0.280273 0.515625 0.270508 0.497070 0.252930 0.505859 0.259766 0.479492 0.237305 0.483398 0.231445 0.464844 0.250000 0.453125 0.238281 0.436523 0.249023 0.438477 0.247070 0.418945 0.253906 0.422852 0.254883 0.422852 0.258789 0.414062 0.266602 0.419922
1 0.381836 0.408203 0.389648 0.391602 0.394531 0.417969 0.395508 0.417969 0.397461 0.388672 0.407227 0.396484 0.417969 0.390625 0.420898 0.417969 0.435547 0.391602 0.437500 0.407227 0.435547 0.419922 0.451172 0.403320 0.458008 0.401367 0.457031 0.416992 0.437500 0.442383 0.458984 0.445312 0.478516 0.455078 0.478516 0.470703 0.477539 0.493164 0.455078 0.485352 0.444336 0.482422 0.457031 0.501953 0.454102 0.512695 0.436523 0.495117 0.437500 0.509766 0.416016 0.506836 0.405273 0.490234 0.403320 0.507812 0.394531 0.521484 0.390625 0.498047 0.373047 0.518555 0.369141 0.508789 0.356445 0.509766 0.366211 0.500000 0.358398 0.495117 0.338867 0.494141 0.361328 0.478516 0.341797 0.478516 0.349609 0.464844 0.338867 0.458008 0.327148 0.453125 0.341797 0.452148 0.335938 0.441406 0.349609 0.442383 0.348633 0.434570 0.360352 0.434570 0.359375 0.415039 0.360352 0.415039 0.362305 0.403320 0.373047 0.400391 0.375000 0.410156
1 0.500000 0.414062 0.505859 0.419922 0.506836 0.404297 0.520508 0.415039 0.528320 0.408203 0.531250 0.417969 0.542969 0.413086 0.551758 0.412109 0.552734 0.416992 0.561523 0.416016 0.566406 0.424805 0.569336 0.430664 0.559570 0.442383 0.569336 0.450195 0.565430 0.454102 0.574219 0.458008 0.568359 0.462891 0.577148 0.472656 0.567383 0.474609 0.575195 0.490234 0.552734 0.489258 0.552734 0.489258 0.552734 0.500000 0.552734 0.500000 0.538086 0.496094 0.538086 0.508789 0.525391 0.500000 0.525391 0.500000 0.527344 0.491211 0.509766 0.503906 0.510742 0.490234 0.496094 0.493164 0.483398 0.493164 0.483398 0.493164 0.490234 0.478516 0.472656 0.466797 0.477539 0.461914 0.468750 0.437500 0.477539 0.435547 0.478516 0.424805 0.494141 0.423828
1 0.624023 0.431641 0.629883 0.435547 0.619141 0.444336 0.619141 0.444336 0.612305 0.452148 0.589844 0.463867 0.585938 0.467773 0.582031 0.471680 0.576172 0.476562 0.580078 0.458008 0.592773 0.454102 0.595703 0.443359 0.575195 0.453125 0.575195 0.453125 0.583008 0.439453 0.602539 0.438477
1 0.672852 0.417969 0.698242 0.421875 0.709961 0.418945 0.728516 0.423828 0.765625 0.422852 0.745117 0.433594 0.773438 0.449219 0.773438 0.449219 0.763672 0.452148 0.763672 0.453125 0.728516 0.443359 0.735352 0.456055 0.736328 0.473633 0.730469 0.476562 0.730469 0.476562 0.721680 0.461914 0.715820 0.450195 0.692383 0.467773 0.697266 0.453125 0.710938 0.437500 0.703125 0.433594 0.684570 0.429688 0.666992 0.418945
1 0.708008 0.478516 0.722656 0.489258 0.731445 0.469727 0.742188 0.480469 0.746094 0.462891 0.754883 0.486328 0.773438 0.472656 0.773438 0.472656 0.776367 0.486328 0.788086 0.474609 0.788086 0.487305 0.803711 0.483398 0.797852 0.502930 0.816406 0.502930 0.811523 0.518555 0.825195 0.536133 0.802734 0.538086 0.816406 0.552734 0.796875 0.553711 0.810547 0.573242 0.788086 0.564453 0.787109 0.579102 0.787109 0.590820 0.777344 0.583984 0.769531 0.593750 0.756836 0.576172 0.742188 0.589844 0.732422 0.595703 0.732422 0.584961 0.718750 0.592773 0.720703 0.579102 0.703125 0.587891 0.719727 0.558594 0.692383 0.561523 0.705078 0.549805 0.680664 0.543945 0.705078 0.536133 0.694336 0.522461 0.695312 0.522461 0.689453 0.505859 0.703125 0.508789 0.693359 0.489258 0.708008 0.490234
1 0.655273 0.475586 0.655273 0.482422 0.655273 0.483398 0.662109 0.480469 0.664062 0.496094 0.683594 0.497070 0.688477 0.513672 0.683594 0.526367 0.690430 0.536133 0.673828 0.547852 0.693359 0.559570 0.682617 0.564453 0.687500 0.573242 0.676758 0.573242 0.681641 0.585938 0.665039 0.581055 0.674805 0.602539 0.660156 0.595703 0.657227 0.606445 0.640625 0.594727 0.631836 0.579102 0.631836 0.591797 0.612305 0.602539 0.620117 0.577148 0.605469 0.597656 0.603516 0.580078 0.590820 0.584961 0.590820 0.584961 0.594727 0.578125 0.582031 0.576172 0.596680 0.565430 0.580078 0.563477 0.580078 0.564453 0.584961 0.558594 0.572266 0.553711 0.579102 0.546875 0.576172 0.539062 0.592773 0.537109 0.579102 0.525391 0.589844 0.521484 0.576172 0.504883 0.608398 0.509766 0.610352 0.495117 0.607422 0.479492 0.623047 0.483398 0.633789 0.490234 0.636719 0.500977
1 0.469727 0.490234 0.483398 0.503906 0.482422 0.482422 0.497070 0.495117 0.498047 0.495117 0.505859 0.483398 0.511719 0.494141 0.524414 0.484375 0.523438 0.499023 0.524414 0.509766 0.551758 0.498047 0.547852 0.512695 0.543945 0.518555 0.566406 0.520508 0.556641 0.528320 0.571289 0.535156 0.557617 0.546875 0.574219 0.552734 0.574219 0.552734 0.554688 0.558594 0.569336 0.582031 0.557617 0.578125 0.559570 0.590820 0.542969 0.581055 0.527344 0.579102 0.527344 0.579102 0.531250 0.605469 0.515625 0.592773 0.502930 0.597656 0.495117 0.612305 0.491211 0.601562 0.495117 0.584961 0.485352 0.595703 0.474609 0.605469 0.471680 0.594727 0.459961 0.597656 0.444336 0.601562 0.454102 0.583008 0.460938 0.577148 0.430664 0.583008 0.454102 0.572266 0.452148 0.558594 0.428711 0.558594 0.437500 0.543945 0.452148 0.541016 0.443359 0.518555 0.456055 0.519531 0.456055 0.500977 0.463867 0.505859 0.460938 0.484375
1 0.408203 0.536133 0.405273 0.515625 0.415039 0.499023 0.418945 0.516602 0.423828 0.520508 0.433594 0.504883 0.437500 0.515625 0.448242 0.509766 0.454102 0.517578 0.441406 0.536133 0.450195 0.538086 0.457031 0.548828 0.445312 0.558594 0.463867 0.562500 0.465820 0.572266 0.438477 0.571289 0.438477 0.571289 0.461914 0.577148 0.467773 0.595703 0.449219 0.592773 0.451172 0.601562 0.439453 0.593750 0.431641 0.597656 0.420898 0.587891 0.411133 0.617188 0.394531 0.609375 0.375000 0.617188 0.374023 0.602539 0.359375 0.601562 0.362305 0.591797 0.345703 0.594727 0.349609 0.581055 0.358398 0.567383 0.351562 0.552734 0.348633 0.531250 0.348633 0.531250 0.358398 0.532227 0.365234 0.538086 0.366211 0.538086 0.382812 0.546875 0.380859 0.538086 0.365234 0.523438 0.368164 0.507812 0.378906 0.512695 0.388672 0.502930 0.398438 0.522461
1 0.305664 0.500000 0.311523 0.507812 0.333984 0.498047 0.335938 0.512695 0.347656 0.511719 0.356445 0.521484 0.367188 0.529297 0.367188 0.537109 0.348633 0.545898 0.364258 0.557617 0.363281 0.566406 0.354492 0.574219 0.332031 0.567383 0.348633 0.584961 0.342773 0.596680 0.342773 0.596680 0.334961 0.600586 0.322266 0.586914 0.309570 0.586914 0.308594 0.609375 0.300781 0.610352 0.290039 0.604492 0.285156 0.597656 0.285156 0.597656 0.278320 0.598633 0.264648 0.599609 0.259766 0.594727 0.263672 0.581055 0.250977 0.577148 0.243164 0.568359 0.246094 0.557617 0.254883 0.541016 0.259766 0.517578 0.265625 0.518555 0.267578 0.506836 0.270508 0.508789 0.280273 0.501953 0.292969 0.504883
1 0.235352 0.502930 0.232422 0.521484 0.227539 0.532227 0.259766 0.522461 0.272461 0.534180 0.251953 0.549805 0.237305 0.559570 0.261719 0.574219 0.262695 0.586914 0.248047 0.587891 0.253906 0.602539 0.239258 0.599609 0.221680 0.604492 0.209961 0.620117 0.200195 0.618164 0.191406 0.626953 0.180664 0.616211 0.169922 0.617188 0.163086 0.607422 0.150391 0.611328 0.149414 0.595703 0.136719 0.589844 0.148438 0.565430 0.127930 0.559570 0.148438 0.548828 0.150391 0.536133 0.143555 0.534180 0.135742 0.522461 0.154297 0.523438 0.156250 0.509766 0.169922 0.518555 0.179688 0.500000 0.197266 0.491211 0.197266 0.506836 0.206055 0.505859 0.220703 0.498047
1 0.085938 0.607422 0.105469 0.630859 0.111328 0.611328 0.111328 0.611328 0.120117 0.596680 0.123047 0.610352 0.135742 0.601562 0.135742 0.618164 0.148438 0.615234 0.149414 0.623047 0.160156 0.623047 0.158203 0.633789 0.170898 0.634766 0.166016 0.641602 0.166016 0.642578 0.158203 0.650391 0.166016 0.658203 0.153320 0.667969 0.153320 0.668945 0.171875 0.673828 0.177734 0.684570 0.168945 0.690430 0.155273 0.688477 0.154297 0.708008 0.145508 0.708008 0.144531 0.714844 0.144531 0.715820 0.132812 0.707031 0.133789 0.720703 0.120117 0.716797 0.114258 0.726562 0.101562 0.717773 0.099609 0.706055 0.087891 0.716797 0.071289 0.715820 0.070312 0.705078 0.071289 0.705078 0.065430 0.713867 0.055664 0.711914 0.062500 0.699219 0.049805 0.699219 0.062500 0.684570 0.045898 0.679688 0.048828 0.673828 0.041992 0.669922 0.054688 0.665039 0.066406 0.659180 0.066406 0.660156 0.057617 0.642578 0.047852 0.636719 0.059570 0.632812 0.075195 0.638672 0.075195 0.638672 0.080078 0.635742 0.082031 0.615234
1 0.001953 0.696289 0.020508 0.712891 0.024414 0.721680 0.030273 0.707031 0.047852 0.694336 0.048828 0.706055 0.048828 0.706055 0.046875 0.722656 0.057617 0.717773 0.076172 0.708008 0.076172 0.708008 0.083008 0.712891 0.092773 0.718750 0.085938 0.729492 0.074219 0.737305 0.096680 0.737305 0.102539 0.755859 0.100586 0.765625 0.100586 0.765625 0.082031 0.764648 0.094727 0.776367 0.088867 0.781250 0.077148 0.781250 0.082031 0.795898 0.065430 0.793945 0.066406 0.804688 0.066406 0.804688 0.052734 0.795898 0.053711 0.795898 0.045898 0.796875 0.030273 0.803711 0.020508 0.798828 0.013672 0.787109 0.000000 0.797852 0.000000 0.798828
1 0.178711 0.618164 0.187500 0.626953 0.206055 0.614258 0.223633 0.597656 0.226562 0.601562 0.239258 0.597656 0.249023 0.600586 0.242188 0.621094 0.258789 0.623047 0.270508 0.624023 0.269531 0.635742 0.252930 0.644531 0.261719 0.650391 0.262695 0.654297 0.269531 0.661133 0.274414 0.666992 0.272461 0.673828 0.255859 0.674805 0.239258 0.676758 0.255859 0.691406 0.260742 0.700195 0.249023 0.703125 0.227539 0.692383 0.216797 0.688477 0.214844 0.700195 0.215820 0.701172 0.193359 0.717773 0.195312 0.707031 0.200195 0.690430 0.180664 0.704102 0.182617 0.689453 0.172852 0.697266 0.160156 0.696289 0.165039 0.677734 0.182617 0.660156 0.183594 0.661133 0.165039 0.661133 0.155273 0.644531 0.171875 0.643555 0.167969 0.628906 0.172852 0.618164
1 0.283203 0.608398 0.291016 0.618164 0.288086 0.602539 0.300781 0.589844 0.306641 0.608398 0.311523 0.593750 0.322266 0.585938 0.326172 0.607422 0.331055 0.598633 0.340820 0.593750 0.343750 0.598633 0.339844 0.617188 0.352539 0.612305 0.369141 0.614258 0.375977 0.608398 0.372070 0.619141 0.386719 0.616211 0.386719 0.624023 0.365234 0.638672 0.384766 0.640625 0.377930 0.646484 0.362305 0.653320 0.380859 0.657227 0.393555 0.660156 0.379883 0.667969 0.363281 0.670898 0.368164 0.681641 0.375000 0.693359 0.361328 0.693359 0.354492 0.692383 0.359375 0.705078 0.347656 0.705078 0.332031 0.692383 0.327148 0.693359 0.320312 0.708984 0.321289 0.708984 0.306641 0.712891 0.311523 0.693359 0.301758 0.702148 0.292969 0.701172 0.294922 0.692383 0.282227 0.705078 0.274414 0.702148 0.292969 0.682617 0.280273 0.688477 0.279297 0.682617 0.268555 0.686523 0.262695 0.677734 0.291016 0.663086 0.280273 0.656250 0.261719 0.651367 0.253906 0.638672 0.274414 0.639648 0.288086 0.641602 0.284180 0.635742 0.277344 0.625000 0.278320 0.615234
1 0.436523 0.595703 0.443359 0.609375 0.444336 0.609375 0.468750 0.598633 0.467773 0.605469 0.483398 0.602539 0.489258 0.603516 0.479492 0.615234 0.492188 0.612305 0.489258 0.616211 0.473633 0.628906 0.490234 0.629883 0.491211 0.638672 0.499023 0.647461 0.484375 0.649414 0.492188 0.659180 0.482422 0.658203 0.472656 0.656250 0.484375 0.674805 0.485352 0.679688 0.485352 0.679688 0.464844 0.670898 0.453125 0.667969 0.458008 0.682617 0.452148 0.696289 0.452148 0.697266 0.450195 0.702148 0.442383 0.687500 0.441406 0.696289 0.432617 0.682617 0.432617 0.682617 0.424805 0.696289 0.418945 0.691406 0.418945 0.691406 0.409180 0.698242 0.402344 0.691406 0.403320 0.691406 0.412109 0.678711 0.393555 0.679688 0.393555 0.680664 0.409180 0.666016 0.402344 0.657227 0.389648 0.654297 0.381836 0.648438 0.379883 0.635742 0.391602 0.643555 0.382812 0.625977 0.393555 0.630859 0.385742 0.617188 0.387695 0.605469 0.399414 0.618164 0.402344 0.604492 0.414062 0.594727 0.414062 0.611328 0.419922 0.590820 0.423828 0.606445
1 0.520508 0.594727 0.541016 0.613281 0.541992 0.602539 0.541016 0.585938 0.530273 0.573242 0.544922 0.574219 0.558594 0.587891 0.556641 0.613281 0.558594 0.620117 0.562500 0.596680 0.573242 0.584961 0.583984 0.575195 0.583008 0.584961 0.589844 0.579102 0.587891 0.596680 0.590820 0.596680 0.584961 0.613281 0.580078 0.625977 0.593750 0.623047 0.593750 0.623047 0.611328 0.632812 0.612305 0.632812 0.600586 0.643555 0.582031 0.645508 0.590820 0.655273 0.584961 0.660156 0.584961 0.660156 0.592773 0.670898 0.585938 0.679688 0.571289 0.667969 0.580078 0.682617 0.579102 0.687500 0.560547 0.675781 0.561523 0.687500 0.549805 0.681641 0.541992 0.674805 0.536133 0.695312 0.526367 0.681641 0.518555 0.671875 0.503906 0.676758 0.497070 0.667969 0.501953 0.652344 0.512695 0.648438 0.493164 0.640625 0.486328 0.629883 0.489258 0.621094 0.502930 0.626953 0.502930 0.626953 0.509766 0.621094 0.494141 0.615234 0.489258 0.598633 0.489258 0.598633 0.502930 0.607422 0.501953 0.593750
1 0.605469 0.592773 0.634766 0.609375 0.635742 0.599609 0.648438 0.608398 0.649414 0.608398 0.650391 0.585938 0.663086 0.601562 0.670898 0.579102 0.675781 0.590820 0.698242 0.573242 0.696289 0.584961 0.703125 0.583008 0.693359 0.605469 0.715820 0.600586 0.697266 0.619141 0.711914 0.619141 0.722656 0.623047 0.702148 0.634766 0.712891 0.639648 0.719727 0.644531 0.708008 0.649414 0.718750 0.663086 0.718750 0.663086 0.699219 0.657227 0.708008 0.667969 0.716797 0.674805 0.711914 0.679688 0.712891 0.679688 0.691406 0.670898 0.692383 0.687500 0.679688 0.684570 0.669922 0.667969 0.659180 0.683594 0.653320 0.673828 0.640625 0.687500 0.638672 0.675781 0.619141 0.691406 0.621094 0.674805 0.611328 0.672852 0.613281 0.666992 0.606445 0.666992 0.612305 0.658203 0.596680 0.655273 0.596680 0.655273 0.606445 0.648438 0.592773 0.639648 0.592773 0.632812 0.615234 0.633789 0.599609 0.614258 0.621094 0.614258 0.604492 0.601562 0.600586 0.591797
1 0.714844 0.590820 0.734375 0.597656 0.736328 0.572266 0.753906 0.583984 0.762695 0.568359 0.772461 0.562500 0.780273 0.582031 0.791992 0.571289 0.803711 0.562500 0.801758 0.578125 0.811523 0.569336 0.815430 0.578125 0.810547 0.587891 0.830078 0.583984 0.816406 0.602539 0.826172 0.604492 0.816406 0.619141 0.833984 0.629883 0.818359 0.634766 0.833008 0.648438 0.813477 0.652344 0.821289 0.668945 0.801758 0.661133 0.804688 0.683594 0.781250 0.670898 0.779297 0.687500 0.763672 0.673828 0.751953 0.690430 0.751953 0.691406 0.741211 0.687500 0.742188 0.669922 0.727539 0.681641 0.725586 0.670898 0.732422 0.659180 0.718750 0.662109 0.702148 0.657227 0.718750 0.651367 0.704102 0.649414 0.699219 0.642578 0.718750 0.636719 0.700195 0.626953 0.713867 0.621094 0.702148 0.605469 0.715820 0.606445 0.708008 0.593750
1 0.813477 0.671875 0.810547 0.686523 0.831055 0.675781 0.824219 0.690430 0.842773 0.684570 0.841797 0.695312 0.835938 0.709961 0.823242 0.718750 0.858398 0.720703 0.851562 0.739258 0.846680 0.737305 0.822266 0.736328 0.827148 0.750977 0.828125 0.750977 0.836914 0.765625 0.815430 0.759766 0.815430 0.777344 0.797852 0.765625 0.785156 0.784180 0.779297 0.766602 0.765625 0.783203 0.765625 0.784180 0.766602 0.765625 0.750977 0.778320 0.757812 0.755859 0.729492 0.761719 0.755859 0.742188 0.723633 0.741211 0.744141 0.732422 0.719727 0.725586 0.719727 0.725586 0.747070 0.717773 0.724609 0.708984 0.718750 0.699219 0.732422 0.702148 0.728516 0.687500 0.750977 0.694336 0.743164 0.672852 0.763672 0.683594 0.761719 0.664062 0.769531 0.654297 0.785156 0.670898 0.793945 0.660156 0.806641 0.671875
1 0.649414 0.673828 0.665039 0.688477 0.664062 0.673828 0.671875 0.662109 0.686523 0.668945 0.703125 0.680664 0.716797 0.667969 0.711914 0.688477 0.725586 0.685547 0.725586 0.685547 0.722656 0.697266 0.740234 0.702148 0.740234 0.702148 0.732422 0.714844 0.741211 0.723633 0.724609 0.730469 0.736328 0.737305 0.721680 0.747070 0.720703 0.761719 0.701172 0.770508 0.681641 0.768555 0.666992 0.776367 0.655273 0.782227 0.656250 0.757812 0.634766 0.770508 0.636719 0.758789 0.623047 0.751953 0.618164 0.741211 0.640625 0.724609 0.612305 0.708008 0.629883 0.703125 0.644531 0.701172 0.644531 0.701172 0.654297 0.705078 0.641602 0.687500
1 0.593750 0.675781 0.593750 0.687500 0.606445 0.682617 0.606445 0.695312 0.619141 0.693359 0.618164 0.706055 0.619141 0.706055 0.634766 0.715820 0.625977 0.723633 0.634766 0.731445 0.624023 0.744141 0.634766 0.761719 0.634766 0.762695 0.630859 0.777344 0.602539 0.776367 0.596680 0.775391 0.596680 0.791016 0.579102 0.783203 0.571289 0.792969 0.566406 0.786133 0.558594 0.799805 0.548828 0.789062 0.542969 0.794922 0.533203 0.783203 0.531250 0.769531 0.510742 0.771484 0.510742 0.771484 0.525391 0.750000 0.511719 0.744141 0.524414 0.737305 0.512695 0.732422 0.513672 0.711914 0.529297 0.711914 0.521484 0.691406 0.536133 0.688477 0.545898 0.694336 0.565430 0.680664 0.579102 0.678711
1 0.464844 0.687500 0.477539 0.676758 0.476562 0.699219 0.498047 0.687500 0.496094 0.702148 0.496094 0.702148 0.480469 0.722656 0.490234 0.718750 0.522461 0.712891 0.519531 0.727539 0.509766 0.737305 0.492188 0.745117 0.506836 0.751953 0.523438 0.757812 0.520508 0.767578 0.520508 0.767578 0.500977 0.769531 0.505859 0.781250 0.496094 0.781250 0.480469 0.790039 0.467773 0.789062 0.452148 0.791016 0.452148 0.791016 0.441406 0.808594 0.432617 0.808594 0.432617 0.809570 0.437500 0.791992 0.423828 0.795898 0.424805 0.781250 0.429688 0.777344 0.422852 0.775391 0.415039 0.784180 0.404297 0.787109 0.412109 0.778320 0.416992 0.770508 0.406250 0.769531 0.393555 0.763672 0.406250 0.756836 0.416992 0.752930 0.410156 0.749023 0.391602 0.742188 0.390625 0.730469 0.412109 0.735352 0.402344 0.717773 0.417969 0.723633 0.417969 0.712891 0.411133 0.698242 0.416016 0.685547 0.428711 0.688477 0.438477 0.691406 0.448242 0.678711 0.456055 0.673828
1 0.351562 0.715820 0.359375 0.691406 0.375000 0.681641 0.377930 0.687500 0.377930 0.687500 0.374023 0.708008 0.397461 0.697266 0.387695 0.713867 0.403320 0.703125 0.411133 0.702148 0.402344 0.717773 0.413086 0.719727 0.408203 0.730469 0.394531 0.740234 0.411133 0.744141 0.418945 0.755859 0.402344 0.765625 0.415039 0.775391 0.403320 0.787109 0.386719 0.786133 0.389648 0.796875 0.380859 0.791016 0.373047 0.803711 0.361328 0.787109 0.364258 0.808594 0.348633 0.812500 0.346680 0.807617 0.337891 0.795898 0.324219 0.807617 0.312500 0.796875 0.311523 0.787109 0.300781 0.797852 0.295898 0.792969 0.299805 0.783203 0.291016 0.777344 0.291016 0.777344 0.294922 0.770508 0.283203 0.767578 0.286133 0.751953 0.302734 0.748047 0.298828 0.736328 0.298828 0.737305 0.284180 0.717773 0.297852 0.714844 0.314453 0.719727 0.315430 0.703125 0.317383 0.681641 0.331055 0.692383 0.344727 0.708984
1 0.250977 0.707031 0.261719 0.684570 0.275391 0.677734 0.268555 0.698242 0.289062 0.690430 0.282227 0.706055 0.299805 0.701172 0.300781 0.701172 0.292969 0.714844 0.304688 0.715820 0.289062 0.733398 0.295898 0.737305 0.283203 0.747070 0.299805 0.756836 0.288086 0.767578 0.295898 0.786133 0.278320 0.791016 0.271484 0.795898 0.268555 0.785156 0.249023 0.785156 0.241211 0.792969 0.229492 0.812500 0.229492 0.812500 0.220703 0.796875 0.204102 0.807617 0.205078 0.796875 0.188477 0.805664 0.188477 0.805664 0.191406 0.796875 0.186523 0.789062 0.187500 0.789062 0.176758 0.784180 0.192383 0.767578 0.178711 0.763672 0.184570 0.754883 0.171875 0.745117 0.187500 0.742188 0.173828 0.728516 0.177734 0.713867 0.187500 0.725586 0.194336 0.719727 0.192383 0.699219 0.209961 0.714844 0.211914 0.686523 0.223633 0.704102 0.234375 0.712891 0.236328 0.690430
1 0.042969 0.796875 0.059570 0.809570 0.071289 0.797852 0.098633 0.794922 0.088867 0.816406 0.105469 0.816406 0.104492 0.833008 0.088867 0.839844 0.089844 0.851562 0.095703 0.867188 0.088867 0.883789 0.073242 0.873047 0.066406 0.879883 0.079102 0.893555 0.079102 0.893555 0.068359 0.897461 0.046875 0.885742 0.046875 0.901367 0.043945 0.912109 0.043945 0.912109 0.032227 0.904297 0.028320 0.893555 0.026367 0.911133 0.026367 0.911133 0.015625 0.904297 0.001953 0.896484 0.000000 0.890625 0.000000 0.834961 0.005859 0.830078 0.000977 0.806641 0.014648 0.792969 0.014648 0.793945 0.031250 0.790039 0.032227 0.797852
1 0.044922 0.897461 0.057617 0.912109 0.057617 0.912109 0.073242 0.878906 0.076172 0.904297 0.100586 0.882812 0.093750 0.902344 0.117188 0.897461 0.099609 0.916992 0.100586 0.916992 0.120117 0.924805 0.096680 0.933594 0.111328 0.937500 0.120117 0.948242 0.093750 0.954102 0.104492 0.964844 0.106445 0.973633 0.084961 0.962891 0.088867 0.984375 0.075195 0.990234 0.072266 1.000000 0.073242 1.000000 0.011719 1.000000 0.015625 0.987305 0.006836 0.985352 0.006836 0.985352 0.000000 0.990234 0.007812 0.973633 0.000000 0.971680 0.000000 0.952148 0.014648 0.948242 0.000000 0.946289 0.000000 0.936523 0.012695 0.937500 0.000000 0.924805 0.000000 0.907227 0.022461 0.920898 0.012695 0.907227 0.013672 0.891602 0.025391 0.903320 0.028320 0.884766 0.041992 0.874023 0.041992 0.875000
1 0.146484 0.807617 0.152344 0.787109 0.161133 0.789062 0.168945 0.803711 0.177734 0.796875 0.184570 0.805664 0.193359 0.804688 0.198242 0.812500 0.190430 0.824219 0.190430 0.824219 0.188477 0.833008 0.207031 0.836914 0.219727 0.845703 0.207031 0.851562 0.200195 0.855469 0.201172 0.855469 0.184570 0.870117 0.184570 0.870117 0.198242 0.874023 0.203125 0.880859 0.193359 0.893555 0.177734 0.897461 0.159180 0.905273 0.133789 0.899414 0.134766 0.916992 0.122070 0.911133 0.121094 0.900391 0.114258 0.911133 0.099609 0.914062 0.097656 0.907227 0.113281 0.896484 0.101562 0.888672 0.094727 0.899414 0.085938 0.895508 0.082031 0.879883 0.100586 0.871094 0.097656 0.858398 0.080078 0.849609 0.080078 0.838867 0.100586 0.838867 0.109375 0.826172 0.107422 0.809570 0.121094 0.794922 0.129883 0.805664
1 0.091797 0.969727 0.080078 0.989258 0.107422 0.983398 0.108398 0.983398 0.086914 1.000000 0.106445 1.000000 0.115234 0.993164 0.116211 1.000000 0.126953 1.000000 0.139648 0.989258 0.137695 1.000000 0.157227 1.000000 0.160156 0.987305 0.176758 0.997070 0.193359 0.999023 0.214844 1.000000 0.235352 0.999023 0.232422 0.973633 0.205078 0.946289 0.233398 0.942383 0.218750 0.929688 0.224609 0.912109 0.202148 0.921875 0.216797 0.887695 0.214844 0.879883 0.215820 0.879883 0.193359 0.901367 0.193359 0.878906 0.181641 0.899414 0.169922 0.879883 0.155273 0.903320 0.127930 0.896484 0.138672 0.915039 0.121094 0.908203 0.130859 0.917969 0.102539 0.916016 0.116211 0.927734 0.097656 0.939453 0.117188 0.947266 0.092773 0.951172 0.106445 0.958984
1 0.249023 0.791992 0.239258 0.785156 0.228516 0.807617 0.223633 0.821289 0.190430 0.815430 0.204102 0.831055 0.204102 0.831055 0.213867 0.839844 0.206055 0.846680 0.208984 0.850586 0.190430 0.860352 0.186523 0.874023 0.207031 0.873047 0.194336 0.901367 0.208984 0.898438 0.208984 0.907227 0.224609 0.900391 0.239258 0.904297 0.245117 0.913086 0.252930 0.910156 0.267578 0.920898 0.270508 0.910156 0.270508 0.911133 0.279297 0.913086 0.279297 0.913086 0.277344 0.877930 0.278320 0.877930 0.294922 0.885742 0.307617 0.881836 0.293945 0.869141 0.274414 0.854492 0.275391 0.854492 0.302734 0.861328 0.320312 0.860352 0.322266 0.846680 0.305664 0.842773 0.323242 0.825195 0.297852 0.829102 0.312500 0.810547 0.317383 0.795898 0.299805 0.806641 0.300781 0.806641 0.286133 0.818359 0.308594 0.793945 0.301758 0.782227 0.284180 0.803711 0.284180 0.804688 0.286133 0.782227 0.275391 0.769531 0.264648 0.798828
1 0.378906 0.787109 0.380859 0.802734 0.390625 0.790039 0.394531 0.793945 0.403320 0.789062 0.397461 0.803711 0.397461 0.803711 0.405273 0.811523 0.404297 0.820312 0.428711 0.820312 0.428711 0.825195 0.415039 0.831055 0.424805 0.835938 0.416016 0.844727 0.406250 0.845703 0.406250 0.845703 0.411133 0.853516 0.412109 0.853516 0.407227 0.860352 0.408203 0.873047 0.394531 0.877930 0.394531 0.884766 0.376953 0.881836 0.366211 0.896484 0.352539 0.888672 0.344727 0.895508 0.340820 0.886719 0.326172 0.886719 0.324219 0.880859 0.319336 0.865234 0.310547 0.856445 0.310547 0.838867 0.321289 0.827148 0.313477 0.814453 0.320312 0.804688 0.338867 0.816406 0.339844 0.796875 0.360352 0.799805
1 0.280273 0.903320 0.320312 0.878906 0.320312 0.878906 0.317383 0.896484 0.339844 0.891602 0.317383 0.916016 0.334961 0.931641 0.318359 0.940430 0.319336 0.940430 0.334961 0.954102 0.327148 0.955078 0.328125 0.966797 0.310547 0.968750 0.295898 0.967773 0.297852 0.989258 0.297852 0.990234 0.281250 0.993164 0.260742 0.987305 0.248047 1.000000 0.227539 1.000000 0.234375 0.976562 0.212891 0.980469 0.232422 0.958984 0.205078 0.957031 0.212891 0.942383 0.221680 0.937500 0.212891 0.919922 0.213867 0.919922 0.221680 0.901367 0.240234 0.906250 0.253906 0.909180 0.269531 0.898438
1 0.353516 0.889648 0.366211 0.900391 0.375000 0.879883 0.384766 0.891602 0.394531 0.885742 0.394531 0.892578 0.407227 0.876953 0.408203 0.887695 0.417969 0.886719 0.415039 0.894531 0.432617 0.893555 0.423828 0.911133 0.423828 0.912109 0.442383 0.914062 0.434570 0.924805 0.452148 0.929688 0.441406 0.946289 0.428711 0.951172 0.436523 0.966797 0.437500 0.966797 0.431641 0.968750 0.432617 0.976562 0.418945 0.977539 0.412109 0.984375 0.396484 0.979492 0.386719 0.993164 0.376953 0.989258 0.376953 0.989258 0.366211 0.996094 0.363281 0.980469 0.351562 0.984375 0.350586 0.971680 0.333984 0.966797 0.346680 0.943359 0.324219 0.940430 0.319336 0.921875 0.319336 0.922852 0.356445 0.921875 0.346680 0.906250
1 0.495117 0.784180 0.500000 0.792969 0.507812 0.791992 0.506836 0.800781 0.506836 0.800781 0.528320 0.794922 0.530273 0.798828 0.534180 0.801758 0.523438 0.815430 0.538086 0.832031 0.527344 0.840820 0.523438 0.855469 0.514648 0.870117 0.502930 0.868164 0.490234 0.883789 0.480469 0.876953 0.473633 0.886719 0.464844 0.871094 0.454102 0.878906 0.454102 0.878906 0.441406 0.864258 0.442383 0.849609 0.423828 0.847656 0.438477 0.839844 0.427734 0.818359 0.447266 0.820312 0.440430 0.801758 0.455078 0.803711 0.462891 0.790039 0.469727 0.793945 0.483398 0.772461
1 0.514648 0.865234 0.516602 0.877930 0.527344 0.864258 0.524414 0.887695 0.543945 0.882812 0.541016 0.893555 0.553711 0.891602 0.552734 0.909180 0.552734 0.909180 0.529297 0.919922 0.559570 0.928711 0.557617 0.939453 0.533203 0.936523 0.540039 0.965820 0.522461 0.968750 0.506836 0.960938 0.491211 0.994141 0.492188 0.994141 0.480469 0.969727 0.455078 0.983398 0.455078 0.984375 0.459961 0.974609 0.449219 0.972656 0.458984 0.957031 0.441406 0.957031 0.434570 0.946289 0.428711 0.926758 0.445312 0.915039 0.436523 0.901367 0.453125 0.886719 0.467773 0.903320 0.477539 0.876953 0.486328 0.884766 0.497070 0.861328 0.504883 0.875000
1 0.584961 0.875000 0.600586 0.897461 0.611328 0.871094 0.615234 0.884766 0.617188 0.872070 0.638672 0.879883 0.638672 0.879883 0.641602 0.891602 0.670898 0.888672 0.670898 0.889648 0.662109 0.901367 0.669922 0.905273 0.658203 0.917969 0.670898 0.921875 0.646484 0.939453 0.664062 0.955078 0.661133 0.962891 0.661133 0.962891 0.652344 0.964844 0.650391 0.982422 0.650391 0.982422 0.630859 0.978516 0.630859 0.978516 0.621094 0.968750 0.625977 0.993164 0.614258 0.999023 0.614258 0.999023 0.603516 0.981445 0.603516 0.981445 0.600586 1.000000 0.586914 0.996094 0.581055 0.985352 0.557617 0.983398 0.556641 0.970703 0.574219 0.955078 0.553711 0.958008 0.537109 0.939453 0.546875 0.925781 0.571289 0.928711 0.558594 0.915039 0.545898 0.903320 0.551758 0.891602 0.588867 0.913086 0.569336 0.888672 0.569336 0.874023
1 0.606445 0.777344 0.630859 0.780273 0.629883 0.798828 0.647461 0.808594 0.636719 0.824219 0.650391 0.833008 0.629883 0.838867 0.645508 0.855469 0.611328 0.857422 0.605469 0.882812 0.593750 0.876953 0.567383 0.878906 0.553711 0.878906 0.564453 0.865234 0.542969 0.863281 0.555664 0.853516 0.529297 0.845703 0.534180 0.819336 0.534180 0.804688 0.545898 0.791016 0.564453 0.788086 0.582031 0.771484 0.588867 0.794922
1 0.686523 0.773438 0.698242 0.760742 0.717773 0.758789 0.720703 0.770508 0.735352 0.766602 0.738281 0.778320 0.750977 0.777344 0.745117 0.795898 0.727539 0.807617 0.727539 0.807617 0.761719 0.812500 0.745117 0.825195 0.719727 0.828125 0.750000 0.848633 0.746094 0.856445 0.732422 0.852539 0.736328 0.864258 0.713867 0.853516 0.717773 0.875000 0.702148 0.870117 0.702148 0.870117 0.685547 0.882812 0.685547 0.882812 0.681641 0.870117 0.670898 0.874023 0.667969 0.864258 0.659180 0.857422 0.641602 0.855469 0.651367 0.847656 0.637695 0.840820 0.648438 0.831055 0.629883 0.822266 0.629883 0.823242 0.650391 0.815430 0.639648 0.795898 0.639648 0.795898 0.652344 0.784180 0.665039 0.790039 0.670898 0.774414 0.683594 0.764648
1 0.719727 0.864258 0.727539 0.873047 0.729492 0.892578 0.729492 0.893555 0.764648 0.871094 0.764648 0.872070 0.765625 0.879883 0.771484 0.881836 0.771484 0.881836 0.771484 0.892578 0.761719 0.903320 0.766602 0.900391 0.783203 0.902344 0.784180 0.916016 0.778320 0.918945 0.785156 0.925781 0.778320 0.940430 0.750977 0.941406 0.756836 0.958008 0.765625 0.970703 0.765625 0.970703 0.753906 0.972656 0.737305 0.966797 0.735352 0.994141 0.727539 0.999023 0.720703 0.989258 0.711914 0.991211 0.700195 0.980469 0.683594 0.992188 0.690430 0.975586 0.670898 0.979492 0.670898 0.979492 0.670898 0.957031 0.670898 0.957031 0.655273 0.960938 0.667969 0.949219 0.658203 0.940430 0.653320 0.923828 0.662109 0.922852 0.666016 0.915039 0.661133 0.899414 0.671875 0.904297 0.666992 0.884766 0.679688 0.890625 0.699219 0.896484 0.700195 0.880859
1 0.824219 0.778320 0.839844 0.759766 0.838867 0.778320 0.849609 0.777344 0.849609 0.787109 0.865234 0.788086 0.856445 0.801758 0.855469 0.806641 0.872070 0.811523 0.861328 0.820312 0.878906 0.822266 0.879883 0.823242 0.867188 0.834961 0.862305 0.832031 0.847656 0.834961 0.847656 0.834961 0.862305 0.846680 0.862305 0.847656 0.859375 0.853516 0.862305 0.864258 0.844727 0.858398 0.851562 0.872070 0.847656 0.875977 0.847656 0.875977 0.823242 0.864258 0.825195 0.888672 0.814453 0.879883 0.811523 0.892578 0.801758 0.872070 0.789062 0.888672 0.784180 0.875000 0.764648 0.879883 0.764648 0.879883 0.764648 0.866211 0.754883 0.869141 0.754883 0.869141 0.750000 0.860352 0.764648 0.844727 0.735352 0.844727 0.753906 0.831055 0.728516 0.823242 0.729492 0.808594 0.750977 0.809570 0.744141 0.796875 0.752930 0.799805 0.747070 0.783203 0.765625 0.792969 0.758789 0.772461 0.780273 0.787109 0.782227 0.769531 0.790039 0.780273 0.794922 0.758789 0.804688 0.775391 0.819336 0.760742 0.817383 0.780273