0 0.000000 0.000000 0.163013 0.000000 0.137152 0.017405 0.114050 0.028784 0.106445 0.047852 0.136719 0.052734 0.160255 0.035336 0.156462 0.009130 0.172323 0.000000 0.187839 0.002234 0.211286 0.016026 0.208984 0.033203 0.216803 0.042231 0.287924 0.129525 0.307637 0.149237 0.306027 0.179007 0.309570 0.191406 0.318359 0.188477 0.329102 0.195312 0.322266 0.201172 0.313477 0.212891 0.304688 0.223633 0.301758 0.238281 0.294922 0.253906 0.282227 0.253906 0.280273 0.278320 0.271484 0.280273 0.262695 0.277344 0.249023 0.266602 0.240052 0.258259 0.216719 0.234523 0.186145 0.193892 0.166432 0.165329 0.143099 0.146823 0.120973 0.152456 0.104076 0.160100 0.092773 0.179688 0.081055 0.208984 0.052734 0.211914 0.000000 0.149366
1 0.000427 0.240083 0.017587 0.237795 0.030553 0.237414 0.038942 0.245613 0.044854 0.257054 0.043137 0.274786 0.035510 0.290040 0.029600 0.301099 0.020638 0.304340 0.010913 0.307963 0.000000 0.309679 0.000000 0.313302
1 0.000998 0.307772 0.015871 0.305675 0.020828 0.307772 0.024261 0.329699 0.028265 0.339233 0.037417 0.348386 0.038370 0.354105 0.032078 0.355631 0.022544 0.353725 0.016442 0.347051 0.006719 0.335038 0.000000 0.325314
1 0.119578 0.209741 0.112249 0.208776 0.103377 0.202025 0.100966 0.191321 0.105787 0.182160 0.115142 0.176181 0.125171 0.177916 0.134430 0.186403 0.134430 0.197687 0.131536 0.206559 0.127679 0.209451
0 0.142227 0.243603 0.129722 0.232384 0.129254 0.218243 0.138954 0.208426 0.153913 0.212867 0.169340 0.223151 0.179857 0.237292 0.192012 0.245473 0.197622 0.256692 0.198089 0.268496 0.193063 0.280533 0.183364 0.290350 0.174131 0.300400 0.166418 0.309983 0.160691 0.318982 0.152628 0.322723 0.145148 0.321437 0.135682 0.316996 0.122943 0.311386 0.118970 0.304842 0.117217 0.291051 0.126566 0.281001 0.140941 0.270600
1 0.130546 0.263536 0.122267 0.261415 0.115629 0.255667 0.117545 0.246019 0.125277 0.243692 0.133352 0.246361 0.134926 0.252451 0.134721 0.258062
1 0.000000 0.408766 0.014115 0.403354 0.028382 0.404215 0.037114 0.413070 0.035023 0.428936 0.026537 0.434963 0.016944 0.441850 0.010549 0.446646 0.001078 0.449968 0.000000 0.449599
1 0.027398 0.427583 0.040436 0.425984 0.051627 0.437300 0.049413 0.451936 0.037114 0.462267 0.024077 0.460913 0.015223 0.456854 0.011040 0.447385 0.013131 0.438406
1 0.028783 0.477988 0.022899 0.477988 0.017311 0.472913 0.018487 0.462616 0.025548 0.459602 0.034006 0.463205 0.034741 0.469604
1 0.069844 0.476639 0.062993 0.474383 0.053886 0.469620 0.050628 0.461015 0.055558 0.454331 0.067254 0.453913 0.075775 0.458509 0.080955 0.463187 0.080036 0.471041 0.076694 0.474968
1 0.057936 0.423606 0.048419 0.424087 0.041786 0.417551 0.042171 0.403709 0.052168 0.394000 0.061685 0.392174 0.070144 0.399672 0.070047 0.410438 0.066587 0.417646
1 0.181949 0.356087 0.173717 0.357917 0.164701 0.356610 0.156470 0.345634 0.159866 0.327603 0.170059 0.311923 0.187567 0.306827 0.199065 0.313491 0.203639 0.326558 0.199980 0.342629 0.193056 0.349293
1 0.224304 0.372023 0.216201 0.372990 0.206285 0.366702 0.203745 0.352795 0.214871 0.343726 0.226844 0.340823 0.240509 0.352433 0.241477 0.360172 0.238332 0.368032
1 0.228700 0.446688 0.221102 0.450107 0.210463 0.447068 0.206094 0.436810 0.210748 0.424937 0.219297 0.417812 0.226516 0.414868 0.232595 0.425507 0.234304 0.434910 0.230979 0.441084
1 0.216611 0.497915 0.208617 0.498779 0.201380 0.498671 0.200083 0.487868 0.204404 0.472096 0.215531 0.467883 0.222121 0.469720 0.226550 0.477605 0.223417 0.487437
1 0.248041 0.415466 0.244524 0.415061 0.239656 0.408569 0.244297 0.401185 0.251005 0.403683 0.255572 0.407108 0.256144 0.412317 0.252289 0.415101
1 0.342715 0.523997 0.334855 0.523551 0.328604 0.514530 0.329407 0.501580 0.335838 0.493452 0.347448 0.489612 0.354326 0.492738 0.355486 0.502741 0.351468 0.513548
1 0.296928 0.566768 0.289259 0.567301 0.281803 0.561229 0.280845 0.548021 0.287555 0.540352 0.299059 0.540139 0.307153 0.548234 0.308112 0.556116
1 0.414371 0.348719 0.406100 0.353045 0.397829 0.345156 0.401646 0.331795 0.413353 0.321487 0.423405 0.321487 0.426078 0.327214 0.425187 0.336503
1 0.397829 0.347191 0.386249 0.344774 0.379251 0.336503 0.378487 0.325051 0.384341 0.314871 0.397319 0.317670 0.402919 0.327469 0.402664 0.332177
1 0.463093 0.281830 0.454634 0.284180 0.444452 0.280107 0.439282 0.267889 0.449621 0.256454 0.460899 0.253321 0.469045 0.261153 0.469201 0.271648
1 0.491890 0.267365 0.484314 0.265520 0.476352 0.256585 0.476448 0.246291 0.483829 0.239785 0.496842 0.237843 0.505971 0.240271 0.508302 0.250176 0.505291 0.259596
1 0.351153 0.252118 0.344896 0.252030 0.336524 0.245156 0.335291 0.234229 0.341283 0.227180 0.352387 0.225329 0.360054 0.234054 0.357233 0.245773
1 0.374936 0.226623 0.369384 0.227702 0.362906 0.223538 0.359976 0.216367 0.362058 0.208193 0.373008 0.204723 0.382262 0.207808 0.386426 0.213899 0.384267 0.219374
1 0.382724 0.240657 0.378021 0.241043 0.371234 0.238729 0.368535 0.231635 0.374396 0.226083 0.381259 0.223152 0.387428 0.226237 0.388122 0.234025
1 0.476444 0.153622 0.464028 0.153415 0.453267 0.136031 0.460303 0.120097 0.474996 0.112233 0.488861 0.122994 0.491759 0.139136
1 0.596678 0.077107 0.586962 0.075164 0.581375 0.065569 0.585262 0.055489 0.593642 0.052089 0.601414 0.058646 0.603236 0.066541
0 0.643527 0.139482 0.628080 0.139664 0.614258 0.142578 0.600586 0.125977 0.607544 0.111312 0.612814 0.093140 0.629883 0.092773 0.641602 0.092773 0.655341 0.091504 0.664973 0.104952 0.661883 0.123308
1 0.674208 0.087698 0.664502 0.085941 0.659649 0.077323 0.665590 0.068956 0.677054 0.068370 0.683663 0.073809 0.684500 0.083097
1 0.696717 0.096819 0.689103 0.096568 0.684668 0.086108 0.688182 0.077909 0.695713 0.070880 0.704080 0.072052 0.707762 0.076319 0.707009 0.085941
1 0.721408 0.109473 0.713516 0.107571 0.708285 0.099583 0.711043 0.092641 0.719222 0.089407 0.727305 0.092261 0.727780 0.099963
1 0.687063 0.151854 0.678603 0.148018 0.673781 0.136900 0.682931 0.127456 0.692179 0.128932 0.694146 0.142509 0.691982 0.147428
1 0.789860 0.192279 0.777759 0.190479 0.769657 0.182678 0.772858 0.168876 0.784260 0.159975 0.795361 0.159475 0.801662 0.168776 0.799262 0.179178
1 0.544939 0.251800 0.536545 0.253186 0.528069 0.248621 0.528640 0.235174 0.541436 0.231263 0.551459 0.232566 0.553741 0.241612 0.551867 0.247480
1 0.591626 0.300609 0.580034 0.300072 0.566081 0.290949 0.563076 0.277318 0.576277 0.270986 0.590123 0.271522 0.604505 0.279680 0.607081 0.294062
1 0.657407 0.300931 0.646823 0.301628 0.640892 0.293603 0.645776 0.278832 0.657407 0.270807 0.675760 0.268854 0.676676 0.279574 0.669805 0.290844 0.662291 0.296523
1 0.639478 0.321474 0.632271 0.322862 0.624468 0.320614 0.621029 0.308646 0.625922 0.302496 0.635378 0.295884 0.644635 0.295619 0.645495 0.307191 0.642718 0.317109
1 0.618933 0.347916 0.609526 0.346648 0.603122 0.342179 0.603389 0.333105 0.608926 0.328836 0.617465 0.326435 0.626005 0.332506 0.625004 0.341778
1 0.598949 0.374114 0.591420 0.374186 0.584536 0.370601 0.580305 0.360634 0.588408 0.348802 0.597013 0.347009 0.603538 0.351024 0.606693 0.359630 0.605259 0.367016
1 0.525141 0.420893 0.509844 0.419234 0.499708 0.403754 0.500998 0.389748 0.514268 0.382192 0.535645 0.391223 0.537119 0.403569 0.536750 0.411862
1 0.559648 0.466030 0.546331 0.464954 0.535838 0.453922 0.536376 0.441681 0.548079 0.433878 0.560591 0.434819 0.566375 0.447868 0.565837 0.454326
1 0.463271 0.339316 0.455914 0.340643 0.447834 0.334251 0.448316 0.322432 0.456759 0.316281 0.466647 0.315558 0.470266 0.326050
1 0.474849 0.357648 0.467975 0.356804 0.458206 0.348603 0.457844 0.339075 0.465201 0.330030 0.478226 0.327377 0.491251 0.337146 0.500778 0.344141 0.500778 0.354754 0.495230 0.356684
1 1.000000 0.317810 0.990470 0.318966 0.977107 0.312927 0.971068 0.294811 0.978649 0.282990 0.995352 0.277466 1.000000 0.277209
1 0.903878 0.410173 0.895950 0.409667 0.893504 0.401232 0.894179 0.389594 0.904131 0.385799 0.911637 0.388244 0.912649 0.397606
1 0.889203 0.397269 0.883890 0.397606 0.877058 0.394232 0.874021 0.387401 0.880179 0.381582 0.889203 0.383100 0.895781 0.388582
1 0.887263 0.430667 0.880010 0.431342 0.872166 0.428559 0.871407 0.417595 0.879841 0.412365 0.888950 0.411354 0.892070 0.420125 0.891817 0.424679
1 0.682021 0.448045 0.671528 0.448501 0.661493 0.445916 0.654042 0.433600 0.665750 0.425541 0.681260 0.423868 0.690383 0.428733 0.689775 0.436032
1 0.694646 0.484903 0.687458 0.482681 0.679877 0.476276 0.681054 0.463991 0.692424 0.465689 0.700397 0.472617 0.702488 0.480067
1 0.708879 0.511051 0.700485 0.508176 0.693412 0.499471 0.695899 0.492165 0.703671 0.493021 0.710355 0.501103 0.713774 0.506621
1 0.718749 0.506776 0.711521 0.504289 0.705848 0.497372 0.704837 0.489989 0.711132 0.488823 0.720458 0.495274 0.722868 0.500792
1 0.771216 0.603296 0.761369 0.607720 0.751809 0.604152 0.757089 0.585031 0.768504 0.573473 0.778493 0.570334 0.783915 0.578610 0.780348 0.589883
1 0.919086 0.601251 0.912628 0.601079 0.905998 0.594362 0.906084 0.586613 0.913833 0.580931 0.923907 0.585063 0.928901 0.594449
1 0.925548 0.675018 0.914805 0.676852 0.902141 0.674668 0.896288 0.657812 0.898996 0.643400 0.907206 0.635189 0.920395 0.634142 0.929129 0.638858 0.937339 0.649339 0.938736 0.659034 0.938125 0.664362
1 0.999913 0.755416 0.982139 0.752919 0.967890 0.738964 0.962748 0.718545 0.976116 0.710760 0.992568 0.715754 1.000000 0.726624
1 0.860288 0.718926 0.847773 0.719402 0.839550 0.711894 0.835617 0.701764 0.843364 0.691395 0.856116 0.689368 0.865413 0.695208 0.866485 0.704386
1 0.930562 0.811176 0.921432 0.808741 0.910842 0.801316 0.907068 0.791943 0.913154 0.781597 0.925084 0.776849 0.935674 0.785126 0.940178 0.794256 0.940056 0.801560
1 0.915346 0.784518 0.908650 0.785979 0.901834 0.782570 0.899156 0.771249 0.910964 0.764312 0.918632 0.768937 0.923258 0.775389
1 0.951652 0.825879 0.945036 0.824906 0.937837 0.818679 0.937059 0.805446 0.946594 0.801360 0.954183 0.805641 0.957978 0.813522 0.959339 0.818387
1 0.995422 0.947214 0.979770 0.941996 0.968100 0.932659 0.966451 0.913438 0.980868 0.897099 0.997894 0.896549 1.000000 0.903964 1.000000 0.947488
0 0.705294 1.000000 0.704690 0.982799 0.701172 0.966797 0.714844 0.953125 0.732422 0.958008 0.747962 0.946772 0.763257 0.943150 0.770905 0.963075 0.770508 0.972656 0.764648 0.982422 0.757812 1.000000
1 0.628991 0.874840 0.618784 0.874548 0.608504 0.867694 0.600119 0.850780 0.606535 0.842614 0.615795 0.841375 0.628043 0.848885 0.634167 0.853696 0.635553 0.862372
1 0.501676 0.952566 0.487600 0.946458 0.478171 0.932249 0.482819 0.916446 0.495567 0.914188 0.507651 0.924945 0.507651 0.942739
1 0.475648 0.925477 0.463298 0.920031 0.456525 0.904494 0.464228 0.892145 0.474453 0.890551 0.485607 0.899714 0.486803 0.911399
1 0.383983 0.996050 0.375303 0.996739 0.368138 0.987094 0.373649 0.976622 0.383294 0.974831 0.390873 0.987508
1 0.098562 0.920083 0.085053 0.920226 0.073677 0.910129 0.078085 0.894912 0.095435 0.884958 0.106953 0.888513 0.108375 0.903019
1 0.049006 0.869634 0.036309 0.868118 0.026170 0.859874 0.027022 0.844429 0.037920 0.837891 0.050807 0.840070 0.058103 0.853336 0.057724 0.862338
1 0.045689 0.895313 0.033845 0.895598 0.025507 0.887069 0.027780 0.875035 0.037824 0.869160 0.050332 0.870582 0.054976 0.878920 0.052133 0.887732
1 0.194108 0.802495 0.186246 0.798785 0.181741 0.790570 0.185451 0.782797 0.193932 0.782267 0.201175 0.787920 0.201705 0.796488
1 0.078306 0.629087 0.070563 0.629634 0.063914 0.621618 0.065189 0.607318 0.074024 0.600305 0.085592 0.604221 0.092241 0.613238 0.087960 0.622620
1 0.060180 0.627630 0.047063 0.626900 0.032764 0.623986 0.030122 0.613603 0.039959 0.607227 0.054441 0.608047 0.061819 0.611325 0.064552 0.618157 0.064552 0.624441
1 0.108669 0.652785 0.099987 0.653574 0.089924 0.649135 0.083609 0.636210 0.089727 0.625456 0.102750 0.623878 0.117055 0.632757 0.117450 0.641933
1 0.100283 0.683369 0.087655 0.677252 0.079367 0.668472 0.078677 0.659691 0.086569 0.652193 0.101072 0.654659 0.109261 0.661763 0.109359 0.670248
1 0.015938 0.657301 0.006189 0.656908 0.000000 0.654000 0.000000 0.647239 0.000000 0.637177 0.010435 0.632303 0.019475 0.636076 0.023405 0.643544 0.020654 0.650462
1 0.128737 0.573984 0.119105 0.572425 0.111124 0.566187 0.112226 0.556646 0.119472 0.547289 0.132132 0.548023 0.135158 0.560407 0.134149 0.568663
1 0.143598 0.595908 0.133141 0.593064 0.124334 0.585268 0.127086 0.573801 0.136442 0.571507 0.144699 0.572883 0.149836 0.581322 0.149285 0.588202
1 0.100299 0.548947 0.091713 0.549064 0.082656 0.541654 0.084538 0.529187 0.094653 0.523188 0.105356 0.525070 0.107827 0.539890
1 0.106298 0.525775 0.095712 0.526363 0.089478 0.521188 0.087949 0.506956 0.096300 0.498370 0.106650 0.504134 0.111473 0.514484 0.111943 0.520718
1 0.195000 0.622937 0.182930 0.621533 0.175070 0.611568 0.176895 0.598374 0.189667 0.593883 0.201036 0.594865 0.204825 0.607498 0.203843 0.613112
1 0.237852 0.685602 0.230588 0.682795 0.219198 0.675697 0.214493 0.662986 0.219776 0.650854 0.228194 0.646810 0.236613 0.654980 0.241896 0.661171 0.248003 0.668847 0.245032 0.678586
1 0.258905 0.723953 0.250644 0.720854 0.244729 0.715315 0.243979 0.705459 0.247922 0.697479 0.257027 0.695132 0.263505 0.701516 0.265195 0.710716 0.264350 0.715785
1 0.242163 0.606233 0.235964 0.607333 0.229266 0.605034 0.228966 0.595536 0.233864 0.588537 0.244162 0.586938 0.250961 0.595336 0.251061 0.601835
1 0.354295 0.580257 0.345005 0.578864 0.336296 0.570154 0.336063 0.560284 0.348141 0.550762 0.359985 0.558658 0.364166 0.571315
1 0.368281 0.626756 0.359723 0.625805 0.350021 0.619338 0.345647 0.608306 0.348500 0.599176 0.359342 0.593470 0.371800 0.597274 0.376936 0.608496 0.377221 0.617436
1 0.391959 0.594633 0.385553 0.591472 0.377149 0.582403 0.378980 0.570507 0.386884 0.572254 0.393955 0.580823 0.396617 0.587229
1 0.420112 0.610725 0.412494 0.609333 0.403776 0.604498 0.401726 0.595487 0.409271 0.589554 0.415497 0.588528 0.421357 0.583986 0.426705 0.588309 0.427658 0.602667 0.427511 0.604132
1 0.461201 0.743116 0.452995 0.742872 0.446171 0.738241 0.444546 0.728898 0.452752 0.723861 0.459251 0.723617 0.463069 0.729792 0.464288 0.734748
1 0.544133 0.744443 0.532479 0.746981 0.522787 0.741328 0.520019 0.729559 0.529825 0.716290 0.539979 0.714560 0.551632 0.721598 0.552786 0.734059
1 0.530172 0.719752 0.519095 0.720329 0.509058 0.711444 0.507673 0.696330 0.519557 0.689868 0.534325 0.697022 0.540786 0.708099
1 0.563063 0.774731 0.552697 0.775138 0.539587 0.769752 0.533998 0.753187 0.546193 0.740483 0.560624 0.741499 0.572718 0.748918 0.576376 0.759487 0.577291 0.768126
1 0.583998 0.802374 0.574648 0.801256 0.567840 0.791805 0.574750 0.782861 0.583998 0.780626 0.592027 0.785098 0.593958 0.790891
1 0.545278 0.805931 0.538978 0.805220 0.530237 0.803594 0.525563 0.794752 0.527900 0.785199 0.538876 0.782150 0.548226 0.789569 0.549750 0.797699
1 0.592535 0.783675 0.583693 0.781540 0.576580 0.771479 0.580035 0.756540 0.588673 0.743431 0.601986 0.748105 0.610218 0.755422 0.610930 0.765382 0.605137 0.776256
1 0.644672 0.711092 0.634989 0.709428 0.630828 0.699290 0.635821 0.687867 0.646185 0.688019 0.653825 0.693390 0.653372 0.704283
1 0.624776 0.726600 0.618346 0.725465 0.613807 0.718884 0.617211 0.711470 0.622810 0.707233 0.628861 0.712604 0.630299 0.718052 0.630525 0.721985
1 0.631401 0.808607 0.625455 0.809375 0.615290 0.800840 0.619605 0.790675 0.633031 0.788277 0.639744 0.794415 0.640895 0.802566
1 0.736578 0.803490 0.731528 0.802479 0.726928 0.791818 0.731528 0.778240 0.740618 0.779812 0.745107 0.788901 0.745780 0.797542
1 0.723221 0.801816 0.717368 0.801877 0.712247 0.796024 0.714929 0.787733 0.721818 0.785539 0.726573 0.790781 0.727062 0.796939 0.726939 0.799378
1 0.760641 0.769831 0.755645 0.769013 0.748437 0.763853 0.749256 0.754105 0.754170 0.748781 0.762524 0.749847 0.766947 0.756809 0.766047 0.764508
1 0.859303 0.663633 0.852228 0.663296 0.844815 0.655547 0.849700 0.644430 0.862335 0.641397 0.868230 0.648304 0.869072 0.655210
0 0.280273 0.062500 0.287109 0.071289 0.291992 0.073242 0.294922 0.078125 0.294922 0.084961 0.296875 0.089844 0.302734 0.089844 0.307617 0.093750 0.316406 0.098633 0.333984 0.117188 0.321289 0.132812 0.314453 0.130859 0.308594 0.123047 0.304688 0.116211 0.295898 0.113281 0.292969 0.117188 0.295898 0.122070 0.299805 0.125000 0.303711 0.128906 0.304688 0.133789 0.299805 0.136719 0.278320 0.119141 0.267578 0.107422 0.251953 0.088867 0.250000 0.074219 0.261719 0.076172 0.262695 0.067383 0.268555 0.061523
1 0.330078 0.000977 0.325195 0.013672 0.334961 0.023438 0.345703 0.020508 0.352539 0.011719 0.347656 0.000977
1 0.378906 0.031250 0.382812 0.037109 0.382812 0.042969 0.375000 0.046875 0.370117 0.043945 0.369141 0.033203
1 0.404297 0.053711 0.408203 0.063477 0.403320 0.069336 0.396484 0.065430 0.392578 0.058594 0.395508 0.053711 0.395508 0.053711
1 0.413086 0.053711 0.419922 0.059570 0.419922 0.066406 0.416992 0.069336 0.411133 0.067383 0.406250 0.062500 0.406250 0.056641
1 0.425781 0.064453 0.427734 0.073242 0.424805 0.077148 0.418945 0.076172 0.418945 0.076172 0.413086 0.070312 0.413086 0.070312 0.416992 0.065430
1 0.432617 0.070312 0.433594 0.079102 0.433594 0.080078 0.430664 0.084961 0.424805 0.084961 0.419922 0.078125 0.420898 0.073242
1 0.524414 0.004883 0.531250 0.010742 0.531250 0.020508 0.526367 0.027344 0.513672 0.031250 0.514648 0.022461 0.504883 0.019531 0.513672 0.012695 0.518555 0.002930
1 0.536133 0.055664 0.541992 0.062500 0.540039 0.071289 0.532227 0.077148 0.532227 0.077148 0.527344 0.072266 0.527344 0.063477 0.524414 0.057617
1 0.603516 0.090820 0.602539 0.098633 0.592773 0.102539 0.592773 0.103516 0.588867 0.095703 0.591797 0.089844
0 0.549805 0.002930 0.556641 0.003906 0.560547 0.007812 0.564453 0.011719 0.572266 0.018555 0.580078 0.018555 0.597656 0.000000 0.622070 0.000000 0.615234 0.012695 0.603516 0.024414 0.588867 0.036133 0.588867 0.036133 0.590820 0.041992 0.588867 0.055664 0.581055 0.061523 0.574219 0.060547 0.569336 0.058594 0.564453 0.055664 0.557617 0.048828 0.553711 0.038086 0.550781 0.033203 0.546875 0.030273 0.541992 0.027344 0.541016 0.022461 0.541016 0.015625
1 0.679688 0.214844 0.682617 0.231445 0.671875 0.235352 0.662109 0.232422 0.661133 0.216797 0.671875 0.211914
0 0.503906 0.209961 0.503906 0.201172 0.501953 0.196289 0.506836 0.195312 0.514648 0.194336 0.518555 0.185547 0.524414 0.183594 0.527344 0.192383 0.532227 0.192383 0.539062 0.187500 0.545898 0.192383 0.547852 0.198242 0.539062 0.205078 0.534180 0.209961 0.531250 0.215820 0.527344 0.219727 0.532227 0.225586 0.529297 0.232422 0.522461 0.229492 0.512695 0.230469 0.503906 0.233398 0.494141 0.235352 0.480469 0.232422 0.484375 0.226562 0.490234 0.225586 0.487305 0.221680 0.493164 0.217773 0.500977 0.217773
1 0.383789 0.242188 0.383789 0.253906 0.376953 0.258789 0.373047 0.254883 0.373047 0.254883 0.372070 0.245117 0.377930 0.243164
1 0.339844 0.267578 0.342773 0.274414 0.338867 0.284180 0.324219 0.284180 0.323242 0.275391 0.331055 0.269531
1 0.232422 0.286133 0.235352 0.296875 0.235352 0.296875 0.227539 0.301758 0.222656 0.296875 0.223633 0.288086
1 0.228516 0.302734 0.234375 0.310547 0.234375 0.310547 0.232422 0.314453 0.226562 0.316406 0.218750 0.312500 0.216797 0.305664 0.221680 0.301758
1 0.225586 0.317383 0.230469 0.323242 0.225586 0.332031 0.217773 0.329102 0.216797 0.320312
1 0.262695 0.295898 0.263672 0.304688 0.266602 0.311523 0.260742 0.318359 0.250977 0.318359 0.249023 0.306641 0.253906 0.297852
1 0.321289 0.336914 0.333984 0.341797 0.328125 0.351562 0.319336 0.353516 0.311523 0.351562 0.311523 0.339844
1 0.263672 0.335938 0.272461 0.338867 0.272461 0.352539 0.261719 0.353516 0.251953 0.348633 0.254883 0.337891
1 0.223633 0.376953 0.232422 0.384766 0.232422 0.394531 0.224609 0.393555 0.224609 0.394531 0.214844 0.385742 0.210938 0.379883 0.210938 0.379883 0.213867 0.375977
0 0.155273 0.508789 0.162109 0.511719 0.159180 0.518555 0.155273 0.520508 0.154297 0.524414 0.149414 0.529297 0.149414 0.529297 0.148438 0.538086 0.140625 0.542969 0.132812 0.537109 0.132812 0.537109 0.135742 0.530273 0.145508 0.516602
1 0.258789 0.441406 0.266602 0.452148 0.263672 0.460938 0.255859 0.459961 0.255859 0.459961 0.249023 0.465820 0.237305 0.456055 0.247070 0.445312 0.248047 0.434570 0.254883 0.434570
0 0.263672 0.399414 0.276367 0.410156 0.283203 0.416992 0.289062 0.424805 0.289062 0.425781 0.280273 0.434570 0.271484 0.436523 0.268555 0.426758 0.256836 0.415039 0.259766 0.408203 0.256836 0.402344
0 0.362305 0.342773 0.371094 0.344727 0.367188 0.359375 0.364258 0.368164 0.351562 0.380859 0.364258 0.396484 0.372070 0.404297 0.371094 0.425781 0.379883 0.432617 0.382812 0.447266 0.368164 0.457031 0.362305 0.470703 0.345703 0.468750 0.342773 0.454102 0.323242 0.442383 0.325195 0.427734 0.313477 0.416016 0.316406 0.398438 0.310547 0.378906 0.327148 0.367188 0.333984 0.354492 0.346680 0.349609
1 0.136719 0.689453 0.141602 0.696289 0.138672 0.703125 0.130859 0.703125 0.130859 0.703125 0.125000 0.699219 0.126953 0.690430
1 0.128906 0.646484 0.137695 0.658203 0.137695 0.665039 0.125000 0.662109 0.119141 0.657227 0.119141 0.648438
1 0.171875 0.690430 0.178711 0.700195 0.172852 0.704102 0.164062 0.701172 0.164062 0.694336
0 0.178711 0.690430 0.189453 0.689453 0.198242 0.696289 0.201172 0.702148 0.208008 0.709961 0.216797 0.723633 0.216797 0.730469 0.216797 0.737305 0.214844 0.752930 0.209961 0.754883 0.198242 0.753906 0.199219 0.740234 0.191406 0.728516 0.183594 0.716797 0.180664 0.706055 0.173828 0.699219
1 0.211914 0.758789 0.216797 0.765625 0.208984 0.770508 0.204102 0.772461 0.201172 0.764648
1 0.055664 0.809570 0.055664 0.821289 0.045898 0.826172 0.046875 0.826172 0.041016 0.815430 0.047852 0.810547
1 0.016602 0.824219 0.012695 0.835938 0.003906 0.837891 0.000000 0.830078 0.004883 0.818359
1 0.052734 0.893555 0.061523 0.900391 0.067383 0.906250 0.060547 0.920898 0.046875 0.922852 0.041016 0.915039 0.037109 0.905273 0.037109 0.893555 0.042969 0.893555
1 0.079102 0.915039 0.085938 0.923828 0.083984 0.929688 0.075195 0.930664 0.062500 0.926758 0.061523 0.919922 0.072266 0.916992
1 0.084961 0.931641 0.086914 0.940430 0.079102 0.945312 0.070312 0.939453 0.072266 0.931641 0.072266 0.931641 0.080078 0.931641
1 0.059570 0.924805 0.070312 0.934570 0.065430 0.939453 0.049805 0.939453 0.047852 0.932617 0.051758 0.927734
0 0.045898 0.941406 0.044922 0.959961 0.033203 0.959961 0.028320 0.962891 0.038086 0.964844 0.038086 0.964844 0.037109 0.974609 0.027344 0.976562 0.026367 0.968750 0.016602 0.967773 0.000977 0.962891 0.001953 0.952148 0.011719 0.948242 0.017578 0.952148 0.019531 0.946289 0.030273 0.947266 0.038086 0.941406
0 0.082031 0.944336 0.088867 0.949219 0.088867 0.962891 0.092773 0.973633 0.105469 0.970703 0.119141 0.968750 0.131836 0.966797 0.145508 0.959961 0.161133 0.958008 0.166992 0.961914 0.163086 0.975586 0.153320 0.979492 0.147461 0.982422 0.117188 0.986328 0.125977 1.000000 0.080078 1.000000 0.083008 0.995117 0.083008 0.988281 0.082031 0.980469 0.074219 0.973633 0.071289 0.964844 0.074219 0.955078 0.075195 0.946289
1 0.203125 0.943359 0.206055 0.949219 0.199219 0.953125 0.194336 0.948242 0.197266 0.944336
1 0.206055 0.941406 0.219727 0.938477 0.221680 0.947266 0.222656 0.947266 0.215820 0.952148 0.208008 0.950195
1 0.219727 0.937500 0.236328 0.931641 0.237305 0.938477 0.237305 0.939453 0.231445 0.944336 0.224609 0.944336
1 0.246094 0.926758 0.238281 0.929688 0.237305 0.941406 0.243164 0.943359 0.243164 0.943359 0.252930 0.936523 0.250000 0.931641
1 0.263672 0.921875 0.264648 0.927734 0.270508 0.928711 0.273438 0.938477 0.269531 0.944336 0.254883 0.951172 0.246094 0.946289 0.251953 0.937500 0.252930 0.927734
1 0.266602 0.947266 0.273438 0.956055 0.270508 0.962891 0.259766 0.963867 0.254883 0.958984 0.258789 0.949219
1 0.270508 0.961914 0.273438 0.970703 0.269531 0.978516 0.259766 0.979492 0.253906 0.970703 0.258789 0.962891
1 0.282227 0.958984 0.287109 0.959961 0.287109 0.959961 0.287109 0.966797 0.282227 0.968750 0.277344 0.966797 0.277344 0.967773 0.274414 0.960938
1 0.268555 0.985352 0.272461 0.993164 0.265625 0.997070 0.257812 0.992188 0.260742 0.987305
1 0.266602 0.853516 0.271484 0.862305 0.263672 0.868164 0.256836 0.864258 0.256836 0.856445
1 0.245117 0.875000 0.250000 0.873047 0.252930 0.877930 0.250000 0.883789 0.244141 0.881836
1 0.061523 0.788086 0.062500 0.795898 0.056641 0.798828 0.051758 0.793945 0.054688 0.788086
1 0.350586 0.958008 0.366211 0.951172 0.376953 0.953125 0.374023 0.960938 0.374023 0.960938 0.381836 0.958984 0.379883 0.964844 0.380859 0.970703 0.380859 0.970703 0.375977 0.971680 0.378906 0.977539 0.376953 0.983398 0.368164 0.981445 0.368164 0.990234 0.353516 0.991211 0.345703 0.987305 0.342773 0.982422 0.348633 0.975586 0.339844 0.974609 0.346680 0.971680 0.341797 0.960938
1 0.422852 0.934570 0.416016 0.933594 0.414062 0.923828 0.423828 0.916016 0.433594 0.918945 0.441406 0.922852 0.438477 0.930664 0.434570 0.931641 0.429688 0.929688
1 0.511719 0.959961 0.522461 0.961914 0.528320 0.968750 0.526367 0.981445 0.516602 0.986328 0.510742 0.982422 0.500000 0.977539 0.500000 0.967773
1 0.347656 0.867188 0.350586 0.875977 0.345703 0.881836 0.338867 0.878906 0.336914 0.869141
1 0.382812 0.908203 0.384766 0.917969 0.375977 0.920898 0.372070 0.914062 0.374023 0.908203
1 0.631836 0.885742 0.640625 0.893555 0.637695 0.900391 0.630859 0.901367 0.623047 0.896484 0.621094 0.889648
1 0.622070 0.873047 0.623047 0.882812 0.610352 0.890625 0.603516 0.881836 0.603516 0.882812 0.610352 0.872070
1 0.678711 0.961914 0.688477 0.968750 0.677734 0.974609 0.669922 0.970703 0.671875 0.964844
0 0.669922 0.905273 0.679688 0.911133 0.685547 0.921875 0.690430 0.924805 0.693359 0.936523 0.683594 0.940430 0.675781 0.930664 0.669922 0.920898 0.669922 0.921875 0.662109 0.910156
1 0.781250 0.906250 0.780273 0.916016 0.783203 0.921875 0.770508 0.921875 0.770508 0.922852 0.765625 0.910156 0.770508 0.903320
1 0.774414 0.870117 0.776367 0.881836 0.772461 0.886719 0.767578 0.880859 0.766602 0.869141
0 0.585938 0.855469 0.590820 0.858398 0.592773 0.864258 0.591797 0.871094 0.589844 0.880859 0.584961 0.880859 0.579102 0.878906 0.573242 0.879883 0.570312 0.875000 0.568359 0.870117 0.571289 0.866211 0.573242 0.860352 0.579102 0.853516
0 0.666016 0.821289 0.678711 0.817383 0.688477 0.817383 0.692383 0.820312 0.693359 0.825195 0.695312 0.830078 0.700195 0.828125 0.703125 0.833008 0.702148 0.837891 0.699219 0.841797 0.694336 0.843750 0.690430 0.846680 0.684570 0.847656 0.679688 0.849609 0.674805 0.849609 0.674805 0.844727 0.670898 0.840820 0.667969 0.845703 0.664062 0.848633 0.659180 0.848633 0.649414 0.846680 0.650391 0.841797 0.648438 0.832031 0.652344 0.828125 0.657227 0.826172 0.661133 0.823242
1 0.483398 0.693359 0.484375 0.703125 0.484375 0.703125 0.472656 0.706055 0.473633 0.706055 0.468750 0.699219 0.472656 0.692383
1 0.421875 0.661133 0.421875 0.668945 0.416992 0.670898 0.413086 0.666992 0.415039 0.661133
1 0.410156 0.655273 0.411133 0.660156 0.401367 0.661133 0.399414 0.656250 0.403320 0.652344
1 0.258789 0.618164 0.267578 0.625977 0.257812 0.638672 0.251953 0.632812 0.250977 0.622070
1 0.374023 0.514648 0.377930 0.523438 0.372070 0.527344 0.365234 0.523438 0.366211 0.514648
1 0.396484 0.523438 0.406250 0.529297 0.406250 0.529297 0.403320 0.534180 0.397461 0.536133 0.393555 0.534180 0.390625 0.528320
1 0.379883 0.534180 0.379883 0.543945 0.375977 0.549805 0.369141 0.544922 0.370117 0.536133
1 0.380859 0.549805 0.383789 0.565430 0.379883 0.566406 0.374023 0.560547 0.375000 0.560547 0.375000 0.550781
1 0.393555 0.510742 0.396484 0.519531 0.396484 0.519531 0.389648 0.523438 0.389648 0.523438 0.379883 0.518555 0.380859 0.513672
1 0.413086 0.520508 0.416992 0.526367 0.412109 0.533203 0.407227 0.532227 0.407227 0.532227 0.402344 0.523438
1 0.471680 0.507812 0.480469 0.513672 0.480469 0.522461 0.473633 0.523438 0.468750 0.516602 0.466797 0.509766
1 0.440430 0.503906 0.447266 0.509766 0.447266 0.518555 0.442383 0.521484 0.438477 0.514648 0.437500 0.507812
1 0.447266 0.305664 0.452148 0.309570 0.452148 0.318359 0.445312 0.318359 0.439453 0.314453 0.439453 0.306641
1 0.780273 0.005859 0.786133 0.014648 0.783203 0.023438 0.774414 0.024414 0.766602 0.017578 0.771484 0.008789
1 0.746094 0.015625 0.755859 0.025391 0.752930 0.032227 0.746094 0.035156 0.737305 0.026367 0.738281 0.018555
1 0.814453 0.048828 0.824219 0.052734 0.826172 0.063477 0.820312 0.066406 0.812500 0.063477 0.806641 0.054688 0.806641 0.054688
1 0.942383 0.022461 0.945312 0.031250 0.940430 0.037109 0.930664 0.032227 0.933594 0.024414
1 0.863281 0.092773 0.872070 0.092773 0.872070 0.103516 0.861328 0.102539
1 0.909180 0.154297 0.916992 0.162109 0.916992 0.169922 0.916992 0.169922 0.909180 0.172852 0.902344 0.166992 0.903320 0.158203
1 0.921875 0.169922 0.926758 0.174805 0.926758 0.174805 0.924805 0.179688 0.917969 0.179688 0.914062 0.173828
1 0.965820 0.290039 0.973633 0.302734 0.970703 0.313477 0.956055 0.312500 0.951172 0.298828 0.954102 0.289062
1 0.938477 0.307617 0.935547 0.319336 0.920898 0.326172 0.911133 0.317383 0.913086 0.307617 0.914062 0.307617 0.930664 0.302734
1 0.723633 0.345703 0.731445 0.350586 0.730469 0.360352 0.719727 0.362305 0.719727 0.362305 0.714844 0.352539
1 0.729492 0.507812 0.726562 0.515625 0.718750 0.514648 0.718750 0.507812
1 0.747070 0.521484 0.753906 0.531250 0.752930 0.540039 0.745117 0.541992 0.735352 0.539062 0.736328 0.526367
1 0.677734 0.492188 0.676758 0.500977 0.668945 0.500977 0.666992 0.492188 0.672852 0.492188
1 0.672852 0.507812 0.671875 0.513672 0.666016 0.515625 0.662109 0.507812 0.667969 0.504883
1 0.978516 0.443359 0.982422 0.448242 0.975586 0.452148 0.970703 0.445312
1 0.986328 0.450195 0.991211 0.457031 0.991211 0.461914 0.985352 0.463867 0.976562 0.459961 0.980469 0.451172
1 0.972656 0.657227 0.988281 0.660156 0.988281 0.673828 0.977539 0.681641 0.965820 0.682617 0.966797 0.682617 0.960938 0.666992
1 0.871094 0.795898 0.876953 0.801758 0.873047 0.808594 0.866211 0.808594 0.865234 0.799805
1 0.896484 0.972656 0.897461 0.978516 0.893555 0.982422 0.888672 0.982422 0.885742 0.975586 0.886719 0.975586