0 0.825195 0.729492 0.819336 0.695312 0.814453 0.669922 0.814453 0.645508 0.775391 0.617188 0.743164 0.616211 0.725586 0.620117 0.713867 0.614258 0.689453 0.591797 0.666016 0.591797 0.657227 0.610352 0.644531 0.613281 0.613281 0.618164 0.594727 0.616211 0.575195 0.607422 0.558594 0.597656 0.542969 0.605469 0.533203 0.595703 0.509766 0.605469 0.509766 0.605469 0.491211 0.614258 0.481445 0.628906 0.453125 0.633789 0.429688 0.635742 0.428711 0.653320 0.396484 0.655273 0.386719 0.639648 0.368164 0.647461 0.365234 0.636719 0.335938 0.631836 0.314453 0.631836 0.308594 0.645508 0.284180 0.657227 0.271484 0.643555 0.267578 0.625000 0.259766 0.625000 0.249023 0.606445 0.237305 0.613281 0.223633 0.604492 0.203125 0.598633 0.182617 0.583008 0.166992 0.583008 0.159180 0.567383 0.147461 0.579102 0.127930 0.577148 0.121094 0.589844 0.107422 0.596680 0.091797 0.576172 0.082031 0.596680 0.067383 0.602539 0.055664 0.584961 0.043945 0.577148 0.028320 0.585938 0.015625 0.591797 0.011719 0.570312 0.000977 0.567383 0.000000 1.000000 0.881836 1.000000 0.863281 0.984375 0.870117 0.964844 0.866211 0.945312 0.849609 0.923828 0.857422 0.898438 0.845703 0.884766 0.841797 0.841797 0.825195 0.832031 0.815430 0.832031 0.817383 0.806641 0.808594 0.790039 0.833008 0.788086 0.841797 0.781250 0.850586 0.762695 0.841797 0.751953 0.824219 0.757812 0.819336 0.745117
1 0.000000 0.010742 0.007812 0.002930 0.017578 0.006836 0.029297 0.027344 0.053711 0.022461 0.043945 0.041992 0.040039 0.054688 0.051758 0.074219 0.042969 0.077148 0.064453 0.095703 0.074219 0.115234 0.057617 0.118164 0.048828 0.125977 0.038086 0.131836 0.027344 0.122070 0.016602 0.133789 0.002930 0.119141 0.000000 0.094727
1 0.000000 0.135742 0.015625 0.132812 0.015625 0.132812 0.020508 0.139648 0.020508 0.139648 0.016602 0.148438 0.038086 0.145508 0.035156 0.159180 0.040039 0.175781 0.041992 0.202148 0.025391 0.208984 0.002930 0.211914
1 0.021484 0.218750 0.049805 0.201172 0.049805 0.201172 0.050781 0.224609 0.066406 0.209961 0.084961 0.212891 0.080078 0.218750 0.069336 0.239258 0.096680 0.241211 0.099609 0.257812 0.079102 0.262695 0.104492 0.278320 0.095703 0.291992 0.090820 0.306641 0.083008 0.307617 0.077148 0.315430 0.065430 0.307617 0.063477 0.317383 0.046875 0.307617 0.034180 0.304688 0.025391 0.296875 0.013672 0.288086 0.000000 0.291992 0.000000 0.208008
1 0.000000 0.295898 0.009766 0.287109 0.024414 0.298828 0.024414 0.307617 0.025391 0.320312 0.052734 0.312500 0.052734 0.312500 0.055664 0.333008 0.036133 0.345703 0.062500 0.354492 0.048828 0.365234 0.052734 0.373047 0.062500 0.379883 0.067383 0.401367 0.039062 0.399414 0.036133 0.410156 0.022461 0.403320 0.000000 0.406250
1 0.083008 0.415039 0.083984 0.438477 0.095703 0.427734 0.112305 0.429688 0.095703 0.447266 0.128906 0.434570 0.130859 0.442383 0.099609 0.456055 0.125000 0.466797 0.092773 0.468750 0.078125 0.475586 0.084961 0.494141 0.070312 0.482422 0.066406 0.508789 0.056641 0.486328 0.050781 0.498047 0.033203 0.485352 0.043945 0.469727 0.012695 0.461914 0.035156 0.453125 0.026367 0.448242 0.026367 0.438477 0.041016 0.440430 0.032227 0.427734 0.035156 0.418945 0.047852 0.427734 0.051758 0.416992 0.064453 0.416016 0.074219 0.410156
1 0.089844 0.023438 0.090820 0.000977 0.101562 0.005859 0.109375 0.021484 0.130859 0.011719 0.151367 0.004883 0.151367 0.004883 0.147461 0.031250 0.169922 0.024414 0.169922 0.040039 0.183594 0.039062 0.166992 0.054688 0.171875 0.060547 0.169922 0.071289 0.175781 0.071289 0.182617 0.076172 0.176758 0.085938 0.178711 0.102539 0.159180 0.103516 0.154297 0.125000 0.136719 0.114258 0.134766 0.127930 0.123047 0.117188 0.112305 0.131836 0.090820 0.129883 0.090820 0.112305 0.082031 0.122070 0.075195 0.100586 0.059570 0.101562 0.053711 0.080078 0.042969 0.061523 0.068359 0.055664 0.043945 0.041016 0.062500 0.034180 0.053711 0.017578
1 0.089844 0.132812 0.104492 0.127930 0.101562 0.143555 0.117188 0.136719 0.128906 0.135742 0.123047 0.152344 0.131836 0.158203 0.139648 0.164062 0.139648 0.164062 0.134766 0.174805 0.126953 0.181641 0.127930 0.194336 0.112305 0.202148 0.105469 0.220703 0.094727 0.208008 0.080078 0.219727 0.080078 0.219727 0.077148 0.201172 0.056641 0.206055 0.063477 0.190430 0.047852 0.166016 0.054688 0.155273 0.061523 0.133789
1 0.260742 0.052734 0.268555 0.050781 0.269531 0.062500 0.279297 0.063477 0.267578 0.077148 0.281250 0.091797 0.272461 0.096680 0.278320 0.102539 0.267578 0.104492 0.267578 0.104492 0.255859 0.125000 0.247070 0.105469 0.237305 0.125977 0.228516 0.103516 0.207031 0.111328 0.209961 0.094727 0.200195 0.082031 0.213867 0.075195 0.209961 0.062500 0.230469 0.043945 0.242188 0.046875 0.252930 0.045898
1 0.192383 0.114258 0.210938 0.110352 0.210938 0.110352 0.212891 0.130859 0.235352 0.125000 0.234375 0.139648 0.226562 0.161133 0.238281 0.167969 0.241211 0.173828 0.229492 0.176758 0.241211 0.190430 0.242188 0.206055 0.207031 0.187500 0.216797 0.222656 0.196289 0.226562 0.196289 0.226562 0.183594 0.201172 0.164062 0.226562 0.149414 0.219727 0.160156 0.192383 0.158203 0.179688 0.137695 0.196289 0.122070 0.185547 0.138672 0.168945 0.120117 0.151367 0.120117 0.139648 0.140625 0.144531 0.130859 0.123047 0.143555 0.116211 0.154297 0.120117 0.155273 0.108398 0.167969 0.106445 0.167969 0.106445 0.177734 0.122070
1 0.282227 0.117188 0.305664 0.105469 0.305664 0.114258 0.315430 0.111328 0.328125 0.113281 0.323242 0.123047 0.340820 0.123047 0.336914 0.133789 0.346680 0.143555 0.338867 0.154297 0.338867 0.169922 0.344727 0.180664 0.338867 0.182617 0.347656 0.194336 0.328125 0.185547 0.342773 0.204102 0.319336 0.195312 0.329102 0.208984 0.315430 0.202148 0.314453 0.212891 0.321289 0.224609 0.300781 0.220703 0.295898 0.209961 0.283203 0.206055 0.259766 0.217773 0.263672 0.198242 0.245117 0.206055 0.254883 0.188477 0.242188 0.189453 0.230469 0.182617 0.243164 0.173828 0.243164 0.163086 0.224609 0.158203 0.241211 0.143555 0.241211 0.133789 0.250977 0.135742 0.253906 0.109375 0.265625 0.117188 0.274414 0.107422 0.274414 0.107422
1 0.330078 0.021484 0.339844 0.011719 0.342773 0.030273 0.341797 0.045898 0.355469 0.057617 0.341797 0.066406 0.338867 0.088867 0.346680 0.091797 0.340820 0.099609 0.338867 0.122070 0.329102 0.123047 0.321289 0.100586 0.309570 0.113281 0.295898 0.110352 0.293945 0.093750 0.271484 0.083008 0.271484 0.072266 0.282227 0.069336 0.267578 0.056641 0.276367 0.043945 0.276367 0.043945 0.286133 0.047852 0.297852 0.027344 0.302734 0.033203 0.312500 0.013672
1 0.136719 0.207031 0.143555 0.218750 0.162109 0.215820 0.165039 0.232422 0.182617 0.224609 0.185547 0.231445 0.185547 0.231445 0.208008 0.227539 0.182617 0.255859 0.209961 0.260742 0.194336 0.266602 0.202148 0.276367 0.194336 0.280273 0.201172 0.297852 0.201172 0.297852 0.190430 0.296875 0.194336 0.302734 0.183594 0.300781 0.185547 0.313477 0.169922 0.314453 0.158203 0.312500 0.138672 0.308594 0.127930 0.300781 0.120117 0.303711 0.113281 0.286133 0.097656 0.286133 0.091797 0.272461 0.102539 0.272461 0.101562 0.261719 0.090820 0.257812 0.091797 0.237305 0.102539 0.242188 0.100586 0.213867 0.108398 0.204102 0.119141 0.218750
1 0.099609 0.314453 0.128906 0.303711 0.131836 0.318359 0.131836 0.318359 0.130859 0.335938 0.144531 0.323242 0.164062 0.330078 0.164062 0.330078 0.144531 0.351562 0.175781 0.371094 0.158203 0.371094 0.172852 0.382812 0.160156 0.381836 0.163086 0.402344 0.131836 0.387695 0.131836 0.387695 0.139648 0.409180 0.123047 0.409180 0.107422 0.415039 0.105469 0.385742 0.090820 0.411133 0.090820 0.411133 0.078125 0.395508 0.059570 0.387695 0.068359 0.375000 0.045898 0.374023 0.042969 0.346680 0.054688 0.339844 0.052734 0.316406 0.076172 0.319336 0.085938 0.299805
1 0.216797 0.329102 0.221680 0.318359 0.235352 0.312500 0.240234 0.320312 0.240234 0.320312 0.251953 0.316406 0.263672 0.321289 0.263672 0.336914 0.272461 0.351562 0.268555 0.362305 0.268555 0.362305 0.261719 0.366211 0.277344 0.376953 0.264648 0.380859 0.266602 0.395508 0.238281 0.385742 0.233398 0.399414 0.206055 0.393555 0.198242 0.384766 0.192383 0.391602 0.189453 0.375977 0.173828 0.373047 0.183594 0.362305 0.168945 0.352539 0.184570 0.344727 0.174805 0.326172 0.189453 0.327148 0.198242 0.312500 0.213867 0.311523
1 0.267578 0.230469 0.293945 0.205078 0.295898 0.218750 0.307617 0.219727 0.292969 0.247070 0.304688 0.249023 0.303711 0.259766 0.286133 0.264648 0.306641 0.289062 0.310547 0.301758 0.301758 0.297852 0.304688 0.312500 0.279297 0.291992 0.282227 0.323242 0.275391 0.333984 0.259766 0.294922 0.243164 0.315430 0.230469 0.303711 0.218750 0.289062 0.228516 0.277344 0.202148 0.275391 0.223633 0.260742 0.200195 0.247070 0.214844 0.243164 0.215820 0.222656 0.232422 0.233398 0.230469 0.207031 0.242188 0.207031 0.248047 0.202148 0.259766 0.208984
1 0.347656 0.209961 0.355469 0.202148 0.370117 0.200195 0.372070 0.212891 0.365234 0.216797 0.366211 0.225586 0.374023 0.215820 0.401367 0.208984 0.383789 0.232422 0.401367 0.231445 0.415039 0.235352 0.419922 0.250977 0.416016 0.263672 0.395508 0.261719 0.384766 0.271484 0.407227 0.276367 0.412109 0.295898 0.402344 0.291992 0.395508 0.307617 0.383789 0.301758 0.384766 0.321289 0.372070 0.305664 0.357422 0.324219 0.357422 0.324219 0.346680 0.304688 0.346680 0.304688 0.333008 0.318359 0.324219 0.308594 0.327148 0.294922 0.310547 0.294922 0.297852 0.283203 0.309570 0.279297 0.301758 0.273438 0.292969 0.256836 0.294922 0.228516 0.321289 0.227539 0.316406 0.203125 0.325195 0.205078 0.333008 0.212891
1 0.327148 0.328125 0.348633 0.316406 0.352539 0.331055 0.352539 0.331055 0.349609 0.346680 0.367188 0.344727 0.377930 0.352539 0.377930 0.352539 0.360352 0.365234 0.373047 0.375000 0.381836 0.393555 0.360352 0.391602 0.361328 0.407227 0.340820 0.414062 0.313477 0.416016 0.299805 0.396484 0.291016 0.398438 0.282227 0.387695 0.271484 0.375977 0.277344 0.361328 0.259766 0.363281 0.259766 0.352539 0.280273 0.344727 0.268555 0.331055 0.285156 0.318359 0.307617 0.334961 0.304688 0.312500 0.309570 0.309570 0.319336 0.306641 0.322266 0.324219
1 0.177734 0.449219 0.177734 0.439453 0.193359 0.432617 0.189453 0.443359 0.189453 0.455078 0.211914 0.458984 0.201172 0.464844 0.220703 0.479492 0.203125 0.477539 0.214844 0.500977 0.199219 0.494141 0.198242 0.500000 0.180664 0.489258 0.180664 0.512695 0.168945 0.494141 0.161133 0.477539 0.142578 0.466797 0.166016 0.455078 0.164062 0.440430
1 0.285156 0.419922 0.292969 0.439453 0.305664 0.452148 0.319336 0.447266 0.311523 0.462891 0.327148 0.474609 0.311523 0.473633 0.311523 0.473633 0.309570 0.494141 0.297852 0.467773 0.292969 0.487305 0.280273 0.469727 0.250000 0.472656 0.277344 0.456055 0.252930 0.438477 0.266602 0.439453 0.260742 0.418945 0.279297 0.438477
1 0.387695 0.437500 0.406250 0.422852 0.416992 0.431641 0.417969 0.421875 0.427734 0.421875 0.427734 0.437500 0.415039 0.457031 0.432617 0.469727 0.418945 0.473633 0.434570 0.479492 0.448242 0.491211 0.448242 0.491211 0.446289 0.495117 0.416016 0.480469 0.419922 0.502930 0.407227 0.491211 0.407227 0.491211 0.405273 0.510742 0.391602 0.487305 0.375977 0.499023 0.380859 0.474609 0.362305 0.474609 0.369141 0.463867 0.353516 0.459961 0.372070 0.447266 0.374023 0.431641
1 0.546875 0.456055 0.564453 0.442383 0.567383 0.452148 0.583008 0.463867 0.570312 0.474609 0.572266 0.498047 0.551758 0.489258 0.534180 0.497070 0.532227 0.485352 0.518555 0.489258 0.525391 0.476562 0.529297 0.457031
1 0.314453 0.000000 0.306641 0.005859 0.313477 0.005859 0.317383 0.023438 0.328125 0.014648 0.328125 0.030273 0.339844 0.018555 0.342773 0.030273 0.357422 0.017578 0.360352 0.031250 0.371094 0.022461 0.378906 0.030273 0.378906 0.024414 0.380859 0.012695 0.389648 0.013672 0.391602 0.002930 0.416992 0.018555 0.409180 0.000000
1 0.417969 0.000000 0.412109 0.018555 0.429688 0.013672 0.435547 0.028320 0.446289 0.022461 0.450195 0.030273 0.451172 0.017578 0.472656 0.026367 0.481445 0.010742 0.492188 0.009766 0.500977 0.020508 0.514648 0.020508 0.495117 0.000000
1 0.388672 0.029297 0.399414 0.019531 0.412109 0.021484 0.410156 0.033203 0.420898 0.024414 0.423828 0.035156 0.414062 0.050781 0.432617 0.042969 0.428711 0.053711 0.439453 0.064453 0.429688 0.077148 0.435547 0.080078 0.430664 0.088867 0.441406 0.105469 0.440430 0.113281 0.416992 0.105469 0.421875 0.125000 0.405273 0.111328 0.402344 0.126953 0.390625 0.112305 0.379883 0.123047 0.363281 0.103516 0.363281 0.103516 0.337891 0.118164 0.334961 0.110352 0.351562 0.093750 0.335938 0.086914 0.339844 0.062500 0.352539 0.053711 0.339844 0.040039 0.340820 0.019531 0.357422 0.031250 0.372070 0.016602
1 0.494141 0.024414 0.513672 0.008789 0.516602 0.026367 0.527344 0.020508 0.528320 0.033203 0.518555 0.050781 0.535156 0.043945 0.548828 0.055664 0.521484 0.071289 0.539062 0.079102 0.549805 0.095703 0.540039 0.096680 0.542969 0.105469 0.529297 0.103516 0.531250 0.119141 0.522461 0.128906 0.509766 0.108398 0.502930 0.119141 0.500977 0.101562 0.489258 0.122070 0.483398 0.106445 0.455078 0.125977 0.453125 0.105469 0.438477 0.114258 0.434570 0.098633 0.424805 0.088867 0.428711 0.079102 0.428711 0.067383 0.438477 0.061523 0.430664 0.047852 0.447266 0.041992 0.448242 0.017578 0.472656 0.027344 0.479492 0.009766 0.493164 0.009766
1 0.420898 0.123047 0.437500 0.116211 0.435547 0.142578 0.460938 0.146484 0.438477 0.168945 0.427734 0.172852 0.448242 0.182617 0.464844 0.219727 0.441406 0.206055 0.440430 0.218750 0.423828 0.208008 0.428711 0.234375 0.422852 0.237305 0.408203 0.214844 0.390625 0.226562 0.368164 0.214844 0.374023 0.204102 0.347656 0.204102 0.358398 0.192383 0.342773 0.190430 0.360352 0.170898 0.335938 0.161133 0.359375 0.155273 0.359375 0.154297 0.340820 0.131836 0.351562 0.130859 0.352539 0.119141 0.369141 0.101562 0.375000 0.122070 0.396484 0.103516 0.400391 0.119141 0.415039 0.109375
1 0.460938 0.121094 0.466797 0.124023 0.479492 0.107422 0.489258 0.116211 0.503906 0.100586 0.506836 0.111328 0.518555 0.115234 0.519531 0.126953 0.540039 0.110352 0.539062 0.125000 0.554688 0.127930 0.548828 0.138672 0.554688 0.146484 0.550781 0.156250 0.576172 0.165039 0.556641 0.176758 0.567383 0.195312 0.567383 0.218750 0.553711 0.215820 0.541992 0.221680 0.537109 0.214844 0.525391 0.200195 0.508789 0.222656 0.482422 0.208008 0.450195 0.210938 0.463867 0.191406 0.437500 0.190430 0.453125 0.174805 0.437500 0.166016 0.458008 0.148438 0.449219 0.122070 0.449219 0.122070
1 0.622070 0.001953 0.621094 0.018555 0.638672 0.015625 0.644531 0.027344 0.644531 0.027344 0.640625 0.036133 0.650391 0.033203 0.650391 0.041016 0.640625 0.055664 0.660156 0.070312 0.651367 0.084961 0.640625 0.083984 0.643555 0.103516 0.616211 0.103516 0.601562 0.104492 0.589844 0.125000 0.583008 0.107422 0.560547 0.129883 0.555664 0.107422 0.555664 0.107422 0.543945 0.110352 0.548828 0.091797 0.527344 0.078125 0.533203 0.073242 0.552734 0.066406 0.553711 0.050781 0.537109 0.041016 0.528320 0.024414 0.552734 0.029297 0.543945 0.015625 0.560547 0.002930 0.569336 0.007812 0.572266 0.000977
1 0.439453 0.239258 0.451172 0.254883 0.461914 0.246094 0.461914 0.260742 0.474609 0.261719 0.465820 0.272461 0.477539 0.292969 0.471680 0.297852 0.460938 0.291016 0.464844 0.311523 0.444336 0.302734 0.439453 0.291016 0.429688 0.307617 0.420898 0.293945 0.424805 0.283203 0.413086 0.286133 0.411133 0.278320 0.422852 0.261719 0.409180 0.258789 0.413086 0.247070 0.427734 0.251953
1 0.458984 0.312500 0.468750 0.314453 0.468750 0.314453 0.468750 0.322266 0.481445 0.321289 0.485352 0.333008 0.471680 0.340820 0.493164 0.352539 0.472656 0.361328 0.483398 0.378906 0.483398 0.378906 0.489258 0.389648 0.463867 0.386719 0.469727 0.403320 0.466797 0.416992 0.446289 0.385742 0.441406 0.420898 0.423828 0.402344 0.421875 0.386719 0.393555 0.408203 0.385742 0.391602 0.403320 0.378906 0.376953 0.378906 0.364258 0.364258 0.379883 0.355469 0.368164 0.346680 0.377930 0.342773 0.372070 0.330078 0.387695 0.327148 0.386719 0.319336 0.397461 0.323242 0.405273 0.304688 0.405273 0.304688 0.416016 0.318359 0.426758 0.301758 0.442383 0.293945
1 0.517578 0.211914 0.524414 0.198242 0.530273 0.208008 0.541992 0.207031 0.535156 0.227539 0.552734 0.211914 0.568359 0.209961 0.568359 0.209961 0.563477 0.219727 0.568359 0.224609 0.550781 0.249023 0.582031 0.249023 0.581055 0.261719 0.567383 0.270508 0.588867 0.283203 0.574219 0.284180 0.587891 0.307617 0.569336 0.300781 0.570312 0.310547 0.570312 0.310547 0.556641 0.304688 0.556641 0.304688 0.544922 0.323242 0.541016 0.309570 0.535156 0.321289 0.517578 0.309570 0.497070 0.319336 0.497070 0.319336 0.495117 0.302734 0.490234 0.305664 0.477539 0.314453 0.480469 0.297852 0.471680 0.300781 0.470703 0.285156 0.479492 0.271484 0.459961 0.255859 0.483398 0.243164 0.476562 0.205078 0.484375 0.211914 0.494141 0.201172 0.510742 0.208984
1 0.545898 0.317383 0.559570 0.305664 0.562500 0.318359 0.562500 0.318359 0.572266 0.311523 0.574219 0.329102 0.590820 0.327148 0.581055 0.338867 0.604492 0.345703 0.604492 0.345703 0.600586 0.359375 0.590820 0.366211 0.593750 0.376953 0.583008 0.378906 0.594727 0.394531 0.589844 0.413086 0.570312 0.403320 0.560547 0.409180 0.547852 0.418945 0.534180 0.401367 0.526367 0.417969 0.516602 0.414062 0.519531 0.397461 0.505859 0.398438 0.504883 0.386719 0.494141 0.382812 0.493164 0.368164 0.477539 0.364258 0.501953 0.352539 0.483398 0.340820 0.498047 0.334961 0.491211 0.313477 0.510742 0.314453 0.511719 0.296875
1 0.617188 0.120117 0.624023 0.101562 0.640625 0.107422 0.639648 0.119141 0.646484 0.120117 0.650391 0.125000 0.668945 0.127930 0.668945 0.127930 0.672852 0.140625 0.650391 0.157227 0.675781 0.159180 0.669922 0.178711 0.676758 0.180664 0.667969 0.196289 0.652344 0.190430 0.663086 0.219727 0.648438 0.215820 0.629883 0.198242 0.625000 0.204102 0.611328 0.217773 0.599609 0.198242 0.580078 0.221680 0.575195 0.208008 0.561523 0.211914 0.562500 0.196289 0.552734 0.191406 0.562500 0.176758 0.547852 0.173828 0.565430 0.160156 0.551758 0.149414 0.566406 0.138672 0.578125 0.142578 0.578125 0.142578 0.574219 0.113281 0.595703 0.127930 0.607422 0.103516
1 0.626953 0.200195 0.644531 0.202148 0.644531 0.218750 0.657227 0.208984 0.660156 0.225586 0.660156 0.225586 0.652344 0.235352 0.679688 0.228516 0.676758 0.250000 0.667969 0.258789 0.687500 0.274414 0.685547 0.285156 0.664062 0.286133 0.673828 0.312500 0.660156 0.304688 0.660156 0.304688 0.662109 0.318359 0.644531 0.301758 0.638672 0.317383 0.625977 0.309570 0.612305 0.323242 0.603516 0.310547 0.590820 0.304688 0.590820 0.290039 0.590820 0.291016 0.568359 0.287109 0.567383 0.272461 0.585938 0.268555 0.566406 0.250000 0.588867 0.246094 0.577148 0.224609 0.589844 0.225586 0.591797 0.201172 0.606445 0.198242 0.614258 0.212891
1 0.646484 0.320312 0.653320 0.307617 0.658203 0.319336 0.674805 0.306641 0.669922 0.323242 0.669922 0.323242 0.686523 0.326172 0.683594 0.332031 0.693359 0.334961 0.703125 0.339844 0.693359 0.357422 0.708008 0.367188 0.692383 0.375977 0.702148 0.392578 0.686523 0.395508 0.686523 0.395508 0.685547 0.406250 0.675781 0.409180 0.668945 0.423828 0.652344 0.406250 0.641602 0.420898 0.619141 0.425781 0.625977 0.413086 0.613281 0.399414 0.618164 0.387695 0.606445 0.395508 0.599609 0.376953 0.587891 0.368164 0.593750 0.343750 0.604492 0.338867 0.606445 0.327148 0.617188 0.332031 0.619141 0.312500 0.630859 0.321289 0.638672 0.309570
1 0.666016 0.467773 0.682617 0.458984 0.680664 0.478516 0.685547 0.492188 0.677734 0.488281 0.673828 0.497070 0.664062 0.486328 0.651367 0.487305 0.653320 0.476562 0.653320 0.462891
1 0.752930 0.446289 0.770508 0.459961 0.765625 0.435547 0.785156 0.415039 0.787109 0.437500 0.800781 0.438477 0.800781 0.450195 0.800781 0.450195 0.809570 0.453125 0.809570 0.453125 0.804688 0.468750 0.839844 0.486328 0.831055 0.492188 0.795898 0.489258 0.796875 0.498047 0.806641 0.508789 0.814453 0.536133 0.789062 0.520508 0.777344 0.527344 0.764648 0.543945 0.758789 0.518555 0.758789 0.518555 0.740234 0.535156 0.734375 0.506836 0.741211 0.497070 0.714844 0.504883 0.707031 0.483398 0.737305 0.468750 0.730469 0.451172
1 0.909180 0.464844 0.927734 0.468750 0.919922 0.478516 0.946289 0.496094 0.945312 0.504883 0.913086 0.493164 0.913086 0.493164 0.920898 0.509766 0.908203 0.507812 0.899414 0.500000 0.892578 0.506836 0.884766 0.491211 0.863281 0.495117 0.879883 0.484375 0.880859 0.463867
1 0.696289 0.000000 0.704102 0.000000 0.720703 0.000000 0.726562 0.008789 0.725586 0.026367 0.756836 0.005859 0.758789 0.017578 0.739258 0.052734 0.753906 0.049805 0.779297 0.057617 0.770508 0.064453 0.747070 0.074219 0.777344 0.102539 0.758789 0.099609 0.758789 0.099609 0.766602 0.114258 0.750977 0.103516 0.750977 0.103516 0.750000 0.115234 0.727539 0.100586 0.721680 0.122070 0.708984 0.105469 0.700195 0.125977 0.685547 0.112305 0.659180 0.120117 0.657227 0.097656 0.640625 0.096680 0.656250 0.074219 0.632812 0.055664 0.640625 0.045898 0.664062 0.043945 0.652344 0.031250 0.652344 0.031250 0.652344 0.012695 0.664062 0.015625 0.660156 0.000000 0.669922 0.000977
1 0.797852 0.008789 0.798828 0.000000 0.825195 0.000000 0.833008 0.011719 0.858398 0.006836 0.860352 0.025391 0.871094 0.027344 0.871094 0.040039 0.852539 0.049805 0.879883 0.059570 0.885742 0.068359 0.867188 0.073242 0.876953 0.090820 0.871094 0.113281 0.847656 0.095703 0.835938 0.095703 0.819336 0.113281 0.808594 0.101562 0.780273 0.123047 0.777344 0.111328 0.759766 0.115234 0.752930 0.103516 0.790039 0.086914 0.750977 0.082031 0.744141 0.067383 0.775391 0.062500 0.755859 0.040039 0.757812 0.017578 0.782227 0.026367 0.783203 0.000000
1 0.928711 0.030273 0.941406 0.016602 0.945312 0.025391 0.941406 0.037109 0.964844 0.033203 0.967773 0.048828 0.946289 0.062500 0.971680 0.069336 0.977539 0.082031 0.971680 0.083984 0.951172 0.083984 0.976562 0.096680 0.966797 0.103516 0.965820 0.115234 0.934570 0.098633 0.934570 0.098633 0.935547 0.125000 0.922852 0.119141 0.920898 0.132812 0.911133 0.134766 0.903320 0.144531 0.903320 0.144531 0.899414 0.122070 0.887695 0.137695 0.879883 0.131836 0.884766 0.121094 0.866211 0.115234 0.877930 0.099609 0.859375 0.084961 0.863281 0.076172 0.880859 0.077148 0.889648 0.068359 0.867188 0.065430 0.861328 0.048828 0.877930 0.038086 0.895508 0.041016 0.882812 0.025391 0.897461 0.015625 0.905273 0.014648 0.913086 0.024414 0.922852 0.019531
1 0.703125 0.124023 0.709961 0.102539 0.715820 0.118164 0.724609 0.100586 0.736328 0.103516 0.735352 0.117188 0.748047 0.111328 0.749023 0.123047 0.764648 0.114258 0.770508 0.119141 0.752930 0.145508 0.783203 0.157227 0.762695 0.172852 0.774414 0.189453 0.764648 0.198242 0.764648 0.222656 0.740234 0.200195 0.739258 0.222656 0.716797 0.226562 0.717773 0.208008 0.717773 0.208008 0.703125 0.231445 0.675781 0.226562 0.691406 0.198242 0.668945 0.202148 0.657227 0.193359 0.667969 0.156250 0.682617 0.159180 0.666992 0.140625 0.672852 0.125977 0.680664 0.109375
1 0.804688 0.100586 0.815430 0.117188 0.836914 0.094727 0.835938 0.104492 0.847656 0.088867 0.857422 0.105469 0.860352 0.117188 0.882812 0.117188 0.871094 0.134766 0.888672 0.134766 0.902344 0.139648 0.899414 0.148438 0.890625 0.152344 0.902344 0.159180 0.888672 0.166016 0.896484 0.174805 0.887695 0.179688 0.898438 0.201172 0.883789 0.212891 0.864258 0.200195 0.863281 0.224609 0.853516 0.217773 0.843750 0.229492 0.828125 0.223633 0.823242 0.210938 0.794922 0.234375 0.800781 0.208984 0.778320 0.223633 0.796875 0.194336 0.764648 0.194336 0.785156 0.174805 0.757812 0.169922 0.779297 0.154297 0.762695 0.140625 0.783203 0.131836 0.801758 0.143555 0.794922 0.120117
1 0.948242 0.118164 0.960938 0.125000 0.976562 0.134766 0.973633 0.151367 0.986328 0.152344 0.991211 0.167969 0.978516 0.170898 0.987305 0.193359 0.969727 0.192383 0.964844 0.209961 0.956055 0.211914 0.939453 0.204102 0.922852 0.225586 0.916992 0.208984 0.904297 0.208984 0.887695 0.199219 0.904297 0.186523 0.904297 0.186523 0.887695 0.184570 0.887695 0.184570 0.897461 0.173828 0.886719 0.165039 0.887695 0.148438 0.909180 0.150391 0.900391 0.137695 0.912109 0.126953 0.917969 0.131836 0.923828 0.115234 0.934570 0.123047 0.940430 0.110352
1 0.738281 0.218750 0.752930 0.214844 0.760742 0.216797 0.760742 0.216797 0.758789 0.225586 0.782227 0.223633 0.778320 0.240234 0.788086 0.248047 0.777344 0.262695 0.790039 0.272461 0.782227 0.282227 0.772461 0.287109 0.771484 0.302734 0.758789 0.299805 0.757812 0.314453 0.747070 0.308594 0.747070 0.308594 0.738281 0.315430 0.730469 0.304688 0.713867 0.316406 0.718750 0.296875 0.704102 0.295898 0.687500 0.289062 0.709961 0.276367 0.693359 0.267578 0.685547 0.250977 0.710938 0.250000 0.696289 0.233398 0.719727 0.232422 0.721680 0.216797
1 0.860352 0.217773 0.859375 0.233398 0.875977 0.225586 0.876953 0.240234 0.885742 0.240234 0.891602 0.249023 0.885742 0.253906 0.893555 0.261719 0.886719 0.267578 0.889648 0.282227 0.863281 0.279297 0.861328 0.300781 0.861328 0.300781 0.847656 0.287109 0.848633 0.307617 0.834961 0.292969 0.791016 0.296875 0.794922 0.286133 0.818359 0.280273 0.799805 0.269531 0.800781 0.246094 0.811523 0.228516 0.820312 0.235352 0.822266 0.219727 0.839844 0.227539
1 0.944336 0.205078 0.956055 0.218750 0.978516 0.205078 0.977539 0.225586 1.000000 0.229492 1.000000 0.254883 0.987305 0.264648 1.000000 0.297852 0.982422 0.291992 0.985352 0.313477 0.985352 0.313477 0.979492 0.323242 0.969727 0.312500 0.961914 0.331055 0.942383 0.331055 0.949219 0.303711 0.927734 0.318359 0.925781 0.307617 0.914062 0.309570 0.911133 0.302734 0.929688 0.284180 0.905273 0.281250 0.908203 0.276367 0.891602 0.273438 0.897461 0.260742 0.918945 0.252930 0.905273 0.237305 0.906250 0.222656 0.926758 0.226562 0.928711 0.211914
1 0.764648 0.306641 0.773438 0.313477 0.780273 0.323242 0.793945 0.323242 0.809570 0.327148 0.797852 0.339844 0.811523 0.341797 0.805664 0.350586 0.810547 0.372070 0.817383 0.385742 0.813477 0.400391 0.795898 0.413086 0.785156 0.401367 0.784180 0.416992 0.784180 0.416992 0.766602 0.403320 0.760742 0.423828 0.742188 0.410156 0.727539 0.419922 0.722656 0.407227 0.708008 0.407227 0.712891 0.384766 0.695312 0.373047 0.707031 0.369141 0.696289 0.356445 0.709961 0.346680 0.707031 0.340820 0.707031 0.329102 0.720703 0.324219 0.734375 0.306641
1 0.864258 0.306641 0.875000 0.300781 0.876953 0.310547 0.891602 0.308594 0.893555 0.318359 0.904297 0.315430 0.902344 0.327148 0.914062 0.330078 0.902344 0.345703 0.928711 0.349609 0.919922 0.353516 0.918945 0.367188 0.892578 0.374023 0.906250 0.390625 0.897461 0.396484 0.895508 0.416016 0.875000 0.392578 0.862305 0.420898 0.862305 0.420898 0.853516 0.402344 0.836914 0.416992 0.836914 0.416992 0.835938 0.388672 0.810547 0.384766 0.823242 0.372070 0.799805 0.359375 0.816406 0.345703 0.809570 0.325195 0.828125 0.327148 0.829102 0.311523 0.843750 0.302734 0.850586 0.313477 0.860352 0.298828