1 0.057617 0.360352 0.076172 0.344727 0.093750 0.346680 0.087891 0.366211 0.114258 0.360352 0.113281 0.375000 0.090820 0.388672 0.124023 0.387695 0.110352 0.397461 0.122070 0.409180 0.095703 0.411133 0.083008 0.434570 0.064453 0.417969 0.058594 0.435547 0.037109 0.442383 0.022461 0.427734 0.009766 0.432617 0.008789 0.403320 0.000000 0.401367 0.000000 0.363281 0.022461 0.370117 0.021484 0.352539 0.041992 0.348633
1 0.170898 0.352539 0.178711 0.345703 0.181641 0.353516 0.181641 0.353516 0.201172 0.346680 0.207031 0.352539 0.229492 0.351562 0.232422 0.373047 0.213867 0.385742 0.199219 0.392578 0.234375 0.395508 0.234375 0.407227 0.224609 0.411133 0.208984 0.416016 0.214844 0.429688 0.200195 0.433594 0.183594 0.411133 0.183594 0.429688 0.166992 0.415039 0.154297 0.431641 0.130859 0.410156 0.106445 0.398438 0.141602 0.384766 0.125977 0.368164 0.139648 0.363281 0.141602 0.345703
1 0.261719 0.348633 0.275391 0.360352 0.276367 0.345703 0.281250 0.342773 0.286133 0.340820 0.290039 0.356445 0.294922 0.350586 0.301758 0.336914 0.308594 0.335938 0.324219 0.329102 0.318359 0.345703 0.332031 0.350586 0.332031 0.350586 0.321289 0.360352 0.342773 0.362305 0.336914 0.376953 0.350586 0.381836 0.345703 0.382812 0.336914 0.390625 0.361328 0.402344 0.346680 0.411133 0.347656 0.423828 0.327148 0.419922 0.333008 0.441406 0.304688 0.428711 0.290039 0.434570 0.277344 0.426758 0.249023 0.427734 0.233398 0.422852 0.250000 0.408203 0.234375 0.398438 0.219727 0.375977 0.250000 0.378906 0.228516 0.348633
1 0.390625 0.346680 0.419922 0.335938 0.418945 0.349609 0.422852 0.346680 0.431641 0.342773 0.431641 0.342773 0.420898 0.371094 0.433594 0.371094 0.422852 0.383789 0.422852 0.393555 0.422852 0.393555 0.417969 0.399414 0.426758 0.406250 0.427734 0.424805 0.398438 0.415039 0.391602 0.446289 0.373047 0.437500 0.355469 0.431641 0.335938 0.427734 0.364258 0.404297 0.335938 0.390625 0.354492 0.388672 0.336914 0.362305 0.342773 0.362305 0.360352 0.370117 0.363281 0.344727 0.387695 0.331055
1 0.486328 0.360352 0.499023 0.351562 0.505859 0.362305 0.494141 0.379883 0.515625 0.380859 0.521484 0.400391 0.500000 0.402344 0.511719 0.417969 0.501953 0.436523 0.485352 0.432617 0.473633 0.449219 0.473633 0.449219 0.465820 0.436523 0.460938 0.445312 0.450195 0.429688 0.442383 0.421875 0.425781 0.424805 0.416992 0.393555 0.424805 0.379883 0.435547 0.381836 0.430664 0.358398 0.458984 0.359375 0.476562 0.343750 0.476562 0.343750
1 0.132812 0.408203 0.128906 0.431641 0.116211 0.449219 0.129883 0.457031 0.112305 0.467773 0.122070 0.478516 0.135742 0.487305 0.119141 0.500977 0.112305 0.516602 0.096680 0.522461 0.091797 0.507812 0.058594 0.541992 0.042969 0.540039 0.062500 0.510742 0.035156 0.509766 0.030273 0.510742 0.002930 0.512695 0.012695 0.504883 0.000000 0.486328 0.000000 0.486328 0.020508 0.482422 0.000000 0.480469 0.000000 0.461914 0.012695 0.464844 0.012695 0.437500 0.028320 0.445312 0.028320 0.445312 0.034180 0.431641 0.052734 0.426758 0.064453 0.415039 0.079102 0.425781 0.101562 0.404297 0.109375 0.415039 0.117188 0.411133
1 0.209961 0.429688 0.224609 0.417969 0.242188 0.421875 0.218750 0.465820 0.240234 0.459961 0.245117 0.469727 0.232422 0.478516 0.248047 0.486328 0.226562 0.508789 0.238281 0.515625 0.237305 0.531250 0.237305 0.531250 0.215820 0.521484 0.206055 0.545898 0.176758 0.509766 0.146484 0.537109 0.131836 0.536133 0.131836 0.524414 0.145508 0.500977 0.115234 0.506836 0.106445 0.500977 0.126953 0.487305 0.109375 0.476562 0.104492 0.475586 0.099609 0.467773 0.120117 0.460938 0.118164 0.439453 0.134766 0.437500 0.128906 0.408203 0.156250 0.428711 0.168945 0.406250 0.179688 0.424805 0.194336 0.418945
1 0.316406 0.451172 0.346680 0.437500 0.349609 0.456055 0.341797 0.473633 0.327148 0.482422 0.354492 0.498047 0.353516 0.507812 0.339844 0.507812 0.353516 0.521484 0.349609 0.528320 0.332031 0.520508 0.336914 0.536133 0.328125 0.531250 0.310547 0.524414 0.306641 0.539062 0.289062 0.524414 0.265625 0.548828 0.259766 0.537109 0.259766 0.515625 0.240234 0.518555 0.222656 0.509766 0.249023 0.484375 0.223633 0.477539 0.241211 0.449219 0.251953 0.456055 0.252930 0.422852 0.267578 0.434570 0.289062 0.419922 0.291016 0.437500 0.303711 0.421875 0.316406 0.431641
1 0.389648 0.437500 0.397461 0.413086 0.410156 0.429688 0.440430 0.422852 0.443359 0.432617 0.458008 0.436523 0.455078 0.450195 0.474609 0.460938 0.481445 0.478516 0.461914 0.485352 0.468750 0.485352 0.483398 0.492188 0.475586 0.497070 0.477539 0.512695 0.447266 0.509766 0.444336 0.526367 0.425781 0.513672 0.421875 0.541016 0.407227 0.519531 0.398438 0.536133 0.377930 0.534180 0.377930 0.534180 0.382812 0.512695 0.355469 0.521484 0.368164 0.499023 0.345703 0.505859 0.331055 0.482422 0.357422 0.474609 0.343750 0.442383 0.363281 0.449219 0.360352 0.432617
1 0.541016 0.421875 0.541992 0.447266 0.561523 0.435547 0.566406 0.443359 0.581055 0.451172 0.561523 0.467773 0.583008 0.473633 0.578125 0.476562 0.561523 0.486328 0.578125 0.500977 0.559570 0.509766 0.546875 0.518555 0.541992 0.538086 0.521484 0.501953 0.504883 0.523438 0.494141 0.526367 0.481445 0.506836 0.476562 0.492188 0.460938 0.479492 0.470703 0.462891 0.492188 0.462891 0.470703 0.448242 0.470703 0.448242 0.485352 0.428711 0.519531 0.443359 0.519531 0.443359
1 0.000000 0.541992 0.020508 0.509766 0.020508 0.548828 0.020508 0.548828 0.047852 0.541016 0.044922 0.564453 0.031250 0.570312 0.056641 0.584961 0.050781 0.602539 0.049805 0.625977 0.020508 0.627930 0.020508 0.637695 0.000000 0.629883
1 0.065430 0.541016 0.066406 0.521484 0.094727 0.506836 0.094727 0.523438 0.114258 0.511719 0.129883 0.518555 0.129883 0.523438 0.127930 0.536133 0.150391 0.540039 0.154297 0.553711 0.140625 0.563477 0.149414 0.578125 0.144531 0.596680 0.120117 0.592773 0.136719 0.617188 0.114258 0.616211 0.097656 0.601562 0.096680 0.624023 0.076172 0.617188 0.076172 0.598633 0.049805 0.603516 0.049805 0.603516 0.042969 0.589844 0.059570 0.582031 0.033203 0.571289 0.039062 0.557617 0.054688 0.558594 0.038086 0.547852 0.038086 0.547852 0.049805 0.536133
1 0.234375 0.536133 0.258789 0.529297 0.260742 0.542969 0.250977 0.554688 0.274414 0.574219 0.269531 0.589844 0.228516 0.575195 0.259766 0.619141 0.226562 0.616211 0.216797 0.598633 0.214844 0.625000 0.205078 0.630859 0.205078 0.630859 0.196289 0.599609 0.175781 0.611328 0.161133 0.609375 0.176758 0.583008 0.150391 0.583984 0.139648 0.562500 0.165039 0.564453 0.151367 0.551758 0.146484 0.534180 0.146484 0.534180 0.165039 0.539062 0.158203 0.522461 0.158203 0.522461 0.174805 0.516602 0.180664 0.525391 0.183594 0.519531 0.208008 0.535156 0.217773 0.520508
1 0.328125 0.537109 0.350586 0.529297 0.367188 0.534180 0.334961 0.560547 0.372070 0.562500 0.354492 0.577148 0.341797 0.580078 0.375977 0.612305 0.353516 0.612305 0.323242 0.587891 0.329102 0.611328 0.328125 0.630859 0.310547 0.623047 0.305664 0.595703 0.294922 0.614258 0.267578 0.615234 0.265625 0.593750 0.274414 0.573242 0.251953 0.554688 0.263672 0.537109 0.263672 0.537109 0.291016 0.521484 0.306641 0.536133 0.309570 0.520508
1 0.458008 0.507812 0.483398 0.513672 0.465820 0.538086 0.476562 0.543945 0.487305 0.555664 0.463867 0.560547 0.484375 0.576172 0.484375 0.576172 0.477539 0.589844 0.462891 0.585938 0.485352 0.614258 0.478516 0.626953 0.438477 0.593750 0.427734 0.635742 0.408203 0.617188 0.413086 0.591797 0.384766 0.628906 0.373047 0.608398 0.382812 0.586914 0.346680 0.586914 0.369141 0.568359 0.347656 0.555664 0.383789 0.549805 0.355469 0.534180 0.349609 0.513672 0.349609 0.513672 0.386719 0.531250 0.405273 0.505859 0.405273 0.505859 0.415039 0.523438 0.434570 0.514648
1 0.537109 0.536133 0.549805 0.514648 0.567383 0.510742 0.565430 0.519531 0.573242 0.521484 0.552734 0.553711 0.579102 0.571289 0.560547 0.575195 0.577148 0.608398 0.546875 0.605469 0.545898 0.636719 0.531250 0.617188 0.520508 0.632812 0.512695 0.607422 0.512695 0.607422 0.487305 0.625000 0.484375 0.607422 0.466797 0.606445 0.487305 0.579102 0.458984 0.563477 0.483398 0.554688 0.469727 0.519531 0.484375 0.523438 0.487305 0.514648 0.487305 0.514648 0.498047 0.524414 0.516602 0.498047
1 0.000000 0.634766 0.022461 0.640625 0.025391 0.623047 0.046875 0.623047 0.075195 0.611328 0.085938 0.622070 0.085938 0.622070 0.086914 0.636719 0.112305 0.629883 0.090820 0.657227 0.105469 0.678711 0.087891 0.679688 0.092773 0.694336 0.071289 0.702148 0.064453 0.725586 0.048828 0.710938 0.028320 0.721680 0.023438 0.707031 0.000000 0.707031
1 0.115234 0.649414 0.120117 0.630859 0.124023 0.641602 0.124023 0.641602 0.151367 0.630859 0.173828 0.630859 0.169922 0.640625 0.175781 0.640625 0.188477 0.640625 0.173828 0.658203 0.189453 0.672852 0.173828 0.680664 0.170898 0.690430 0.183594 0.691406 0.170898 0.706055 0.179688 0.714844 0.174805 0.735352 0.157227 0.727539 0.135742 0.718750 0.115234 0.737305 0.128906 0.712891 0.093750 0.717773 0.073242 0.705078 0.094727 0.695312 0.083008 0.672852 0.095703 0.673828 0.096680 0.663086
1 0.220703 0.619141 0.236328 0.630859 0.259766 0.623047 0.258789 0.633789 0.280273 0.628906 0.273438 0.641602 0.300781 0.643555 0.294922 0.661133 0.283203 0.659180 0.288086 0.672852 0.265625 0.682617 0.285156 0.694336 0.285156 0.694336 0.287109 0.711914 0.278320 0.730469 0.249023 0.708984 0.249023 0.741211 0.228516 0.720703 0.201172 0.732422 0.200195 0.709961 0.168945 0.709961 0.184570 0.695312 0.165039 0.687500 0.166992 0.674805 0.181641 0.673828 0.174805 0.657227 0.185547 0.648438 0.196289 0.654297 0.194336 0.630859 0.212891 0.630859
1 0.310547 0.634766 0.330078 0.661133 0.332031 0.619141 0.345703 0.621094 0.345703 0.621094 0.348633 0.661133 0.389648 0.638672 0.383789 0.668945 0.390625 0.677734 0.378906 0.681641 0.386719 0.700195 0.370117 0.704102 0.386719 0.727539 0.350586 0.715820 0.354492 0.736328 0.333008 0.726562 0.324219 0.736328 0.319336 0.727539 0.302734 0.743164 0.304688 0.719727 0.275391 0.725586 0.290039 0.701172 0.265625 0.678711 0.281250 0.671875 0.276367 0.666016 0.276367 0.654297 0.276367 0.654297 0.303711 0.664062 0.293945 0.643555
1 0.442383 0.651367 0.456055 0.626953 0.477539 0.620117 0.477539 0.620117 0.471680 0.646484 0.497070 0.629883 0.491211 0.652344 0.511719 0.652344 0.501953 0.666992 0.490234 0.674805 0.512695 0.688477 0.505859 0.699219 0.494141 0.702148 0.494141 0.702148 0.500977 0.714844 0.473633 0.711914 0.464844 0.736328 0.449219 0.721680 0.445312 0.747070 0.429688 0.727539 0.405273 0.743164 0.406250 0.723633 0.383789 0.734375 0.390625 0.707031 0.367188 0.700195 0.383789 0.689453 0.368164 0.675781 0.381836 0.661133 0.381836 0.661133 0.402344 0.666016 0.397461 0.663086 0.385742 0.647461 0.417969 0.661133 0.411133 0.647461 0.409180 0.619141
1 0.577148 0.642578 0.600586 0.625977 0.600586 0.633789 0.612305 0.633789 0.607422 0.659180 0.592773 0.667969 0.620117 0.673828 0.609375 0.686523 0.616211 0.694336 0.601562 0.696289 0.612305 0.712891 0.605469 0.711914 0.583008 0.710938 0.568359 0.737305 0.556641 0.715820 0.556641 0.715820 0.533203 0.728516 0.534180 0.708008 0.495117 0.710938 0.493164 0.698242 0.515625 0.696289 0.487305 0.679688 0.488281 0.669922 0.510742 0.669922 0.514648 0.634766 0.526367 0.630859 0.540039 0.647461 0.543945 0.637695 0.556641 0.612305 0.557617 0.625000 0.572266 0.616211
1 0.000000 0.710938 0.011719 0.708984 0.009766 0.736328 0.024414 0.724609 0.027344 0.743164 0.013672 0.757812 0.023438 0.790039 0.016602 0.812500 0.012695 0.808594 0.000000 0.791992
1 0.051758 0.714844 0.065430 0.724609 0.065430 0.724609 0.072266 0.703125 0.090820 0.708984 0.095703 0.724609 0.118164 0.708984 0.131836 0.721680 0.116211 0.744141 0.110352 0.749023 0.118164 0.761719 0.118164 0.771484 0.104492 0.766602 0.123047 0.793945 0.115234 0.807617 0.089844 0.787109 0.086914 0.812500 0.076172 0.798828 0.060547 0.790039 0.049805 0.798828 0.029297 0.788086 0.012695 0.778320 0.006836 0.756836 0.022461 0.749023 0.015625 0.725586
1 0.210938 0.722656 0.230469 0.718750 0.219727 0.750977 0.244141 0.768555 0.238281 0.779297 0.226562 0.777344 0.248047 0.809570 0.232422 0.809570 0.216797 0.797852 0.219727 0.823242 0.208008 0.814453 0.192383 0.826172 0.176758 0.807617 0.153320 0.821289 0.155273 0.791016 0.125000 0.796875 0.131836 0.783203 0.109375 0.781250 0.119141 0.771484 0.107422 0.762695 0.107422 0.745117 0.123047 0.747070 0.123047 0.738281 0.133789 0.716797 0.166992 0.730469 0.178711 0.707031 0.195312 0.704102 0.195312 0.704102
1 0.299805 0.736328 0.300781 0.745117 0.325195 0.757812 0.312500 0.767578 0.321289 0.787109 0.296875 0.791016 0.298828 0.820312 0.277344 0.799805 0.267578 0.821289 0.255859 0.802734 0.232422 0.806641 0.241211 0.788086 0.241211 0.788086 0.221680 0.790039 0.235352 0.769531 0.212891 0.747070 0.230469 0.749023 0.217773 0.733398 0.243164 0.734375 0.254883 0.712891 0.270508 0.730469 0.289062 0.718750 0.303711 0.719727
1 0.382812 0.733398 0.407227 0.727539 0.406250 0.744141 0.426758 0.753906 0.426758 0.764648 0.414062 0.767578 0.430664 0.776367 0.415039 0.789062 0.426758 0.797852 0.426758 0.797852 0.420898 0.805664 0.401367 0.799805 0.402344 0.818359 0.390625 0.815430 0.373047 0.823242 0.361328 0.804688 0.350586 0.819336 0.344727 0.798828 0.317383 0.806641 0.328125 0.793945 0.314453 0.789062 0.305664 0.767578 0.309570 0.750977 0.325195 0.753906 0.312500 0.729492 0.333984 0.720703 0.344727 0.730469 0.349609 0.713867 0.384766 0.719727
1 0.499023 0.720703 0.523438 0.709961 0.527344 0.726562 0.523438 0.737305 0.543945 0.750977 0.530273 0.756836 0.538086 0.763672 0.523438 0.777344 0.529297 0.798828 0.516602 0.812500 0.516602 0.812500 0.500000 0.803711 0.502930 0.822266 0.483398 0.800781 0.474609 0.829102 0.459961 0.810547 0.442383 0.821289 0.436523 0.797852 0.423828 0.802734 0.412109 0.790039 0.428711 0.776367 0.407227 0.764648 0.424805 0.756836 0.397461 0.737305 0.427734 0.736328 0.438477 0.722656 0.456055 0.717773 0.464844 0.727539 0.476562 0.711914 0.491211 0.709961
1 0.598633 0.711914 0.624023 0.722656 0.621094 0.730469 0.637695 0.733398 0.637695 0.733398 0.627930 0.745117 0.641602 0.755859 0.638672 0.778320 0.624023 0.776367 0.630859 0.791016 0.623047 0.791016 0.625977 0.807617 0.619141 0.813477 0.594727 0.791992 0.592773 0.814453 0.580078 0.820312 0.574219 0.806641 0.567383 0.813477 0.559570 0.814453 0.556641 0.799805 0.541992 0.811523 0.531250 0.799805 0.539062 0.777344 0.513672 0.779297 0.536133 0.761719 0.523438 0.745117 0.537109 0.744141 0.534180 0.725586 0.556641 0.711914 0.556641 0.711914 0.568359 0.723633 0.584961 0.704102
1 0.085938 0.799805 0.096680 0.826172 0.102539 0.799805 0.128906 0.785156 0.131836 0.792969 0.121094 0.837891 0.132812 0.826172 0.150391 0.812500 0.167969 0.808594 0.164062 0.827148 0.143555 0.839844 0.165039 0.837891 0.198242 0.839844 0.194336 0.850586 0.165039 0.851562 0.187500 0.859375 0.179688 0.867188 0.162109 0.868164 0.167969 0.878906 0.160156 0.884766 0.147461 0.916016 0.124023 0.892578 0.119141 0.918945 0.087891 0.899414 0.072266 0.892578 0.050781 0.898438 0.061523 0.886719 0.040039 0.884766 0.046875 0.873047 0.022461 0.858398 0.057617 0.853516 0.041016 0.834961 0.077148 0.836914 0.065430 0.800781
1 0.027344 0.920898 0.045898 0.892578 0.052734 0.913086 0.061523 0.902344 0.079102 0.902344 0.086914 0.915039 0.101562 0.936523 0.069336 0.952148 0.093750 0.958984 0.088867 0.979492 0.072266 0.996094 0.054688 0.989258 0.041992 1.000000 0.031250 0.990234 0.016602 0.990234 0.014648 0.977539 0.000000 0.979492 0.002930 0.914062
1 0.140625 0.916016 0.162109 0.886719 0.174805 0.881836 0.172852 0.894531 0.185547 0.890625 0.173828 0.914062 0.179688 0.933594 0.168945 0.938477 0.162109 0.950195 0.173828 0.969727 0.169922 1.000000 0.143555 0.983398 0.128906 1.000000 0.110352 0.997070 0.112305 0.973633 0.089844 0.980469 0.091797 0.956055 0.062500 0.949219 0.085938 0.939453 0.080078 0.918945 0.110352 0.917969 0.132812 0.894531
1 0.230469 0.907227 0.250000 0.897461 0.250000 0.897461 0.249023 0.920898 0.270508 0.916992 0.270508 0.916992 0.269531 0.939453 0.256836 0.946289 0.274414 0.959961 0.271484 0.976562 0.246094 0.970703 0.251953 0.993164 0.219727 0.997070 0.178711 0.996094 0.179688 0.976562 0.168945 0.982422 0.161133 0.946289 0.189453 0.942383 0.171875 0.935547 0.173828 0.909180 0.188477 0.909180 0.195312 0.886719 0.221680 0.879883
1 0.296875 0.815430 0.320312 0.798828 0.316406 0.830078 0.329102 0.825195 0.341797 0.843750 0.326172 0.845703 0.338867 0.858398 0.338867 0.858398 0.331055 0.867188 0.336914 0.875977 0.320312 0.883789 0.325195 0.913086 0.325195 0.913086 0.309570 0.908203 0.297852 0.918945 0.297852 0.918945 0.282227 0.906250 0.263672 0.912109 0.262695 0.901367 0.261719 0.901367 0.253906 0.904297 0.240234 0.894531 0.243164 0.873047 0.224609 0.861328 0.232422 0.856445 0.224609 0.839844 0.224609 0.839844 0.241211 0.833984 0.236328 0.822266 0.236328 0.822266 0.258789 0.819336 0.274414 0.828125 0.275391 0.795898
1 0.376953 0.832031 0.392578 0.813477 0.411133 0.803711 0.442383 0.798828 0.421875 0.825195 0.438477 0.836914 0.424805 0.850586 0.450195 0.868164 0.444336 0.868164 0.434570 0.870117 0.442383 0.904297 0.412109 0.891602 0.406250 0.907227 0.394531 0.889648 0.391602 0.910156 0.391602 0.910156 0.379883 0.900391 0.379883 0.900391 0.364258 0.919922 0.362305 0.893555 0.362305 0.893555 0.331055 0.907227 0.333984 0.887695 0.319336 0.883789 0.333984 0.863281 0.322266 0.839844 0.338867 0.844727 0.334961 0.839844 0.325195 0.815430 0.356445 0.820312
1 0.309570 0.906250 0.319336 0.918945 0.335938 0.908203 0.349609 0.911133 0.342773 0.929688 0.355469 0.941406 0.357422 0.958984 0.342773 0.963867 0.343750 1.000000 0.333984 0.997070 0.317383 0.976562 0.307617 1.000000 0.307617 1.000000 0.297852 0.970703 0.268555 0.976562 0.274414 0.952148 0.259766 0.944336 0.270508 0.915039 0.270508 0.915039 0.293945 0.919922
1 0.421875 0.897461 0.429688 0.904297 0.457031 0.889648 0.450195 0.904297 0.458984 0.903320 0.445312 0.924805 0.472656 0.935547 0.455078 0.943359 0.465820 0.957031 0.451172 0.962891 0.464844 0.974609 0.453125 0.974609 0.456055 0.989258 0.433594 0.980469 0.422852 1.000000 0.393555 1.000000 0.389648 0.982422 0.378906 0.993164 0.375000 0.983398 0.354492 0.985352 0.363281 0.967773 0.342773 0.958008 0.355469 0.942383 0.333008 0.927734 0.371094 0.923828 0.370117 0.899414 0.393555 0.907227 0.417969 0.890625
1 0.499023 0.810547 0.528320 0.799805 0.517578 0.810547 0.545898 0.806641 0.541016 0.823242 0.551758 0.832031 0.538086 0.840820 0.555664 0.861328 0.555664 0.861328 0.541016 0.871094 0.547852 0.896484 0.528320 0.885742 0.522461 0.899414 0.502930 0.888672 0.500977 0.894531 0.498047 0.918945 0.489258 0.906250 0.470703 0.917969 0.470703 0.917969 0.467773 0.889648 0.435547 0.890625 0.433594 0.876953 0.445312 0.871094 0.433594 0.828125 0.454102 0.832031 0.455078 0.809570 0.468750 0.817383 0.480469 0.792969
1 0.542969 0.888672 0.542969 0.903320 0.565430 0.895508 0.561523 0.908203 0.575195 0.913086 0.571289 0.916992 0.568359 0.932617 0.581055 0.935547 0.574219 0.952148 0.565430 0.952148 0.564453 0.958008 0.568359 0.979492 0.552734 0.983398 0.551758 0.998047 0.545898 0.995117 0.532227 0.984375 0.530273 1.000000 0.492188 1.000000 0.493164 0.985352 0.485352 0.977539 0.467773 0.969727 0.489258 0.948242 0.456055 0.941406 0.456055 0.925781 0.492188 0.925781 0.491211 0.904297 0.517578 0.910156 0.519531 0.879883
1 0.625000 0.791992 0.639648 0.789062 0.643555 0.802734 0.667969 0.812500 0.666016 0.821289 0.666016 0.821289 0.675781 0.833008 0.667969 0.837891 0.675781 0.850586 0.658203 0.856445 0.672852 0.875000 0.648438 0.880859 0.646484 0.896484 0.625977 0.886719 0.621094 0.912109 0.615234 0.905273 0.604492 0.894531 0.589844 0.907227 0.583008 0.895508 0.562500 0.890625 0.568359 0.872070 0.543945 0.869141 0.540039 0.845703 0.555664 0.829102 0.557617 0.806641 0.582031 0.815430 0.598633 0.789062 0.615234 0.801758 0.615234 0.801758
1 0.640625 0.889648 0.661133 0.882812 0.664062 0.894531 0.675781 0.893555 0.671875 0.903320 0.681641 0.905273 0.672852 0.919922 0.691406 0.920898 0.693359 0.941406 0.677734 0.942383 0.689453 0.952148 0.674805 0.954102 0.681641 0.969727 0.671875 0.986328 0.653320 0.970703 0.654297 1.000000 0.606445 1.000000 0.611328 0.983398 0.586914 0.986328 0.587891 0.963867 0.572266 0.947266 0.580078 0.925781 0.595703 0.916992 0.592773 0.898438 0.617188 0.906250 0.632812 0.888672
1 0.634766 0.354492 0.664062 0.351562 0.658203 0.375000 0.669922 0.377930 0.660156 0.394531 0.666016 0.398438 0.671875 0.412109 0.667969 0.422852 0.647461 0.416016 0.639648 0.424805 0.625000 0.416016 0.619141 0.427734 0.599609 0.427734 0.598633 0.416992 0.584961 0.418945 0.598633 0.401367 0.577148 0.391602 0.594727 0.379883 0.584961 0.369141 0.587891 0.353516 0.600586 0.353516 0.612305 0.363281 0.613281 0.348633 0.634766 0.335938 0.634766 0.335938
1 0.723633 0.334961 0.739258 0.329102 0.738281 0.339844 0.746094 0.336914 0.753906 0.335938 0.748047 0.354492 0.763672 0.359375 0.756836 0.366211 0.762695 0.366211 0.771484 0.373047 0.763672 0.378906 0.772461 0.393555 0.766602 0.399414 0.756836 0.395508 0.763672 0.410156 0.754883 0.415039 0.753906 0.424805 0.750977 0.419922 0.748047 0.411133 0.739258 0.423828 0.727539 0.410156 0.726562 0.426758 0.708984 0.429688 0.708008 0.408203 0.690430 0.426758 0.665039 0.413086 0.685547 0.392578 0.660156 0.396484 0.664062 0.380859 0.683594 0.374023 0.662109 0.365234 0.662109 0.365234 0.664062 0.349609 0.684570 0.351562 0.680664 0.333008 0.696289 0.334961 0.703125 0.340820 0.706055 0.324219 0.718750 0.326172
1 0.833984 0.334961 0.836914 0.348633 0.853516 0.340820 0.859375 0.341797 0.858398 0.356445 0.868164 0.354492 0.869141 0.366211 0.879883 0.365234 0.866211 0.377930 0.886719 0.388672 0.864258 0.394531 0.864258 0.394531 0.880859 0.410156 0.875000 0.408203 0.859375 0.407227 0.858398 0.424805 0.841797 0.417969 0.830078 0.428711 0.822266 0.418945 0.806641 0.439453 0.800781 0.416992 0.775391 0.417969 0.791016 0.403320 0.788086 0.389648 0.768555 0.386719 0.772461 0.365234 0.789062 0.364258 0.792969 0.347656 0.809570 0.353516 0.809570 0.353516 0.806641 0.335938 0.824219 0.350586
1 0.644531 0.429688 0.659180 0.426758 0.661133 0.434570 0.671875 0.434570 0.676758 0.447266 0.666992 0.456055 0.692383 0.458008 0.681641 0.470703 0.687500 0.476562 0.684570 0.489258 0.695312 0.491211 0.681641 0.496094 0.690430 0.513672 0.690430 0.513672 0.673828 0.516602 0.652344 0.503906 0.638672 0.513672 0.639648 0.526367 0.618164 0.513672 0.586914 0.528320 0.576172 0.526367 0.583984 0.508789 0.566406 0.505859 0.579102 0.493164 0.560547 0.483398 0.572266 0.475586 0.573242 0.456055 0.589844 0.456055 0.583984 0.437500 0.583984 0.437500 0.596680 0.443359 0.609375 0.425781 0.618164 0.436523 0.632812 0.418945
1 0.756836 0.412109 0.756836 0.423828 0.769531 0.414062 0.771484 0.418945 0.783203 0.420898 0.782227 0.438477 0.764648 0.458008 0.786133 0.454102 0.805664 0.456055 0.801758 0.466797 0.786133 0.479492 0.807617 0.500977 0.793945 0.508789 0.793945 0.508789 0.779297 0.513672 0.779297 0.513672 0.756836 0.498047 0.753906 0.525391 0.738281 0.512695 0.717773 0.528320 0.708984 0.534180 0.708984 0.534180 0.705078 0.518555 0.693359 0.520508 0.704102 0.502930 0.687500 0.505859 0.681641 0.491211 0.681641 0.491211 0.683594 0.475586 0.708984 0.468750 0.692383 0.461914 0.681641 0.450195 0.694336 0.438477 0.695312 0.428711 0.719727 0.425781 0.728516 0.404297 0.741211 0.415039
1 0.858398 0.412109 0.870117 0.418945 0.872070 0.434570 0.883789 0.423828 0.885742 0.429688 0.892578 0.434570 0.900391 0.443359 0.910156 0.458008 0.902344 0.471680 0.905273 0.482422 0.894531 0.495117 0.885742 0.504883 0.868164 0.500000 0.843750 0.519531 0.840820 0.499023 0.813477 0.500000 0.804688 0.480469 0.831055 0.473633 0.801758 0.461914 0.809570 0.442383 0.828125 0.449219 0.821289 0.423828 0.844727 0.419922 0.849609 0.433594
1 0.670898 0.514648 0.692383 0.510742 0.697266 0.517578 0.697266 0.517578 0.683594 0.531250 0.683594 0.531250 0.702148 0.531250 0.690430 0.544922 0.704102 0.551758 0.695312 0.558594 0.716797 0.575195 0.690430 0.578125 0.700195 0.592773 0.704102 0.612305 0.682617 0.607422 0.688477 0.625977 0.666992 0.614258 0.662109 0.629883 0.654297 0.623047 0.647461 0.639648 0.632812 0.627930 0.625000 0.635742 0.614258 0.625000 0.602539 0.631836 0.604492 0.612305 0.577148 0.616211 0.601562 0.589844 0.573242 0.592773 0.577148 0.584961 0.563477 0.582031 0.559570 0.551758 0.575195 0.549805 0.575195 0.549805 0.601562 0.549805 0.575195 0.538086 0.587891 0.535156 0.588867 0.518555 0.588867 0.518555 0.606445 0.517578 0.618164 0.506836 0.634766 0.516602 0.653320 0.501953
1 0.797852 0.505859 0.788086 0.534180 0.813477 0.531250 0.808594 0.540039 0.821289 0.547852 0.805664 0.558594 0.824219 0.565430 0.812500 0.576172 0.818359 0.579102 0.832031 0.592773 0.801758 0.588867 0.811523 0.613281 0.790039 0.610352 0.781250 0.629883 0.772461 0.616211 0.759766 0.632812 0.745117 0.621094 0.745117 0.621094 0.738281 0.629883 0.739258 0.605469 0.726562 0.614258 0.724609 0.602539 0.708984 0.610352 0.705078 0.596680 0.698242 0.584961 0.703125 0.583008 0.724609 0.574219 0.697266 0.561523 0.694336 0.549805 0.711914 0.551758 0.688477 0.538086 0.700195 0.524414 0.712891 0.531250 0.709961 0.517578 0.729492 0.525391 0.731445 0.513672 0.750000 0.518555 0.756836 0.500977 0.761719 0.499023 0.773438 0.497070 0.775391 0.512695
1 0.872070 0.513672 0.882812 0.506836 0.908203 0.504883 0.900391 0.527344 0.928711 0.532227 0.916016 0.545898 0.905273 0.560547 0.928711 0.568359 0.913086 0.574219 0.927734 0.588867 0.912109 0.592773 0.913086 0.601562 0.893555 0.598633 0.889648 0.613281 0.875977 0.607422 0.868164 0.618164 0.861328 0.606445 0.848633 0.617188 0.840820 0.587891 0.815430 0.574219 0.833984 0.553711 0.810547 0.545898 0.825195 0.526367 0.842773 0.533203 0.836914 0.507812 0.836914 0.507812 0.850586 0.516602 0.861328 0.502930 0.871094 0.502930
1 0.685547 0.620117 0.696289 0.635742 0.696289 0.645508 0.714844 0.632812 0.714844 0.648438 0.723633 0.655273 0.740234 0.669922 0.734375 0.685547 0.741211 0.703125 0.720703 0.702148 0.728516 0.716797 0.721680 0.724609 0.711914 0.718750 0.719727 0.733398 0.704102 0.725586 0.698242 0.742188 0.694336 0.744141 0.683594 0.732422 0.665039 0.742188 0.643555 0.750977 0.638672 0.737305 0.625977 0.737305 0.628906 0.722656 0.602539 0.703125 0.617188 0.695312 0.607422 0.681641 0.617188 0.664062 0.629883 0.653320 0.630859 0.632812 0.648438 0.642578 0.648438 0.624023 0.660156 0.627930 0.665039 0.616211 0.676758 0.631836
1 0.801758 0.625977 0.815430 0.620117 0.819336 0.633789 0.826172 0.637695 0.826172 0.642578 0.835938 0.642578 0.838867 0.656250 0.830078 0.661133 0.839844 0.670898 0.839844 0.687500 0.845703 0.693359 0.834961 0.698242 0.833984 0.708008 0.819336 0.706055 0.817383 0.699219 0.807617 0.719727 0.797852 0.721680 0.781250 0.697266 0.739258 0.713867 0.732422 0.708008 0.758789 0.685547 0.742188 0.685547 0.728516 0.684570 0.726562 0.656250 0.749023 0.666992 0.741211 0.634766 0.750000 0.636719 0.744141 0.621094 0.764648 0.629883 0.771484 0.615234 0.784180 0.622070 0.791992 0.604492
1 0.896484 0.597656 0.907227 0.611328 0.908203 0.632812 0.932617 0.618164 0.930664 0.629883 0.938477 0.625000 0.936523 0.639648 0.941406 0.640625 0.953125 0.641602 0.941406 0.651367 0.941406 0.651367 0.954102 0.658203 0.945312 0.665039 0.928711 0.666016 0.943359 0.674805 0.931641 0.678711 0.938477 0.688477 0.926758 0.687500 0.928711 0.698242 0.908203 0.691406 0.906250 0.704102 0.894531 0.696289 0.881836 0.708008 0.875977 0.694336 0.860352 0.707031 0.860352 0.707031 0.848633 0.702148 0.848633 0.702148 0.857422 0.683594 0.833984 0.684570 0.825195 0.664062 0.854492 0.657227 0.833008 0.636719 0.854492 0.636719 0.858398 0.633789 0.849609 0.612305 0.855469 0.612305 0.864258 0.618164 0.865234 0.604492 0.880859 0.611328
1 0.716797 0.724609 0.734375 0.712891 0.744141 0.715820 0.737305 0.732422 0.746094 0.737305 0.746094 0.753906 0.761719 0.764648 0.743164 0.773438 0.756836 0.791016 0.752930 0.804688 0.732422 0.805664 0.730469 0.822266 0.713867 0.822266 0.695312 0.813477 0.693359 0.821289 0.668945 0.811523 0.671875 0.792969 0.648438 0.798828 0.653320 0.790039 0.643555 0.784180 0.652344 0.773438 0.647461 0.756836 0.661133 0.756836 0.659180 0.737305 0.682617 0.732422 0.693359 0.741211 0.700195 0.724609
1 0.836914 0.704102 0.852539 0.703125 0.852539 0.716797 0.841797 0.728516 0.863281 0.735352 0.876953 0.742188 0.876953 0.742188 0.858398 0.754883 0.851562 0.759766 0.851562 0.759766 0.867188 0.788086 0.864258 0.792969 0.839844 0.790039 0.833984 0.800781 0.814453 0.792969 0.800781 0.807617 0.777344 0.817383 0.762695 0.814453 0.770508 0.803711 0.756836 0.796875 0.769531 0.787109 0.746094 0.789062 0.740234 0.774414 0.761719 0.761719 0.740234 0.754883 0.742188 0.745117 0.759766 0.744141 0.746094 0.722656 0.778320 0.722656 0.777344 0.700195 0.797852 0.714844 0.820312 0.696289 0.819336 0.711914
1 0.926758 0.693359 0.942383 0.710938 0.958984 0.724609 0.973633 0.714844 0.966797 0.736328 0.953125 0.744141 0.978516 0.747070 0.977539 0.767578 0.952148 0.772461 0.957031 0.789062 0.952148 0.804688 0.947266 0.803711 0.936523 0.802734 0.921875 0.794922 0.909180 0.809570 0.894531 0.806641 0.896484 0.788086 0.896484 0.788086 0.880859 0.793945 0.865234 0.768555 0.882812 0.747070 0.861328 0.752930 0.856445 0.730469 0.884766 0.721680 0.878906 0.706055 0.878906 0.706055 0.901367 0.695312 0.910156 0.704102 0.911133 0.688477
1 0.835938 0.796875 0.851562 0.785156 0.851562 0.785156 0.863281 0.794922 0.869141 0.805664 0.868164 0.815430 0.877930 0.808594 0.881836 0.816406 0.873047 0.830078 0.883789 0.829102 0.879883 0.839844 0.885742 0.844727 0.877930 0.858398 0.883789 0.862305 0.870117 0.874023 0.861328 0.881836 0.861328 0.881836 0.859375 0.896484 0.842773 0.893555 0.825195 0.893555 0.815430 0.904297 0.800781 0.888672 0.798828 0.879883 0.785156 0.879883 0.774414 0.869141 0.769531 0.841797 0.769531 0.841797 0.778320 0.834961 0.772461 0.828125 0.778320 0.810547 0.799805 0.805664 0.810547 0.807617 0.816406 0.791016
1 0.956055 0.794922 0.957031 0.804688 0.969727 0.796875 0.969727 0.796875 0.970703 0.809570 0.989258 0.807617 0.981445 0.818359 0.986328 0.831055 0.993164 0.833008 0.992188 0.847656 0.994141 0.855469 0.981445 0.865234 0.983398 0.873047 0.964844 0.875000 0.962891 0.891602 0.942383 0.883789 0.933594 0.891602 0.915039 0.893555 0.920898 0.879883 0.913086 0.881836 0.909180 0.874023 0.898438 0.873047 0.887695 0.867188 0.898438 0.855469 0.883789 0.863281 0.876953 0.854492 0.900391 0.841797 0.882812 0.828125 0.899414 0.820312 0.903320 0.811523 0.909180 0.809570 0.918945 0.791016 0.935547 0.800781
1 0.757812 0.901367 0.774414 0.869141 0.776367 0.884766 0.790039 0.877930 0.790039 0.877930 0.788086 0.897461 0.795898 0.894531 0.794922 0.902344 0.790039 0.916992 0.800781 0.913086 0.819336 0.907227 0.812500 0.919922 0.803711 0.927734 0.803711 0.937500 0.803711 0.937500 0.819336 0.950195 0.813477 0.955078 0.795898 0.961914 0.795898 0.961914 0.801758 0.971680 0.801758 0.971680 0.812500 0.973633 0.816406 1.000000 0.692383 1.000000 0.709961 0.980469 0.714844 0.955078 0.694336 0.958008 0.670898 0.956055 0.687500 0.939453 0.714844 0.938477 0.718750 0.928711 0.703125 0.918945 0.685547 0.897461 0.698242 0.898438 0.712891 0.909180 0.728516 0.920898 0.738281 0.921875 0.738281 0.921875 0.733398 0.897461 0.733398 0.880859 0.751953 0.879883
1 0.861328 0.898438 0.877930 0.906250 0.879883 0.918945 0.889648 0.923828 0.910156 0.932617 0.902344 0.945312 0.881836 0.951172 0.883789 0.960938 0.910156 0.964844 0.905273 0.983398 0.893555 0.983398 0.892578 0.998047 0.818359 1.000000 0.821289 0.989258 0.809570 0.986328 0.816406 0.974609 0.803711 0.971680 0.795898 0.956055 0.814453 0.955078 0.815430 0.940430 0.801758 0.940430 0.802734 0.921875 0.827148 0.923828 0.823242 0.908203 0.833984 0.894531 0.845703 0.900391
1 0.934570 0.921875 0.879883 0.904297 0.878906 0.914062 0.924805 0.939453 0.899414 0.947266 0.876953 0.949219 0.879883 0.962891 0.909180 0.967773 0.909180 0.967773 0.895508 0.987305 0.893555 1.000000 1.000000 1.000000 1.000000 0.905273 0.983398 0.909180 0.980469 0.882812 0.964844 0.906250 0.963867 0.878906 0.945312 0.883789 0.918945 0.882812 0.912109 0.887695 0.912109 0.887695