1 0.801393 0.383962 0.806426 0.383611 0.809820 0.385249 0.816141 0.380687 0.822110 0.376942 0.824920 0.383729 0.827963 0.389813 0.832527 0.386068 0.837210 0.385718 0.842711 0.389345 0.846925 0.394493 0.850319 0.398705 0.854182 0.403619 0.858396 0.406661 0.859068 0.409352 0.862443 0.414359 0.858960 0.420236 0.857000 0.420127 0.859178 0.424371 0.859286 0.426980 0.864512 0.430574 0.854932 0.438733 0.855585 0.441130 0.854170 0.446024 0.854061 0.456909 0.849053 0.460174 0.841324 0.462459 0.833159 0.465180 0.826628 0.468553 0.818790 0.471491 0.809972 0.474212 0.801480 0.465724 0.796800 0.456474 0.795820 0.445698 0.789180 0.437539 0.787438 0.424807 0.789840 0.421518 0.792427 0.416685 0.792857 0.412279 0.791351 0.406057 0.793813 0.403540 0.794854 0.399219 0.793704 0.395170 0.799122 0.395388 0.795291 0.388605 0.799997 0.389754 0.801584 0.384884
1 0.855632 0.461453 0.855357 0.460766 0.852346 0.468980 0.855495 0.474318 0.860561 0.475003 0.865216 0.475550 0.870966 0.471033 0.872700 0.469652 0.878623 0.466269 0.882360 0.467679 0.884758 0.464437 0.888213 0.465916 0.892866 0.465916 0.896956 0.460912 0.900552 0.456260 0.905770 0.451538 0.909506 0.447521 0.909436 0.441036 0.914089 0.441882 0.917615 0.439626 0.914988 0.435532 0.917132 0.429520 0.919344 0.424268 0.925773 0.423784 0.930336 0.422264 0.930060 0.410100 0.932967 0.408973 0.927384 0.404508 0.921522 0.401927 0.915660 0.405345 0.911264 0.407856 0.904704 0.402834 0.899732 0.402052 0.893693 0.400288 0.889757 0.401509 0.889418 0.405918 0.885075 0.403884 0.880867 0.404900 0.877882 0.409647 0.877882 0.416433 0.873606 0.419078 0.871207 0.421306 0.865740 0.424070 0.863424 0.427479 0.857692 0.435896 0.854931 0.439877 0.854160 0.449120
1 0.998751 0.447018 0.995229 0.448426 0.991145 0.448708 0.988891 0.447581 0.986637 0.449975 0.985861 0.450820 0.985087 0.451665 0.980157 0.453636 0.979171 0.456593 0.979875 0.459269 0.977903 0.462508 0.974944 0.466450 0.972223 0.469803 0.971646 0.476872 0.972295 0.487187 0.971862 0.489280 0.969500 0.493833 0.974517 0.502225 0.969500 0.503967 0.974619 0.512563 0.980070 0.514768 0.983730 0.519317 0.985090 0.514820 0.984476 0.509854 0.987446 0.508933 0.991339 0.509598 0.993336 0.510417 0.993849 0.512619 0.995743 0.512721 0.997434 0.509291 0.999227 0.509956 0.999809 0.510610 1.000000 0.443020
1 0.905776 0.513493 0.910201 0.510420 0.910687 0.506591 0.912899 0.503895 0.915220 0.502114 0.917378 0.499849 0.920021 0.498177 0.921748 0.496020 0.925094 0.494833 0.926152 0.495408 0.929376 0.497315 0.931152 0.500209 0.932073 0.502248 0.933916 0.507114 0.932995 0.510401 0.933061 0.516914 0.930231 0.520794 0.926613 0.524477 0.921481 0.525858 0.915626 0.523951 0.909639 0.520334 0.905889 0.515928
1 0.964671 0.583414 0.968172 0.581362 0.972639 0.581604 0.974756 0.581021 0.978282 0.579286 0.981403 0.579518 0.984525 0.581656 0.985797 0.584949 0.987763 0.587435 0.989331 0.588785 0.992663 0.591348 0.995568 0.593822 0.997447 0.603986 0.992406 0.610308 0.985999 0.616714 0.979591 0.621668 0.974977 0.623376 0.971218 0.625338 0.962417 0.626534 0.956692 0.620898 0.955411 0.613639 0.960879 0.598095 0.964297 0.592287
1 0.908978 0.579808 0.912396 0.569557 0.914934 0.565257 0.919896 0.560957 0.926184 0.557870 0.932470 0.556437 0.938315 0.560516 0.942948 0.565695 0.944713 0.575839 0.946146 0.585431 0.947083 0.591570 0.944622 0.596984 0.940543 0.599305 0.936534 0.602679 0.932525 0.606053 0.929643 0.605632 0.925282 0.604999 0.921203 0.605069 0.917125 0.607318 0.914522 0.608514 0.909951 0.606896 0.910597 0.596250
1 0.854049 0.595184 0.858462 0.585007 0.865138 0.577881 0.871247 0.573470 0.881204 0.570077 0.889125 0.566005 0.893198 0.567699 0.901006 0.568945 0.909039 0.574937 0.910284 0.586927 0.909604 0.605477 0.903382 0.607289 0.896933 0.611021 0.890936 0.613510 0.883241 0.614754 0.881188 0.607840 0.877702 0.607917 0.878012 0.602494 0.874758 0.598546 0.871581 0.594674 0.864144 0.596145 0.857868 0.596455
1 0.843313 0.572725 0.845439 0.566367 0.848078 0.559458 0.849900 0.558643 0.852036 0.560275 0.853670 0.557889 0.854676 0.553555 0.857754 0.549912 0.861398 0.547525 0.864604 0.549096 0.869818 0.548781 0.874594 0.548593 0.879243 0.551420 0.880738 0.556549 0.880671 0.563251 0.877454 0.570421 0.871688 0.572699 0.864650 0.575715 0.860360 0.581344 0.853718 0.594103 0.853790 0.585515 0.852129 0.577214
1 0.815867 0.634310 0.812959 0.631402 0.808601 0.631993 0.805735 0.629368 0.805878 0.624261 0.808457 0.619105 0.811942 0.616814 0.813251 0.616088 0.817429 0.613359 0.821050 0.612302 0.823891 0.608069 0.827790 0.603670 0.830241 0.601832 0.835979 0.603503 0.841828 0.602835 0.846007 0.603392 0.849619 0.603676 0.854581 0.604467 0.859254 0.603604 0.861645 0.606208 0.864960 0.613609 0.870044 0.619022 0.874796 0.623773 0.875021 0.627185 0.875481 0.634832 0.874817 0.644118 0.872758 0.655708 0.869097 0.660894 0.866504 0.666231 0.859258 0.671873 0.853700 0.675840 0.853780 0.683787 0.849011 0.685297 0.845990 0.683390 0.842096 0.689349 0.838201 0.689746 0.835102 0.687124 0.830810 0.686807 0.826676 0.690303 0.820317 0.690700 0.813800 0.689667 0.810033 0.688614 0.804865 0.685601 0.801333 0.680262 0.801937 0.671910 0.800386 0.665021 0.800309 0.658117 0.800369 0.650464 0.803323 0.648114 0.807482 0.645281 0.810204 0.641456
1 0.825718 0.727079 0.825930 0.721869 0.827620 0.718349 0.829240 0.713139 0.830226 0.705605 0.832832 0.700817 0.836564 0.696312 0.841354 0.696030 0.845299 0.696593 0.850299 0.698494 0.854947 0.702226 0.858751 0.707082 0.858470 0.715531 0.858610 0.722714 0.854032 0.726726 0.855934 0.729191 0.854103 0.733839 0.850299 0.737570 0.845650 0.738837 0.840791 0.741442 0.836143 0.739541 0.830931 0.735810 0.825647 0.729685
1 0.853400 0.758190 0.855506 0.751526 0.857099 0.744427 0.859156 0.738919 0.860484 0.733146 0.862476 0.727108 0.866591 0.723326 0.870308 0.723326 0.873893 0.726577 0.876440 0.723349 0.879886 0.718972 0.883905 0.719330 0.890150 0.722272 0.894385 0.726003 0.895978 0.728066 0.898854 0.732133 0.900678 0.735008 0.903327 0.733981 0.908579 0.737762 0.912466 0.742592 0.912845 0.746099 0.908571 0.753657 0.909038 0.757835 0.909038 0.764859 0.905736 0.768440 0.904331 0.770687 0.900608 0.771107 0.903910 0.772863 0.903292 0.777073 0.897937 0.777595 0.891329 0.772717 0.884174 0.773164 0.882944 0.764559 0.878602 0.761563 0.873593 0.758717 0.866325 0.761073
1 0.851419 0.758172 0.845375 0.758649 0.841446 0.766432 0.838468 0.771566 0.841351 0.775934 0.841190 0.778661 0.837392 0.780372 0.834449 0.782618 0.833058 0.786147 0.831613 0.791549 0.830864 0.794385 0.831667 0.796845 0.835643 0.798442 0.836107 0.800695 0.835687 0.802959 0.833959 0.808848 0.833472 0.811194 0.835713 0.816496 0.838113 0.818328 0.840470 0.819769 0.842652 0.821470 0.847670 0.823428 0.844937 0.828103 0.847759 0.832247 0.851463 0.834187 0.855432 0.832864 0.859137 0.831453 0.863723 0.831101 0.867780 0.829161 0.870690 0.826075 0.874748 0.825370 0.878717 0.817170 0.882421 0.821931 0.884603 0.821413 0.886845 0.819619 0.889407 0.819619 0.891585 0.818979 0.894404 0.816098 0.896390 0.814816 0.898399 0.811766 0.896899 0.806481 0.896508 0.796371 0.897160 0.790500 0.896520 0.782190 0.893383 0.775854 0.889045 0.773720 0.883929 0.773046 0.882429 0.764610 0.874178 0.759110 0.866313 0.761592
1 0.933653 0.758286 0.929979 0.763375 0.926022 0.769308 0.921956 0.778934 0.923120 0.779880 0.922029 0.786350 0.918538 0.791001 0.917012 0.794344 0.917157 0.801760 0.923992 0.804595 0.930755 0.809028 0.935699 0.810918 0.944513 0.816347 0.950875 0.819625 0.957595 0.820604 0.961864 0.823334 0.967043 0.824384 0.973622 0.820046 0.977401 0.815288 0.972502 0.804794 0.975664 0.791706 0.967934 0.774432
1 0.911790 0.805208 0.914216 0.811729 0.911790 0.820368 0.910746 0.825024 0.910906 0.833142 0.908415 0.837802 0.905119 0.841579 0.905119 0.843748 0.908816 0.848167 0.914765 0.850257 0.921275 0.849774 0.925375 0.850257 0.928831 0.846399 0.933581 0.841718 0.933662 0.849930 0.935288 0.855700 0.941224 0.854969 0.944720 0.857651 0.948379 0.857082 0.952851 0.852937 0.954559 0.846028 0.952851 0.839200 0.954884 0.834893 0.957323 0.829447 0.961716 0.825270 0.958150 0.820814 0.951410 0.820732 0.918328 0.802288
1 0.773381 0.698846 0.770354 0.702066 0.766710 0.709063 0.762971 0.714622 0.756643 0.720466 0.756738 0.730148 0.749739 0.741938 0.743986 0.749604 0.738123 0.770074 0.737311 0.781743 0.738877 0.790794 0.738973 0.800496 0.751723 0.799128 0.770744 0.802081 0.789951 0.799682 0.800662 0.810204 0.811004 0.815923 0.820977 0.805770 0.824116 0.784174 0.826702 0.765344 0.830046 0.743069 0.817608 0.727723 0.820135 0.713735 0.809641 0.712181 0.790789 0.703051
1 0.763437 0.705062 0.752925 0.694554 0.742610 0.682657 0.732297 0.684046 0.723769 0.697527 0.717224 0.705458 0.710678 0.712794 0.704331 0.722307 0.698579 0.744116 0.698777 0.764344 0.708298 0.770887 0.727537 0.775646 0.738842 0.780201
1 0.716445 0.870461 0.704861 0.856167 0.695269 0.845131 0.684591 0.843503 0.675903 0.851102 0.665587 0.857249 0.669138 0.864449 0.668616 0.870082 0.663396 0.878329 0.656743 0.884037 0.658006 0.891702 0.658187 0.900812 0.661523 0.906582 0.667207 0.911542 0.674333 0.916861 0.684165 0.923444 0.695208 0.913692 0.701594 0.915625 0.707644 0.904789 0.717560 0.873539
1 0.746132 0.878755 0.730573 0.877645 0.718488 0.877506 0.712793 0.888611 0.703068 0.903886 0.703208 0.917775 0.721267 0.926246 0.740575 0.929718 0.749604 0.930412 0.754050 0.921803 0.750716 0.913332 0.756133 0.909583 0.750299 0.900279 0.746132 0.894027
1 0.803193 0.844327 0.793588 0.839334 0.780909 0.842019 0.781678 0.849512 0.781102 0.861227 0.795317 0.863143 0.801464 0.861034 0.806459 0.850088
1 0.764580 0.865259 0.757280 0.872748 0.754207 0.882733 0.754417 0.886646 0.759726 0.892836 0.766007 0.895224 0.771669 0.890006 0.776712 0.881870 0.775473 0.873645 0.770695 0.870727 0.766184 0.868604
1 0.691733 0.931925 0.688543 0.930832 0.681353 0.929907 0.679275 0.926836 0.675373 0.925763 0.671666 0.926251 0.666690 0.923910 0.662690 0.926641 0.656739 0.927323 0.655179 0.931225 0.652169 0.935061 0.648045 0.933335 0.642962 0.938225 0.638358 0.945606 0.637017 0.949058 0.638744 0.959532 0.636528 0.961562 0.641376 0.966773 0.652810 0.971896 0.655828 0.976925 0.666556 0.982589 0.672732 0.979231 0.686494 0.969915 0.692021 0.962877 0.696030 0.953670 0.696355 0.942513 0.690587 0.935231
1 0.633621 0.964068 0.626542 0.965268 0.619703 0.969705 0.613585 0.977621 0.611425 0.984457 0.621023 0.997051 0.632301 1.000000 0.654497 0.999809 0.661456 0.997290 0.659177 0.987216 0.663136 0.981339 0.658097 0.973663 0.637101 0.962989
1 0.903757 0.853166 0.902235 0.850694 0.898716 0.848508 0.895482 0.852405 0.892534 0.851930 0.889110 0.850694 0.884546 0.851645 0.882644 0.855162 0.888064 0.860677 0.884261 0.861342 0.879125 0.862008 0.873989 0.863526 0.873989 0.869043 0.874180 0.873131 0.877021 0.879467 0.880723 0.878557 0.885263 0.881001 0.882050 0.886587 0.885333 0.887775 0.886729 0.879325 0.889663 0.880723 0.892597 0.880793 0.895461 0.877721 0.897626 0.875277 0.901397 0.872764 0.902935 0.871018 0.897067 0.866688 0.901887 0.866059
1 0.872373 0.881416 0.871409 0.877510 0.867907 0.876344 0.864102 0.875836 0.861107 0.878880 0.858976 0.880300 0.856489 0.882329 0.853394 0.884814 0.852733 0.889329 0.858215 0.888671 0.854865 0.890649 0.853343 0.894301 0.850704 0.895113 0.853394 0.899374 0.854256 0.902621 0.855400 0.905858 0.857854 0.906012 0.861739 0.904377 0.865472 0.901208 0.868283 0.898499 0.869562 0.901157 0.872782 0.899266 0.870124 0.894974 0.867670 0.891601 0.870481 0.886949 0.873446 0.883577
1 0.844280 0.899568 0.841652 0.896008 0.839141 0.893556 0.835637 0.894373 0.835366 0.895537 0.834709 0.899330 0.831619 0.899233 0.829552 0.899865 0.830257 0.902249 0.830281 0.904681 0.830671 0.906334 0.830671 0.908815 0.829625 0.909569 0.827849 0.908110 0.826243 0.908621 0.825367 0.910031 0.823541 0.910832 0.822283 0.911974 0.823600 0.913699 0.825238 0.914343 0.825854 0.915980 0.824419 0.915278 0.824478 0.918203 0.827463 0.917472 0.828253 0.922328 0.828910 0.923990 0.831016 0.925450 0.832408 0.925892 0.833788 0.926756 0.836677 0.924032 0.839565 0.922997 0.840202 0.917604 0.841794 0.914628 0.843539 0.914422 0.843243 0.911352 0.841002 0.909845 0.839264 0.907489 0.838447 0.904772 0.840803 0.902188 0.843944 0.901819
1 0.803346 0.943855 0.801133 0.940804 0.797316 0.939735 0.794416 0.943855 0.792126 0.946373 0.787853 0.945610 0.783044 0.942480 0.780449 0.947745 0.783044 0.950187 0.780525 0.956748 0.778159 0.958504 0.780678 0.964455 0.786021 0.966437 0.785868 0.971626 0.785944 0.974068 0.785868 0.979181 0.788845 0.977044 0.790371 0.972313 0.788463 0.970406 0.791363 0.966363 0.795103 0.963082 0.798309 0.960793 0.800445 0.963616 0.801057 0.964989 0.805560 0.961251 0.801973 0.959876 0.801496 0.956727 0.804381 0.957699 0.806044 0.959267 0.808521 0.958545 0.806212 0.954525 0.802517 0.954163 0.799438 0.954162 0.802010 0.950505 0.805125 0.949346 0.810587 0.951864 0.810236 0.948226 0.807604 0.946121 0.804402 0.944937
1 0.775776 0.962744 0.771570 0.962433 0.766353 0.960642 0.761369 0.964534 0.759655 0.968892 0.757241 0.973176 0.757080 0.976078 0.756377 0.980292 0.753516 0.985411 0.754169 0.987368 0.753427 0.992485 0.752091 0.995032 0.752401 0.996679 0.753800 0.997890 0.756130 0.997982 0.757559 0.997424 0.758823 0.998207 0.759338 1.000000 0.762004 0.999891 0.761021 0.996617 0.761863 0.993578 0.766619 0.991152 0.770230 0.990249 0.771945 0.990430 0.775918 0.989347 0.778085 0.986640 0.774021 0.982759 0.772036 0.981856 0.776911 0.976983 0.779710 0.975269 0.780703 0.966875 0.777001 0.967958 0.774474 0.971839 0.770230 0.976622 0.770797 0.972005 0.773780 0.969023 0.776006 0.965774
1 0.998901 0.723974 0.994219 0.728802 0.988804 0.729533 0.984560 0.733483 0.979437 0.736994 0.974168 0.739917 0.973876 0.747235 0.974314 0.754550 0.980315 0.760256 0.987340 0.761279 0.992901 0.766985 0.997730 0.775909 1.000000 0.778104 1.000000 0.723093
1 0.976855 0.791370 0.983143 0.790961 0.989945 0.792712 0.997058 0.798379 0.999737 0.802602 1.000000 0.817336 0.997367 0.822284 0.993038 0.825581 0.986235 0.825993 0.980153 0.826303 0.976030 0.823727 0.977680 0.816617 0.974690 0.807962 0.974896 0.796216
1 0.973099 0.937249 0.977896 0.934138 0.978545 0.923379 0.972062 0.919230 0.965582 0.920388 0.962937 0.927794 0.966641 0.933439
1 0.997196 0.873301 0.990285 0.880802 0.983571 0.881788 0.972908 0.881394 0.974609 0.893498 0.974713 0.899302 0.978755 0.907383 0.983212 0.912873 0.990360 0.914538 1.000000 0.912301 1.000000 0.872931
0 0.672452 0.719277 0.679856 0.718312 0.687423 0.718312 0.693379 0.719760 0.699979 0.724909 0.705935 0.730541 0.706578 0.737940 0.706578 0.753874 0.700461 0.764173 0.695311 0.770127 0.682187 0.783965 0.678277 0.786620 0.675064 0.791227 0.669758 0.793880 0.665708 0.797510 0.660681 0.804070 0.655373 0.808678 0.650066 0.814122 0.637039 0.822813 0.626896 0.837347 0.614026 0.846275 0.606815 0.854317 0.598817 0.861371 0.601655 0.869314 0.593234 0.871093 0.585882 0.873820 0.581612 0.877970 0.576631 0.879748 0.572480 0.881168 0.572214 0.887854 0.575080 0.890720 0.574313 0.892410 0.570934 0.892869 0.570422 0.895378 0.568066 0.896862 0.564790 0.896044 0.561975 0.895122 0.559773 0.897271 0.559415 0.899421 0.559773 0.902440 0.557060 0.906433 0.555063 0.906329 0.555165 0.909145 0.555114 0.911448 0.551348 0.911873 0.548011 0.912283 0.545599 0.911666 0.543135 0.913771 0.541716 0.916866 0.541785 0.923869 0.539012 0.925602 0.535753 0.925671 0.532633 0.929067 0.529512 0.932672 0.524839 0.931465 0.524043 0.937433 0.519467 0.942206 0.515288 0.948571 0.511607 0.952052 0.507826 0.954041 0.504444 0.957920 0.500373 0.956067 0.494578 0.960746 0.490679 0.965424 0.488004 0.970103 0.483659 0.976451 0.475574 0.981838 0.470664 0.985014 0.461855 0.975054 0.454058 0.970723 0.448281 0.968990 0.441928 0.968413 0.433119 0.960186 0.436151 0.949503 0.444383 0.938677 0.452758 0.934346 0.458454 0.931104 0.461555 0.926130 0.466026 0.920291 0.469992 0.917768 0.474319 0.915531 0.474103 0.910773 0.476339 0.909043 0.475229 0.904715 0.479568 0.901114 0.482229 0.899642 0.484018 0.897446 0.486333 0.895779 0.488094 0.895502 0.490225 0.891566 0.492633 0.891103 0.493977 0.890964 0.494208 0.887074 0.497779 0.883886 0.500373 0.885759 0.502391 0.887055 0.504984 0.885566 0.508250 0.885518 0.507241 0.880861 0.506953 0.876636 0.510075 0.879613 0.511564 0.879949 0.513108 0.876709 0.516487 0.876896 0.516909 0.873145 0.521272 0.873285 0.521132 0.869251 0.522398 0.865640 0.526411 0.863434 0.529656 0.860977 0.531623 0.860780 0.532163 0.855816 0.534425 0.853457 0.536268 0.852669 0.539133 0.850622 0.541005 0.846997 0.543929 0.847114 0.547560 0.842803 0.544991 0.840613 0.544161 0.838499 0.547711 0.835554 0.551866 0.833816 0.555643 0.832231 0.558442 0.830384 0.557988 0.826472 0.561391 0.826837 0.558773 0.820978 0.561024 0.817472 0.566060 0.817036 0.568846 0.812823 0.571988 0.813895 0.573917 0.808968 0.576274 0.810253 0.577346 0.804470 0.580417 0.803112 0.581667 0.799687 0.584578 0.801206 0.586984 0.797473 0.589770 0.796587 0.592175 0.794119 0.594580 0.796144 0.594074 0.791019 0.596859 0.791397 0.599265 0.791713 0.600041 0.787691 0.603073 0.786843 0.604572 0.783097 0.608774 0.782521 0.609695 0.777457 0.613898 0.777054 0.617295 0.779239 0.616290 0.776121 0.615012 0.774906 0.615262 0.772537 0.619471 0.772755 0.620504 0.769164 0.622191 0.764946 0.625313 0.763428 0.627212 0.762627 0.627972 0.759168 0.630805 0.757320 0.632783 0.759079 0.635532 0.759464 0.637182 0.759134 0.638062 0.754573 0.640810 0.754354 0.640865 0.750286 0.644456 0.750095 0.646829 0.746981 0.647373 0.741990 0.651180 0.742879 0.650389 0.738729 0.652712 0.738630 0.653179 0.732909 0.656243 0.727610 0.660903 0.727867 0.667159 0.725506
1 0.350547 0.839907 0.350810 0.850420 0.349155 0.855063 0.347183 0.858880 0.350301 0.870709 0.354118 0.874781 0.358365 0.875822 0.358365 0.879611 0.358555 0.882137 0.364111 0.882263 0.373268 0.882642 0.378446 0.885672 0.380572 0.886027 0.382418 0.883419 0.385474 0.886473 0.387638 0.888637 0.389802 0.887682 0.391266 0.883292 0.394894 0.882337 0.397949 0.880619 0.401068 0.879410 0.404046 0.874071 0.403396 0.867177 0.406886 0.865230 0.408671 0.859796 0.410294 0.854199 0.408448 0.848883 0.405710 0.842085 0.401824 0.839083 0.401647 0.830341 0.395995 0.830520 0.391403 0.827253 0.385313 0.824603 0.379438 0.821001 0.375731 0.823573 0.370665 0.823500 0.366187 0.822619 0.361733 0.821559 0.357660 0.828988 0.355873 0.831416 0.353729 0.837775
1 0.267231 0.760157 0.267106 0.755806 0.265309 0.751686 0.267062 0.750014 0.269925 0.750709 0.271897 0.748660 0.271354 0.744044 0.273410 0.742524 0.275671 0.740963 0.276698 0.739031 0.278919 0.737265 0.281015 0.737223 0.283811 0.738127 0.286318 0.739565 0.289938 0.741321 0.292371 0.744387 0.295846 0.746429 0.297143 0.747794 0.296168 0.750434 0.297273 0.754117 0.295892 0.758261 0.295846 0.762911 0.292990 0.765628 0.286589 0.766180 0.280095 0.767653 0.274385 0.765950 0.269917 0.762129
1 0.169262 0.856087 0.168122 0.852438 0.169205 0.849477 0.172568 0.845658 0.175818 0.844290 0.177928 0.838249 0.181405 0.834316 0.186365 0.831752 0.191041 0.833176 0.194575 0.838933 0.198155 0.841262 0.197419 0.845418 0.197366 0.850732 0.194314 0.854099 0.192577 0.856309 0.188683 0.858413 0.184052 0.856992 0.181000 0.859833 0.176211 0.862779 0.171106 0.858676
1 0.679102 0.033769 0.669266 0.013822 0.658305 0.005676 0.645939 0.012699 0.637228 0.017756 0.628234 0.020846 0.623737 0.028712 0.619241 0.040512 0.615282 0.042671 0.613132 0.050896 0.613132 0.060245 0.610327 0.066320 0.611916 0.071459 0.613786 0.078282 0.613974 0.087631 0.620331 0.091650 0.626129 0.096137 0.630430 0.098100 0.637178 0.101190 0.642821 0.102051 0.648465 0.098991 0.653151 0.098034 0.660354 0.087873 0.662753 0.078398 0.666978 0.074859 0.668120 0.062530 0.668577 0.051914 0.674857 0.047690 0.678694 0.038227
1 0.622176 0.101270 0.616793 0.096643 0.609365 0.093845 0.603444 0.092122 0.597416 0.091692 0.594617 0.095243 0.589020 0.098257 0.590311 0.104388 0.590203 0.115151 0.600322 0.119671 0.609365 0.124191 0.617439 0.121932 0.626267 0.108265 0.626052 0.103097
1 0.608104 0.000000 0.586714 0.000119 0.584422 0.002887 0.587412 0.009678 0.586639 0.012486 0.587125 0.014098 0.587097 0.016968 0.585374 0.018174 0.584168 0.019953 0.582848 0.022221 0.581239 0.023627 0.584105 0.026346 0.582402 0.029880 0.586439 0.030610 0.590696 0.033408 0.594137 0.036497 0.598511 0.039004 0.604099 0.033624 0.608944 0.037732 0.615054 0.032362 0.619268 0.026360 0.614633 0.020779 0.617267 0.011724 0.614844 0.005722
1 0.596005 0.068074 0.591518 0.064056 0.587592 0.059851 0.583666 0.057328 0.579833 0.057234 0.575159 0.055179 0.570485 0.054992 0.567401 0.057515 0.565531 0.063682 0.565162 0.065300 0.563261 0.066885 0.559649 0.065238 0.556988 0.059095 0.551983 0.058966 0.551983 0.065364 0.549639 0.069798 0.546091 0.070368 0.540958 0.071889 0.537410 0.074865 0.537030 0.078349 0.533608 0.082909 0.537347 0.089180 0.541148 0.091206 0.541962 0.095271 0.551785 0.109617 0.560414 0.111778 0.571073 0.117689 0.575404 0.118024 0.579484 0.107451 0.580317 0.096796 0.584064 0.089387 0.585896 0.080729 0.592060 0.076317
1 0.453353 0.000000 0.400124 0.000000 0.401516 0.002728 0.399066 0.006872 0.397512 0.009462 0.396004 0.010449 0.395109 0.012946 0.396051 0.015159 0.398595 0.014357 0.398642 0.019067 0.394891 0.023029 0.396823 0.023787 0.397579 0.031934 0.408840 0.035294 0.422033 0.035548 0.431445 0.038740 0.440270 0.037061 0.444912 0.034439 0.452260 0.027922 0.451155 0.020096 0.454322 0.016155 0.451155 0.009964 0.454322 0.004405
1 0.375244 0.086264 0.377863 0.085048 0.379312 0.082570 0.376646 0.081775 0.378144 0.078924 0.375057 0.078924 0.372392 0.080654 0.371924 0.075652 0.370100 0.075559 0.367388 0.074109 0.364441 0.075559 0.361636 0.077241 0.358923 0.077756 0.356444 0.079111 0.353460 0.077771 0.350943 0.081153 0.348427 0.083297 0.349664 0.087008 0.349705 0.091174 0.350407 0.093731 0.355646 0.095876 0.358095 0.102392 0.362672 0.104681 0.366678 0.103744 0.370684 0.103225 0.374846 0.096204 0.378747 0.090380
1 0.357480 0.076225 0.356056 0.073501 0.358348 0.070839 0.354879 0.067991 0.352030 0.065948 0.349120 0.063596 0.345466 0.062543 0.341440 0.063843 0.339211 0.067619 0.337725 0.070280 0.338096 0.077896 0.336300 0.080373 0.338158 0.084149 0.343607 0.088606 0.348996 0.087926 0.349863 0.082973
1 0.188201 0.027117 0.193694 0.023274 0.197539 0.019705 0.196009 0.012129 0.193492 0.008354 0.190633 0.005338 0.187755 0.003654 0.182379 0.003872 0.179338 0.006369 0.176406 0.008756 0.175862 0.013858 0.175972 0.019343 0.179338 0.023197 0.182760 0.025640
1 0.226497 0.040263 0.222944 0.043733 0.220714 0.047037 0.216996 0.049598 0.213609 0.051001 0.211131 0.054386 0.209313 0.063388 0.215344 0.071482 0.220301 0.075447 0.226993 0.077842 0.232941 0.080402 0.237980 0.076934 0.243117 0.073363 0.243291 0.065982 0.245376 0.061641 0.241988 0.054866 0.237646 0.054086 0.243639 0.049222 0.236950 0.044014 0.232173 0.040540 0.229133 0.044187
1 0.156247 0.040346 0.151614 0.044302 0.150183 0.046577 0.149602 0.049966 0.147571 0.052554 0.146178 0.055617 0.145740 0.058961 0.146576 0.062383 0.146655 0.066363 0.151473 0.069905 0.155141 0.073013 0.158600 0.077269 0.162192 0.076560 0.167337 0.072836 0.168914 0.069984 0.170097 0.062979 0.172461 0.058421 0.169928 0.049812 0.166635 0.044494 0.161231 0.040949
1 0.148778 0.069257 0.142787 0.068581 0.137762 0.065876 0.133412 0.069450 0.130126 0.073121 0.127420 0.075826 0.124231 0.077952 0.125777 0.081138 0.128387 0.085101 0.126164 0.089156 0.126261 0.098916 0.131479 0.104520 0.139501 0.108480 0.145783 0.105099 0.154094 0.100846 0.153998 0.090124 0.158830 0.082010 0.156607 0.073895 0.151581 0.069644
1 0.369174 0.202897 0.363134 0.205379 0.355369 0.203438 0.351743 0.201502 0.350454 0.195892 0.349620 0.189371 0.351743 0.185354 0.356445 0.179819 0.360616 0.178682 0.363195 0.177165 0.367139 0.179061 0.370779 0.184064 0.374116 0.189294 0.373055 0.195359 0.373055 0.202866
1 0.372672 0.184695 0.374653 0.181767 0.377670 0.179613 0.381548 0.181164 0.384650 0.185040 0.388356 0.187539 0.393441 0.191071 0.396285 0.194689 0.397836 0.197015 0.393097 0.200978 0.389477 0.204854 0.387322 0.206491 0.382237 0.203734 0.379135 0.198135 0.375774 0.196240
1 0.352472 0.215530 0.355187 0.211584 0.361272 0.207720 0.369333 0.205746 0.375995 0.205089 0.381342 0.205664 0.387099 0.209364 0.390718 0.215284 0.393926 0.220382 0.398562 0.222724 0.397164 0.228560 0.398891 0.230943 0.399302 0.238177 0.396014 0.241220 0.394204 0.245083 0.391984 0.249521 0.386887 0.252563 0.380802 0.254288 0.374224 0.255933 0.367152 0.256343 0.360739 0.255850 0.357697 0.248617 0.356190 0.246828 0.354045 0.242614 0.355808 0.238400 0.351898 0.235949 0.353892 0.228363 0.354045 0.223918
1 0.427639 0.164708 0.422657 0.159618 0.417787 0.156299 0.413249 0.154418 0.409486 0.151431 0.406719 0.153976 0.403841 0.154196 0.401074 0.154418 0.398528 0.157956 0.401517 0.163599 0.398639 0.169022 0.401627 0.174666 0.404173 0.178981 0.410150 0.183075 0.413028 0.183407 0.415021 0.172896 0.422769 0.174334 0.428745 0.171347
1 0.396260 0.162776 0.389823 0.162998 0.385606 0.165993 0.383720 0.170652 0.382992 0.173777 0.383053 0.179879 0.384141 0.183019 0.385470 0.185133 0.386858 0.186643 0.390544 0.188938 0.393625 0.191414 0.397189 0.195037 0.399848 0.195158 0.402927 0.192477 0.406718 0.189201 0.410124 0.186760 0.411602 0.183997 0.408774 0.182263 0.404919 0.180079 0.400806 0.170508 0.399328 0.162350 0.397850 0.162284
1 0.428198 0.172420 0.422811 0.174850 0.410873 0.176854 0.414782 0.183823 0.410873 0.187521 0.414993 0.194491 0.417635 0.199666 0.418479 0.199243 0.425324 0.203772 0.428930 0.198944 0.425612 0.193178 0.429867 0.189862 0.432103 0.186330 0.433184 0.177104 0.431886 0.172202
1 0.418587 0.155264 0.422214 0.151771 0.428527 0.150563 0.432979 0.148367 0.436561 0.151946 0.436731 0.157062 0.436731 0.160386 0.440057 0.159619 0.446280 0.157744 0.449946 0.160640 0.449946 0.169164 0.446024 0.172744 0.443808 0.177602 0.436816 0.174534 0.432810 0.174875 0.428632 0.171125 0.426585 0.163795
1 0.199331 0.289912 0.203568 0.288097 0.202149 0.280820 0.204877 0.275986 0.208722 0.273383 0.210023 0.272081 0.210892 0.267123 0.214488 0.271027 0.217092 0.274003 0.219572 0.275366 0.223540 0.276854 0.226455 0.279396 0.230732 0.278899 0.236195 0.278976 0.240953 0.280842 0.248854 0.285260 0.255311 0.289677 0.258964 0.296216 0.264105 0.301299 0.264331 0.312693 0.266137 0.317315 0.270425 0.322167 0.266024 0.328597 0.258916 0.332432 0.250228 0.331755 0.246617 0.338296 0.242442 0.340326 0.236575 0.337732 0.231159 0.341229 0.224164 0.339537 0.217507 0.340777 0.212994 0.339086 0.212542 0.331526 0.218667 0.324687 0.219132 0.318263 0.213866 0.320353 0.209840 0.315631 0.207053 0.317254 0.205504 0.323448 0.202097 0.323216 0.199310 0.317179 0.195283 0.311761 0.198690 0.306990 0.201957 0.303438 0.197538 0.294988
1 0.200590 0.279818 0.196416 0.279949 0.191852 0.276168 0.189112 0.271475 0.192242 0.264043 0.194606 0.254052 0.202759 0.253132 0.210779 0.256287 0.216074 0.256514 0.219468 0.254519 0.222662 0.261405 0.219567 0.264499 0.217472 0.270585 0.213379 0.271084
1 0.221086 0.256841 0.226291 0.250250 0.231757 0.247041 0.236615 0.250597 0.241301 0.254499 0.244511 0.259270 0.239652 0.264471 0.239739 0.273059 0.235401 0.278869 0.229328 0.280431 0.225250 0.278696 0.220132 0.275487 0.215446 0.272799 0.221693 0.263172 0.223429 0.260917
1 0.239886 0.264802 0.244411 0.259478 0.247922 0.260480 0.252186 0.261045 0.257452 0.259729 0.259959 0.267087 0.263108 0.271558 0.267328 0.274958 0.269726 0.280488 0.272178 0.283331 0.270043 0.283845 0.270134 0.288382 0.271586 0.290559 0.273174 0.292190 0.274444 0.293870 0.273220 0.296772 0.271450 0.299947 0.270679 0.301444 0.269045 0.304528 0.265243 0.303230 0.260469 0.298185 0.249828 0.285844 0.245735 0.284547 0.241098 0.281889 0.237417 0.278338 0.239786 0.272813
1 0.202802 0.715593 0.199171 0.710381 0.197029 0.706844 0.198984 0.700794 0.201592 0.696885 0.204851 0.692976 0.207085 0.688508 0.209319 0.687298 0.212393 0.684599 0.216023 0.682645 0.220586 0.682271 0.221797 0.684040 0.225614 0.682924 0.228779 0.684412 0.231759 0.687298 0.233435 0.688974 0.236880 0.689997 0.238091 0.692136 0.239767 0.695303 0.238184 0.701538 0.235297 0.705168 0.232038 0.707961 0.228035 0.708426 0.225986 0.711591 0.222635 0.717266 0.213138 0.719593
1 0.196005 0.707867 0.192718 0.712352 0.191359 0.714791 0.191606 0.718730 0.191545 0.720115 0.189605 0.721839 0.190221 0.723346 0.190252 0.726424 0.190867 0.727562 0.191359 0.730393 0.192807 0.731378 0.193330 0.732671 0.196870 0.732732 0.198933 0.731286 0.201241 0.729501 0.203771 0.728423 0.205094 0.727100 0.206461 0.717756 0.202717 0.715691
1 0.181914 0.680761 0.179455 0.676271 0.175926 0.673491 0.171327 0.674133 0.168333 0.673491 0.164697 0.671995 0.160099 0.669429 0.155821 0.668574 0.152720 0.671140 0.154003 0.674881 0.159136 0.677230 0.158688 0.683435 0.159136 0.688030 0.158688 0.691353 0.157975 0.690955 0.157420 0.695706 0.158133 0.698952 0.164151 0.700456 0.165656 0.701881 0.168586 0.701406 0.171357 0.698556 0.176821 0.697448 0.179989 0.700931 0.185137 0.698714 0.188304 0.699980 0.189809 0.702671 0.191744 0.693021 0.195314 0.689179 0.194766 0.682132 0.192935 0.676090 0.186618 0.676641 0.184695 0.681033
1 0.092672 0.601695 0.085057 0.606196 0.078393 0.605954 0.072990 0.605903 0.067284 0.603347 0.066694 0.600888 0.063448 0.600003 0.061480 0.593808 0.061260 0.586919 0.063403 0.581191 0.066685 0.578084 0.069851 0.577451 0.071232 0.572387 0.073881 0.571063 0.077104 0.570948 0.080731 0.572156 0.084588 0.571984 0.086150 0.570380 0.089217 0.570318 0.091364 0.571975 0.094432 0.571300 0.097744 0.573446 0.100750 0.575715 0.101977 0.579517 0.103586 0.582079 0.103653 0.588880 0.101817 0.591803 0.099368 0.592415 0.094199 0.598738
1 0.083385 0.608393 0.080747 0.610574 0.080119 0.612972 0.080804 0.616281 0.076751 0.618621 0.076024 0.622972 0.078635 0.623129 0.076863 0.628317 0.075658 0.630624 0.076916 0.633559 0.079956 0.635811 0.079118 0.639690 0.080009 0.641053 0.085356 0.636336 0.087349 0.636282 0.087400 0.641524 0.088135 0.643620 0.092853 0.643620 0.093665 0.645331 0.092077 0.648406 0.092199 0.654553 0.095669 0.657534 0.098164 0.660638 0.100843 0.661368 0.102974 0.659906 0.105226 0.663559 0.110460 0.661003 0.117420 0.655844 0.122758 0.657914 0.128413 0.654809 0.131759 0.648837 0.132954 0.641909 0.130007 0.636573 0.127696 0.631637 0.133750 0.628690 0.130020 0.623086 0.130746 0.614769 0.129292 0.608307 0.125333 0.605723 0.123313 0.601038 0.117738 0.600147 0.116211 0.596151 0.111647 0.597057 0.108729 0.598130 0.107856 0.593971 0.104938 0.591623 0.103126 0.590256 0.099632 0.592481 0.094548 0.598727 0.092344 0.602052 0.086271 0.605633 0.082546 0.606973
1 0.030506 0.789729 0.035351 0.785444 0.040754 0.783210 0.045600 0.784327 0.048953 0.787028 0.052494 0.790288 0.056407 0.794756 0.055568 0.802766 0.055661 0.811988 0.050816 0.814969 0.043336 0.809455 0.035427 0.806600 0.030483 0.803965 0.028945 0.801220 0.028726 0.792654
1 0.013941 0.864231 0.017774 0.861014 0.019077 0.855803 0.026436 0.850745 0.032875 0.850209 0.037780 0.851512 0.041000 0.853428 0.041076 0.856492 0.044449 0.856646 0.047669 0.861320 0.047976 0.866224 0.048553 0.873038 0.045460 0.874675 0.043822 0.878448 0.042640 0.882858 0.042685 0.887360 0.039001 0.885996 0.039046 0.890544 0.036044 0.895129 0.032230 0.899036 0.029418 0.901752 0.024556 0.903182 0.021934 0.900370 0.019455 0.900132 0.016309 0.896130 0.013988 0.894695 0.011594 0.893476 0.010387 0.889340 0.007578 0.888099 0.003474 0.890636 0.000719 0.890852 0.000287 0.883509 0.004067 0.881457 0.005063 0.880823 0.000814 0.872576 0.003917 0.866169 0.009363 0.868788 0.009639 0.869339 0.014533 0.866307
1 0.072751 0.814883 0.066641 0.818128 0.062439 0.823854 0.062187 0.831426 0.067696 0.837413 0.072967 0.840528 0.078596 0.837296 0.084346 0.834662 0.083986 0.823883 0.077638 0.816462
1 0.099521 0.760449 0.106904 0.759452 0.113312 0.747924 0.111892 0.738624 0.107886 0.733974 0.103104 0.731391 0.097578 0.734177 0.092272 0.739351 0.089297 0.745818 0.087097 0.750475
1 0.101719 0.729778 0.101460 0.722790 0.095249 0.719301 0.090202 0.720594 0.082592 0.726509 0.078256 0.736567 0.082347 0.741559 0.088400 0.747036 0.096091 0.738203
1 0.050936 0.539092 0.043566 0.533594 0.036452 0.525263 0.031168 0.526889 0.023898 0.535929 0.023898 0.545556 0.021720 0.550254 0.021835 0.561717 0.027682 0.565385 0.035249 0.567791 0.041325 0.566302 0.051528 0.561603 0.057031 0.551518 0.053134 0.545558 0.050382 0.544526
1 0.035131 0.523150 0.038925 0.515284 0.046935 0.509240 0.050588 0.504608 0.050307 0.494072 0.055365 0.490982 0.064780 0.491685 0.074898 0.497160 0.077287 0.503344 0.074898 0.511069 0.081222 0.520762 0.077849 0.529331 0.074477 0.537338 0.069699 0.543097 0.064359 0.549840 0.056630 0.552228 0.051993 0.543237 0.050201 0.538229 0.043540 0.532936
1 0.067861 0.489893 0.071890 0.484715 0.077501 0.481406 0.086566 0.478670 0.084408 0.478529 0.089443 0.484136 0.093904 0.489604 0.089588 0.498522 0.083545 0.504419 0.079658 0.513929 0.076133 0.508644 0.076548 0.500976 0.071778 0.498383
1 0.028338 0.420672 0.031563 0.415513 0.038016 0.414480 0.043950 0.415513 0.050015 0.419641 0.050531 0.428537 0.050660 0.441437 0.046918 0.449435 0.043821 0.452015 0.042678 0.446052 0.040464 0.448861 0.038591 0.453628 0.033992 0.455245 0.029905 0.456352 0.025647 0.453968 0.020208 0.447338 0.017925 0.440578 0.022931 0.432238 0.028024 0.425565
1 0.501945 0.000000 0.502010 0.003274 0.505810 0.006945 0.507612 0.009134 0.509029 0.011773 0.508771 0.012096 0.512894 0.012481 0.516049 0.014413 0.522425 0.014928 0.525645 0.017053 0.530851 0.015703 0.535504 0.016846 0.539870 0.011695 0.545023 0.006615 0.548674 0.004755 0.548245 0.000000
1 0.146626 0.274275 0.153500 0.271401 0.160000 0.273401 0.164249 0.272901 0.169374 0.271152 0.177373 0.273523 0.172374 0.279396 0.177248 0.286021 0.172249 0.291893 0.167624 0.295267 0.159250 0.294267 0.149751 0.285271
1 0.259521 0.111107 0.259521 0.098060 0.266815 0.097545 0.270910 0.096652 0.272541 0.091226 0.275590 0.094708 0.279074 0.097974 0.278639 0.101673 0.280816 0.102546 0.278494 0.104866 0.279341 0.108507 0.275399 0.109762 0.279580 0.111911 0.278564 0.114657 0.274563 0.116687 0.270681 0.117225 0.263813 0.114238
1 0.000388 0.753009 0.004387 0.752343 0.007802 0.754757 0.012133 0.760253 0.017464 0.764750 0.021796 0.767246 0.020047 0.775156 0.016215 0.775991 0.011717 0.778239 0.004803 0.777989 0.000055 0.778156 0.000000 0.753092
1 0.303506 0.031227 0.306260 0.027949 0.309145 0.024540 0.313866 0.024147 0.318193 0.025852 0.321369 0.029748 0.322345 0.033563 0.323438 0.036914 0.321537 0.040127 0.319500 0.043069 0.316738 0.044382 0.312302 0.042752 0.306009 0.042979 0.307096 0.039358 0.301708 0.038091 0.303836 0.033610
1 0.102833 0.245630 0.108023 0.242851 0.107962 0.236639 0.110308 0.229137 0.113216 0.222668 0.117438 0.225294 0.122222 0.231671 0.121378 0.237110 0.126068 0.245362 0.128227 0.250614 0.122691 0.257366 0.118751 0.257647 0.112560 0.249489 0.104772 0.248176
1 0.101028 0.398700 0.106021 0.390876 0.111689 0.394653 0.114523 0.398968 0.120192 0.401398 0.114659 0.412326 0.110340 0.415294 0.102378 0.412191 0.097924 0.407874
1 0.000085 0.365000 0.004092 0.368876 0.009908 0.374819 0.015078 0.381150 0.018051 0.385152 0.020765 0.391744 0.018051 0.398075 0.013915 0.402598 0.008357 0.405957 0.002282 0.410479 0.000000 0.409315
1 0.096340 0.940336 0.099724 0.936557 0.103007 0.932379 0.109276 0.932478 0.114053 0.938941 0.114649 0.941431 0.114152 0.948892 0.109773 0.951975 0.103604 0.950781 0.098629 0.945907
1 0.114492 0.957217 0.118228 0.954644 0.120884 0.953399 0.125201 0.953565 0.130431 0.954476 0.131262 0.959621 0.128604 0.963854 0.131345 0.967922 0.128604 0.972237 0.124703 0.972403 0.118477 0.966096 0.114741 0.961449
1 0.998687 0.386119 0.993096 0.388549 0.990423 0.394866 0.984104 0.401059 0.986169 0.405554 0.989404 0.411598 0.984098 0.416541 0.984655 0.419889 0.992396 0.421840 0.997137 0.421491 1.000000 0.420515 1.000000 0.385600
1 0.953337 0.246060 0.956681 0.244510 0.960679 0.240759 0.963778 0.236192 0.967530 0.237090 0.971283 0.238149 0.974220 0.236192 0.979522 0.238068 0.981970 0.241737 0.984824 0.245407 0.981807 0.256090 0.979930 0.258210 0.977281 0.263920 0.970949 0.264158 0.965489 0.264158 0.961928 0.259490 0.959633 0.255297 0.954805 0.253952 0.957187 0.248638
1 0.029297 0.015625 0.040039 0.013672 0.045898 0.009766 0.047852 0.021484 0.048828 0.031250 0.033203 0.036133 0.024414 0.038086 0.019531 0.024414
1 0.166016 0.113281 0.169922 0.119141 0.168945 0.127930 0.158203 0.128906 0.158203 0.119141
1 0.071289 0.195312 0.077148 0.196289 0.079102 0.200195 0.075195 0.204102 0.068359 0.202148
1 0.083008 0.203125 0.085938 0.208008 0.082031 0.213867 0.076172 0.209961 0.076172 0.204102
1 0.086914 0.208984 0.091797 0.215820 0.088867 0.220703 0.082031 0.217773 0.082031 0.211914
1 0.097656 0.218750 0.101562 0.223633 0.100586 0.229492 0.093750 0.230469 0.088867 0.224609 0.092773 0.216797
1 0.109375 0.226562 0.112305 0.236328 0.108398 0.241211 0.108398 0.247070 0.099609 0.247070 0.100586 0.240234 0.098633 0.233398 0.100586 0.227539
1 0.160156 0.254883 0.168945 0.259766 0.169922 0.270508 0.153320 0.277344 0.153320 0.277344 0.141602 0.274414 0.142578 0.260742
1 0.045898 0.394531 0.055664 0.397461 0.056641 0.415039 0.044922 0.418945 0.032227 0.415039 0.026367 0.402344 0.038086 0.394531
1 0.015625 0.399414 0.026367 0.403320 0.028320 0.410156 0.028320 0.421875 0.017578 0.423828 0.004883 0.409180 0.007812 0.402344
1 0.116211 0.442383 0.121094 0.452148 0.119141 0.462891 0.105469 0.464844 0.097656 0.455078 0.106445 0.443359
1 0.147461 0.422852 0.152344 0.429688 0.149414 0.439453 0.137695 0.443359 0.133789 0.432617 0.135742 0.422852
1 0.292969 0.449219 0.300781 0.452148 0.297852 0.465820 0.287109 0.467773 0.282227 0.454102
1 0.306641 0.458984 0.308594 0.472656 0.301758 0.473633 0.289062 0.467773 0.292969 0.458008
1 0.306641 0.475586 0.314453 0.484375 0.303711 0.493164 0.297852 0.479492 0.297852 0.479492
1 0.317383 0.487305 0.327148 0.492188 0.333008 0.500977 0.332031 0.509766 0.323242 0.509766 0.315430 0.502930 0.309570 0.502930 0.310547 0.490234
1 0.333008 0.506836 0.341797 0.509766 0.338867 0.519531 0.332031 0.517578 0.332031 0.517578
1 0.347656 0.512695 0.353516 0.518555 0.356445 0.528320 0.349609 0.531250 0.339844 0.525391 0.336914 0.515625
1 0.361328 0.406250 0.364258 0.412109 0.361328 0.418945 0.352539 0.415039 0.352539 0.407227
1 0.376953 0.419922 0.381836 0.427734 0.378906 0.436523 0.367188 0.432617 0.368164 0.419922
1 0.394531 0.439453 0.398438 0.448242 0.398438 0.454102 0.389648 0.455078 0.384766 0.448242 0.387695 0.438477
1 0.409180 0.457031 0.414062 0.464844 0.404297 0.468750 0.399414 0.462891
1 0.418945 0.466797 0.421875 0.469727 0.420898 0.480469 0.414062 0.482422 0.405273 0.472656 0.410156 0.466797
1 0.254883 0.541016 0.258789 0.547852 0.253906 0.552734 0.244141 0.547852 0.245117 0.538086
0 0.224609 0.617188 0.232422 0.625977 0.237305 0.637695 0.246094 0.638672 0.249023 0.647461 0.241211 0.652344 0.241211 0.652344 0.249023 0.659180 0.245117 0.666992 0.231445 0.654297 0.223633 0.642578 0.210938 0.634766 0.206055 0.626953 0.210938 0.616211 0.219727 0.614258
1 0.261719 0.662109 0.265625 0.667969 0.262695 0.676758 0.253906 0.678711 0.246094 0.671875 0.246094 0.661133
1 0.109375 0.754883 0.125000 0.755859 0.125000 0.764648 0.117188 0.771484 0.106445 0.770508 0.102539 0.758789
1 0.779297 0.644531 0.769531 0.651367 0.754883 0.648438 0.754883 0.625000 0.766602 0.619141 0.778320 0.625977
1 0.645508 0.412109 0.647461 0.418945 0.643555 0.423828 0.637695 0.420898 0.637695 0.414062
1 0.732422 0.458008 0.741211 0.466797 0.743164 0.477539 0.731445 0.479492 0.721680 0.467773 0.722656 0.459961
1 0.642578 0.484375 0.644531 0.490234 0.637695 0.495117 0.633789 0.486328 0.638672 0.482422
1 0.660156 0.500000 0.659180 0.508789 0.655273 0.510742 0.651367 0.506836 0.651367 0.500000 0.656250 0.497070
1 0.673828 0.515625 0.675781 0.522461 0.670898 0.525391 0.666992 0.522461 0.665039 0.516602 0.668945 0.512695
1 0.687500 0.533203 0.691406 0.539062 0.684570 0.544922 0.680664 0.542969 0.680664 0.536133
1 0.619141 0.196289 0.620117 0.204102 0.617188 0.209961 0.610352 0.207031 0.612305 0.198242
1 0.630859 0.213867 0.638672 0.220703 0.638672 0.229492 0.628906 0.228516 0.623047 0.220703
1 0.646484 0.229492 0.651367 0.235352 0.654297 0.242188 0.650391 0.247070 0.641602 0.244141 0.637695 0.237305 0.637695 0.230469
1 0.664062 0.247070 0.673828 0.255859 0.672852 0.262695 0.671875 0.266602 0.663086 0.262695 0.656250 0.256836 0.658203 0.247070
0 0.710938 0.101562 0.720703 0.092773 0.732422 0.083984 0.739258 0.072266 0.749023 0.071289 0.759766 0.059570 0.759766 0.049805 0.771484 0.047852 0.772461 0.050781 0.779297 0.050781 0.776367 0.061523 0.764648 0.071289 0.755859 0.081055 0.757812 0.088867 0.757812 0.088867 0.749023 0.096680 0.749023 0.096680 0.742188 0.097656 0.740234 0.109375 0.729492 0.111328 0.723633 0.121094 0.709961 0.122070 0.693359 0.136719 0.684570 0.140625 0.686523 0.129883 0.698242 0.116211 0.698242 0.106445
1 0.697266 0.000000 0.699219 0.012695 0.686523 0.023438 0.677734 0.011719 0.682617 0.000000
1 0.816406 0.114258 0.816406 0.121094 0.816406 0.121094 0.809570 0.125000 0.804688 0.120117 0.808594 0.113281
1 0.802734 0.126953 0.802734 0.134766 0.797852 0.137695 0.794922 0.130859
0 0.834961 0.090820 0.841797 0.095703 0.844727 0.107422 0.843750 0.120117 0.843750 0.125977 0.836914 0.127930 0.829102 0.136719 0.818359 0.142578 0.807617 0.154297 0.802734 0.152344 0.807617 0.145508 0.809570 0.136719 0.818359 0.132812 0.828125 0.121094 0.834961 0.111328 0.836914 0.104492 0.832031 0.097656
1 0.956055 0.219727 0.958008 0.232422 0.955078 0.240234 0.944336 0.243164 0.938477 0.231445 0.945312 0.217773 0.952148 0.218750
1 0.935547 0.282227 0.931641 0.294922 0.918945 0.300781 0.914062 0.291016 0.916992 0.282227 0.924805 0.277344 0.930664 0.276367
1 0.906250 0.307617 0.907227 0.319336 0.899414 0.325195 0.899414 0.325195 0.897461 0.333984 0.889648 0.336914 0.878906 0.333008 0.876953 0.323242 0.887695 0.312500 0.897461 0.305664
1 0.707031 0.424805 0.700195 0.434570 0.695312 0.428711 0.687500 0.426758 0.688477 0.417969 0.696289 0.414062 0.703125 0.420898
1 0.786133 0.516602 0.791992 0.524414 0.791016 0.534180 0.784180 0.535156 0.779297 0.531250 0.783203 0.525391 0.778320 0.515625
1 0.892578 0.611328 0.903320 0.618164 0.908203 0.617188 0.909180 0.631836 0.899414 0.639648 0.895508 0.647461 0.882812 0.650391 0.880859 0.641602 0.873047 0.633789 0.873047 0.621094 0.883789 0.615234
1 0.869141 0.594727 0.877930 0.602539 0.882812 0.617188 0.871094 0.623047 0.866211 0.618164 0.858398 0.611328 0.854492 0.601562 0.863281 0.593750
1 0.955078 0.684570 0.959961 0.689453 0.958984 0.701172 0.950195 0.708008 0.947266 0.713867 0.940430 0.711914 0.932617 0.709961 0.933594 0.699219 0.942383 0.688477 0.949219 0.686523