1 0.269531 0.000000 0.262695 0.005859 0.276367 0.011719 0.272461 0.019531 0.252930 0.036133 0.257812 0.036133 0.266602 0.044922 0.291016 0.033203 0.276367 0.065430 0.302734 0.043945 0.299805 0.065430 0.317383 0.041992 0.320312 0.065430 0.331055 0.053711 0.350586 0.064453 0.346680 0.037109 0.358398 0.041016 0.359375 0.033203 0.372070 0.029297 0.342773 0.012695 0.370117 0.000000
1 0.358398 0.000000 0.379883 0.007812 0.362305 0.020508 0.375000 0.023438 0.362305 0.048828 0.376953 0.041992 0.377930 0.047852 0.406250 0.034180 0.406250 0.034180 0.400391 0.057617 0.415039 0.059570 0.428711 0.045898 0.438477 0.064453 0.442383 0.041992 0.484375 0.049805 0.477539 0.040039 0.482422 0.034180 0.462891 0.022461 0.478516 0.010742 0.467773 0.004883 0.480469 0.000000
1 0.481445 0.000000 0.471680 0.015625 0.490234 0.017578 0.474609 0.030273 0.486328 0.032227 0.479492 0.040039 0.505859 0.039062 0.495117 0.068359 0.532227 0.049805 0.534180 0.039062 0.541992 0.049805 0.550781 0.040039 0.555664 0.042969 0.560547 0.036133 0.575195 0.045898 0.586914 0.041016 0.564453 0.023438 0.617188 0.000000
1 0.603516 0.005859 0.583984 0.027344 0.618164 0.021484 0.601562 0.053711 0.619141 0.044922 0.612305 0.061523 0.612305 0.061523 0.637695 0.046875 0.643555 0.054688 0.645508 0.047852 0.654297 0.065430 0.664062 0.036133 0.691406 0.047852 0.704102 0.048828 0.699219 0.038086 0.677734 0.019531 0.728516 0.003906 0.708984 0.000000 0.608398 0.000000
1 0.708008 0.014648 0.685547 0.020508 0.704102 0.025391 0.711914 0.041016 0.711914 0.041992 0.705078 0.061523 0.741211 0.040039 0.748047 0.055664 0.752930 0.037109 0.762695 0.048828 0.770508 0.056641 0.778320 0.042969 0.804688 0.055664 0.814453 0.056641 0.801758 0.035156 0.787109 0.028320 0.815430 0.026367 0.808594 0.017578 0.783203 0.016602 0.806641 0.000977 0.723633 0.000000 0.729492 0.010742
1 0.806641 0.000000 0.816406 0.007812 0.794922 0.014648 0.805664 0.019531 0.796875 0.029297 0.822266 0.029297 0.811523 0.046875 0.837891 0.044922 0.843750 0.054688 0.859375 0.042969 0.879883 0.056641 0.883789 0.041016 0.894531 0.045898 0.901367 0.033203 0.920898 0.037109 0.933594 0.028320 0.919922 0.012695 0.906250 0.011719 0.905273 0.000000
1 0.950195 0.000000 0.952148 0.006836 0.935547 0.006836 0.907227 0.008789 0.922852 0.015625 0.949219 0.025391 0.944336 0.030273 0.913086 0.057617 0.940430 0.047852 0.967773 0.034180 0.967773 0.054688 0.985352 0.032227 1.000000 0.038086 1.000000 0.000000
1 1.000000 0.154297 0.994141 0.165039 0.988281 0.149414 0.976562 0.167969 0.967773 0.153320 0.946289 0.166992 0.949219 0.152344 0.934570 0.155273 0.941406 0.139648 0.919922 0.147461 0.937500 0.124023 0.917969 0.120117 0.920898 0.109375 0.933594 0.105469 0.916016 0.098633 0.934570 0.091797 0.923828 0.072266 0.945312 0.079102 0.938477 0.062500 0.933594 0.053711 0.944336 0.052734 0.944336 0.041016 0.959961 0.049805 0.975586 0.029297 0.983398 0.044922 0.992188 0.032227 0.999023 0.050781
1 0.908203 0.124023 0.908203 0.147461 0.889648 0.124023 0.872070 0.154297 0.859375 0.157227 0.867188 0.129883 0.842773 0.152344 0.845703 0.131836 0.826172 0.134766 0.836914 0.121094 0.820312 0.119141 0.821289 0.119141 0.842773 0.108398 0.820312 0.099609 0.837891 0.090820 0.813477 0.075195 0.835938 0.075195 0.823242 0.063477 0.832031 0.063477 0.833008 0.054688 0.856445 0.057617 0.857422 0.035156 0.875977 0.054688 0.880859 0.038086 0.881836 0.038086 0.899414 0.040039 0.912109 0.032227 0.914062 0.044922 0.932617 0.047852 0.925781 0.062500 0.943359 0.071289 0.943359 0.072266 0.922852 0.083984 0.939453 0.094727 0.919922 0.100586 0.934570 0.116211 0.917969 0.116211 0.927734 0.140625 0.927734 0.141602
1 0.793945 0.052734 0.813477 0.046875 0.813477 0.055664 0.827148 0.052734 0.815430 0.069336 0.831055 0.072266 0.821289 0.086914 0.833008 0.095703 0.817383 0.100586 0.837891 0.117188 0.837891 0.117188 0.816406 0.115234 0.827148 0.132812 0.828125 0.132812 0.811523 0.132812 0.809570 0.150391 0.795898 0.138672 0.783203 0.124023 0.783203 0.125000 0.779297 0.131836 0.772461 0.126953 0.760742 0.158203 0.754883 0.138672 0.732422 0.158203 0.731445 0.141602 0.737305 0.131836 0.728516 0.129883 0.708008 0.135742 0.712891 0.120117 0.713867 0.120117 0.700195 0.124023 0.705078 0.113281 0.690430 0.109375 0.713867 0.096680 0.690430 0.086914 0.708984 0.081055 0.699219 0.069336 0.714844 0.066406 0.715820 0.062500 0.724609 0.061523 0.725586 0.042969 0.740234 0.056641 0.751953 0.038086 0.758789 0.053711 0.769531 0.032227 0.770508 0.050781 0.785156 0.043945
1 0.661133 0.050781 0.678711 0.036133 0.678711 0.056641 0.679688 0.066406 0.686523 0.059570 0.712891 0.052734 0.693359 0.076172 0.714844 0.081055 0.703125 0.088867 0.712891 0.097656 0.700195 0.104492 0.716797 0.123047 0.712891 0.125977 0.685547 0.117188 0.695312 0.146484 0.690430 0.154297 0.675781 0.144531 0.659180 0.125000 0.652344 0.122070 0.646484 0.150391 0.636719 0.158203 0.625977 0.149414 0.628906 0.132812 0.633789 0.115234 0.604492 0.136719 0.602539 0.125977 0.613281 0.109375 0.595703 0.110352 0.583008 0.100586 0.603516 0.091797 0.591797 0.075195 0.600586 0.072266 0.609375 0.069336 0.604492 0.055664 0.625000 0.060547 0.625000 0.060547 0.625000 0.031250 0.639648 0.049805 0.651367 0.037109
1 0.540039 0.125000 0.538086 0.156250 0.545898 0.161133 0.553711 0.147461 0.556641 0.140625 0.563477 0.141602 0.569336 0.125977 0.585938 0.150391 0.591797 0.129883 0.580078 0.109375 0.598633 0.109375 0.608398 0.106445 0.603516 0.084961 0.584961 0.083008 0.607422 0.054688 0.598633 0.042969 0.589844 0.050781 0.585938 0.034180 0.563477 0.041992 0.554688 0.034180 0.548828 0.046875 0.530273 0.035156 0.526367 0.055664 0.514648 0.044922 0.512695 0.050781 0.497070 0.055664 0.490234 0.067383 0.506836 0.077148 0.496094 0.083984 0.498047 0.101562 0.500977 0.110352 0.491211 0.127930 0.505859 0.126953 0.508789 0.143555
1 0.449219 0.051758 0.458984 0.037109 0.461914 0.046875 0.477539 0.037109 0.476562 0.053711 0.476562 0.053711 0.465820 0.076172 0.486328 0.078125 0.506836 0.079102 0.499023 0.097656 0.480469 0.104492 0.480469 0.104492 0.485352 0.118164 0.509766 0.131836 0.505859 0.137695 0.475586 0.125977 0.477539 0.146484 0.461914 0.139648 0.453125 0.154297 0.441406 0.141602 0.429688 0.163086 0.421875 0.145508 0.404297 0.157227 0.402344 0.137695 0.408203 0.126953 0.393555 0.128906 0.393555 0.119141 0.378906 0.121094 0.390625 0.110352 0.375000 0.098633 0.394531 0.094727 0.382812 0.078125 0.391602 0.074219 0.385742 0.064453 0.391602 0.063477 0.394531 0.047852 0.419922 0.064453 0.422852 0.037109 0.437500 0.044922 0.448242 0.041016
1 0.303711 0.072266 0.318359 0.059570 0.331055 0.053711 0.347656 0.051758 0.350586 0.064453 0.348633 0.071289 0.371094 0.074219 0.373047 0.083984 0.386719 0.098633 0.365234 0.101562 0.378906 0.111328 0.378906 0.112305 0.371094 0.117188 0.382812 0.128906 0.382812 0.136719 0.357422 0.122070 0.357422 0.144531 0.330078 0.137695 0.321289 0.160156 0.303711 0.129883 0.286133 0.139648 0.286133 0.121094 0.292969 0.109375 0.281250 0.114258 0.273438 0.106445 0.290039 0.097656 0.279297 0.086914 0.287109 0.081055 0.288086 0.063477
1 0.332031 0.142578 0.335938 0.150391 0.349609 0.135742 0.349609 0.144531 0.360352 0.132812 0.366211 0.153320 0.378906 0.135742 0.377930 0.147461 0.383789 0.152344 0.382812 0.163086 0.396484 0.158203 0.410156 0.163086 0.392578 0.178711 0.401367 0.187500 0.390625 0.193359 0.412109 0.211914 0.395508 0.211914 0.397461 0.219727 0.397461 0.219727 0.393555 0.223633 0.383789 0.216797 0.375977 0.216797 0.375000 0.231445 0.380859 0.243164 0.368164 0.232422 0.364258 0.222656 0.356445 0.243164 0.352539 0.227539 0.348633 0.213867 0.333984 0.237305 0.331055 0.217773 0.325195 0.208008 0.325195 0.208008 0.315430 0.217773 0.314453 0.196289 0.303711 0.182617 0.313477 0.178711 0.305664 0.171875 0.311523 0.164062 0.319336 0.168945 0.318359 0.156250 0.328125 0.159180
1 0.434570 0.160156 0.438477 0.162109 0.441406 0.140625 0.456055 0.155273 0.465820 0.144531 0.472656 0.153320 0.500000 0.144531 0.500977 0.150391 0.494141 0.157227 0.509766 0.161133 0.500000 0.168945 0.507812 0.177734 0.502930 0.184570 0.515625 0.186523 0.507812 0.193359 0.512695 0.204102 0.499023 0.207031 0.509766 0.217773 0.507812 0.223633 0.500000 0.220703 0.512695 0.235352 0.507812 0.239258 0.489258 0.230469 0.479492 0.231445 0.482422 0.249023 0.469727 0.254883 0.465820 0.244141 0.460938 0.224609 0.455078 0.232422 0.458984 0.241211 0.454102 0.245117 0.443359 0.240234 0.434570 0.244141 0.432617 0.232422 0.443359 0.216797 0.428711 0.217773 0.419922 0.224609 0.416016 0.213867 0.415039 0.206055 0.410156 0.194336 0.418945 0.191406 0.419922 0.186523 0.409180 0.175781 0.425781 0.173828 0.416016 0.161133 0.430664 0.166992
1 0.523438 0.158203 0.537109 0.160156 0.543945 0.166016 0.566406 0.152344 0.583984 0.156250 0.583008 0.163086 0.579102 0.171875 0.600586 0.166992 0.601562 0.172852 0.584961 0.185547 0.601562 0.192383 0.601562 0.196289 0.583984 0.198242 0.589844 0.205078 0.583984 0.208008 0.586914 0.227539 0.565430 0.218750 0.576172 0.248047 0.560547 0.231445 0.558594 0.243164 0.553711 0.247070 0.553711 0.247070 0.548828 0.233398 0.541016 0.226562 0.530273 0.237305 0.526367 0.232422 0.529297 0.222656 0.516602 0.227539 0.525391 0.211914 0.514648 0.212891 0.507812 0.204102 0.512695 0.198242 0.504883 0.190430 0.505859 0.184570 0.525391 0.185547 0.510742 0.167969 0.522461 0.171875 0.514648 0.160156
1 0.689453 0.151367 0.699219 0.160156 0.704102 0.147461 0.717773 0.143555 0.721680 0.162109 0.740234 0.150391 0.739258 0.157227 0.748047 0.161133 0.738281 0.175781 0.727539 0.190430 0.746094 0.222656 0.745117 0.230469 0.726562 0.217773 0.722656 0.245117 0.714844 0.239258 0.695312 0.239258 0.692383 0.226562 0.679688 0.229492 0.674805 0.214844 0.666992 0.202148 0.661133 0.191406 0.664062 0.180664 0.671875 0.181641 0.675781 0.178711 0.667969 0.168945 0.679688 0.166016 0.681641 0.145508
1 0.800781 0.149414 0.814453 0.147461 0.826172 0.139648 0.822266 0.155273 0.839844 0.154297 0.825195 0.178711 0.842773 0.183594 0.828125 0.191406 0.840820 0.203125 0.822266 0.208008 0.822266 0.208008 0.837891 0.227539 0.829102 0.225586 0.803711 0.207031 0.810547 0.225586 0.811523 0.249023 0.801758 0.239258 0.798828 0.257812 0.791992 0.252930 0.783203 0.234375 0.771484 0.252930 0.768555 0.245117 0.771484 0.228516 0.767578 0.219727 0.741211 0.231445 0.741211 0.215820 0.750000 0.203125 0.729492 0.198242 0.723633 0.188477 0.724609 0.188477 0.741211 0.176758 0.757812 0.171875 0.743164 0.157227 0.744141 0.147461 0.764648 0.157227 0.770508 0.144531 0.774414 0.152344 0.776367 0.131836 0.788086 0.122070 0.793945 0.138672
1 0.875000 0.148438 0.882812 0.155273 0.882812 0.141602 0.896484 0.129883 0.900391 0.153320 0.911133 0.145508 0.910156 0.159180 0.931641 0.152344 0.935547 0.159180 0.923828 0.173828 0.951172 0.177734 0.952148 0.184570 0.932617 0.192383 0.944336 0.206055 0.919922 0.206055 0.919922 0.206055 0.924805 0.223633 0.931641 0.239258 0.916016 0.226562 0.905273 0.221680 0.917969 0.250000 0.908203 0.241211 0.890625 0.214844 0.885742 0.239258 0.883789 0.253906 0.879883 0.260742 0.879883 0.260742 0.874023 0.243164 0.857422 0.253906 0.864258 0.222656 0.864258 0.222656 0.845703 0.233398 0.848633 0.224609 0.829102 0.228516 0.844727 0.214844 0.821289 0.211914 0.838867 0.199219 0.859375 0.194336 0.845703 0.187500 0.831055 0.170898 0.846680 0.166992 0.855469 0.171875 0.846680 0.157227 0.856445 0.138672
1 0.992188 0.174805 0.966797 0.154297 0.961914 0.160156 0.966797 0.168945 0.964844 0.171875 0.972656 0.180664 0.946289 0.177734 0.946289 0.177734 0.945312 0.187500 0.969727 0.199219 0.969727 0.211914 0.958984 0.224609 0.974609 0.229492 0.978516 0.239258 0.994141 0.227539 1.000000 0.229492 1.000000 0.149414 0.986328 0.146484
0 0.000977 0.402344 0.020508 0.396484 0.037109 0.398438 0.042969 0.400391 0.048828 0.404297 0.064453 0.404297 0.070312 0.401367 0.076172 0.397461 0.081055 0.396484 0.085938 0.395508 0.102539 0.394531 0.107422 0.396484 0.112305 0.399414 0.117188 0.401367 0.124023 0.401367 0.148438 0.401367 0.154297 0.401367 0.161133 0.398438 0.166992 0.398438 0.172852 0.398438 0.176758 0.401367 0.181641 0.405273 0.185547 0.408203 0.195312 0.414062 0.206055 0.419922 0.213867 0.423828 0.218750 0.426758 0.223633 0.427734 0.229492 0.426758 0.233398 0.423828 0.238281 0.427734 0.238281 0.432617 0.233398 0.437500 0.232422 0.443359 0.225586 0.460938 0.219727 0.465820 0.214844 0.467773 0.208984 0.471680 0.203125 0.476562 0.203125 0.481445 0.202148 0.493164 0.200195 0.504883 0.198242 0.509766 0.205078 0.513672 0.211914 0.520508 0.211914 0.526367 0.208984 0.540039 0.206055 0.553711 0.204102 0.571289 0.203125 0.577148 0.208984 0.576172 0.214844 0.581055 0.221680 0.589844 0.221680 0.596680 0.220703 0.613281 0.220703 0.619141 0.222656 0.625000 0.226562 0.628906 0.228516 0.633789 0.228516 0.639648 0.229492 0.650391 0.231445 0.659180 0.236328 0.660156 0.245117 0.666992 0.248047 0.671875 0.250000 0.677734 0.250000 0.683594 0.249023 0.689453 0.246094 0.696289 0.240234 0.708008 0.233398 0.708984 0.232422 0.713867 0.231445 0.723633 0.231445 0.734375 0.230469 0.745117 0.231445 0.755859 0.236328 0.763672 0.237305 0.769531 0.237305 0.778320 0.238281 0.791992 0.241211 0.797852 0.248047 0.800781 0.256836 0.807617 0.258789 0.812500 0.260742 0.817383 0.260742 0.825195 0.259766 0.845703 0.257812 0.858398 0.250000 0.879883 0.247070 0.891602 0.247070 0.896484 0.248047 0.901367 0.251953 0.905273 0.253906 0.911133 0.257812 0.921875 0.257812 0.936523 0.257812 0.941406 0.262695 0.945312 0.268555 0.945312 0.278320 0.949219 0.280273 0.955078 0.280273 0.960938 0.276367 0.965820 0.276367 0.970703 0.277344 0.975586 0.280273 0.980469 0.286133 0.989258 0.289062 1.000000 0.000000 1.000000