1 0.016602 0.000000 0.014648 0.012695 0.027344 0.011719 0.018555 0.038086 0.041992 0.026367 0.054688 0.061523 0.064453 0.025391 0.104492 0.042969 0.088867 0.009766 0.128906 0.012695 0.138672 0.000000
1 0.154297 0.001953 0.156250 0.009766 0.173828 0.009766 0.169922 0.016602 0.188477 0.016602 0.183594 0.042969 0.199219 0.034180 0.218750 0.056641 0.220703 0.040039 0.229492 0.057617 0.245117 0.041992 0.255859 0.051758 0.265625 0.030273 0.283203 0.019531 0.257812 0.015625 0.257812 0.010742 0.272461 0.000000
1 0.272461 0.000000 0.253906 0.011719 0.273438 0.035156 0.288086 0.025391 0.296875 0.044922 0.303711 0.038086 0.310547 0.053711 0.318359 0.036133 0.358398 0.048828 0.360352 0.032227 0.343750 0.010742 0.360352 0.012695 0.380859 0.000000
1 0.362305 0.000977 0.360352 0.026367 0.382812 0.019531 0.395508 0.041992 0.403320 0.029297 0.422852 0.040039 0.418945 0.030273 0.443359 0.041016 0.424805 0.016602 0.446289 0.021484 0.463867 0.000000
1 0.569336 0.000000 0.583008 0.009766 0.584961 0.021484 0.595703 0.014648 0.592773 0.031250 0.602539 0.021484 0.614258 0.034180 0.626953 0.023438 0.641602 0.035156 0.646484 0.015625 0.660156 0.025391 0.657227 0.008789 0.676758 0.011719 0.676758 0.000000
1 0.000977 0.064453 0.013672 0.060547 0.013672 0.070312 0.028320 0.061523 0.028320 0.078125 0.038086 0.087891 0.030273 0.104492 0.044922 0.111328 0.037109 0.124023 0.046875 0.128906 0.036133 0.133789 0.045898 0.165039 0.023438 0.155273 0.019531 0.169922 0.000000 0.161133
1 0.068359 0.082031 0.063477 0.052734 0.084961 0.069336 0.110352 0.049805 0.110352 0.064453 0.120117 0.058594 0.123047 0.068359 0.123047 0.068359 0.108398 0.072266 0.119141 0.087891 0.097656 0.095703 0.122070 0.105469 0.122070 0.105469 0.105469 0.121094 0.123047 0.122070 0.122070 0.138672 0.133789 0.162109 0.105469 0.151367 0.094727 0.161133 0.083984 0.155273 0.083008 0.166992 0.065430 0.166992 0.061523 0.143555 0.041016 0.150391 0.045898 0.132812 0.031250 0.125000 0.041992 0.113281 0.023438 0.102539 0.046875 0.072266
1 0.143555 0.041016 0.154297 0.060547 0.163086 0.044922 0.171875 0.056641 0.186523 0.041016 0.188477 0.067383 0.206055 0.086914 0.187500 0.096680 0.203125 0.104492 0.181641 0.115234 0.197266 0.118164 0.201172 0.160156 0.178711 0.165039 0.170898 0.136719 0.162109 0.165039 0.162109 0.165039 0.144531 0.170898 0.152344 0.128906 0.125000 0.142578 0.122070 0.126953 0.101562 0.121094 0.118164 0.108398 0.097656 0.098633 0.115234 0.090820 0.103516 0.066406 0.118164 0.057617 0.136719 0.067383 0.136719 0.046875
1 0.217773 0.051758 0.223633 0.068359 0.239258 0.040039 0.253906 0.044922 0.252930 0.068359 0.282227 0.062500 0.290039 0.070312 0.262695 0.098633 0.289062 0.093750 0.300781 0.102539 0.297852 0.112305 0.283203 0.116211 0.294922 0.138672 0.279297 0.129883 0.281250 0.144531 0.269531 0.134766 0.268555 0.150391 0.255859 0.140625 0.250977 0.155273 0.239258 0.156250 0.228516 0.147461 0.209961 0.141602 0.197266 0.133789 0.200195 0.121094 0.179688 0.115234 0.197266 0.104492 0.178711 0.093750 0.200195 0.083008 0.188477 0.071289 0.205078 0.051758
1 0.338867 0.061523 0.339844 0.039062 0.357422 0.037109 0.360352 0.055664 0.386719 0.049805 0.386719 0.049805 0.386719 0.073242 0.377930 0.083008 0.369141 0.095703 0.379883 0.099609 0.388672 0.108398 0.381836 0.112305 0.389648 0.141602 0.368164 0.137695 0.356445 0.163086 0.345703 0.152344 0.345703 0.152344 0.333984 0.166992 0.327148 0.137695 0.304688 0.149414 0.301758 0.127930 0.287109 0.124023 0.296875 0.111328 0.279297 0.088867 0.296875 0.086914 0.283203 0.075195 0.298828 0.075195 0.296875 0.062500 0.306641 0.062500 0.307617 0.041992 0.314453 0.041016
1 0.446289 0.051758 0.461914 0.041992 0.469727 0.046875 0.460938 0.075195 0.477539 0.072266 0.495117 0.080078 0.488281 0.086914 0.492188 0.091797 0.473633 0.100586 0.498047 0.115234 0.485352 0.131836 0.469727 0.126953 0.477539 0.145508 0.462891 0.140625 0.449219 0.153320 0.449219 0.137695 0.435547 0.142578 0.427734 0.129883 0.427734 0.129883 0.415039 0.146484 0.407227 0.127930 0.367188 0.151367 0.385742 0.114258 0.367188 0.110352 0.359375 0.087891 0.381836 0.083008 0.386719 0.048828 0.405273 0.061523 0.412109 0.044922 0.426758 0.033203
1 0.582031 0.049805 0.574219 0.075195 0.597656 0.076172 0.587891 0.084961 0.596680 0.090820 0.588867 0.100586 0.557617 0.100586 0.577148 0.109375 0.588867 0.126953 0.582031 0.134766 0.559570 0.125000 0.563477 0.145508 0.563477 0.145508 0.550781 0.136719 0.542969 0.149414 0.531250 0.126953 0.521484 0.138672 0.503906 0.138672 0.507812 0.125000 0.498047 0.128906 0.499023 0.112305 0.484375 0.099609 0.494141 0.071289 0.504883 0.053711 0.521484 0.052734 0.528320 0.056641 0.543945 0.032227
1 0.000000 0.184570 0.012695 0.171875 0.012695 0.171875 0.015625 0.185547 0.034180 0.181641 0.038086 0.199219 0.053711 0.204102 0.041016 0.213867 0.056641 0.228516 0.038086 0.239258 0.054688 0.273438 0.032227 0.283203 0.034180 0.263672 0.011719 0.275391 0.000000 0.281250
1 0.115234 0.155273 0.121094 0.187500 0.137695 0.164062 0.155273 0.160156 0.154297 0.184570 0.136719 0.203125 0.161133 0.220703 0.153320 0.232422 0.183594 0.250977 0.142578 0.236328 0.119141 0.250977 0.123047 0.229492 0.096680 0.243164 0.058594 0.249023 0.037109 0.244141 0.052734 0.232422 0.036133 0.223633 0.054688 0.213867 0.035156 0.199219 0.056641 0.187500 0.058594 0.172852 0.066406 0.175781 0.067383 0.165039 0.090820 0.177734 0.091797 0.158203 0.109375 0.142578
1 0.209961 0.159180 0.221680 0.150391 0.221680 0.166016 0.243164 0.159180 0.240234 0.169922 0.248047 0.167969 0.264648 0.169922 0.252930 0.192383 0.273438 0.198242 0.250977 0.210938 0.250977 0.215820 0.272461 0.233398 0.257812 0.247070 0.237305 0.240234 0.241211 0.262695 0.227539 0.269531 0.214844 0.239258 0.194336 0.262695 0.172852 0.266602 0.195312 0.234375 0.168945 0.241211 0.149414 0.230469 0.165039 0.222656 0.136719 0.200195 0.160156 0.192383 0.164062 0.170898 0.178711 0.153320 0.188477 0.166992 0.197266 0.153320
1 0.334961 0.169922 0.351562 0.157227 0.358398 0.161133 0.356445 0.174805 0.374023 0.165039 0.386719 0.179688 0.362305 0.183594 0.374023 0.192383 0.374023 0.192383 0.363281 0.200195 0.383789 0.201172 0.374023 0.215820 0.352539 0.216797 0.377930 0.251953 0.358398 0.252930 0.337891 0.231445 0.335938 0.252930 0.324219 0.262695 0.313477 0.246094 0.291016 0.262695 0.278320 0.262695 0.282227 0.236328 0.276367 0.219727 0.260742 0.208984 0.279297 0.203125 0.266602 0.185547 0.276367 0.174805 0.295898 0.177734 0.290039 0.162109 0.299805 0.151367 0.312500 0.168945 0.324219 0.150391
1 0.450195 0.148438 0.472656 0.135742 0.471680 0.149414 0.460938 0.165039 0.476562 0.168945 0.495117 0.176758 0.493164 0.188477 0.485352 0.200195 0.467773 0.201172 0.492188 0.224609 0.477539 0.228516 0.449219 0.224609 0.454102 0.235352 0.442383 0.254883 0.426758 0.240234 0.421875 0.234375 0.416016 0.256836 0.404297 0.262695 0.397461 0.248047 0.402344 0.218750 0.380859 0.229492 0.365234 0.230469 0.366211 0.214844 0.384766 0.195312 0.372070 0.190430 0.362305 0.174805 0.362305 0.174805 0.374023 0.175781 0.373047 0.157227 0.407227 0.171875 0.407227 0.171875 0.397461 0.151367 0.392578 0.135742 0.410156 0.139648 0.429688 0.130859 0.433594 0.146484 0.450195 0.135742
1 0.578125 0.170898 0.602539 0.172852 0.602539 0.182617 0.582031 0.194336 0.596680 0.202148 0.594727 0.226562 0.575195 0.219727 0.575195 0.239258 0.552734 0.225586 0.543945 0.241211 0.537109 0.234375 0.523438 0.243164 0.522461 0.228516 0.504883 0.239258 0.489258 0.245117 0.488281 0.223633 0.506836 0.207031 0.491211 0.204102 0.477539 0.186523 0.504883 0.182617 0.489258 0.165039 0.498047 0.158203 0.508789 0.164062 0.509766 0.152344 0.519531 0.155273 0.521484 0.161133 0.537109 0.149414 0.555664 0.134766 0.555664 0.149414 0.564453 0.145508 0.567383 0.150391 0.577148 0.151367
1 0.030273 0.267578 0.033203 0.282227 0.051758 0.275391 0.051758 0.275391 0.043945 0.294922 0.050781 0.294922 0.061523 0.295898 0.058594 0.300781 0.046875 0.310547 0.049805 0.338867 0.029297 0.327148 0.024414 0.353516 0.007812 0.337891 0.000000 0.343750 0.000000 0.257812 0.015625 0.266602
1 0.148438 0.234375 0.151367 0.246094 0.178711 0.237305 0.169922 0.261719 0.208008 0.285156 0.185547 0.294922 0.191406 0.307617 0.191406 0.307617 0.173828 0.317383 0.176758 0.333984 0.137695 0.323242 0.136719 0.355469 0.120117 0.331055 0.083984 0.352539 0.083008 0.329102 0.070312 0.329102 0.081055 0.315430 0.065430 0.323242 0.061523 0.314453 0.049805 0.306641 0.057617 0.290039 0.047852 0.280273 0.066406 0.277344 0.056641 0.257812 0.080078 0.257812 0.080078 0.237305 0.095703 0.243164 0.125977 0.226562 0.124023 0.240234
1 0.248047 0.259766 0.266602 0.256836 0.284180 0.262695 0.278320 0.276367 0.295898 0.282227 0.295898 0.282227 0.283203 0.289062 0.284180 0.298828 0.297852 0.303711 0.281250 0.314453 0.265625 0.308594 0.266602 0.328125 0.255859 0.337891 0.244141 0.319336 0.229492 0.335938 0.221680 0.323242 0.207031 0.309570 0.214844 0.299805 0.201172 0.291016 0.213867 0.289062 0.213867 0.271484 0.236328 0.263672 0.239258 0.269531
1 0.374023 0.256836 0.401367 0.257812 0.388672 0.276367 0.392578 0.287109 0.407227 0.293945 0.401367 0.300781 0.393555 0.300781 0.403320 0.320312 0.371094 0.311523 0.371094 0.311523 0.361328 0.324219 0.340820 0.313477 0.340820 0.313477 0.323242 0.330078 0.317383 0.323242 0.301758 0.330078 0.293945 0.330078 0.306641 0.308594 0.280273 0.315430 0.298828 0.303711 0.281250 0.294922 0.283203 0.273438 0.291992 0.271484 0.280273 0.256836 0.301758 0.256836 0.301758 0.250977 0.317383 0.261719 0.314453 0.247070 0.333008 0.250000 0.340820 0.256836 0.346680 0.241211 0.361328 0.250000
1 0.467773 0.243164 0.494141 0.222656 0.489258 0.246094 0.505859 0.244141 0.500977 0.247070 0.498047 0.256836 0.506836 0.261719 0.503906 0.269531 0.511719 0.281250 0.496094 0.286133 0.488281 0.287109 0.505859 0.301758 0.507812 0.312500 0.498047 0.307617 0.498047 0.307617 0.501953 0.323242 0.492188 0.330078 0.474609 0.312500 0.474609 0.312500 0.472656 0.336914 0.460938 0.330078 0.447266 0.337891 0.445312 0.317383 0.445312 0.317383 0.431641 0.335938 0.424805 0.317383 0.418945 0.314453 0.415039 0.305664 0.400391 0.313477 0.391602 0.283203 0.402344 0.285156 0.397461 0.267578 0.395508 0.258789 0.413086 0.254883 0.415039 0.242188 0.424805 0.242188 0.435547 0.238281 0.441406 0.250977 0.458008 0.231445 0.467773 0.231445
1 0.587891 0.239258 0.596680 0.239258 0.593750 0.250977 0.606445 0.245117 0.606445 0.253906 0.619141 0.265625 0.611328 0.277344 0.622070 0.284180 0.622070 0.284180 0.610352 0.295898 0.616211 0.311523 0.604492 0.307617 0.601562 0.317383 0.578125 0.308594 0.565430 0.323242 0.552734 0.331055 0.537109 0.336914 0.547852 0.308594 0.547852 0.308594 0.521484 0.324219 0.511719 0.311523 0.518555 0.293945 0.501953 0.292969 0.498047 0.266602 0.506836 0.249023 0.515625 0.248047 0.515625 0.243164 0.526367 0.247070 0.535156 0.230469 0.542969 0.238281 0.542969 0.238281 0.553711 0.223633
1 0.000000 0.359375 0.013672 0.362305 0.010742 0.337891 0.010742 0.337891 0.026367 0.336914 0.026367 0.336914 0.036133 0.355469 0.035156 0.332031 0.048828 0.333008 0.062500 0.342773 0.062500 0.360352 0.067383 0.357422 0.094727 0.342773 0.103516 0.356445 0.094727 0.366211 0.103516 0.369141 0.088867 0.402344 0.074219 0.400391 0.104492 0.421875 0.103516 0.437500 0.058594 0.418945 0.058594 0.418945 0.059570 0.456055 0.038086 0.438477 0.036133 0.420898 0.036133 0.420898 0.016602 0.444336 0.006836 0.435547 0.007812 0.416992 0.000000 0.418945
1 0.165039 0.366211 0.205078 0.346680 0.204102 0.365234 0.185547 0.380859 0.206055 0.380859 0.206055 0.380859 0.224609 0.397461 0.200195 0.401367 0.203125 0.411133 0.197266 0.421875 0.176758 0.419922 0.163086 0.432617 0.150391 0.410156 0.127930 0.427734 0.111328 0.433594 0.106445 0.425781 0.106445 0.425781 0.094727 0.432617 0.094727 0.432617 0.096680 0.402344 0.083008 0.399414 0.096680 0.366211 0.095703 0.343750 0.121094 0.351562 0.120117 0.335938 0.132812 0.344727 0.134766 0.323242 0.154297 0.324219 0.170898 0.333008
1 0.278320 0.347656 0.289062 0.333984 0.305664 0.340820 0.311523 0.353516 0.300781 0.360352 0.308594 0.369141 0.294922 0.380859 0.304688 0.386719 0.299805 0.413086 0.278320 0.403320 0.268555 0.409180 0.262695 0.420898 0.258789 0.419922 0.246094 0.408203 0.230469 0.420898 0.218750 0.409180 0.223633 0.391602 0.204102 0.391602 0.201172 0.380859 0.214844 0.375000 0.201172 0.362305 0.203125 0.344727 0.226562 0.351562 0.223633 0.335938 0.239258 0.320312 0.243164 0.335938 0.254883 0.332031 0.262695 0.319336 0.271484 0.327148 0.272461 0.336914 0.282227 0.335938
1 0.376953 0.325195 0.392578 0.315430 0.392578 0.331055 0.386719 0.352539 0.404297 0.340820 0.420898 0.342773 0.420898 0.351562 0.408203 0.358398 0.422852 0.363281 0.412109 0.369141 0.429688 0.379883 0.413086 0.391602 0.418945 0.394531 0.412109 0.403320 0.392578 0.398438 0.404297 0.415039 0.384766 0.409180 0.377930 0.442383 0.362305 0.414062 0.349609 0.428711 0.341797 0.418945 0.323242 0.432617 0.327148 0.413086 0.308594 0.414062 0.313477 0.408203 0.302734 0.401367 0.306641 0.390625 0.291992 0.378906 0.304688 0.371094 0.295898 0.357422 0.312500 0.360352 0.306641 0.337891 0.331055 0.340820 0.331055 0.325195 0.354492 0.309570 0.354492 0.309570 0.358398 0.329102 0.372070 0.309570
1 0.480469 0.342773 0.482422 0.327148 0.508789 0.319336 0.498047 0.349609 0.520508 0.342773 0.514648 0.355469 0.531250 0.362305 0.531250 0.371094 0.510742 0.372070 0.534180 0.377930 0.528320 0.382812 0.525391 0.397461 0.520508 0.412109 0.500000 0.432617 0.493164 0.414062 0.480469 0.432617 0.466797 0.433594 0.459961 0.416016 0.441406 0.430664 0.440430 0.410156 0.447266 0.399414 0.418945 0.404297 0.411133 0.384766 0.437500 0.375000 0.416992 0.365234 0.424805 0.358398 0.414062 0.335938 0.434570 0.345703 0.429688 0.328125 0.450195 0.337891 0.463867 0.326172
1 0.600586 0.326172 0.625000 0.328125 0.620117 0.336914 0.641602 0.337891 0.635742 0.341797 0.626953 0.351562 0.647461 0.354492 0.624023 0.368164 0.643555 0.378906 0.626953 0.387695 0.610352 0.383789 0.608398 0.399414 0.589844 0.392578 0.585938 0.409180 0.566406 0.391602 0.559570 0.408203 0.539062 0.422852 0.545898 0.397461 0.525391 0.409180 0.517578 0.399414 0.532227 0.375000 0.519531 0.368164 0.509766 0.349609 0.541016 0.347656 0.529297 0.332031 0.541992 0.321289 0.549805 0.331055 0.559570 0.314453 0.571289 0.322266 0.576172 0.307617 0.600586 0.312500
1 0.021484 0.458008 0.041016 0.428711 0.052734 0.445312 0.078125 0.427734 0.076172 0.458008 0.093750 0.455078 0.102539 0.473633 0.105469 0.493164 0.119141 0.496094 0.119141 0.496094 0.108398 0.503906 0.111328 0.518555 0.091797 0.514648 0.099609 0.534180 0.070312 0.533203 0.050781 0.524414 0.045898 0.537109 0.037109 0.531250 0.025391 0.527344 0.011719 0.506836 0.000000 0.492188 0.000000 0.456055 0.000000 0.456055
1 0.163086 0.429688 0.187500 0.416992 0.210938 0.419922 0.209961 0.435547 0.222656 0.431641 0.219727 0.440430 0.204102 0.451172 0.225586 0.456055 0.221680 0.466797 0.239258 0.467773 0.218750 0.477539 0.196289 0.474609 0.219727 0.496094 0.219727 0.496094 0.206055 0.512695 0.181641 0.493164 0.190430 0.523438 0.166992 0.520508 0.155273 0.494141 0.137695 0.518555 0.124023 0.504883 0.124023 0.494141 0.105469 0.503906 0.106445 0.477539 0.091797 0.449219 0.117188 0.450195 0.123047 0.422852 0.151367 0.406250
1 0.273438 0.403320 0.286133 0.441406 0.312500 0.412109 0.318359 0.415039 0.311523 0.435547 0.336914 0.428711 0.350586 0.442383 0.325195 0.453125 0.334961 0.463867 0.341797 0.490234 0.313477 0.487305 0.319336 0.507812 0.311523 0.522461 0.286133 0.521484 0.278320 0.499023 0.272461 0.516602 0.250977 0.506836 0.246094 0.492188 0.227539 0.488281 0.238281 0.476562 0.222656 0.460938 0.252930 0.454102 0.239258 0.433594 0.240234 0.420898 0.257812 0.436523 0.257812 0.436523
1 0.402344 0.411133 0.414062 0.403320 0.419922 0.412109 0.418945 0.426758 0.432617 0.425781 0.441406 0.440430 0.434570 0.458984 0.441406 0.478516 0.441406 0.478516 0.424805 0.486328 0.427734 0.494141 0.412109 0.494141 0.389648 0.502930 0.382812 0.514648 0.362305 0.493164 0.336914 0.499023 0.342773 0.481445 0.322266 0.454102 0.341797 0.443359 0.330078 0.427734 0.346680 0.416992 0.370117 0.429688 0.382812 0.421875 0.388672 0.405273
1 0.500000 0.430664 0.528320 0.400391 0.519531 0.446289 0.535156 0.438477 0.548828 0.447266 0.531250 0.464844 0.552734 0.489258 0.535156 0.489258 0.535156 0.489258 0.534180 0.501953 0.519531 0.524414 0.509766 0.510742 0.504883 0.521484 0.494141 0.499023 0.479492 0.518555 0.479492 0.518555 0.459961 0.500000 0.464844 0.492188 0.438477 0.491211 0.446289 0.483398 0.439453 0.467773 0.459961 0.449219 0.438477 0.432617 0.455078 0.419922 0.472656 0.434570 0.490234 0.417969
1 0.611328 0.382812 0.622070 0.396484 0.619141 0.415039 0.639648 0.402344 0.651367 0.409180 0.660156 0.428711 0.659180 0.463867 0.630859 0.463867 0.650391 0.484375 0.632812 0.503906 0.609375 0.476562 0.608398 0.507812 0.593750 0.502930 0.590820 0.512695 0.569336 0.503906 0.576172 0.484375 0.549805 0.494141 0.537109 0.478516 0.537109 0.478516 0.564453 0.463867 0.539062 0.458984 0.539062 0.458984 0.529297 0.440430 0.550781 0.424805 0.572266 0.429688 0.561523 0.394531 0.587891 0.408203 0.589844 0.388672
1 0.672852 0.000000 0.688477 0.001953 0.673828 0.018555 0.692383 0.018555 0.694336 0.036133 0.706055 0.037109 0.707031 0.048828 0.720703 0.034180 0.734375 0.025391 0.740234 0.025391 0.757812 0.015625 0.786133 0.026367 0.798828 0.006836 0.783203 0.000000
1 0.791016 0.000000 0.790039 0.023438 0.809570 0.015625 0.816406 0.024414 0.835938 0.011719 0.843750 0.023438 0.856445 0.004883 0.886719 0.023438 0.890625 0.000000
1 0.664062 0.047852 0.692383 0.034180 0.692383 0.051758 0.695312 0.054688 0.693359 0.067383 0.713867 0.100586 0.702148 0.101562 0.702148 0.101562 0.708008 0.122070 0.708008 0.122070 0.708984 0.134766 0.695312 0.130859 0.697266 0.140625 0.676758 0.135742 0.676758 0.135742 0.673828 0.145508 0.650391 0.136719 0.640625 0.154297 0.630859 0.138672 0.614258 0.155273 0.612305 0.136719 0.595703 0.140625 0.609375 0.123047 0.584961 0.122070 0.597656 0.110352 0.595703 0.099609 0.607422 0.079102 0.582031 0.063477 0.598633 0.060547 0.604492 0.036133 0.618164 0.022461 0.642578 0.036133 0.655273 0.013672
1 0.767578 0.015625 0.760742 0.031250 0.766602 0.030273 0.783203 0.025391 0.811523 0.052734 0.790039 0.063477 0.801758 0.074219 0.782227 0.092773 0.797852 0.096680 0.783203 0.131836 0.760742 0.134766 0.756836 0.111328 0.748047 0.132812 0.736328 0.135742 0.733398 0.124023 0.717773 0.124023 0.718750 0.110352 0.695312 0.105469 0.695312 0.091797 0.717773 0.084961 0.691406 0.073242 0.698242 0.042969 0.717773 0.055664 0.718750 0.033203
1 0.859375 0.000977 0.880859 0.026367 0.875000 0.048828 0.896484 0.039062 0.902344 0.052734 0.890625 0.059570 0.882812 0.068359 0.904297 0.081055 0.886719 0.086914 0.886719 0.086914 0.891602 0.102539 0.896484 0.119141 0.872070 0.112305 0.873047 0.149414 0.839844 0.151367 0.828125 0.121094 0.805664 0.142578 0.803711 0.122070 0.782227 0.131836 0.795898 0.097656 0.777344 0.093750 0.799805 0.070312 0.776367 0.058594 0.781250 0.058594 0.803711 0.049805 0.796875 0.016602 0.818359 0.024414 0.833984 0.006836 0.842773 0.022461
1 0.916992 0.035156 0.933594 0.040039 0.959961 0.025391 0.963867 0.041992 0.978516 0.049805 0.990234 0.045898 0.984375 0.056641 1.000000 0.059570 1.000000 0.059570 0.987305 0.070312 1.000000 0.088867 0.986328 0.091797 1.000000 0.112305 0.987305 0.124023 0.973633 0.111328 0.963867 0.140625 0.949219 0.120117 0.922852 0.143555 0.908203 0.144531 0.922852 0.116211 0.891602 0.114258 0.886719 0.086914 0.900391 0.081055 0.880859 0.060547 0.897461 0.053711 0.920898 0.065430
1 0.649414 0.169922 0.647461 0.133789 0.667969 0.139648 0.670898 0.175781 0.692383 0.159180 0.714844 0.162109 0.704102 0.177734 0.688477 0.195312 0.702148 0.212891 0.670898 0.213867 0.672852 0.232422 0.654297 0.221680 0.654297 0.221680 0.651367 0.251953 0.625000 0.238281 0.595703 0.247070 0.607422 0.222656 0.602539 0.206055 0.583008 0.190430 0.606445 0.183594 0.608398 0.158203 0.618164 0.151367
1 0.762695 0.148438 0.774414 0.141602 0.787109 0.152344 0.787109 0.152344 0.806641 0.157227 0.806641 0.157227 0.814453 0.174805 0.811523 0.185547 0.820312 0.212891 0.812500 0.221680 0.822266 0.243164 0.807617 0.253906 0.809570 0.235352 0.790039 0.247070 0.772461 0.230469 0.769531 0.262695 0.739258 0.253906 0.740234 0.275391 0.724609 0.257812 0.727539 0.234375 0.694336 0.248047 0.694336 0.248047 0.694336 0.224609 0.707031 0.217773 0.676758 0.211914 0.694336 0.204102 0.684570 0.188477 0.701172 0.179688 0.717773 0.161133 0.717773 0.145508 0.731445 0.139648 0.739258 0.153320 0.751953 0.150391
1 0.875000 0.166992 0.895508 0.160156 0.897461 0.171875 0.908203 0.174805 0.903320 0.196289 0.917969 0.201172 0.908203 0.209961 0.909180 0.217773 0.878906 0.217773 0.877930 0.235352 0.860352 0.222656 0.833008 0.242188 0.831055 0.221680 0.812500 0.221680 0.816406 0.198242 0.828125 0.178711 0.830078 0.160156 0.851562 0.163086 0.856445 0.151367 0.873047 0.151367 0.873047 0.151367
1 0.990234 0.131836 1.000000 0.125000 1.000000 0.257812 0.975586 0.230469 0.975586 0.230469 0.952148 0.259766 0.947266 0.230469 0.908203 0.241211 0.922852 0.221680 0.906250 0.216797 0.928711 0.205078 0.897461 0.193359 0.916016 0.171875 0.940430 0.179688 0.940430 0.179688 0.919922 0.160156 0.943359 0.131836 0.963867 0.150391 0.974609 0.128906
1 0.670898 0.227539 0.684570 0.214844 0.684570 0.214844 0.686523 0.227539 0.697266 0.221680 0.697266 0.221680 0.695312 0.245117 0.722656 0.236328 0.720703 0.262695 0.735352 0.280273 0.719727 0.291016 0.732422 0.309570 0.721680 0.310547 0.726562 0.322266 0.697266 0.327148 0.686523 0.308594 0.677734 0.332031 0.663086 0.320312 0.646484 0.337891 0.632812 0.332031 0.633789 0.315430 0.616211 0.316406 0.619141 0.302734 0.601562 0.296875 0.615234 0.283203 0.605469 0.272461 0.595703 0.249023 0.618164 0.250977 0.618164 0.233398 0.647461 0.248047 0.654297 0.219727
1 0.809570 0.254883 0.837891 0.255859 0.816406 0.273438 0.816406 0.273438 0.834961 0.302734 0.795898 0.298828 0.801758 0.321289 0.791992 0.339844 0.779297 0.317383 0.779297 0.317383 0.760742 0.335938 0.755859 0.302734 0.729492 0.308594 0.727539 0.291016 0.753906 0.279297 0.729492 0.267578 0.739258 0.249023 0.763672 0.256836 0.772461 0.227539 0.788086 0.239258 0.807617 0.237305
1 0.916992 0.238281 0.939453 0.235352 0.927734 0.261719 0.955078 0.283203 0.931641 0.289062 0.939453 0.312500 0.917969 0.302734 0.904297 0.304688 0.896484 0.323242 0.881836 0.305664 0.855469 0.333984 0.851562 0.313477 0.840820 0.299805 0.851562 0.291016 0.830078 0.280273 0.837891 0.259766 0.832031 0.243164 0.858398 0.223633 0.875977 0.233398 0.882812 0.209961 0.900391 0.214844 0.916016 0.217773
1 0.951172 0.289062 0.936523 0.309570 0.956055 0.305664 0.955078 0.324219 0.973633 0.307617 0.978516 0.328125 0.993164 0.312500 1.000000 0.322266 1.000000 0.240234 0.995117 0.253906 0.978516 0.225586 0.957031 0.246094 0.926758 0.242188 0.929688 0.267578
1 0.684570 0.329102 0.703125 0.309570 0.709961 0.321289 0.729492 0.309570 0.740234 0.320312 0.734375 0.341797 0.752930 0.338867 0.765625 0.366211 0.735352 0.371094 0.763672 0.390625 0.753906 0.396484 0.731445 0.395508 0.710938 0.411133 0.684570 0.400391 0.684570 0.400391 0.680664 0.421875 0.653320 0.427734 0.638672 0.416016 0.651367 0.403320 0.622070 0.400391 0.621094 0.370117 0.634766 0.369141 0.631836 0.334961 0.661133 0.332031 0.662109 0.316406
1 0.807617 0.311523 0.824219 0.321289 0.824219 0.329102 0.837891 0.322266 0.837891 0.322266 0.852539 0.338867 0.840820 0.356445 0.855469 0.374023 0.849609 0.376953 0.840820 0.379883 0.839844 0.400391 0.822266 0.385742 0.811523 0.398438 0.802734 0.382812 0.792969 0.395508 0.788086 0.392578 0.765625 0.381836 0.774414 0.367188 0.758789 0.357422 0.782227 0.325195 0.794922 0.334961
1 0.922852 0.320312 0.962891 0.313477 0.962891 0.313477 0.952148 0.334961 0.973633 0.347656 0.972656 0.361328 0.942383 0.372070 0.958008 0.389648 0.950195 0.397461 0.925781 0.386719 0.925781 0.386719 0.929688 0.405273 0.916992 0.413086 0.916992 0.413086 0.907227 0.389648 0.907227 0.389648 0.899414 0.408203 0.891602 0.394531 0.883789 0.403320 0.875000 0.397461 0.875000 0.397461 0.890625 0.372070 0.855469 0.368164 0.858398 0.353516 0.882812 0.349609 0.871094 0.333008 0.886719 0.313477 0.902344 0.316406 0.912109 0.302734
1 1.000000 0.321289 0.985352 0.312500 0.972656 0.324219 0.980469 0.334961 0.955078 0.342773 0.974609 0.365234 0.985352 0.374023 0.974609 0.392578 0.987305 0.398438 0.997070 0.412109 0.998047 0.394531
1 0.710938 0.406250 0.744141 0.389648 0.740234 0.403320 0.751953 0.403320 0.760742 0.411133 0.750977 0.420898 0.760742 0.432617 0.768555 0.448242 0.754883 0.453125 0.765625 0.472656 0.754883 0.486328 0.754883 0.486328 0.733398 0.471680 0.737305 0.501953 0.710938 0.506836 0.708008 0.487305 0.697266 0.504883 0.678711 0.486328 0.668945 0.485352 0.660156 0.456055 0.671875 0.451172 0.660156 0.442383 0.661133 0.420898 0.676758 0.416016 0.683594 0.400391 0.700195 0.404297
1 0.844727 0.401367 0.862305 0.390625 0.861328 0.409180 0.875000 0.403320 0.865234 0.423828 0.885742 0.432617 0.886719 0.447266 0.880859 0.448242 0.873047 0.451172 0.891602 0.461914 0.877930 0.491211 0.865234 0.499023 0.854492 0.483398 0.851562 0.504883 0.846680 0.504883 0.825195 0.503906 0.820312 0.491211 0.808594 0.503906 0.814453 0.500000 0.784180 0.502930 0.769531 0.495117 0.779297 0.482422 0.760742 0.485352 0.752930 0.460938 0.765625 0.449219 0.750977 0.433594 0.766602 0.434570 0.756836 0.418945 0.774414 0.420898 0.767578 0.406250 0.780273 0.404297 0.782227 0.383789 0.794922 0.400391 0.800781 0.382812 0.813477 0.391602 0.830078 0.380859
1 0.943359 0.408203 0.966797 0.383789 0.967773 0.407227 0.989258 0.391602 0.986328 0.415039 1.000000 0.411133 1.000000 0.433594 0.996094 0.451172 1.000000 0.474609 0.992188 0.489258 0.967773 0.504883 0.949219 0.479492 0.949219 0.479492 0.930664 0.514648 0.921875 0.496094 0.910156 0.500000 0.911133 0.482422 0.889648 0.493164 0.891602 0.477539 0.878906 0.476562 0.891602 0.462891 0.870117 0.453125 0.882812 0.422852 0.884766 0.413086 0.912109 0.422852 0.921875 0.395508 0.942383 0.383789
1 0.840820 0.500977 0.840820 0.511719 0.860352 0.502930 0.858398 0.516602 0.874023 0.516602 0.859375 0.531250 0.871094 0.536133 0.860352 0.546875 0.872070 0.551758 0.861328 0.561523 0.862305 0.572266 0.846680 0.567383 0.845703 0.573242 0.843750 0.583008 0.829102 0.576172 0.824219 0.582031 0.811523 0.574219 0.778320 0.590820 0.780273 0.570312 0.766602 0.577148 0.771484 0.562500 0.756836 0.558594 0.762695 0.542969 0.750000 0.541016 0.773438 0.529297 0.761719 0.509766 0.771484 0.501953 0.786133 0.507812 0.787109 0.493164 0.821289 0.489258 0.821289 0.508789
1 0.030273 0.587891 0.061523 0.605469 0.070312 0.585938 0.085938 0.578125 0.091797 0.604492 0.131836 0.588867 0.121094 0.632812 0.113281 0.641602 0.122070 0.642578 0.130859 0.656250 0.115234 0.676758 0.131836 0.687500 0.112305 0.699219 0.101562 0.712891 0.079102 0.692383 0.069336 0.719727 0.069336 0.719727 0.050781 0.700195 0.050781 0.700195 0.035156 0.713867 0.027344 0.697266 0.014648 0.694336 0.017578 0.677734 0.000000 0.675781 0.011719 0.656250 0.002930 0.640625 0.013672 0.615234 0.034180 0.624023 0.033203 0.619141
1 0.000000 0.732422 0.020508 0.743164 0.041992 0.743164 0.046875 0.758789 0.045898 0.779297 0.055664 0.780273 0.051758 0.806641 0.059570 0.801758 0.070312 0.818359 0.050781 0.835938 0.044922 0.854492 0.025391 0.867188 0.000977 0.877930 0.000977 0.870117
1 0.002930 0.907227 0.023438 0.896484 0.021484 0.906250 0.035156 0.900391 0.032227 0.917969 0.039062 0.915039 0.055664 0.908203 0.059570 0.924805 0.066406 0.923828 0.066406 0.936523 0.075195 0.953125 0.056641 0.967773 0.061523 0.984375 0.040039 0.982422 0.039062 0.993164 0.020508 0.988281 0.009766 1.000000 0.000000 0.990234
1 0.094727 0.713867 0.119141 0.702148 0.119141 0.702148 0.120117 0.720703 0.152344 0.706055 0.147461 0.720703 0.157227 0.735352 0.155273 0.746094 0.147461 0.750977 0.166016 0.759766 0.147461 0.768555 0.132812 0.765625 0.151367 0.795898 0.107422 0.775391 0.107422 0.775391 0.105469 0.792969 0.085938 0.804688 0.083008 0.778320 0.054688 0.804688 0.054688 0.783203 0.038086 0.785156 0.060547 0.756836 0.041016 0.734375 0.039062 0.703125 0.056641 0.700195 0.069336 0.729492 0.072266 0.700195 0.083008 0.693359
1 0.125977 0.788086 0.149414 0.790039 0.139648 0.823242 0.163086 0.819336 0.171875 0.827148 0.171875 0.827148 0.141602 0.847656 0.171875 0.854492 0.167969 0.868164 0.150391 0.873047 0.163086 0.897461 0.141602 0.905273 0.120117 0.878906 0.091797 0.925781 0.086914 0.900391 0.061523 0.913086 0.068359 0.883789 0.050781 0.878906 0.038086 0.848633 0.048828 0.849609 0.046875 0.841797 0.045898 0.835938 0.041016 0.824219 0.061523 0.824219 0.056641 0.828125 0.067383 0.795898 0.089844 0.808594 0.105469 0.788086 0.117188 0.807617
1 0.126953 0.908203 0.155273 0.891602 0.154297 0.914062 0.185547 0.908203 0.185547 0.908203 0.181641 0.923828 0.198242 0.933594 0.197266 0.953125 0.179688 0.961914 0.175781 0.995117 0.153320 0.982422 0.142578 1.000000 0.109375 1.000000 0.100586 0.976562 0.076172 0.996094 0.076172 0.977539 0.064453 0.966797 0.072266 0.923828 0.090820 0.929688 0.095703 0.904297 0.110352 0.897461
1 0.176758 0.577148 0.193359 0.567383 0.193359 0.567383 0.195312 0.591797 0.210938 0.568359 0.229492 0.568359 0.229492 0.585938 0.248047 0.581055 0.247070 0.609375 0.226562 0.629883 0.240234 0.650391 0.221680 0.661133 0.227539 0.692383 0.222656 0.690430 0.204102 0.690430 0.194336 0.706055 0.180664 0.689453 0.175781 0.696289 0.167969 0.712891 0.157227 0.695312 0.139648 0.707031 0.139648 0.707031 0.137695 0.679688 0.112305 0.679688 0.120117 0.630859 0.131836 0.605469 0.155273 0.609375 0.160156 0.605469 0.161133 0.576172
1 0.211914 0.695312 0.237305 0.682617 0.237305 0.696289 0.245117 0.695312 0.241211 0.715820 0.226562 0.715820 0.244141 0.743164 0.223633 0.755859 0.231445 0.791016 0.210938 0.796875 0.204102 0.771484 0.194336 0.793945 0.177734 0.801758 0.178711 0.772461 0.146484 0.779297 0.147461 0.772461 0.163086 0.760742 0.141602 0.749023 0.167969 0.736328 0.150391 0.717773 0.155273 0.694336 0.175781 0.706055 0.177734 0.683594 0.192383 0.703125 0.206055 0.682617
1 0.253906 0.823242 0.298828 0.828125 0.263672 0.842773 0.291016 0.858398 0.285156 0.875000 0.257812 0.875000 0.257812 0.875000 0.254883 0.899414 0.235352 0.904297 0.227539 0.881836 0.201172 0.913086 0.200195 0.894531 0.177734 0.899414 0.186523 0.872070 0.152344 0.877930 0.152344 0.877930 0.180664 0.862305 0.152344 0.845703 0.174805 0.840820 0.167969 0.812500 0.189453 0.815430 0.190430 0.795898 0.203125 0.785156 0.206055 0.804688 0.224609 0.785156 0.230469 0.792969 0.240234 0.778320 0.246094 0.798828 0.266602 0.793945
1 0.266602 0.908203 0.290039 0.892578 0.287109 0.920898 0.304688 0.916016 0.313477 0.926758 0.295898 0.946289 0.312500 0.964844 0.288086 0.972656 0.292969 0.996094 0.264648 0.986328 0.269531 1.000000 0.243164 1.000000 0.245117 0.981445 0.221680 0.995117 0.223633 0.973633 0.200195 0.971680 0.195312 0.958008 0.197266 0.929688 0.206055 0.932617 0.205078 0.899414 0.233398 0.903320 0.238281 0.918945 0.242188 0.898438 0.263672 0.897461
1 0.298828 0.581055 0.314453 0.568359 0.330078 0.570312 0.330078 0.570312 0.319336 0.596680 0.343750 0.604492 0.359375 0.610352 0.348633 0.618164 0.327148 0.617188 0.344727 0.638672 0.325195 0.655273 0.342773 0.666016 0.323242 0.689453 0.309570 0.703125 0.282227 0.672852 0.272461 0.672852 0.247070 0.697266 0.248047 0.672852 0.227539 0.676758 0.238281 0.649414 0.227539 0.623047 0.256836 0.628906 0.242188 0.598633 0.242188 0.598633 0.282227 0.576172
1 0.329102 0.718750 0.358398 0.720703 0.349609 0.738281 0.349609 0.738281 0.333984 0.742188 0.373047 0.788086 0.328125 0.772461 0.332031 0.817383 0.306641 0.803711 0.300781 0.784180 0.279297 0.822266 0.274414 0.804688 0.255859 0.819336 0.246094 0.792969 0.254883 0.775391 0.229492 0.781250 0.237305 0.764648 0.219727 0.756836 0.243164 0.740234 0.233398 0.710938 0.243164 0.711914 0.249023 0.686523 0.262695 0.692383 0.272461 0.666992 0.292969 0.672852 0.301758 0.700195 0.328125 0.684570 0.351562 0.687500 0.342773 0.713867
1 0.345703 0.790039 0.355469 0.814453 0.381836 0.798828 0.398438 0.804688 0.383789 0.832031 0.401367 0.848633 0.389648 0.860352 0.386719 0.873047 0.380859 0.886719 0.361328 0.909180 0.348633 0.890625 0.330078 0.907227 0.314453 0.888672 0.285156 0.909180 0.277344 0.892578 0.288086 0.883789 0.272461 0.874023 0.291016 0.853516 0.267578 0.848633 0.277344 0.827148 0.296875 0.826172 0.293945 0.800781 0.311523 0.796875 0.326172 0.810547
1 0.376953 0.884766 0.387695 0.888672 0.409180 0.891602 0.409180 0.917969 0.422852 0.932617 0.411133 0.945312 0.414062 0.956055 0.394531 0.972656 0.377930 0.982422 0.362305 0.992188 0.343750 0.982422 0.310547 0.978516 0.310547 0.958008 0.290039 0.946289 0.309570 0.926758 0.301758 0.903320 0.306641 0.881836 0.327148 0.904297 0.344727 0.886719 0.359375 0.900391
1 0.389648 0.588867 0.408203 0.575195 0.408203 0.585938 0.421875 0.578125 0.427734 0.594727 0.420898 0.613281 0.427734 0.610352 0.442383 0.611328 0.438477 0.625977 0.426758 0.644531 0.446289 0.657227 0.434570 0.662109 0.406250 0.657227 0.419922 0.685547 0.402344 0.679688 0.401367 0.690430 0.394531 0.677734 0.369141 0.714844 0.369141 0.714844 0.363281 0.678711 0.349609 0.688477 0.323242 0.682617 0.335938 0.670898 0.321289 0.659180 0.341797 0.638672 0.321289 0.612305 0.364258 0.616211 0.360352 0.581055
1 0.479492 0.558594 0.490234 0.580078 0.502930 0.567383 0.511719 0.578125 0.523438 0.560547 0.523438 0.570312 0.542969 0.559570 0.541016 0.589844 0.575195 0.600586 0.575195 0.616211 0.567383 0.609375 0.549805 0.617188 0.537109 0.628906 0.569336 0.640625 0.557617 0.650391 0.541016 0.654297 0.551758 0.685547 0.545898 0.699219 0.513672 0.664062 0.510742 0.697266 0.486328 0.708008 0.491211 0.666992 0.463867 0.681641 0.447266 0.687500 0.441406 0.667969 0.452148 0.660156 0.435547 0.649414 0.423828 0.614258 0.461914 0.613281 0.475586 0.621094 0.472656 0.606445 0.455078 0.575195 0.472656 0.585938
1 0.446289 0.695312 0.474609 0.685547 0.475586 0.708984 0.462891 0.715820 0.479492 0.720703 0.475586 0.724609 0.466797 0.745117 0.480469 0.763672 0.469727 0.764648 0.468750 0.779297 0.448242 0.772461 0.445312 0.800781 0.426758 0.790039 0.418945 0.805664 0.408203 0.794922 0.396484 0.802734 0.383789 0.790039 0.364258 0.786133 0.365234 0.766602 0.345703 0.753906 0.357422 0.707031 0.384766 0.714844 0.381836 0.693359 0.403320 0.678711 0.422852 0.671875 0.428711 0.687500 0.445312 0.676758 0.445312 0.676758
1 0.447266 0.805664 0.453125 0.781250 0.461914 0.792969 0.475586 0.787109 0.475586 0.798828 0.495117 0.799805 0.476562 0.822266 0.504883 0.822266 0.501953 0.833008 0.481445 0.842773 0.502930 0.858398 0.496094 0.869141 0.474609 0.868164 0.472656 0.890625 0.450195 0.877930 0.432617 0.899414 0.425781 0.887695 0.411133 0.888672 0.391602 0.879883 0.401367 0.866211 0.384766 0.858398 0.402344 0.851562 0.385742 0.839844 0.396484 0.821289 0.408203 0.830078 0.408203 0.824219 0.406250 0.806641 0.429688 0.788086
1 0.487305 0.901367 0.494141 0.899414 0.519531 0.890625 0.506836 0.906250 0.500000 0.916016 0.523438 0.927734 0.527344 0.941406 0.517578 0.945312 0.501953 0.940430 0.516602 0.960938 0.503906 0.974609 0.485352 0.962891 0.482422 0.984375 0.482422 0.984375 0.464844 0.972656 0.444336 0.985352 0.446289 0.970703 0.426758 0.969727 0.436523 0.953125 0.416016 0.958984 0.425781 0.937500 0.410156 0.916016 0.425781 0.913086 0.415039 0.884766 0.435547 0.889648 0.448242 0.874023 0.463867 0.884766 0.485352 0.870117 0.495117 0.872070
1 0.624023 0.579102 0.640625 0.560547 0.634766 0.600586 0.673828 0.609375 0.644531 0.626953 0.626953 0.627930 0.668945 0.642578 0.669922 0.658203 0.633789 0.652344 0.636719 0.670898 0.629883 0.684570 0.615234 0.667969 0.615234 0.667969 0.601562 0.683594 0.581055 0.692383 0.583008 0.662109 0.546875 0.667969 0.552734 0.654297 0.573242 0.645508 0.547852 0.635742 0.547852 0.614258 0.563477 0.607422 0.572266 0.587891 0.599609 0.555664
1 0.546875 0.703125 0.583008 0.687500 0.582031 0.699219 0.569336 0.723633 0.586914 0.725586 0.594727 0.735352 0.579102 0.741211 0.564453 0.742188 0.572266 0.780273 0.547852 0.771484 0.539062 0.791992 0.528320 0.783203 0.518555 0.791992 0.514648 0.777344 0.499023 0.787109 0.499023 0.766602 0.479492 0.761719 0.486328 0.750977 0.464844 0.743164 0.482422 0.734375 0.476562 0.708984 0.497070 0.713867 0.505859 0.698242 0.524414 0.670898
1 0.645508 0.671875 0.659180 0.662109 0.664062 0.686523 0.687500 0.683594 0.687500 0.683594 0.685547 0.692383 0.694336 0.695312 0.678711 0.708008 0.699219 0.721680 0.682617 0.728516 0.686523 0.741211 0.686523 0.741211 0.675781 0.743164 0.674805 0.757812 0.654297 0.768555 0.645508 0.753906 0.638672 0.767578 0.638672 0.767578 0.616211 0.764648 0.617188 0.743164 0.590820 0.744141 0.590820 0.744141 0.613281 0.726562 0.586914 0.724609 0.584961 0.704102 0.611328 0.702148 0.601562 0.672852 0.616211 0.672852 0.629883 0.680664
1 0.758789 0.597656 0.775391 0.589844 0.771484 0.602539 0.771484 0.602539 0.789062 0.605469 0.791992 0.617188 0.767578 0.617188 0.776367 0.628906 0.771484 0.634766 0.784180 0.646484 0.771484 0.655273 0.782227 0.661133 0.780273 0.679688 0.780273 0.679688 0.766602 0.674805 0.761719 0.688477 0.745117 0.677734 0.734375 0.701172 0.726562 0.690430 0.726562 0.690430 0.713867 0.697266 0.723633 0.665039 0.689453 0.675781 0.690430 0.662109 0.675781 0.657227 0.692383 0.639648 0.671875 0.632812 0.677734 0.610352 0.713867 0.620117 0.708008 0.599609 0.696289 0.582031 0.709961 0.578125 0.717773 0.575195 0.724609 0.586914 0.728516 0.567383 0.733398 0.580078 0.745117 0.569336 0.752930 0.578125 0.759766 0.574219 0.759766 0.574219 0.760742 0.588867
1 0.895508 0.600586 0.892578 0.604492 0.875977 0.623047 0.890625 0.634766 0.897461 0.648438 0.886719 0.654297 0.861328 0.654297 0.872070 0.690430 0.856445 0.680664 0.852539 0.689453 0.843750 0.676758 0.839844 0.697266 0.827148 0.689453 0.817383 0.698242 0.814453 0.685547 0.799805 0.690430 0.800781 0.674805 0.775391 0.684570 0.786133 0.664062 0.765625 0.660156 0.770508 0.647461 0.770508 0.647461 0.782227 0.645508 0.771484 0.632812 0.769531 0.609375 0.773438 0.594727 0.773438 0.594727 0.786133 0.594727 0.785156 0.582031 0.796875 0.584961 0.798828 0.572266 0.818359 0.568359 0.823242 0.577148 0.834961 0.570312 0.842773 0.577148 0.849609 0.565430 0.866211 0.570312 0.866211 0.585938 0.876953 0.599609
1 0.974609 0.589844 0.984375 0.580078 0.995117 0.586914 0.993164 0.610352 1.000000 0.621094 1.000000 0.652344 0.987305 0.652344 0.977539 0.678711 0.968750 0.686523 0.958984 0.670898 0.958984 0.670898 0.939453 0.683594 0.936523 0.668945 0.914062 0.676758 0.916992 0.662109 0.890625 0.656250 0.905273 0.640625 0.885742 0.619141 0.890625 0.600586 0.918945 0.606445 0.908203 0.575195 0.926758 0.563477 0.933594 0.578125 0.946289 0.564453 0.974609 0.565430
1 0.779297 0.684570 0.785156 0.683594 0.792969 0.699219 0.804688 0.699219 0.798828 0.708984 0.806641 0.718750 0.797852 0.726562 0.797852 0.726562 0.801758 0.737305 0.794922 0.744141 0.799805 0.760742 0.786133 0.759766 0.782227 0.777344 0.772461 0.784180 0.757812 0.775391 0.750977 0.788086 0.735352 0.777344 0.725586 0.781250 0.719727 0.769531 0.705078 0.771484 0.715820 0.758789 0.703125 0.752930 0.708984 0.747070 0.687500 0.742188 0.714844 0.724609 0.726562 0.722656 0.714844 0.709961 0.703125 0.694336 0.724609 0.696289 0.734375 0.698242 0.747070 0.670898 0.763672 0.685547 0.766602 0.674805
1 0.925781 0.709961 0.932617 0.694336 0.895508 0.702148 0.912109 0.664062 0.893555 0.660156 0.873047 0.678711 0.867188 0.694336 0.854492 0.679688 0.854492 0.679688 0.848633 0.698242 0.829102 0.691406 0.824219 0.694336 0.824219 0.705078 0.793945 0.707031 0.800781 0.717773 0.808594 0.717773 0.817383 0.725586 0.791992 0.724609 0.798828 0.735352 0.811523 0.742188 0.791992 0.749023 0.811523 0.751953 0.816406 0.761719 0.810547 0.764648 0.797852 0.774414 0.841797 0.761719 0.824219 0.773438 0.850586 0.771484 0.849609 0.792969 0.852539 0.799805 0.867188 0.787109 0.872070 0.796875 0.888672 0.770508 0.896484 0.784180 0.906250 0.778320 0.897461 0.747070 0.913086 0.749023 0.935547 0.744141 0.914062 0.731445 0.911133 0.709961
1 0.989258 0.695312 1.000000 0.686523 1.000000 0.764648 1.000000 0.764648 0.993164 0.758789 0.991211 0.790039 0.983398 0.782227 0.974609 0.788086 0.961914 0.778320 0.941406 0.781250 0.949219 0.767578 0.919922 0.772461 0.910156 0.749023 0.924805 0.739258 0.904297 0.718750 0.925781 0.712891 0.952148 0.711914 0.941406 0.696289 0.937500 0.677734 0.966797 0.665039 0.968750 0.682617 0.975586 0.678711 0.987305 0.655273 0.997070 0.664062
1 0.561523 0.798828 0.577148 0.774414 0.583008 0.782227 0.583008 0.791992 0.591797 0.793945 0.591797 0.803711 0.591797 0.803711 0.608398 0.798828 0.609375 0.811523 0.602539 0.822266 0.602539 0.822266 0.612305 0.823242 0.609375 0.833984 0.614258 0.845703 0.599609 0.855469 0.601562 0.866211 0.573242 0.864258 0.577148 0.887695 0.545898 0.870117 0.544922 0.875000 0.549805 0.901367 0.538086 0.888672 0.529297 0.902344 0.525391 0.890625 0.516602 0.891602 0.516602 0.876953 0.492188 0.870117 0.505859 0.860352 0.501953 0.846680 0.486328 0.837891 0.494141 0.813477 0.506836 0.795898 0.531250 0.805664 0.526367 0.786133 0.544922 0.775391
1 0.572266 0.882812 0.582031 0.863281 0.599609 0.864258 0.599609 0.874023 0.603516 0.883789 0.600586 0.913086 0.607422 0.912109 0.634766 0.907227 0.639648 0.917969 0.639648 0.917969 0.607422 0.925781 0.631836 0.937500 0.627930 0.955078 0.615234 0.960938 0.599609 0.975586 0.591797 0.984375 0.591797 0.984375 0.587891 0.998047 0.573242 0.985352 0.560547 0.988281 0.559570 0.977539 0.544922 0.985352 0.524414 0.982422 0.541992 0.956055 0.529297 0.952148 0.508789 0.958008 0.509766 0.942383 0.541016 0.932617 0.542969 0.918945 0.542969 0.918945 0.516602 0.921875 0.509766 0.899414 0.522461 0.899414 0.537109 0.908203 0.547852 0.907227 0.543945 0.872070 0.565430 0.879883
1 0.614258 0.809570 0.643555 0.816406 0.636719 0.792969 0.642578 0.776367 0.642578 0.776367 0.662109 0.809570 0.668945 0.774414 0.674805 0.786133 0.689453 0.777344 0.687500 0.799805 0.686523 0.812500 0.715820 0.799805 0.715820 0.810547 0.725586 0.812500 0.708008 0.835938 0.699219 0.841797 0.712891 0.851562 0.724609 0.863281 0.712891 0.873047 0.686523 0.874023 0.684570 0.893555 0.677734 0.902344 0.653320 0.884766 0.643555 0.894531 0.643555 0.894531 0.631836 0.882812 0.633789 0.857422 0.603516 0.853516 0.609375 0.839844 0.626953 0.840820 0.629883 0.830078 0.600586 0.820312
1 0.681641 0.892578 0.689453 0.875977 0.694336 0.887695 0.719727 0.869141 0.715820 0.882812 0.730469 0.881836 0.721680 0.903320 0.734375 0.906250 0.734375 0.906250 0.752930 0.915039 0.735352 0.921875 0.751953 0.925781 0.736328 0.934570 0.745117 0.958008 0.708008 0.949219 0.710938 0.984375 0.698242 0.969727 0.696289 0.984375 0.687500 0.969727 0.678711 0.986328 0.678711 0.986328 0.674805 0.969727 0.649414 0.988281 0.651367 0.961914 0.656250 0.951172 0.636719 0.958984 0.627930 0.945312 0.639648 0.941406 0.619141 0.931641 0.622070 0.921875 0.640625 0.921875 0.629883 0.899414 0.624023 0.902344 0.643555 0.890625 0.649414 0.899414 0.650391 0.882812 0.675781 0.899414
1 0.774414 0.795898 0.794922 0.778320 0.809570 0.782227 0.815430 0.795898 0.799805 0.807617 0.805664 0.805664 0.835938 0.804688 0.824219 0.820312 0.807617 0.831055 0.822266 0.837891 0.822266 0.837891 0.838867 0.844727 0.834961 0.848633 0.827148 0.859375 0.801758 0.851562 0.804688 0.896484 0.788086 0.876953 0.781250 0.890625 0.748047 0.903320 0.755859 0.876953 0.751953 0.878906 0.712891 0.885742 0.729492 0.870117 0.741211 0.859375 0.719727 0.858398 0.712891 0.827148 0.740234 0.832031 0.718750 0.799805 0.739258 0.806641 0.745117 0.777344 0.763672 0.773438
1 0.805664 0.916016 0.833984 0.881836 0.838867 0.896484 0.832031 0.918945 0.850586 0.918945 0.849609 0.930664 0.833984 0.943359 0.845703 0.952148 0.833984 0.957031 0.835938 0.971680 0.818359 0.966797 0.817383 0.981445 0.801758 0.974609 0.799805 0.992188 0.785156 0.995117 0.784180 0.971680 0.766602 0.981445 0.755859 0.967773 0.769531 0.963867 0.768555 0.954102 0.744141 0.955078 0.741211 0.934570 0.766602 0.933594 0.752930 0.916016 0.744141 0.894531 0.765625 0.891602 0.777344 0.902344 0.781250 0.877930 0.793945 0.881836
1 0.920898 0.791992 0.937500 0.800781 0.930664 0.811523 0.934570 0.827148 0.926758 0.835938 0.937500 0.844727 0.927734 0.850586 0.941406 0.862305 0.929688 0.873047 0.930664 0.888672 0.930664 0.888672 0.920898 0.888672 0.922852 0.902344 0.905273 0.896484 0.895508 0.896484 0.891602 0.904297 0.873047 0.899414 0.867188 0.879883 0.843750 0.884766 0.850586 0.860352 0.875000 0.848633 0.840820 0.851562 0.839844 0.833984 0.852539 0.833984 0.851562 0.798828 0.879883 0.809570 0.879883 0.783203 0.903320 0.784180 0.907227 0.802734
1 0.999023 0.771484 0.988281 0.776367 0.981445 0.783203 0.957031 0.779297 0.962891 0.795898 0.949219 0.794922 0.952148 0.808594 0.928711 0.805664 0.927734 0.819336 0.944336 0.829102 0.921875 0.829102 0.936523 0.841797 0.934570 0.854492 0.949219 0.863281 0.949219 0.863281 0.936523 0.875000 0.936523 0.875000 0.950195 0.877930 0.950195 0.877930 0.950195 0.890625 0.967773 0.893555 0.970703 0.888672 0.984375 0.892578 0.989258 0.882812 1.000000 0.884766 1.000000 0.884766
1 0.974609 0.917969 0.946289 0.931641 0.971680 0.946289 0.958984 0.963867 0.952148 0.958984 0.947266 0.977539 0.928711 0.982422 0.921875 0.970703 0.908203 0.984375 0.906250 0.964844 0.889648 0.971680 0.877930 0.958984 0.865234 0.947266 0.875977 0.940430 0.857422 0.922852 0.874023 0.918945 0.862305 0.899414 0.891602 0.904297 0.904297 0.889648 0.920898 0.896484 0.941406 0.878906 0.955078 0.879883 0.954102 0.897461 0.942383 0.915039