1 0.003906 0.000000 0.004883 0.010742 0.014648 0.006836 0.015625 0.000000
1 0.023438 0.021484 0.028320 0.034180 0.028320 0.034180 0.021484 0.039062 0.009766 0.041992 0.011719 0.025391
1 0.069336 0.003906 0.079102 0.007812 0.073242 0.019531 0.063477 0.020508
1 0.142578 0.018555 0.145508 0.031250 0.123047 0.032227 0.124023 0.021484
1 0.182617 0.000000 0.181641 0.015625 0.189453 0.018555 0.202148 0.008789 0.198242 0.000000
1 0.185547 0.043945 0.182617 0.035156 0.170898 0.039062 0.169922 0.053711 0.178711 0.054688 0.183594 0.047852
1 0.109375 0.045898 0.115234 0.051758 0.114258 0.063477 0.102539 0.061523 0.100586 0.050781
1 0.039062 0.080078 0.047852 0.081055 0.047852 0.090820 0.033203 0.101562 0.023438 0.091797 0.033203 0.084961
1 0.218750 0.010742 0.224609 0.017578 0.220703 0.023438 0.212891 0.018555 0.213867 0.010742
1 0.258789 0.017578 0.267578 0.022461 0.266602 0.034180 0.251953 0.030273 0.252930 0.021484
1 0.256836 0.033203 0.262695 0.040039 0.251953 0.045898 0.238281 0.045898 0.237305 0.033203
1 0.233398 0.037109 0.231445 0.047852 0.231445 0.047852 0.224609 0.046875 0.224609 0.039062
1 0.189453 0.088867 0.192383 0.095703 0.190430 0.102539 0.182617 0.100586 0.179688 0.092773
1 0.286133 0.019531 0.284180 0.029297 0.275391 0.026367 0.276367 0.020508
1 0.293945 0.019531 0.293945 0.027344 0.285156 0.025391 0.285156 0.018555
1 0.031250 0.126953 0.036133 0.129883 0.036133 0.136719 0.027344 0.134766
0 0.261719 0.084961 0.268555 0.085938 0.274414 0.082031 0.286133 0.086914 0.295898 0.090820 0.300781 0.096680 0.313477 0.104492 0.322266 0.109375 0.324219 0.114258 0.331055 0.119141 0.329102 0.124023 0.321289 0.121094 0.311523 0.119141 0.306641 0.111328 0.293945 0.108398 0.278320 0.101562 0.268555 0.101562 0.262695 0.107422 0.254883 0.111328 0.252930 0.114258 0.249023 0.119141 0.243164 0.125000 0.235352 0.126953 0.237305 0.121094 0.241211 0.118164 0.247070 0.111328 0.252930 0.103516 0.257812 0.096680 0.258789 0.088867
1 0.337891 0.125000 0.336914 0.133789 0.329102 0.132812 0.328125 0.123047 0.333008 0.124023
1 0.243164 0.130859 0.238281 0.140625 0.233398 0.136719 0.233398 0.130859
1 0.233398 0.142578 0.238281 0.148438 0.239258 0.158203 0.232422 0.166992 0.215820 0.166992 0.213867 0.156250 0.218750 0.145508 0.223633 0.142578
1 0.206055 0.127930 0.208984 0.135742 0.208984 0.147461 0.197266 0.151367 0.191406 0.142578 0.192383 0.131836 0.197266 0.125000
1 0.106445 0.117188 0.107422 0.124023 0.100586 0.128906 0.098633 0.120117
0 0.127930 0.125000 0.133789 0.126953 0.133789 0.131836 0.125977 0.134766 0.125000 0.140625 0.131836 0.140625 0.137695 0.145508 0.147461 0.151367 0.150391 0.160156 0.145508 0.163086 0.134766 0.154297 0.124023 0.151367 0.118164 0.159180 0.114258 0.165039 0.108398 0.173828 0.101562 0.179688 0.094727 0.176758 0.091797 0.168945 0.097656 0.165039 0.105469 0.155273 0.109375 0.144531 0.113281 0.134766 0.119141 0.127930
1 0.182617 0.170898 0.182617 0.181641 0.180664 0.187500 0.167969 0.186523 0.163086 0.179688 0.167969 0.171875
1 0.186523 0.166992 0.194336 0.167969 0.195312 0.178711 0.184570 0.180664 0.180664 0.171875
1 0.181641 0.183594 0.190430 0.186523 0.189453 0.197266 0.185547 0.203125 0.176758 0.203125 0.171875 0.199219 0.175781 0.193359 0.170898 0.188477 0.175781 0.183594
1 0.202148 0.178711 0.212891 0.180664 0.219727 0.187500 0.214844 0.196289 0.203125 0.194336 0.192383 0.192383 0.192383 0.184570 0.202148 0.185547
1 0.193359 0.192383 0.205078 0.198242 0.204102 0.208984 0.198242 0.216797 0.187500 0.214844 0.183594 0.204102
1 0.170898 0.203125 0.176758 0.204102 0.175781 0.211914 0.166016 0.214844 0.166016 0.207031
1 0.083984 0.188477 0.090820 0.192383 0.086914 0.199219 0.079102 0.197266 0.079102 0.190430
1 0.079102 0.156250 0.085938 0.159180 0.082031 0.164062 0.082031 0.168945 0.072266 0.171875 0.071289 0.162109
1 0.079102 0.169922 0.082031 0.174805 0.080078 0.178711 0.074219 0.178711 0.072266 0.170898
1 0.173828 0.221680 0.180664 0.228516 0.185547 0.240234 0.179688 0.249023 0.166016 0.247070 0.160156 0.245117 0.159180 0.231445 0.168945 0.229492
1 0.167969 0.247070 0.170898 0.252930 0.164062 0.257812 0.157227 0.255859 0.155273 0.248047 0.164062 0.245117
1 0.147461 0.256836 0.157227 0.256836 0.163086 0.266602 0.162109 0.276367 0.151367 0.281250 0.138672 0.274414 0.139648 0.265625
1 0.139648 0.277344 0.149414 0.282227 0.147461 0.294922 0.138672 0.301758 0.125000 0.297852 0.124023 0.285156 0.127930 0.278320
1 0.125977 0.278320 0.125000 0.287109 0.116211 0.293945 0.108398 0.290039 0.097656 0.284180 0.102539 0.276367 0.110352 0.281250 0.118164 0.277344
1 0.047852 0.282227 0.058594 0.284180 0.062500 0.292969 0.062500 0.292969 0.061523 0.301758 0.052734 0.299805 0.049805 0.291992 0.042969 0.290039
1 0.033203 0.294922 0.040039 0.299805 0.039062 0.307617 0.032227 0.310547 0.033203 0.318359 0.029297 0.320312 0.020508 0.315430 0.019531 0.303711 0.025391 0.297852
1 0.000000 0.311523 0.008789 0.309570 0.017578 0.314453 0.018555 0.321289 0.013672 0.328125 0.000000 0.334961
1 0.174805 0.307617 0.177734 0.309570 0.185547 0.313477 0.192383 0.312500 0.200195 0.318359 0.202148 0.325195 0.196289 0.331055 0.199219 0.348633 0.193359 0.361328 0.180664 0.361328 0.165039 0.355469 0.159180 0.340820 0.142578 0.331055 0.143555 0.313477 0.143555 0.313477 0.158203 0.304688
1 0.238281 0.364258 0.220703 0.368164 0.215820 0.354492 0.222656 0.347656 0.238281 0.351562
1 0.250977 0.374023 0.258789 0.379883 0.257812 0.393555 0.244141 0.394531 0.233398 0.386719 0.240234 0.375977
1 0.267578 0.393555 0.277344 0.401367 0.276367 0.411133 0.264648 0.419922 0.252930 0.416992 0.252930 0.403320
1 0.204102 0.404297 0.205078 0.411133 0.200195 0.415039 0.195312 0.405273
1 0.178711 0.382812 0.179688 0.390625 0.171875 0.390625 0.170898 0.383789
1 0.141602 0.319336 0.132812 0.323242 0.125000 0.335938 0.120117 0.346680 0.122070 0.360352 0.122070 0.360352 0.138672 0.371094 0.138672 0.371094 0.157227 0.372070 0.166992 0.374023 0.185547 0.373047 0.181641 0.355469 0.166992 0.350586 0.147461 0.330078
1 0.115234 0.428711 0.112305 0.433594 0.108398 0.428711 0.112305 0.425781
0 0.007812 0.366211 0.015625 0.377930 0.018555 0.389648 0.027344 0.395508 0.024414 0.403320 0.009766 0.394531 0.000000 0.392578 0.000000 0.373047
0 0.082031 0.434570 0.089844 0.439453 0.098633 0.447266 0.109375 0.448242 0.117188 0.447266 0.122070 0.448242 0.122070 0.454102 0.106445 0.458008 0.099609 0.461914 0.088867 0.454102 0.079102 0.445312 0.077148 0.436523
1 0.005859 0.528320 0.018555 0.526367 0.030273 0.534180 0.035156 0.543945 0.027344 0.545898 0.012695 0.541992 0.004883 0.545898 0.000000 0.541992 0.000000 0.529297
1 0.056641 0.526367 0.065430 0.541016 0.057617 0.551758 0.049805 0.552734 0.040039 0.546875 0.041016 0.529297 0.046875 0.526367
1 0.018555 0.543945 0.024414 0.549805 0.023438 0.557617 0.017578 0.556641 0.004883 0.557617 0.005859 0.545898
1 0.073242 0.527344 0.081055 0.535156 0.077148 0.547852 0.076172 0.554688 0.066406 0.555664 0.060547 0.543945 0.067383 0.527344
1 0.018555 0.557617 0.027344 0.563477 0.027344 0.576172 0.019531 0.575195 0.009766 0.572266 0.005859 0.561523 0.012695 0.555664
1 0.019531 0.576172 0.020508 0.584961 0.013672 0.584961 0.004883 0.582031 0.004883 0.582031 0.005859 0.573242
1 0.017578 0.584961 0.019531 0.594727 0.009766 0.598633 0.005859 0.588867
1 0.073242 0.556641 0.081055 0.565430 0.081055 0.576172 0.069336 0.579102 0.063477 0.566406 0.070312 0.559570
1 0.068359 0.578125 0.081055 0.582031 0.081055 0.591797 0.084961 0.605469 0.077148 0.619141 0.065430 0.625977 0.055664 0.618164 0.045898 0.605469 0.050781 0.583008 0.058594 0.574219
1 0.001953 0.627930 0.009766 0.625000 0.019531 0.634766 0.018555 0.645508 0.006836 0.654297 0.000977 0.652344
1 0.124023 0.506836 0.129883 0.516602 0.129883 0.523438 0.119141 0.524414 0.114258 0.516602 0.114258 0.503906
1 0.117188 0.575195 0.119141 0.582031 0.113281 0.589844 0.104492 0.584961 0.104492 0.576172
1 0.116211 0.589844 0.125977 0.593750 0.123047 0.599609 0.115234 0.600586 0.112305 0.594727
1 0.156250 0.571289 0.163086 0.575195 0.162109 0.585938 0.154297 0.588867 0.147461 0.584961 0.147461 0.574219
1 0.190430 0.559570 0.198242 0.561523 0.193359 0.570312 0.184570 0.567383 0.184570 0.557617
1 0.194336 0.526367 0.196289 0.535156 0.186523 0.541992 0.178711 0.542969 0.178711 0.532227
1 0.075195 0.648438 0.076172 0.662109 0.069336 0.667969 0.056641 0.666016 0.051758 0.656250 0.060547 0.644531
1 0.151367 0.621094 0.155273 0.628906 0.146484 0.625977 0.146484 0.621094
1 0.154297 0.629883 0.158203 0.637695 0.152344 0.641602 0.150391 0.646484 0.140625 0.646484 0.138672 0.636719
0 0.140625 0.604492 0.148438 0.606445 0.158203 0.603516 0.157227 0.617188 0.146484 0.622070 0.141602 0.628906 0.132812 0.626953 0.119141 0.627930 0.103516 0.627930 0.099609 0.622070 0.110352 0.614258 0.122070 0.605469 0.126953 0.608398 0.130859 0.602539
1 0.182617 0.632812 0.192383 0.628906 0.202148 0.633789 0.202148 0.642578 0.195312 0.644531 0.195312 0.646484 0.187500 0.642578 0.187500 0.635742
1 0.150391 0.666016 0.152344 0.673828 0.151367 0.680664 0.139648 0.678711 0.142578 0.666992
1 0.166992 0.659180 0.177734 0.663086 0.182617 0.669922 0.178711 0.675781 0.165039 0.672852 0.162109 0.676758 0.155273 0.673828 0.155273 0.666992
0 0.220703 0.666016 0.224609 0.673828 0.238281 0.670898 0.244141 0.680664 0.243164 0.698242 0.231445 0.701172 0.221680 0.694336 0.219727 0.683594 0.211914 0.685547 0.207031 0.676758 0.208984 0.667969
1 0.153320 0.701172 0.143555 0.707031 0.131836 0.711914 0.128906 0.720703 0.129883 0.727539 0.142578 0.727539 0.154297 0.731445 0.164062 0.725586 0.166992 0.717773 0.158203 0.715820 0.157227 0.703125
1 0.192383 0.695312 0.197266 0.695312 0.199219 0.699219 0.196289 0.704102 0.189453 0.703125
1 0.240234 0.724609 0.242188 0.735352 0.235352 0.741211 0.226562 0.739258 0.231445 0.729492
1 0.234375 0.746094 0.237305 0.757812 0.234375 0.761719 0.222656 0.758789 0.225586 0.748047
1 0.230469 0.772461 0.235352 0.778320 0.233398 0.786133 0.220703 0.787109 0.221680 0.774414
1 0.162109 0.767578 0.166992 0.774414 0.163086 0.780273 0.152344 0.775391 0.156250 0.768555
1 0.101562 0.781250 0.103516 0.790039 0.099609 0.793945 0.089844 0.789062 0.094727 0.781250
1 0.164062 0.837891 0.165039 0.830078 0.160156 0.827148 0.148438 0.833984 0.144531 0.843750 0.149414 0.847656 0.160156 0.845703
1 0.060547 0.814453 0.058594 0.820312 0.053711 0.815430 0.054688 0.810547
1 0.050781 0.827148 0.043945 0.835938 0.041016 0.826172 0.043945 0.824219
1 0.018555 0.873047 0.027344 0.875977 0.027344 0.882812 0.018555 0.884766 0.016602 0.879883
1 0.022461 0.885742 0.028320 0.891602 0.023438 0.895508 0.018555 0.888672
1 0.035156 0.878906 0.040039 0.881836 0.036133 0.889648 0.029297 0.891602 0.029297 0.883789
1 0.096680 0.844727 0.108398 0.849609 0.110352 0.854492 0.105469 0.860352 0.096680 0.852539
1 0.113281 0.851562 0.118164 0.856445 0.119141 0.861328 0.109375 0.861328
1 0.115234 0.873047 0.124023 0.869141 0.125000 0.874023 0.117188 0.875977
1 0.123047 0.874023 0.126953 0.878906 0.125977 0.885742 0.117188 0.881836
1 0.126953 0.887695 0.126953 0.894531 0.117188 0.895508 0.117188 0.884766 0.124023 0.886719
1 0.122070 0.900391 0.119141 0.912109 0.110352 0.914062 0.108398 0.907227 0.112305 0.900391
1 0.070312 0.906250 0.077148 0.912109 0.076172 0.927734 0.063477 0.932617 0.058594 0.923828 0.059570 0.911133 0.059570 0.903320
1 0.045898 0.940430 0.041992 0.929688 0.033203 0.935547 0.028320 0.942383 0.032227 0.948242 0.038086 0.948242 0.043945 0.941406
1 0.012695 0.965820 0.017578 0.969727 0.017578 0.976562 0.008789 0.975586 0.004883 0.967773 0.007812 0.963867
1 0.000000 0.986328 0.007812 0.987305 0.017578 0.987305 0.024414 0.993164 0.023438 1.000000 0.000000 1.000000
1 0.022461 0.967773 0.029297 0.969727 0.029297 0.978516 0.022461 0.978516 0.016602 0.971680
1 0.036133 0.971680 0.039062 0.975586 0.041016 0.982422 0.033203 0.985352 0.031250 0.974609
1 0.056641 0.969727 0.061523 0.970703 0.060547 0.975586 0.053711 0.975586
1 0.067383 0.980469 0.067383 0.985352 0.072266 0.991211 0.069336 0.997070 0.061523 0.997070 0.053711 0.994141 0.053711 0.994141 0.053711 0.986328 0.059570 0.987305 0.059570 0.981445
1 0.092773 0.942383 0.097656 0.946289 0.100586 0.952148 0.095703 0.954102 0.089844 0.951172
1 0.103516 0.955078 0.109375 0.950195 0.120117 0.946289 0.130859 0.949219 0.136719 0.961914 0.136719 0.971680 0.134766 0.980469 0.129883 0.989258 0.123047 0.990234 0.121094 0.995117 0.113281 0.996094 0.102539 0.995117 0.101562 0.984375 0.097656 0.969727
1 0.151367 0.962891 0.159180 0.966797 0.158203 0.976562 0.153320 0.978516 0.149414 0.971680 0.144531 0.969727 0.145508 0.963867
1 0.193359 0.979492 0.200195 0.988281 0.198242 1.000000 0.171875 1.000000 0.168945 0.994141 0.172852 0.983398 0.179688 0.978516
0 0.140625 0.895508 0.149414 0.902344 0.156250 0.907227 0.164062 0.910156 0.166992 0.913086 0.172852 0.918945 0.171875 0.927734 0.163086 0.924805 0.160156 0.917969 0.154297 0.913086 0.143555 0.905273 0.136719 0.900391 0.135742 0.894531
1 0.206055 0.913086 0.208984 0.918945 0.207031 0.923828 0.200195 0.920898 0.200195 0.915039
0 0.180664 0.922852 0.190430 0.924805 0.194336 0.931641 0.202148 0.935547 0.208008 0.941406 0.212891 0.950195 0.222656 0.950195 0.229492 0.953125 0.236328 0.949219 0.241211 0.953125 0.240234 0.958984 0.231445 0.963867 0.219727 0.963867 0.212891 0.966797 0.207031 0.961914 0.200195 0.966797 0.191406 0.968750 0.178711 0.968750 0.174805 0.957031 0.171875 0.948242 0.170898 0.937500 0.170898 0.937500 0.172852 0.924805
1 0.217773 0.889648 0.219727 0.893555 0.217773 0.898438 0.209961 0.897461 0.209961 0.891602
1 0.243164 0.878906 0.247070 0.881836 0.247070 0.886719 0.238281 0.886719 0.237305 0.879883
0 0.246094 0.888672 0.249023 0.893555 0.249023 0.893555 0.248047 0.904297 0.248047 0.913086 0.244141 0.923828 0.240234 0.927734 0.233398 0.925781 0.233398 0.925781 0.238281 0.918945 0.242188 0.910156 0.237305 0.906250 0.239258 0.899414 0.236328 0.892578
1 0.346680 0.969727 0.355469 0.977539 0.354492 0.988281 0.342773 0.991211 0.342773 0.991211 0.333984 0.984375 0.332031 0.976562 0.342773 0.971680
1 0.352539 0.988281 0.355469 0.996094 0.354492 1.000000 0.338867 1.000000 0.343750 0.993164
1 0.356445 0.939453 0.360352 0.943359 0.359375 0.950195 0.351562 0.947266 0.351562 0.941406
1 0.348633 0.933594 0.349609 0.938477 0.343750 0.940430 0.342773 0.935547
1 0.304688 0.906250 0.310547 0.911133 0.312500 0.916992 0.306641 0.920898 0.296875 0.917969 0.291992 0.913086 0.291992 0.908203 0.296875 0.907227 0.300781 0.907227
1 0.363281 0.887695 0.374023 0.890625 0.375000 0.902344 0.372070 0.910156 0.364258 0.912109 0.350586 0.910156 0.350586 0.900391 0.357422 0.887695
1 0.325195 0.873047 0.326172 0.886719 0.325195 0.895508 0.313477 0.897461 0.311523 0.886719 0.312500 0.875000 0.318359 0.874023
1 0.301758 0.871094 0.311523 0.874023 0.312500 0.882812 0.312500 0.893555 0.306641 0.895508 0.294922 0.892578 0.292969 0.881836 0.297852 0.875000
1 0.274414 0.866211 0.282227 0.868164 0.281250 0.874023 0.273438 0.876953 0.268555 0.874023
1 0.268555 0.861328 0.271484 0.868164 0.269531 0.874023 0.262695 0.875000 0.258789 0.868164 0.261719 0.861328
1 0.207031 0.848633 0.217773 0.854492 0.216797 0.866211 0.208008 0.869141 0.200195 0.866211 0.200195 0.852539
0 0.236328 0.775391 0.245117 0.777344 0.257812 0.779297 0.267578 0.784180 0.271484 0.786133 0.274414 0.793945 0.257812 0.792969 0.248047 0.792969 0.243164 0.790039 0.237305 0.794922 0.227539 0.795898 0.226562 0.787109 0.235352 0.787109 0.232422 0.779297
1 0.258789 0.802734 0.264648 0.809570 0.264648 0.817383 0.255859 0.820312 0.246094 0.812500 0.251953 0.800781
0 0.267578 0.784180 0.274414 0.785156 0.280273 0.782227 0.291016 0.783203 0.302734 0.784180 0.311523 0.789062 0.319336 0.792969 0.331055 0.794922 0.338867 0.796875 0.338867 0.801758 0.328125 0.798828 0.319336 0.802734 0.315430 0.803711 0.305664 0.799805 0.298828 0.796875 0.296875 0.800781 0.301758 0.804688 0.307617 0.809570 0.307617 0.819336 0.312500 0.827148 0.312500 0.827148 0.310547 0.830078 0.297852 0.826172 0.288086 0.826172 0.275391 0.825195 0.267578 0.823242 0.259766 0.821289 0.259766 0.810547 0.266602 0.810547 0.265625 0.802734 0.268555 0.795898
1 0.385742 0.831055 0.381836 0.836914 0.375977 0.833984 0.375977 0.828125 0.375977 0.828125 0.380859 0.827148
1 0.377930 0.835938 0.377930 0.841797 0.371094 0.841797 0.363281 0.839844 0.370117 0.833984 0.374023 0.833008
1 0.297852 0.757812 0.296875 0.767578 0.288086 0.767578 0.284180 0.760742 0.289062 0.755859
1 0.293945 0.726562 0.299805 0.727539 0.304688 0.733398 0.301758 0.746094 0.301758 0.753906 0.291016 0.756836 0.283203 0.750977 0.280273 0.743164 0.285156 0.733398 0.290039 0.732422
1 0.380859 0.735352 0.382812 0.740234 0.379883 0.746094 0.374023 0.743164 0.373047 0.737305
1 0.369141 0.734375 0.371094 0.737305 0.371094 0.742188 0.363281 0.741211 0.361328 0.737305
1 0.405273 0.711914 0.407227 0.721680 0.403320 0.731445 0.396484 0.731445 0.392578 0.723633 0.394531 0.713867
1 0.390625 0.675781 0.397461 0.681641 0.390625 0.690430 0.387695 0.697266 0.377930 0.694336 0.373047 0.689453 0.369141 0.681641 0.374023 0.674805 0.382812 0.675781
1 0.389648 0.657227 0.397461 0.663086 0.396484 0.670898 0.389648 0.675781 0.382812 0.669922 0.382812 0.661133
1 0.406250 0.671875 0.415039 0.675781 0.416016 0.689453 0.407227 0.699219 0.399414 0.699219 0.388672 0.695312 0.388672 0.686523 0.395508 0.680664 0.401367 0.673828
1 0.254883 0.638672 0.255859 0.647461 0.250977 0.656250 0.246094 0.659180 0.240234 0.653320 0.243164 0.641602
1 0.293945 0.633789 0.299805 0.637695 0.299805 0.637695 0.298828 0.644531 0.289062 0.647461 0.287109 0.638672
1 0.405273 0.641602 0.416016 0.640625 0.419922 0.646484 0.414062 0.654297 0.406250 0.647461
1 0.403320 0.644531 0.410156 0.648438 0.410156 0.648438 0.410156 0.655273 0.403320 0.661133 0.393555 0.663086 0.391602 0.653320
1 0.252930 0.616211 0.260742 0.620117 0.258789 0.625977 0.258789 0.632812 0.249023 0.633789 0.247070 0.628906 0.247070 0.618164
1 0.259766 0.594727 0.259766 0.603516 0.253906 0.608398 0.249023 0.600586 0.252930 0.594727
1 0.265625 0.567383 0.272461 0.570312 0.272461 0.576172 0.267578 0.579102 0.260742 0.579102 0.260742 0.571289
1 0.272461 0.577148 0.278320 0.580078 0.278320 0.580078 0.280273 0.586914 0.276367 0.590820 0.269531 0.587891 0.267578 0.581055
1 0.295898 0.581055 0.303711 0.587891 0.303711 0.587891 0.299805 0.596680 0.287109 0.593750 0.286133 0.582031 0.292969 0.579102
1 0.314453 0.587891 0.325195 0.589844 0.325195 0.593750 0.317383 0.599609 0.311523 0.594727
1 0.330078 0.592773 0.340820 0.591797 0.351562 0.593750 0.352539 0.600586 0.343750 0.604492 0.333984 0.601562
1 0.364258 0.601562 0.371094 0.603516 0.372070 0.607422 0.367188 0.611328 0.362305 0.607422
1 0.421875 0.578125 0.429688 0.584961 0.433594 0.592773 0.433594 0.592773 0.432617 0.606445 0.424805 0.609375 0.421875 0.616211 0.411133 0.609375 0.402344 0.601562 0.403320 0.586914 0.410156 0.577148
0 0.408203 0.537109 0.413086 0.541016 0.420898 0.541992 0.425781 0.549805 0.434570 0.555664 0.436523 0.575195 0.428711 0.583008 0.416992 0.577148 0.406250 0.578125 0.402344 0.571289 0.402344 0.571289 0.395508 0.570312 0.389648 0.562500 0.392578 0.547852 0.400391 0.537109
1 0.317383 0.572266 0.320312 0.576172 0.316406 0.582031 0.311523 0.575195
1 0.315430 0.557617 0.318359 0.561523 0.317383 0.570312 0.310547 0.573242 0.308594 0.562500 0.309570 0.556641
1 0.286133 0.507812 0.294922 0.507812 0.298828 0.512695 0.294922 0.514648 0.290039 0.520508 0.290039 0.520508 0.283203 0.517578
0 0.323242 0.500000 0.328125 0.502930 0.335938 0.495117 0.346680 0.495117 0.350586 0.502930 0.343750 0.513672 0.335938 0.520508 0.333008 0.522461 0.329102 0.530273 0.327148 0.541016 0.324219 0.546875 0.316406 0.547852 0.318359 0.535156 0.319336 0.526367 0.316406 0.523438 0.313477 0.514648 0.304688 0.513672 0.304688 0.504883 0.312500 0.504883 0.319336 0.505859
1 0.359375 0.504883 0.367188 0.510742 0.374023 0.515625 0.376953 0.522461 0.369141 0.519531 0.360352 0.528320 0.357422 0.522461 0.352539 0.517578 0.353516 0.507812
1 0.212891 0.480469 0.220703 0.480469 0.220703 0.485352 0.212891 0.486328
1 0.232422 0.490234 0.230469 0.498047 0.224609 0.496094 0.225586 0.491211
1 0.221680 0.479492 0.230469 0.478516 0.230469 0.485352 0.221680 0.484375
1 0.231445 0.476562 0.242188 0.475586 0.243164 0.479492 0.233398 0.481445
1 0.265625 0.474609 0.262695 0.483398 0.253906 0.482422 0.253906 0.482422 0.254883 0.475586
1 0.254883 0.461914 0.263672 0.461914 0.263672 0.467773 0.263672 0.467773 0.257812 0.471680 0.252930 0.466797
1 0.273438 0.456055 0.273438 0.463867 0.267578 0.465820 0.262695 0.458984
1 0.288086 0.459961 0.291992 0.464844 0.287109 0.472656 0.280273 0.464844 0.281250 0.459961
1 0.283203 0.467773 0.285156 0.475586 0.281250 0.479492 0.275391 0.475586 0.275391 0.469727
1 0.283203 0.476562 0.285156 0.485352 0.283203 0.491211 0.277344 0.491211 0.275391 0.480469
1 0.256836 0.448242 0.256836 0.454102 0.250977 0.455078 0.250000 0.448242
1 0.311523 0.443359 0.325195 0.450195 0.325195 0.456055 0.317383 0.455078 0.313477 0.457031 0.307617 0.454102 0.305664 0.446289
1 0.333984 0.455078 0.348633 0.461914 0.353516 0.466797 0.348633 0.474609 0.339844 0.470703 0.330078 0.463867
1 0.361328 0.483398 0.362305 0.474609 0.354492 0.470703 0.352539 0.476562
1 0.368164 0.475586 0.377930 0.475586 0.377930 0.484375 0.372070 0.488281 0.366211 0.481445
1 0.392578 0.490234 0.391602 0.496094 0.386719 0.496094 0.386719 0.490234
1 0.429688 0.503906 0.432617 0.508789 0.431641 0.518555 0.422852 0.522461 0.411133 0.519531 0.411133 0.508789 0.423828 0.507812 0.425781 0.502930
1 0.443359 0.488281 0.449219 0.495117 0.446289 0.501953 0.443359 0.509766 0.433594 0.506836 0.432617 0.500000
0 0.444336 0.435547 0.452148 0.442383 0.460938 0.445312 0.460938 0.451172 0.465820 0.453125 0.465820 0.458984 0.457031 0.457031 0.447266 0.447266 0.440430 0.454102 0.434570 0.460938 0.425781 0.456055 0.419922 0.461914 0.413086 0.467773 0.405273 0.470703 0.409180 0.460938 0.421875 0.447266 0.433594 0.444336 0.437500 0.437500
1 0.392578 0.430664 0.397461 0.437500 0.385742 0.447266 0.380859 0.438477 0.383789 0.429688 0.383789 0.429688
1 0.392578 0.423828 0.397461 0.420898 0.407227 0.418945 0.406250 0.429688 0.406250 0.435547 0.396484 0.435547 0.388672 0.428711
1 0.391602 0.412109 0.402344 0.411133 0.404297 0.418945 0.396484 0.419922 0.396484 0.419922
1 0.397461 0.391602 0.400391 0.398438 0.397461 0.404297 0.387695 0.402344 0.383789 0.397461 0.388672 0.388672
1 0.497070 0.404297 0.500000 0.413086 0.500000 0.418945 0.490234 0.421875 0.481445 0.417969 0.481445 0.407227 0.488281 0.400391
1 0.468750 0.438477 0.472656 0.444336 0.472656 0.449219 0.465820 0.449219 0.458008 0.441406 0.458008 0.434570 0.465820 0.437500
0 0.414062 0.399414 0.419922 0.407227 0.426758 0.411133 0.433594 0.416016 0.433594 0.420898 0.426758 0.421875 0.417969 0.416992 0.414062 0.411133 0.406250 0.405273 0.406250 0.398438
1 0.369141 0.382812 0.371094 0.388672 0.368164 0.392578 0.363281 0.390625 0.363281 0.385742
1 0.326172 0.311523 0.334961 0.318359 0.336914 0.330078 0.328125 0.334961 0.314453 0.335938 0.312500 0.322266 0.317383 0.313477
1 0.436523 0.338867 0.435547 0.345703 0.426758 0.352539 0.419922 0.345703 0.416016 0.339844 0.416016 0.339844 0.423828 0.333008
1 0.425781 0.328125 0.434570 0.325195 0.441406 0.334961 0.437500 0.339844 0.429688 0.335938
1 0.430664 0.355469 0.434570 0.360352 0.434570 0.371094 0.423828 0.371094 0.419922 0.361328
1 0.420898 0.388672 0.428711 0.392578 0.428711 0.400391 0.419922 0.401367 0.416016 0.394531
1 0.506836 0.360352 0.513672 0.365234 0.513672 0.373047 0.505859 0.373047 0.496094 0.368164 0.496094 0.359375
1 0.517578 0.347656 0.530273 0.348633 0.530273 0.354492 0.524414 0.361328 0.513672 0.355469
1 0.517578 0.363281 0.525391 0.366211 0.525391 0.373047 0.514648 0.370117
1 0.519531 0.372070 0.524414 0.376953 0.524414 0.376953 0.520508 0.386719 0.515625 0.390625 0.509766 0.383789 0.511719 0.375000
1 0.508789 0.376953 0.511719 0.386719 0.511719 0.386719 0.511719 0.396484 0.499023 0.395508 0.499023 0.379883
1 0.381836 0.372070 0.383789 0.377930 0.375977 0.380859 0.375977 0.374023
1 0.337891 0.286133 0.343750 0.292969 0.343750 0.299805 0.352539 0.305664 0.352539 0.305664 0.350586 0.310547 0.338867 0.314453 0.315430 0.312500 0.311523 0.302734 0.312500 0.287109 0.318359 0.288086 0.323242 0.283203 0.330078 0.287109
1 0.343750 0.278320 0.354492 0.270508 0.366211 0.265625 0.373047 0.272461 0.379883 0.277344 0.379883 0.285156 0.375000 0.287109 0.370117 0.294922 0.370117 0.294922 0.359375 0.299805 0.346680 0.295898 0.340820 0.285156
0 0.588867 0.273438 0.588867 0.282227 0.585938 0.283203 0.583008 0.288086 0.577148 0.289062 0.577148 0.280273 0.580078 0.274414
0 0.530273 0.233398 0.540039 0.234375 0.546875 0.237305 0.550781 0.241211 0.557617 0.244141 0.557617 0.250977 0.546875 0.250000 0.537109 0.245117 0.530273 0.251953 0.530273 0.251953 0.524414 0.254883 0.523438 0.262695 0.511719 0.264648 0.508789 0.258789 0.511719 0.250000 0.519531 0.250000 0.521484 0.242188 0.529297 0.239258
1 0.405273 0.165039 0.415039 0.167969 0.415039 0.175781 0.404297 0.176758
0 0.417969 0.173828 0.428711 0.178711 0.438477 0.185547 0.450195 0.191406 0.455078 0.200195 0.464844 0.207031 0.475586 0.208008 0.484375 0.215820 0.491211 0.220703 0.501953 0.220703 0.509766 0.224609 0.509766 0.233398 0.498047 0.239258 0.492188 0.230469 0.483398 0.228516 0.477539 0.230469 0.471680 0.227539 0.466797 0.234375 0.456055 0.242188 0.455078 0.248047 0.443359 0.254883 0.433594 0.260742 0.421875 0.255859 0.426758 0.244141 0.438477 0.241211 0.438477 0.233398 0.430664 0.230469 0.419922 0.232422 0.409180 0.230469 0.398438 0.218750 0.400391 0.212891 0.398438 0.204102 0.398438 0.192383 0.404297 0.181641
1 0.513672 0.234375 0.516602 0.239258 0.515625 0.244141 0.508789 0.247070 0.508789 0.247070 0.504883 0.240234
1 0.374023 0.147461 0.375977 0.154297 0.372070 0.158203 0.367188 0.155273 0.367188 0.147461
1 0.451172 0.160156 0.449219 0.167969 0.439453 0.174805 0.431641 0.171875 0.435547 0.161133 0.441406 0.158203 0.447266 0.153320
1 0.479492 0.123047 0.479492 0.130859 0.475586 0.134766 0.469727 0.129883 0.474609 0.120117
1 0.483398 0.128906 0.486328 0.132812 0.481445 0.138672 0.476562 0.134766
1 0.503906 0.168945 0.511719 0.170898 0.514648 0.177734 0.510742 0.181641 0.502930 0.180664 0.499023 0.171875
1 0.507812 0.204102 0.504883 0.210938 0.498047 0.208984 0.497070 0.202148
1 0.565430 0.094727 0.566406 0.101562 0.558594 0.103516 0.558594 0.103516 0.553711 0.098633 0.556641 0.092773
1 0.592773 0.023438 0.593750 0.031250 0.588867 0.034180 0.583008 0.030273 0.583008 0.023438
1 0.609375 0.052734 0.613281 0.059570 0.609375 0.063477 0.598633 0.059570 0.598633 0.059570 0.598633 0.052734
1 0.604492 0.063477 0.604492 0.069336 0.598633 0.072266 0.594727 0.069336 0.597656 0.061523
1 0.637695 0.055664 0.643555 0.058594 0.643555 0.063477 0.638672 0.068359 0.631836 0.065430 0.629883 0.055664
0 0.717773 0.000977 0.713867 0.006836 0.701172 0.011719 0.701172 0.011719 0.702148 0.016602 0.703125 0.027344 0.694336 0.028320 0.692383 0.023438 0.684570 0.023438 0.681641 0.015625 0.684570 0.009766 0.700195 0.005859 0.708008 0.000000
1 0.673828 0.146484 0.673828 0.154297 0.673828 0.154297 0.664062 0.162109 0.655273 0.157227 0.656250 0.143555 0.666016 0.142578
0 0.731445 0.160156 0.741211 0.163086 0.747070 0.168945 0.750000 0.171875 0.757812 0.174805 0.767578 0.181641 0.767578 0.181641 0.767578 0.189453 0.767578 0.194336 0.760742 0.199219 0.759766 0.194336 0.753906 0.192383 0.752930 0.186523 0.747070 0.184570 0.737305 0.184570 0.725586 0.178711 0.723633 0.169922 0.724609 0.164062
1 0.687500 0.220703 0.696289 0.227539 0.691406 0.241211 0.681641 0.242188 0.673828 0.235352 0.678711 0.224609
1 0.707031 0.233398 0.710938 0.238281 0.707031 0.243164 0.702148 0.239258
1 0.719727 0.241211 0.725586 0.244141 0.723633 0.250977 0.713867 0.254883 0.710938 0.246094
0 0.954102 0.007812 0.963867 0.020508 0.963867 0.029297 0.961914 0.035156 0.950195 0.030273 0.943359 0.019531 0.937500 0.013672 0.937500 0.003906 0.945312 0.001953
1 0.885742 0.010742 0.900391 0.000000 0.906250 0.002930 0.909180 0.009766 0.892578 0.020508 0.883789 0.018555
1 0.915039 0.035156 0.915039 0.040039 0.910156 0.041016 0.910156 0.041016 0.907227 0.035156
1 0.878906 0.027344 0.879883 0.038086 0.868164 0.040039 0.864258 0.034180 0.873047 0.028320
1 0.879883 0.075195 0.882812 0.087891 0.871094 0.096680 0.864258 0.081055 0.871094 0.075195
1 0.892578 0.089844 0.898438 0.094727 0.893555 0.099609 0.890625 0.095703
1 0.799805 0.089844 0.806641 0.091797 0.808594 0.099609 0.800781 0.102539 0.792969 0.094727
1 0.813477 0.085938 0.820312 0.087891 0.817383 0.094727 0.807617 0.092773 0.807617 0.086914
1 1.000000 0.068359 0.995117 0.072266 0.995117 0.078125 1.000000 0.086914
0 0.995117 0.083008 0.975586 0.103516 0.962891 0.113281 0.958984 0.105469 0.972656 0.089844 0.990234 0.080078
0 0.959961 0.117188 0.959961 0.124023 0.931641 0.146484 0.916992 0.152344 0.914062 0.143555 0.928711 0.134766 0.936523 0.130859 0.949219 0.117188
1 0.875000 0.145508 0.881836 0.153320 0.880859 0.159180 0.874023 0.160156 0.867188 0.153320 0.869141 0.145508
1 0.958008 0.152344 0.961914 0.156250 0.959961 0.165039 0.959961 0.165039 0.952148 0.166016 0.947266 0.156250
1 0.958008 0.163086 0.966797 0.163086 0.967773 0.168945 0.959961 0.171875
1 0.981445 0.132812 0.988281 0.133789 0.988281 0.138672 0.981445 0.141602 0.976562 0.138672
1 0.986328 0.139648 0.992188 0.140625 0.994141 0.150391 0.984375 0.150391 0.983398 0.142578
1 0.799805 0.143555 0.802734 0.148438 0.798828 0.152344 0.795898 0.146484
1 0.909180 0.229492 0.917969 0.233398 0.912109 0.239258 0.905273 0.238281 0.904297 0.233398
1 0.935547 0.229492 0.930664 0.239258 0.924805 0.237305 0.923828 0.230469 0.928711 0.225586
1 0.934570 0.232422 0.943359 0.230469 0.948242 0.236328 0.945312 0.243164 0.937500 0.248047 0.931641 0.242188
1 0.962891 0.229492 0.966797 0.234375 0.963867 0.238281 0.958008 0.237305 0.958008 0.229492
1 0.995117 0.236328 1.000000 0.237305 1.000000 0.248047 0.994141 0.250000 0.993164 0.241211
1 0.987305 0.252930 0.990234 0.261719 0.987305 0.264648 0.980469 0.264648 0.980469 0.256836
1 0.973633 0.258789 0.979492 0.262695 0.979492 0.269531 0.979492 0.269531 0.973633 0.272461 0.965820 0.268555 0.966797 0.259766
1 0.979492 0.264648 0.984375 0.264648 0.989258 0.274414 0.981445 0.278320 0.975586 0.273438 0.975586 0.273438
1 0.861328 0.256836 0.862305 0.248047 0.856445 0.246094 0.851562 0.250000 0.853516 0.257812
1 0.862305 0.250977 0.868164 0.252930 0.871094 0.258789 0.865234 0.261719 0.860352 0.258789
1 0.871094 0.258789 0.881836 0.262695 0.881836 0.268555 0.877930 0.270508 0.868164 0.264648
0 0.893555 0.268555 0.904297 0.271484 0.916016 0.278320 0.919922 0.288086 0.913086 0.291992 0.913086 0.291992 0.897461 0.283203 0.897461 0.283203 0.888672 0.274414
1 0.788086 0.198242 0.791016 0.202148 0.791016 0.208008 0.785156 0.208984 0.782227 0.200195
1 0.775391 0.246094 0.782227 0.247070 0.782227 0.254883 0.775391 0.255859 0.773438 0.249023
1 0.789062 0.270508 0.792969 0.277344 0.788086 0.283203 0.781250 0.279297 0.781250 0.273438
1 0.782227 0.282227 0.786133 0.288086 0.786133 0.295898 0.775391 0.291992 0.774414 0.284180
1 0.818359 0.273438 0.824219 0.278320 0.823242 0.288086 0.814453 0.295898 0.809570 0.289062 0.807617 0.277344
1 0.847656 0.303711 0.852539 0.312500 0.849609 0.318359 0.841797 0.317383 0.839844 0.308594
1 0.802734 0.295898 0.805664 0.304688 0.799805 0.311523 0.799805 0.318359 0.791016 0.320312 0.781250 0.312500 0.778320 0.304688 0.791992 0.294922
1 0.762695 0.301758 0.768555 0.303711 0.766602 0.309570 0.760742 0.310547 0.755859 0.304688
1 0.753906 0.304688 0.759766 0.310547 0.757812 0.318359 0.750000 0.324219 0.740234 0.315430 0.740234 0.306641
1 0.757812 0.315430 0.769531 0.318359 0.767578 0.328125 0.760742 0.332031 0.751953 0.327148 0.751953 0.318359
1 0.778320 0.313477 0.789062 0.316406 0.786133 0.325195 0.777344 0.327148 0.772461 0.318359
1 0.778320 0.329102 0.779297 0.334961 0.773438 0.338867 0.765625 0.335938 0.770508 0.326172
1 0.651367 0.268555 0.655273 0.269531 0.657227 0.277344 0.649414 0.280273 0.644531 0.270508
1 0.647461 0.275391 0.649414 0.285156 0.642578 0.289062 0.642578 0.289062 0.635742 0.285156 0.636719 0.276367
1 0.679688 0.285156 0.684570 0.294922 0.678711 0.303711 0.672852 0.305664 0.665039 0.300781 0.668945 0.286133
1 0.624023 0.305664 0.631836 0.309570 0.629883 0.318359 0.622070 0.322266 0.613281 0.314453 0.613281 0.314453
0 0.641602 0.316406 0.650391 0.318359 0.655273 0.327148 0.666992 0.336914 0.683594 0.346680 0.688477 0.357422 0.685547 0.361328 0.675781 0.360352 0.663086 0.351562 0.656250 0.342773 0.646484 0.336914 0.635742 0.329102 0.635742 0.319336
1 0.681641 0.302734 0.684570 0.306641 0.684570 0.312500 0.677734 0.313477 0.673828 0.305664
0 0.663086 0.317383 0.671875 0.320312 0.669922 0.312500 0.679688 0.310547 0.690430 0.317383 0.673828 0.338867 0.663086 0.336914 0.654297 0.326172 0.650391 0.317383
0 0.730469 0.309570 0.737305 0.315430 0.733398 0.323242 0.722656 0.334961 0.716797 0.348633 0.716797 0.354492 0.710938 0.357422 0.706055 0.353516 0.708008 0.342773 0.717773 0.340820 0.716797 0.328125 0.722656 0.320312 0.720703 0.315430
1 0.745117 0.334961 0.750977 0.339844 0.749023 0.346680 0.742188 0.341797 0.741211 0.335938
1 0.740234 0.342773 0.742188 0.348633 0.737305 0.352539 0.731445 0.350586 0.731445 0.343750
1 0.700195 0.363281 0.702148 0.370117 0.697266 0.375000 0.694336 0.380859 0.694336 0.380859 0.688477 0.379883 0.686523 0.372070 0.693359 0.364258
1 0.734375 0.350586 0.737305 0.356445 0.731445 0.361328 0.727539 0.358398 0.729492 0.351562 0.729492 0.351562
1 0.770508 0.341797 0.774414 0.347656 0.773438 0.357422 0.765625 0.362305 0.757812 0.358398 0.759766 0.343750
1 0.755859 0.366211 0.760742 0.366211 0.759766 0.375000 0.753906 0.374023 0.750977 0.369141
1 0.596680 0.355469 0.602539 0.359375 0.601562 0.367188 0.591797 0.367188 0.591797 0.360352
1 0.589844 0.377930 0.596680 0.384766 0.590820 0.391602 0.582031 0.389648 0.581055 0.380859
1 0.631836 0.383789 0.634766 0.387695 0.634766 0.393555 0.626953 0.394531 0.625977 0.385742
1 0.744141 0.387695 0.746094 0.395508 0.743164 0.402344 0.737305 0.407227 0.732422 0.404297 0.739258 0.390625
1 0.728516 0.407227 0.732422 0.413086 0.723633 0.423828 0.723633 0.423828 0.715820 0.423828 0.712891 0.414062 0.725586 0.411133
1 0.686523 0.421875 0.690430 0.426758 0.687500 0.433594 0.680664 0.431641 0.679688 0.422852
1 0.690430 0.425781 0.698242 0.426758 0.700195 0.437500 0.692383 0.439453 0.686523 0.431641
1 0.697266 0.434570 0.708008 0.435547 0.710938 0.445312 0.705078 0.447266 0.697266 0.442383 0.697266 0.442383
1 0.575195 0.392578 0.584961 0.400391 0.587891 0.413086 0.579102 0.414062 0.567383 0.403320 0.566406 0.394531 0.566406 0.394531
1 0.736328 0.448242 0.744141 0.456055 0.747070 0.467773 0.736328 0.469727 0.726562 0.462891 0.720703 0.456055 0.725586 0.449219
1 0.578125 0.417969 0.583008 0.420898 0.582031 0.425781 0.577148 0.427734 0.573242 0.422852 0.573242 0.422852
1 0.588867 0.422852 0.592773 0.425781 0.589844 0.431641 0.585938 0.430664 0.583984 0.425781 0.583984 0.425781
1 0.594727 0.428711 0.600586 0.431641 0.605469 0.437500 0.602539 0.441406 0.594727 0.438477 0.588867 0.432617
1 0.557617 0.452148 0.565430 0.459961 0.564453 0.467773 0.554688 0.473633 0.544922 0.471680 0.544922 0.457031
1 0.636719 0.473633 0.642578 0.476562 0.643555 0.484375 0.636719 0.491211 0.627930 0.490234 0.626953 0.477539
1 0.647461 0.471680 0.656250 0.466797 0.665039 0.469727 0.666016 0.479492 0.661133 0.485352 0.654297 0.488281 0.645508 0.480469
1 0.613281 0.500000 0.624023 0.499023 0.627930 0.506836 0.623047 0.513672 0.618164 0.515625 0.610352 0.507812
1 0.610352 0.516602 0.613281 0.521484 0.607422 0.526367 0.603516 0.518555
1 0.590820 0.532227 0.597656 0.531250 0.602539 0.538086 0.589844 0.552734 0.589844 0.552734 0.583984 0.552734 0.582031 0.541992
1 0.501953 0.525391 0.504883 0.527344 0.504883 0.535156 0.504883 0.535156 0.500000 0.540039 0.500000 0.540039 0.493164 0.536133 0.496094 0.528320
1 0.519531 0.535156 0.525391 0.537109 0.527344 0.543945 0.518555 0.547852 0.518555 0.547852 0.515625 0.544922 0.515625 0.537109
1 0.503906 0.537109 0.508789 0.541016 0.510742 0.547852 0.504883 0.550781 0.495117 0.544922 0.497070 0.538086
1 0.751953 0.483398 0.755859 0.490234 0.749023 0.496094 0.741211 0.497070 0.741211 0.488281
1 0.740234 0.501953 0.741211 0.511719 0.734375 0.517578 0.728516 0.515625 0.727539 0.507812
1 0.534180 0.532227 0.536133 0.540039 0.528320 0.541992 0.526367 0.534180
1 0.602539 0.575195 0.608398 0.586914 0.606445 0.597656 0.598633 0.600586 0.587891 0.593750 0.587891 0.593750 0.588867 0.577148
1 0.476562 0.615234 0.482422 0.617188 0.482422 0.625977 0.476562 0.628906 0.470703 0.625977 0.470703 0.618164
1 0.545898 0.590820 0.551758 0.593750 0.551758 0.601562 0.551758 0.601562 0.543945 0.601562 0.540039 0.592773
1 0.546875 0.600586 0.550781 0.605469 0.548828 0.611328 0.548828 0.611328 0.541016 0.612305 0.539062 0.603516
1 0.543945 0.624023 0.545898 0.629883 0.544922 0.635742 0.536133 0.635742 0.533203 0.627930
1 0.553711 0.607422 0.565430 0.611328 0.569336 0.619141 0.562500 0.623047 0.552734 0.625977 0.547852 0.620117 0.547852 0.609375
1 0.559570 0.578125 0.571289 0.580078 0.580078 0.593750 0.577148 0.602539 0.569336 0.608398 0.556641 0.606445 0.549805 0.593750
1 0.578125 0.605469 0.586914 0.612305 0.585938 0.620117 0.578125 0.619141 0.573242 0.610352 0.573242 0.610352
1 0.623047 0.592773 0.627930 0.599609 0.627930 0.604492 0.620117 0.603516 0.620117 0.603516 0.619141 0.596680 0.619141 0.596680
1 0.626953 0.611328 0.631836 0.613281 0.631836 0.620117 0.627930 0.625977 0.622070 0.625000 0.620117 0.615234
1 0.660156 0.619141 0.666992 0.628906 0.666992 0.635742 0.661133 0.638672 0.661133 0.638672 0.661133 0.648438 0.649414 0.651367 0.637695 0.646484 0.636719 0.629883 0.641602 0.622070 0.653320 0.624023 0.653320 0.618164
1 0.624023 0.625000 0.632812 0.631836 0.633789 0.644531 0.628906 0.652344 0.618164 0.650391 0.615234 0.644531 0.607422 0.641602 0.599609 0.638672 0.599609 0.632812 0.606445 0.624023 0.615234 0.621094
1 0.615234 0.643555 0.616211 0.656250 0.610352 0.665039 0.598633 0.666016 0.592773 0.656250 0.593750 0.647461 0.593750 0.647461 0.601562 0.637695 0.607422 0.638672
1 0.617188 0.665039 0.627930 0.672852 0.627930 0.683594 0.627930 0.683594 0.619141 0.692383 0.610352 0.697266 0.595703 0.692383 0.594727 0.675781 0.610352 0.667969
1 0.590820 0.659180 0.594727 0.663086 0.594727 0.667969 0.587891 0.667969 0.582031 0.662109
1 0.590820 0.671875 0.594727 0.676758 0.592773 0.683594 0.585938 0.684570 0.583008 0.674805
1 0.588867 0.683594 0.591797 0.689453 0.591797 0.698242 0.584961 0.697266 0.580078 0.688477
1 0.468750 0.659180 0.481445 0.664062 0.481445 0.670898 0.471680 0.671875 0.464844 0.666992
1 0.482422 0.666016 0.490234 0.662109 0.499023 0.664062 0.505859 0.666992 0.506836 0.674805 0.486328 0.671875 0.483398 0.676758 0.479492 0.671875
1 0.474609 0.670898 0.478516 0.675781 0.478516 0.687500 0.485352 0.692383 0.485352 0.703125 0.472656 0.704102 0.460938 0.699219 0.458008 0.684570 0.461914 0.673828
1 0.490234 0.692383 0.499023 0.696289 0.500000 0.702148 0.492188 0.703125 0.487305 0.697266
1 0.539062 0.677734 0.543945 0.677734 0.547852 0.681641 0.544922 0.686523 0.539062 0.686523
1 0.561523 0.688477 0.567383 0.690430 0.567383 0.696289 0.561523 0.699219 0.558594 0.692383 0.558594 0.692383
1 0.641602 0.696289 0.643555 0.702148 0.640625 0.707031 0.633789 0.707031 0.630859 0.700195
1 0.638672 0.707031 0.646484 0.713867 0.645508 0.721680 0.634766 0.721680 0.634766 0.721680 0.627930 0.716797 0.628906 0.708008
1 0.624023 0.739258 0.629883 0.742188 0.630859 0.749023 0.618164 0.749023 0.617188 0.742188
1 0.628906 0.750000 0.631836 0.752930 0.630859 0.758789 0.622070 0.756836 0.622070 0.749023
1 0.618164 0.749023 0.621094 0.756836 0.614258 0.758789 0.612305 0.750977
1 0.625000 0.759766 0.631836 0.763672 0.631836 0.771484 0.623047 0.772461 0.620117 0.763672
1 0.623047 0.775391 0.625000 0.781250 0.623047 0.788086 0.616211 0.788086 0.614258 0.777344
1 0.448242 0.759766 0.453125 0.764648 0.453125 0.770508 0.446289 0.771484 0.441406 0.767578 0.441406 0.759766
1 0.463867 0.765625 0.464844 0.769531 0.461914 0.776367 0.461914 0.776367 0.454102 0.771484 0.454102 0.771484
1 0.475586 0.763672 0.480469 0.768555 0.477539 0.775391 0.469727 0.778320 0.466797 0.771484 0.468750 0.763672
1 0.473633 0.776367 0.476562 0.780273 0.475586 0.786133 0.467773 0.785156 0.467773 0.777344
1 0.480469 0.780273 0.487305 0.781250 0.487305 0.786133 0.483398 0.788086 0.477539 0.784180
1 0.499023 0.778320 0.503906 0.782227 0.504883 0.791016 0.497070 0.795898 0.487305 0.794922 0.491211 0.781250
1 0.504883 0.785156 0.514648 0.786133 0.517578 0.791992 0.511719 0.792969 0.508789 0.796875 0.501953 0.794922 0.501953 0.794922
1 0.516602 0.789062 0.526367 0.789062 0.530273 0.795898 0.525391 0.809570 0.517578 0.808594 0.512695 0.800781 0.509766 0.797852 0.509766 0.791992
0 0.549805 0.795898 0.550781 0.804688 0.548828 0.815430 0.548828 0.828125 0.547852 0.836914 0.540039 0.840820 0.525391 0.834961 0.517578 0.833008 0.518555 0.821289 0.523438 0.817383 0.532227 0.823242 0.540039 0.828125 0.539062 0.817383 0.541992 0.810547 0.541992 0.798828
1 0.589844 0.742188 0.594727 0.748047 0.591797 0.755859 0.584961 0.752930 0.583008 0.746094
1 0.573242 0.747070 0.579102 0.749023 0.581055 0.756836 0.574219 0.754883 0.566406 0.757812 0.568359 0.749023
1 0.587891 0.802734 0.592773 0.807617 0.590820 0.812500 0.584961 0.809570
1 0.595703 0.828125 0.601562 0.829102 0.602539 0.833984 0.596680 0.837891 0.590820 0.833008
1 0.430664 0.860352 0.447266 0.866211 0.453125 0.881836 0.451172 0.892578 0.439453 0.891602 0.428711 0.884766 0.422852 0.875000 0.423828 0.865234 0.423828 0.865234
1 0.457031 0.866211 0.458008 0.873047 0.455078 0.879883 0.450195 0.875000 0.451172 0.870117
0 0.439453 0.853516 0.449219 0.853516 0.456055 0.855469 0.465820 0.855469 0.479492 0.860352 0.491211 0.862305 0.504883 0.865234 0.515625 0.866211 0.527344 0.868164 0.541016 0.872070 0.546875 0.879883 0.543945 0.884766 0.529297 0.883789 0.526367 0.875977 0.517578 0.874023 0.506836 0.875000 0.494141 0.873047 0.485352 0.870117 0.474609 0.866211 0.468750 0.871094 0.459961 0.865234 0.450195 0.865234 0.443359 0.862305 0.434570 0.863281 0.432617 0.855469
1 0.526367 0.885742 0.528320 0.894531 0.523438 0.905273 0.515625 0.911133 0.508789 0.903320 0.512695 0.889648 0.519531 0.887695
1 0.534180 0.900391 0.535156 0.906250 0.532227 0.911133 0.526367 0.909180 0.526367 0.902344
1 0.541016 0.887695 0.551758 0.890625 0.552734 0.896484 0.552734 0.896484 0.546875 0.900391 0.541992 0.899414
1 0.553711 0.875977 0.561523 0.873047 0.565430 0.875977 0.561523 0.882812 0.559570 0.887695 0.559570 0.887695 0.553711 0.885742 0.550781 0.879883
1 0.551758 0.899414 0.556641 0.896484 0.564453 0.898438 0.565430 0.904297 0.557617 0.906250
1 0.518555 0.929688 0.524414 0.929688 0.526367 0.938477 0.522461 0.941406 0.516602 0.937500
1 0.413086 0.911133 0.420898 0.909180 0.428711 0.913086 0.428711 0.920898 0.418945 0.923828 0.412109 0.916992
1 0.420898 0.922852 0.427734 0.930664 0.423828 0.935547 0.413086 0.936523 0.410156 0.926758
1 0.413086 0.939453 0.420898 0.941406 0.420898 0.946289 0.420898 0.946289 0.416016 0.947266 0.411133 0.942383
1 0.412109 0.962891 0.418945 0.965820 0.419922 0.974609 0.416992 0.980469 0.409180 0.981445 0.400391 0.974609 0.404297 0.966797
1 0.458008 0.977539 0.463867 0.986328 0.459961 0.990234 0.452148 0.988281 0.450195 0.979492
1 0.462891 0.954102 0.466797 0.959961 0.465820 0.965820 0.458008 0.966797 0.455078 0.957031 0.455078 0.957031
1 0.558594 0.937500 0.555664 0.949219 0.548828 0.954102 0.549805 0.937500
1 0.746094 0.901367 0.749023 0.909180 0.749023 0.909180 0.746094 0.914062 0.731445 0.916016 0.726562 0.909180 0.737305 0.902344
1 0.744141 0.881836 0.747070 0.886719 0.744141 0.891602 0.743164 0.900391 0.743164 0.900391 0.737305 0.901367 0.736328 0.886719
1 0.750977 0.855469 0.754883 0.860352 0.753906 0.868164 0.746094 0.864258
1 0.747070 0.862305 0.751953 0.869141 0.749023 0.875000 0.738281 0.870117 0.741211 0.863281
1 0.758789 0.859375 0.765625 0.859375 0.767578 0.866211 0.765625 0.873047 0.757812 0.875977 0.754883 0.866211 0.754883 0.866211
1 0.767578 0.860352 0.777344 0.860352 0.788086 0.868164 0.787109 0.875000 0.777344 0.871094 0.769531 0.874023 0.769531 0.874023 0.765625 0.867188
1 0.783203 0.866211 0.792969 0.864258 0.797852 0.869141 0.797852 0.874023 0.790039 0.875000 0.790039 0.875000
1 0.839844 0.872070 0.842773 0.875977 0.842773 0.881836 0.834961 0.881836 0.832031 0.875977 0.832031 0.871094
1 0.882812 0.865234 0.882812 0.870117 0.875977 0.875977 0.871094 0.870117 0.876953 0.863281
1 0.849609 0.879883 0.859375 0.877930 0.868164 0.877930 0.870117 0.884766 0.864258 0.889648 0.849609 0.886719
1 0.880859 0.885742 0.889648 0.881836 0.891602 0.887695 0.888672 0.889648
1 0.897461 0.885742 0.906250 0.883789 0.908203 0.891602 0.906250 0.896484 0.906250 0.896484 0.897461 0.892578
1 0.908203 0.887695 0.915039 0.887695 0.918945 0.892578 0.916992 0.897461 0.908203 0.896484
1 0.669922 0.804688 0.672852 0.809570 0.668945 0.817383 0.663086 0.816406 0.663086 0.807617 0.663086 0.807617
1 0.712891 0.772461 0.724609 0.774414 0.736328 0.781250 0.743164 0.788086 0.743164 0.793945 0.746094 0.799805 0.747070 0.805664 0.733398 0.811523 0.718750 0.810547 0.705078 0.805664 0.699219 0.801758 0.700195 0.791992 0.706055 0.778320
0 0.991211 1.000000 0.985352 0.988281 0.985352 0.988281 0.987305 0.972656 0.994141 0.962891 0.991211 0.951172 0.998047 0.933594 0.996094 0.899414 0.991211 0.889648 0.991211 0.889648 0.983398 0.881836 0.987305 0.875000 0.984375 0.867188 0.990234 0.856445 1.000000 0.857422 1.000000 1.000000
1 0.931641 0.876953 0.943359 0.879883 0.944336 0.885742 0.935547 0.892578 0.924805 0.893555 0.922852 0.884766
1 0.950195 0.881836 0.952148 0.885742 0.952148 0.889648 0.949219 0.892578 0.945312 0.886719 0.945312 0.886719
0 0.955078 0.895508 0.964844 0.898438 0.966797 0.887695 0.971680 0.887695 0.972656 0.900391 0.968750 0.906250 0.955078 0.908203 0.944336 0.903320 0.944336 0.898438
1 0.918945 0.863281 0.920898 0.869141 0.916016 0.872070 0.916016 0.872070 0.911133 0.867188
1 0.918945 0.870117 0.929688 0.873047 0.932617 0.878906 0.925781 0.882812 0.916992 0.881836 0.913086 0.875000
1 0.922852 0.855469 0.930664 0.857422 0.930664 0.863281 0.924805 0.865234 0.920898 0.860352
1 0.934570 0.858398 0.940430 0.858398 0.942383 0.864258 0.940430 0.870117 0.932617 0.871094 0.932617 0.860352
1 0.969727 0.867188 0.974609 0.875000 0.972656 0.883789 0.962891 0.886719 0.957031 0.881836 0.958984 0.872070
1 0.978516 0.664062 0.981445 0.681641 0.979492 0.703125 0.965820 0.713867 0.965820 0.713867 0.949219 0.708008 0.948242 0.677734 0.960938 0.671875 0.966797 0.660156
0 0.979492 0.675781 0.991211 0.675781 0.998047 0.688477 1.000000 0.695312 0.998047 0.760742 0.992188 0.778320 0.990234 0.798828 0.987305 0.807617 0.983398 0.827148 0.977539 0.832031 0.978516 0.847656 0.973633 0.864258 0.961914 0.867188 0.946289 0.871094 0.943359 0.857422 0.954102 0.852539 0.959961 0.837891 0.961914 0.825195 0.967773 0.817383 0.965820 0.797852 0.970703 0.779297 0.979492 0.755859 0.977539 0.737305 0.984375 0.716797 0.980469 0.706055 0.973633 0.691406
1 0.902344 0.628906 0.920898 0.625977 0.934570 0.638672 0.933594 0.650391 0.933594 0.650391 0.921875 0.659180 0.907227 0.655273 0.907227 0.655273 0.897461 0.643555
1 0.937500 0.655273 0.944336 0.660156 0.941406 0.669922 0.941406 0.669922 0.931641 0.666992 0.931641 0.658203
1 0.704102 0.637695 0.709961 0.642578 0.708984 0.647461 0.700195 0.649414 0.699219 0.640625
1 0.713867 0.642578 0.724609 0.641602 0.724609 0.641602 0.731445 0.646484 0.734375 0.656250 0.727539 0.664062 0.719727 0.670898 0.708984 0.676758 0.702148 0.672852 0.701172 0.659180 0.706055 0.648438 0.706055 0.648438
1 0.766602 0.583008 0.773438 0.588867 0.773438 0.595703 0.766602 0.602539 0.757812 0.600586 0.757812 0.589844
1 0.783203 0.593750 0.786133 0.601562 0.781250 0.615234 0.772461 0.615234 0.772461 0.615234 0.772461 0.599609
1 0.788086 0.600586 0.796875 0.598633 0.802734 0.608398 0.798828 0.621094 0.794922 0.625977 0.785156 0.624023 0.782227 0.613281
1 0.874023 0.595703 0.873047 0.603516 0.865234 0.607422 0.859375 0.597656 0.865234 0.594727
1 0.817383 0.507812 0.815430 0.514648 0.807617 0.518555 0.804688 0.509766 0.809570 0.503906
1 0.827148 0.524414 0.837891 0.521484 0.844727 0.523438 0.846680 0.532227 0.839844 0.540039 0.833008 0.539062 0.826172 0.533203
1 0.846680 0.530273 0.854492 0.531250 0.859375 0.538086 0.855469 0.544922 0.847656 0.543945 0.843750 0.535156
1 0.876953 0.555664 0.887695 0.556641 0.889648 0.564453 0.880859 0.568359 0.875977 0.562500
1 0.882812 0.570312 0.887695 0.576172 0.884766 0.581055 0.878906 0.582031 0.876953 0.573242
1 0.916016 0.568359 0.923828 0.574219 0.922852 0.581055 0.914062 0.582031 0.907227 0.578125 0.907227 0.570312 0.907227 0.570312
1 0.925781 0.586914 0.928711 0.589844 0.926758 0.592773 0.921875 0.588867
1 0.938477 0.595703 0.941406 0.599609 0.939453 0.605469 0.934570 0.602539
1 0.949219 0.598633 0.949219 0.605469 0.944336 0.605469 0.942383 0.600586
1 0.967773 0.574219 0.974609 0.578125 0.974609 0.583008 0.966797 0.584961 0.961914 0.583008 0.961914 0.577148
0 0.967773 0.587891 0.967773 0.597656 0.964844 0.602539 0.962891 0.610352 0.965820 0.615234 0.958008 0.617188 0.952148 0.610352 0.955078 0.603516 0.951172 0.598633 0.952148 0.588867 0.958984 0.588867 0.962891 0.584961
1 0.968750 0.617188 0.976562 0.619141 0.980469 0.623047 0.975586 0.625977 0.972656 0.630859 0.965820 0.630859 0.964844 0.621094
1 0.979492 0.623047 0.988281 0.625977 0.987305 0.634766 0.981445 0.639648 0.975586 0.636719 0.973633 0.625000
1 0.988281 0.623047 0.996094 0.625000 0.996094 0.625000 0.996094 0.628906 0.992188 0.632812 0.988281 0.628906
1 1.000000 0.651367 0.990234 0.647461 0.986328 0.638672 0.992188 0.630859 0.998047 0.626953 1.000000 0.626953
1 0.987305 0.464844 0.988281 0.470703 0.985352 0.474609 0.979492 0.469727 0.981445 0.464844
1 0.845703 0.386719 0.849609 0.390625 0.849609 0.396484 0.841797 0.396484 0.840820 0.389648
1 0.841797 0.394531 0.840820 0.401367 0.835938 0.406250 0.828125 0.403320 0.832031 0.396484 0.834961 0.392578
1 0.837891 0.426758 0.841797 0.431641 0.837891 0.436523 0.832031 0.434570 0.832031 0.429688
1 0.840820 0.417969 0.846680 0.419922 0.847656 0.423828 0.843750 0.429688 0.836914 0.425781
1 0.848633 0.403320 0.854492 0.403320 0.858398 0.410156 0.853516 0.415039 0.850586 0.419922 0.844727 0.417969
1 0.858398 0.398438 0.865234 0.402344 0.866211 0.409180 0.859375 0.411133 0.854492 0.402344 0.854492 0.402344
1 0.866211 0.402344 0.873047 0.404297 0.882812 0.412109 0.884766 0.416992 0.884766 0.422852 0.884766 0.422852 0.876953 0.421875 0.876953 0.414062 0.867188 0.410156 0.865234 0.407227
1 0.818359 0.461914 0.819336 0.466797 0.812500 0.466797 0.812500 0.461914
1 0.809570 0.473633 0.810547 0.478516 0.807617 0.479492 0.804688 0.474609
1 0.807617 0.479492 0.805664 0.484375 0.805664 0.484375 0.799805 0.482422 0.801758 0.477539
1 0.814453 0.481445 0.821289 0.481445 0.821289 0.486328 0.814453 0.488281 0.811523 0.485352
1 0.975586 0.415039 0.975586 0.418945 0.970703 0.422852 0.964844 0.419922 0.969727 0.415039
1 0.987305 0.386719 0.993164 0.390625 0.993164 0.396484 0.988281 0.399414 0.981445 0.399414 0.980469 0.389648
0 0.920898 0.309570 0.922852 0.314453 0.922852 0.323242 0.918945 0.328125 0.918945 0.334961 0.913086 0.339844 0.907227 0.340820 0.906250 0.348633 0.900391 0.355469 0.892578 0.352539 0.898438 0.336914 0.902344 0.329102 0.907227 0.327148 0.915039 0.314453
1 0.954102 0.333984 0.949219 0.347656 0.949219 0.347656 0.939453 0.354492 0.929688 0.352539 0.928711 0.341797 0.938477 0.329102 0.945312 0.329102
1 0.941406 0.306641 0.943359 0.314453 0.940430 0.319336 0.932617 0.321289 0.928711 0.314453 0.934570 0.305664
1 0.973633 0.319336 0.974609 0.326172 0.966797 0.330078 0.963867 0.323242 0.963867 0.323242 0.966797 0.318359
1 0.933594 0.295898 0.934570 0.302734 0.928711 0.304688 0.922852 0.299805 0.927734 0.293945
1 0.700195 0.206055 0.702148 0.215820 0.698242 0.220703 0.691406 0.215820 0.694336 0.208008
1 0.704102 0.213867 0.708984 0.215820 0.713867 0.221680 0.712891 0.228516 0.712891 0.228516 0.704102 0.224609 0.698242 0.219727
1 0.714844 0.221680 0.721680 0.223633 0.725586 0.222656 0.728516 0.227539 0.724609 0.233398 0.716797 0.231445 0.712891 0.225586