0 0.000040 0.727149 0.005758 0.726844 0.006422 0.717448 0.010915 0.713313 0.016327 0.711220 0.020770 0.711475 0.021209 0.706975 0.020562 0.700764 0.026468 0.697334 0.029974 0.696419 0.030431 0.689865 0.032717 0.685292 0.037823 0.684148 0.038197 0.678851 0.041472 0.672674 0.048561 0.671969 0.052582 0.671472 0.052084 0.663554 0.056271 0.659367 0.066272 0.661655 0.073180 0.654796 0.082647 0.655424 0.086366 0.656729 0.088588 0.661414 0.096479 0.668432 0.102185 0.679112 0.098600 0.684232 0.092235 0.686428 0.095454 0.689280 0.097868 0.699448 0.095747 0.707130 0.089529 0.710860 0.085777 0.721867 0.075463 0.737393 0.070903 0.762363 0.065909 0.783101 0.053315 0.800798 0.047669 0.802752 0.023370 0.798269 0.021693 0.795043 0.012403 0.796333 0.006598 0.792979 0.002340 0.782786 0.000018 0.770916 0.000000 0.766916
0 0.726189 1.000000 0.717589 0.998040 0.720548 0.986942 0.715739 0.978065 0.706954 0.967615 0.701405 0.963361 0.697151 0.962066 0.685646 0.957631 0.677072 0.945927 0.681694 0.937652 0.690342 0.929676 0.702567 0.923563 0.720384 0.927738 0.724110 0.938547 0.722173 0.944585 0.724558 0.952636 0.738382 0.982138 0.746927 0.987637 0.747772 0.990006 0.748365 0.997281 0.746081 1.000000
0 1.000000 0.697390 0.991649 0.704486 0.977301 0.708651 0.966810 0.711583 0.952308 0.713126 0.940736 0.723771 0.947062 0.739971 0.950147 0.750771 0.947524 0.762033 0.947987 0.773759 0.951073 0.779004 0.964958 0.782398 0.975912 0.779467 0.985786 0.774222 0.994734 0.773296 1.000000 0.766199 1.000000 0.772679
1 0.102611 0.426428 0.085066 0.418528 0.081877 0.406604 0.083168 0.399617 0.089244 0.389212 0.095928 0.383743 0.106105 0.378503 0.120080 0.381996 0.125396 0.387313 0.122207 0.393009 0.118182 0.399541 0.125320 0.406908 0.129118 0.410022 0.128587 0.414959 0.121144 0.421415 0.111877 0.427415 0.104055 0.428326
1 0.070809 0.430124 0.059569 0.426444 0.057795 0.415140 0.061870 0.410934 0.070217 0.409355 0.079090 0.416585 0.077906 0.421383 0.074489 0.426444
1 0.043104 0.426563 0.035074 0.425796 0.032700 0.415951 0.038984 0.411763 0.047502 0.412461 0.050923 0.418535 0.049177 0.422165
1 0.023834 0.427471 0.011337 0.426563 0.006311 0.418675 0.009801 0.408900 0.019366 0.405828 0.026976 0.404990 0.031165 0.412042 0.032212 0.422444 0.029489 0.427471
1 0.029012 0.460819 0.015520 0.455616 0.013932 0.449708 0.015960 0.443624 0.024778 0.439038 0.033421 0.436745 0.038007 0.442918 0.036771 0.455353 0.032539 0.460290
1 0.039771 0.466728 0.034038 0.460555 0.036948 0.454029 0.042504 0.453500 0.047354 0.458791 0.044532 0.468315 0.040652 0.469727
1 0.047795 0.453765 0.038447 0.452266 0.038447 0.443271 0.046648 0.441507 0.049735 0.441507 0.052204 0.446887 0.049646 0.452001
1 0.058377 0.468668 0.047795 0.463289 0.047883 0.451648 0.054056 0.445563 0.062963 0.445476 0.070193 0.449797 0.070458 0.456852 0.068959 0.461261 0.064374 0.464611
1 0.088929 0.475487 0.079122 0.475311 0.073273 0.469521 0.074337 0.464263 0.082844 0.459597 0.087806 0.460541 0.093123 0.464204 0.094777 0.469757 0.091232 0.474542
1 0.124248 0.473313 0.115447 0.469808 0.114278 0.461708 0.119653 0.456879 0.126117 0.454854 0.132192 0.460772 0.132427 0.466771 0.129622 0.469808
1 0.126040 0.489824 0.117706 0.486476 0.117160 0.477752 0.124871 0.473079 0.132349 0.475493 0.134763 0.478998 0.134841 0.483905 0.130479 0.489824
1 0.142084 0.477674 0.131569 0.471988 0.131024 0.465057 0.138346 0.459916 0.146212 0.461630 0.149795 0.467082 0.149017 0.471054 0.145355 0.477129
1 0.140809 0.454193 0.127949 0.453418 0.121853 0.438784 0.126730 0.431689 0.142472 0.424484 0.150564 0.427588 0.154334 0.436234 0.153668 0.445214 0.146352 0.453196
1 0.115645 0.447210 0.101677 0.444992 0.095579 0.433574 0.098905 0.428586 0.106998 0.430470 0.118748 0.424151 0.125067 0.421380 0.126841 0.428808 0.124624 0.441999 0.121741 0.446988 0.117418 0.447542
1 0.164256 0.462210 0.147354 0.456790 0.148424 0.448874 0.153273 0.444595 0.155841 0.437748 0.161332 0.433755 0.174668 0.434824 0.178733 0.436322 0.179304 0.444880 0.175382 0.450371 0.174240 0.456077 0.164541 0.461996 0.162973 0.460712
1 0.190873 0.464253 0.178633 0.461521 0.175026 0.453926 0.175463 0.449827 0.178961 0.440865 0.189616 0.438297 0.200217 0.442067 0.203987 0.448461 0.203770 0.453762 0.201419 0.459772 0.196501 0.463105
1 0.187688 0.497465 0.176621 0.490397 0.174947 0.479518 0.179039 0.473845 0.190663 0.471241 0.199498 0.477007 0.201637 0.486398
1 0.167276 0.508705 0.154299 0.504487 0.149432 0.495836 0.151812 0.488157 0.160787 0.480263 0.171277 0.483074 0.177550 0.492699 0.178848 0.502324 0.171062 0.510111
1 0.149864 0.488590 0.141861 0.486535 0.144457 0.475180 0.153434 0.472584 0.158408 0.464473 0.166303 0.462851 0.171927 0.470638 0.169439 0.474855 0.164032 0.479397
1 0.209481 0.477146 0.197430 0.476725 0.194297 0.466782 0.197430 0.464011 0.202552 0.453346 0.205504 0.449670 0.211470 0.445512 0.218821 0.449067 0.221593 0.458286 0.221171 0.462685 0.217615 0.470397 0.213036 0.474435
1 0.236326 0.460469 0.224477 0.457895 0.220834 0.451144 0.225205 0.447210 0.233995 0.445607 0.239872 0.449250 0.244194 0.456972 0.240212 0.460226
1 0.221854 0.491139 0.214244 0.481627 0.217257 0.470925 0.219872 0.464583 0.228751 0.460620 0.236916 0.461175 0.243733 0.463711 0.246111 0.472669 0.246270 0.480755 0.244525 0.487651 0.239690 0.493993
1 0.262679 0.479328 0.246111 0.472907 0.242702 0.460937 0.251897 0.453803 0.262282 0.454596 0.270605 0.464187 0.271795 0.469577 0.270130 0.475443
1 0.247300 0.476315 0.256495 0.478614 0.263233 0.477900 0.270605 0.476315 0.272825 0.476236 0.273143 0.487968 0.269813 0.492804 0.260142 0.496847 0.250233 0.498907
1 0.278736 0.463807 0.268338 0.460713 0.264899 0.450056 0.269197 0.440688 0.277533 0.435273 0.285612 0.435703 0.290940 0.444641 0.292574 0.453321 0.287245 0.456845 0.281573 0.456243 0.280628 0.459252
1 0.246942 0.524749 0.240182 0.531243 0.226750 0.528485 0.219723 0.520746 0.218389 0.510962 0.221235 0.505002 0.224882 0.501978 0.233688 0.502155 0.241517 0.491837 0.246319 0.490324 0.254059 0.503400 0.257973 0.506069 0.256104 0.516299 0.251301 0.521636
1 0.276745 0.553903 0.261761 0.548213 0.257683 0.536169 0.261571 0.527350 0.278356 0.517866 0.284427 0.519099 0.292866 0.532091 0.292108 0.540342 0.288884 0.548118 0.281013 0.555516
0 0.280538 0.515779 0.271055 0.518056 0.261382 0.515874 0.265554 0.494727 0.275512 0.488277 0.286134 0.487898 0.297514 0.496434 0.310450 0.513054 0.311947 0.528352 0.303218 0.534337 0.295319 0.534171 0.292742 0.527271 0.290081 0.523446
1 0.203617 0.534543 0.192781 0.532258 0.191232 0.525034 0.198015 0.519653 0.206860 0.520979 0.210693 0.526656 0.208335 0.529530
1 0.205386 0.546043 0.195287 0.544790 0.192339 0.537271 0.199489 0.534248 0.203765 0.534027 0.208703 0.529752 0.211504 0.534175 0.210030 0.541473
1 0.204617 0.562415 0.195865 0.557221 0.195652 0.548112 0.208603 0.544981 0.214224 0.551741 0.213440 0.560493 0.206254 0.563624
1 0.208033 0.586465 0.200419 0.583548 0.195296 0.573302 0.199921 0.565403 0.206609 0.563980 0.214793 0.574582 0.215291 0.572306 0.214650 0.581840 0.212658 0.584188
1 0.217034 0.640284 0.205797 0.635947 0.200672 0.624315 0.206487 0.616626 0.218710 0.617514 0.221766 0.618302 0.223441 0.630920 0.222851 0.636637 0.219104 0.640481
1 0.210036 0.615838 0.201361 0.612881 0.197024 0.597306 0.198602 0.588533 0.204910 0.585478 0.215950 0.587843 0.220682 0.592278 0.219302 0.603319 0.218710 0.610811 0.216936 0.614162
1 0.211938 0.664079 0.206795 0.662075 0.204791 0.653525 0.207730 0.648315 0.212339 0.646779 0.215812 0.650987 0.216681 0.655396 0.214477 0.662543
1 0.243075 0.676884 0.234703 0.672768 0.236099 0.666209 0.239028 0.662302 0.244541 0.659999 0.249425 0.663767 0.249216 0.670116 0.246634 0.674302
1 0.258241 0.630743 0.252585 0.626420 0.253759 0.620390 0.256854 0.617828 0.264112 0.618575 0.266033 0.621990 0.265340 0.628288 0.262458 0.631276
1 0.242909 0.601248 0.234911 0.598324 0.235686 0.590757 0.240673 0.589037 0.245661 0.590757 0.250391 0.594971 0.250219 0.598152 0.247037 0.602022
1 0.220727 0.879294 0.210332 0.873057 0.215084 0.864444 0.222905 0.861771 0.229340 0.868305 0.228350 0.874542 0.225182 0.878898
1 0.222135 0.838263 0.214054 0.832559 0.216114 0.824901 0.224986 0.821732 0.231271 0.827172 0.231377 0.829391 0.229476 0.835569 0.225673 0.838263
1 0.224356 0.809097 0.211400 0.803998 0.208476 0.794804 0.212989 0.785692 0.222602 0.780510 0.231629 0.782182 0.236059 0.787866 0.237229 0.794553 0.234471 0.801406 0.230876 0.805419
1 0.231140 0.736858 0.223542 0.735556 0.222239 0.725933 0.227160 0.721374 0.234323 0.722387 0.237218 0.726656 0.237146 0.732228 0.235408 0.735339
1 0.224555 0.749883 0.219345 0.744817 0.223903 0.737871 0.231212 0.737871 0.235336 0.737871 0.240329 0.734471 0.245756 0.742792 0.244888 0.746482 0.241559 0.747784 0.237218 0.747640 0.231356 0.746771 0.229765 0.747930
1 0.236566 0.759289 0.230126 0.753646 0.230705 0.748219 0.236928 0.747640 0.242500 0.751186 0.243224 0.755165 0.241921 0.756685
1 0.228390 0.761171 0.223831 0.759579 0.222312 0.753790 0.226509 0.749015 0.230488 0.750100 0.232587 0.754876 0.231791 0.757915 0.230344 0.760375
1 0.231383 0.770509 0.226485 0.766931 0.228188 0.761224 0.231766 0.758669 0.235939 0.759308 0.238964 0.764163 0.238793 0.766633 0.236536 0.769188
1 0.297328 0.573024 0.285677 0.565385 0.288995 0.558672 0.293394 0.553579 0.301572 0.551033 0.307977 0.554814 0.307899 0.562685 0.304118 0.569320 0.301495 0.572562
1 0.337345 0.561922 0.322989 0.552436 0.321142 0.543117 0.332560 0.534219 0.344145 0.535897 0.352539 0.545468 0.351616 0.551345 0.343725 0.558732
1 0.359135 0.571558 0.349957 0.570089 0.345000 0.558708 0.350415 0.551916 0.358584 0.550540 0.371434 0.555221 0.374921 0.563022 0.370791 0.569722 0.363173 0.574770
1 0.379914 0.582249 0.367448 0.577690 0.365952 0.571564 0.376067 0.564868 0.385042 0.564868 0.389886 0.571351 0.388391 0.577049 0.384899 0.580682
1 0.393234 0.593788 0.386609 0.592577 0.381054 0.586238 0.385398 0.579043 0.392308 0.574342 0.399930 0.578331 0.402280 0.584457 0.399289 0.589871
1 0.402320 0.605226 0.394257 0.597956 0.396642 0.588530 0.404479 0.585350 0.410498 0.593641 0.414132 0.599433 0.412429 0.605906 0.404251 0.609428
1 0.424354 0.598070 0.413224 0.596935 0.409476 0.587280 0.419584 0.580126 0.424922 0.580693 0.431622 0.588757 0.432304 0.593981
1 0.326569 0.591323 0.312662 0.585143 0.310026 0.575417 0.309481 0.566146 0.315571 0.559602 0.330113 0.561602 0.336021 0.564419 0.344929 0.578053 0.340748 0.583870 0.334477 0.588960
1 0.454632 0.650855 0.446006 0.642305 0.447228 0.634519 0.453487 0.629175 0.464709 0.629404 0.468297 0.632915 0.469366 0.636656 0.466847 0.642458 0.461885 0.647344 0.455930 0.650244
1 0.527780 0.614131 0.520065 0.612390 0.516250 0.604591 0.515586 0.596296 0.529522 0.589825 0.536906 0.590903 0.540888 0.597623 0.540805 0.606085 0.534334 0.613717 0.529937 0.615210
1 0.515120 0.694881 0.502913 0.689688 0.502093 0.677663 0.513480 0.669920 0.523501 0.672380 0.527782 0.677208 0.528967 0.686317 0.524503 0.691875 0.519856 0.696065
1 0.489066 0.683676 0.476403 0.679759 0.474126 0.665456 0.481231 0.657986 0.489795 0.654707 0.504462 0.657075 0.508561 0.659354 0.508834 0.667188 0.504644 0.674931 0.500544 0.679576 0.497355 0.682674
1 0.484192 0.810762 0.471394 0.800818 0.472451 0.791298 0.480490 0.785586 0.489587 0.784316 0.497732 0.792039 0.500165 0.801665 0.496675 0.808752 0.487789 0.812031
1 0.502508 0.761424 0.496312 0.751987 0.502126 0.746936 0.509848 0.745696 0.514041 0.750938 0.513756 0.756753 0.510038 0.761520 0.505653 0.764188
1 0.505379 0.736881 0.498791 0.734568 0.496407 0.727770 0.498370 0.721673 0.506921 0.720972 0.510495 0.723284 0.513999 0.726648 0.513579 0.734288 0.508252 0.738493
1 0.546429 0.804313 0.538534 0.798842 0.544631 0.788602 0.551588 0.786257 0.559482 0.789228 0.561905 0.797669 0.559248 0.802438 0.555262 0.804782
1 0.543325 0.835985 0.530310 0.824106 0.529380 0.814189 0.542499 0.804066 0.553036 0.803550 0.559233 0.809851 0.561609 0.819975 0.559440 0.829271 0.554275 0.834023 0.547664 0.837742
1 0.515808 0.956157 0.504254 0.953627 0.501387 0.945700 0.501050 0.939544 0.508471 0.932460 0.516061 0.929593 0.522049 0.931532 0.524747 0.943423 0.522470 0.952531 0.517241 0.957085
1 0.533687 0.959530 0.523903 0.955398 0.521711 0.946122 0.523482 0.936846 0.533602 0.933304 0.541445 0.942158 0.542204 0.949832 0.542625 0.955567 0.536216 0.960037
1 0.528230 0.932618 0.516660 0.930098 0.514254 0.921162 0.520211 0.915205 0.529032 0.911769 0.536708 0.920246 0.539457 0.924255 0.536249 0.931129
1 0.613970 0.832307 0.605424 0.827806 0.604055 0.818738 0.608099 0.815085 0.615601 0.810323 0.621863 0.811823 0.624081 0.821348 0.623951 0.826240 0.617428 0.833351 0.615731 0.834134
1 0.554245 0.767885 0.550164 0.763544 0.551336 0.759681 0.554679 0.757423 0.558760 0.758335 0.559497 0.763196 0.557848 0.766756
1 0.560713 0.755122 0.556111 0.755383 0.551032 0.747742 0.553681 0.743054 0.558847 0.740970 0.564576 0.741404 0.566704 0.747872 0.564663 0.752908 0.561885 0.756555
1 0.558852 0.721673 0.555194 0.718997 0.555228 0.716221 0.555668 0.712901 0.561223 0.709785 0.565625 0.711986 0.566506 0.714019 0.566811 0.718354 0.565253 0.721063 0.561358 0.722757
1 0.564338 0.710022 0.559936 0.710598 0.558208 0.707516 0.559326 0.704535 0.563424 0.703621 0.565795 0.705619 0.566337 0.707448
1 0.563532 0.741801 0.557335 0.738926 0.557285 0.732927 0.564920 0.728961 0.569927 0.730448 0.571761 0.734811 0.570571 0.738529
1 0.571498 0.687095 0.566558 0.686255 0.563790 0.682153 0.565717 0.677459 0.570115 0.675285 0.575402 0.673259 0.578960 0.677558 0.580985 0.673605 0.587212 0.675235 0.589287 0.680275 0.587755 0.684624 0.580491 0.688429 0.575847 0.688033 0.575748 0.689220
1 0.608009 0.689108 0.602621 0.687230 0.601683 0.681893 0.608603 0.677592 0.614929 0.680113 0.615473 0.685006 0.613051 0.688812 0.608850 0.690888
1 0.628631 0.693411 0.622252 0.692474 0.618563 0.686720 0.620939 0.682905 0.626129 0.680092 0.633383 0.681655 0.636260 0.685970 0.636010 0.689597 0.632695 0.693161
1 0.972282 0.949562 0.963543 0.944651 0.958950 0.936039 0.962203 0.927044 0.974962 0.919262 0.984722 0.920410 0.989314 0.923472 0.994992 0.931956 0.993078 0.941015 0.987783 0.946246 0.983382 0.946692
1 0.976748 0.968382 0.960928 0.962641 0.959142 0.954028 0.968327 0.948925 0.978853 0.947267 0.984785 0.952434 0.984530 0.960024 0.981469 0.966468
1 0.871541 0.904940 0.861654 0.902419 0.859838 0.896617 0.861352 0.891927 0.873912 0.888294 0.878048 0.892834 0.878553 0.897677 0.877140 0.901359
1 0.883799 0.912911 0.875576 0.910994 0.872701 0.904234 0.880873 0.895861 0.885917 0.896314 0.890508 0.901813 0.891517 0.907463 0.888994 0.911549 0.884605 0.914878
1 0.898354 0.917499 0.891322 0.909714 0.892410 0.900840 0.900782 0.896570 0.908819 0.901007 0.911582 0.906365 0.909656 0.913564 0.905806 0.916494
1 0.926717 0.877972 0.922989 0.877119 0.919741 0.873712 0.921871 0.867322 0.928740 0.865405 0.931988 0.867802 0.932733 0.871901 0.931935 0.875842
1 0.920859 0.896182 0.914417 0.891868 0.914311 0.883402 0.919369 0.879889 0.924161 0.879196 0.928953 0.884414 0.929166 0.889792 0.924747 0.893785
0 0.836725 0.961140 0.841910 0.983338 0.841001 0.996348 0.835633 1.000000 0.829901 0.999713 0.813525 1.000000 0.805975 0.993345 0.813344 0.986521 0.818984 0.978697 0.815163 0.970601 0.813435 0.962776 0.814891 0.954771 0.816801 0.948221 0.820258 0.939941 0.819075 0.931299 0.837452 0.922929 0.844367 0.922475 0.849916 0.925295 0.883941 0.928843 0.892312 0.937304 0.891766 0.941853 0.878119 0.949494 0.866656 0.948039 0.862471 0.944399 0.861834 0.954498 0.852282 0.956045 0.844094 0.957045 0.841729 0.947220 0.839818 0.947129 0.837726 0.965961
1 0.680650 0.107569 0.669831 0.112011 0.658443 0.104837 0.658443 0.092538 0.664138 0.078986 0.674272 0.076140 0.685433 0.082972 0.689532 0.092424 0.692038 0.099484 0.682700 0.107684
1 0.633162 0.054713 0.624431 0.046997 0.626156 0.038367 0.632146 0.032580 0.641792 0.032072 0.648188 0.041819 0.645345 0.050145 0.639152 0.053292
1 0.593130 0.061293 0.585308 0.057190 0.585308 0.048891 0.587502 0.044503 0.593988 0.039542 0.599808 0.042022 0.603528 0.052135 0.598567 0.061102
1 0.616979 0.070355 0.603814 0.067589 0.598567 0.059671 0.603814 0.049368 0.612019 0.049177 0.620223 0.052611 0.625279 0.054424 0.629668 0.053661 0.634819 0.053470 0.638921 0.059385 0.636822 0.066730 0.629668 0.071786 0.624039 0.072264
1 0.815351 0.042271 0.804244 0.044227 0.797314 0.023969 0.806199 0.014283 0.814729 0.014461 0.820859 0.023524 0.826014 0.028767 0.825392 0.034720 0.818905 0.041206
1 0.770729 0.093251 0.764001 0.093480 0.758496 0.086370 0.761707 0.075360 0.770883 0.070850 0.776388 0.071920 0.777993 0.075131 0.776999 0.087211 0.775699 0.090729
1 0.752229 0.117626 0.743579 0.120861 0.737391 0.118470 0.735983 0.112492 0.736687 0.106655 0.739430 0.099833 0.743087 0.092519 0.750683 0.092237 0.755816 0.087455 0.759825 0.088088 0.762497 0.097441 0.770937 0.103701 0.771147 0.110875 0.770163 0.117204 0.764889 0.121072 0.757926 0.122830 0.752300 0.118118
1 0.721521 0.199196 0.714368 0.198364 0.713453 0.189880 0.719275 0.181979 0.727510 0.178734 0.732002 0.188466 0.731087 0.190878 0.721355 0.199445
1 0.747723 0.189631 0.739155 0.193457 0.732418 0.184807 0.731420 0.178734 0.736909 0.172829 0.745893 0.174742 0.752214 0.178900 0.755790 0.183559 0.753129 0.187219
1 0.764095 0.206479 0.754009 0.202069 0.753043 0.195668 0.755519 0.190111 0.764337 0.190051 0.767719 0.191077 0.770437 0.196513 0.771040 0.201043
1 0.777684 0.218738 0.766148 0.216685 0.762706 0.208834 0.769832 0.200801 0.779918 0.200861 0.785233 0.202613 0.787589 0.207687 0.788192 0.211189 0.785958 0.214812 0.781972 0.217530 0.778952 0.219825
1 0.686377 0.259418 0.677621 0.251971 0.673529 0.243706 0.674266 0.231595 0.681958 0.226275 0.690387 0.232740 0.692924 0.239778 0.694806 0.245833 0.691696 0.255489 0.688996 0.256472
1 0.663303 0.253535 0.652950 0.248561 0.653018 0.239620 0.664042 0.232897 0.668143 0.234713 0.675470 0.247619 0.673924 0.249771 0.671033 0.252863
1 0.669420 0.271887 0.660412 0.271282 0.657387 0.259114 0.665790 0.254409 0.673318 0.255552 0.675537 0.255619 0.677150 0.261333 0.675268 0.269534 0.672176 0.271483
1 0.781351 0.241520 0.773324 0.242215 0.769686 0.238684 0.768615 0.234563 0.773217 0.229373 0.780227 0.227874 0.785471 0.230015 0.788093 0.234884 0.787130 0.239219 0.783919 0.242590
1 0.759977 0.305630 0.748791 0.300826 0.750567 0.291746 0.753396 0.286746 0.759318 0.285101 0.766622 0.290563 0.767740 0.299840 0.764385 0.303195
1 0.751159 0.291418 0.744580 0.293194 0.739053 0.288325 0.738197 0.280298 0.744712 0.275034 0.752738 0.277798 0.755107 0.281219 0.754910 0.287931 0.753791 0.288193
1 0.736681 0.285329 0.729840 0.282452 0.733804 0.274525 0.739237 0.268452 0.742242 0.268771 0.744991 0.270562 0.743521 0.274205 0.742114 0.276315
1 0.732909 0.274908 0.724534 0.275484 0.722360 0.272735 0.720954 0.266022 0.729904 0.259950 0.734954 0.259055 0.738981 0.262698 0.739621 0.266981
1 0.731552 0.325836 0.724113 0.321854 0.721599 0.313578 0.726890 0.307082 0.733752 0.306872 0.738938 0.310068 0.745591 0.314992 0.750725 0.318397 0.750986 0.321017 0.747215 0.322169 0.743495 0.323897
1 0.752051 0.315184 0.745241 0.313975 0.740531 0.311110 0.735695 0.303602 0.740149 0.295965 0.742822 0.295965 0.748996 0.301374 0.754214 0.307038 0.756633 0.308819
1 0.769064 0.397010 0.761255 0.397777 0.753893 0.391248 0.754854 0.383374 0.764327 0.375180 0.769769 0.374348 0.774378 0.376780 0.773034 0.382990 0.772521 0.391760 0.771369 0.395602
1 0.780268 0.395025 0.773290 0.394257 0.770921 0.386255 0.775146 0.381838 0.781548 0.382670 0.784108 0.384526 0.786413 0.389327 0.784108 0.393360
1 0.664623 0.454984 0.656694 0.447515 0.659382 0.439389 0.665278 0.435261 0.670586 0.433623 0.674648 0.440372 0.673928 0.448693 0.671110 0.454460 0.668817 0.455442
1 0.657374 0.458087 0.651664 0.459567 0.643697 0.450544 0.640313 0.441662 0.646447 0.438489 0.654766 0.443143 0.656316 0.445821 0.658784 0.451954 0.658713 0.455831
1 0.624025 0.474770 0.617521 0.471730 0.615395 0.465167 0.620561 0.461642 0.626092 0.463769 0.630589 0.467354 0.628522 0.471062
1 0.635451 0.483704 0.628219 0.485224 0.623174 0.480118 0.625727 0.471609 0.633811 0.468206 0.638368 0.470880 0.639949 0.473797 0.640800 0.477079
1 0.643353 0.491180 0.637700 0.492760 0.633749 0.488263 0.635694 0.482185 0.640192 0.477748 0.646270 0.473676 0.652469 0.475863 0.656602 0.479024 0.656237 0.484312 0.651497 0.483218 0.646026 0.485284
1 0.657757 0.498838 0.648944 0.497258 0.643535 0.489600 0.647789 0.484312 0.657696 0.485163 0.661890 0.488080 0.666205 0.491727 0.665901 0.494705 0.658243 0.499264 0.656055 0.499992
1 0.836670 0.458895 0.828494 0.454864 0.828321 0.447955 0.833791 0.444328 0.839952 0.445652 0.843291 0.449971 0.842485 0.454864 0.839203 0.456880
1 0.752905 0.461165 0.744342 0.456979 0.745801 0.447590 0.754555 0.444862 0.761025 0.448731 0.762864 0.454061 0.758614 0.460213 0.755442 0.461545
1 0.738236 0.563778 0.732461 0.558776 0.732615 0.551453 0.740712 0.547534 0.745302 0.547740 0.749118 0.551505 0.749066 0.559344 0.745560 0.562747 0.742259 0.564242
1 0.739197 0.572012 0.734491 0.568362 0.737469 0.564520 0.741935 0.563896 0.745201 0.566297 0.744528 0.569898 0.740782 0.573789
1 0.734765 0.533012 0.725533 0.533807 0.721236 0.526088 0.725295 0.518448 0.732139 0.515981 0.743120 0.520437 0.745110 0.522904 0.746225 0.526326 0.743200 0.532216
1 0.732695 0.548449 0.728080 0.549723 0.725692 0.543596 0.729035 0.536672 0.736834 0.536194 0.738664 0.537706 0.737709 0.545982 0.734526 0.549803
1 0.723862 0.547574 0.718530 0.548370 0.716780 0.539616 0.723385 0.535479 0.725692 0.534523 0.728478 0.538343 0.728001 0.542720 0.726647 0.546381
1 0.723484 0.430935 0.716499 0.425645 0.716160 0.418456 0.720636 0.413303 0.728367 0.414794 0.735487 0.422864 0.735284 0.424898 0.731825 0.430256
1 0.709446 0.441921 0.703207 0.437784 0.703479 0.429917 0.709379 0.425238 0.715075 0.425713 0.719279 0.428968 0.718330 0.432697 0.714465 0.435546
1 0.709748 0.425215 0.703789 0.423389 0.704833 0.418734 0.706877 0.415951 0.713054 0.416386 0.714750 0.418691 0.715098 0.420691 0.714141 0.424476
1 0.812915 0.310596 0.806664 0.308260 0.802268 0.304895 0.803848 0.295621 0.810236 0.290606 0.821364 0.287240 0.827135 0.288820 0.825074 0.300566 0.823632 0.307779 0.819235 0.311558
1 0.802543 0.328112 0.795330 0.323235 0.788392 0.318771 0.787637 0.308810 0.797872 0.300498 0.802268 0.304551 0.804260 0.309840 0.808726 0.312794 0.808588 0.320350 0.806321 0.324815 0.802543 0.327356
1 0.806937 0.343495 0.797591 0.342632 0.794950 0.337807 0.795001 0.332220 0.800131 0.327699 0.805769 0.325718 0.809272 0.331000 0.810137 0.338416 0.808562 0.342073
1 0.842187 0.259315 0.827785 0.255013 0.824418 0.252207 0.822049 0.245536 0.824792 0.238055 0.834020 0.237493 0.840629 0.237681 0.847736 0.244913 0.849295 0.249215 0.846863 0.255512 0.842250 0.259003
1 0.875882 0.244679 0.867903 0.242219 0.863184 0.235504 0.865577 0.228457 0.873090 0.225532 0.880402 0.229454 0.882862 0.234573 0.883062 0.239759 0.876812 0.243482
1 0.888393 0.253811 0.880792 0.254524 0.875984 0.249848 0.876504 0.244650 0.883521 0.242571 0.890796 0.242701 0.896188 0.248094 0.895604 0.252316
1 0.898072 0.262646 0.889691 0.265438 0.883521 0.259072 0.886769 0.253940 0.893460 0.252836 0.897683 0.251212 0.900995 0.255045 0.901645 0.258228
1 0.902117 0.279595 0.895515 0.278643 0.891832 0.274008 0.892149 0.266516 0.901102 0.261881 0.905863 0.263785 0.909546 0.269690 0.909482 0.275023
1 0.903578 0.295976 0.898943 0.298071 0.893292 0.290833 0.893546 0.282325 0.898752 0.279722 0.907705 0.280103 0.909546 0.281944 0.909609 0.287277 0.908086 0.292356
1 0.830034 0.056306 0.818907 0.053973 0.814779 0.043923 0.825548 0.035847 0.830124 0.035757 0.834431 0.043923 0.836046 0.051370
1 0.818509 0.072383 0.808580 0.069048 0.807822 0.059195 0.817297 0.052904 0.821844 0.053132 0.821844 0.060711 0.821390 0.068441
1 0.820746 0.097530 0.814339 0.093869 0.811170 0.088378 0.813635 0.081830 0.821309 0.080703 0.829335 0.084998 0.830673 0.091123 0.826871 0.095488
1 0.833912 0.083309 0.825463 0.085209 0.819196 0.078521 0.819619 0.067256 0.829617 0.063735 0.834968 0.068382 0.839052 0.081056 0.837784 0.085421
1 0.867709 0.117496 0.857280 0.115410 0.852482 0.109152 0.850675 0.103591 0.849076 0.092467 0.852344 0.088365 0.861660 0.087253 0.873062 0.094414 0.876607 0.104008 0.876190 0.110266 0.870003 0.115758
1 0.896047 0.210167 0.886947 0.205231 0.883863 0.195593 0.891111 0.188113 0.896586 0.188885 0.902216 0.192817 0.905377 0.201145 0.901753 0.206389
1 0.923344 0.213020 0.914630 0.212942 0.907382 0.204075 0.910774 0.193434 0.920336 0.191814 0.923421 0.193588 0.924346 0.201299 0.926505 0.204692 0.928510 0.207391 0.925349 0.211323
1 0.922023 0.139386 0.908348 0.138447 0.904058 0.123565 0.911029 0.113645 0.923230 0.112571 0.931677 0.128794 0.928861 0.135096
1 0.914516 0.161910 0.902449 0.154670 0.904996 0.142604 0.913711 0.140057 0.927252 0.136973 0.933285 0.133889 0.934895 0.147028 0.917733 0.146090
1 0.926582 0.180144 0.917196 0.176523 0.911298 0.167005 0.912639 0.155206 0.919610 0.148101 0.926716 0.145285 0.934358 0.151721 0.938112 0.166603 0.933554 0.175854 0.930604 0.177462
1 0.963817 0.192260 0.957304 0.199676 0.949286 0.198473 0.944776 0.190155 0.949486 0.181838 0.953194 0.175323 0.962515 0.174021 0.970432 0.178130 0.974641 0.185946 0.971935 0.189554 0.968628 0.191559
1 0.967447 0.208834 0.960886 0.206306 0.959501 0.198720 0.964196 0.192881 0.971300 0.190954 0.975213 0.190292 0.978103 0.196553 0.979367 0.201369 0.975936 0.206004 0.972264 0.208171
1 0.970164 0.214907 0.963076 0.214035 0.962040 0.210272 0.966784 0.208200 0.972781 0.209236 0.975453 0.211908 0.974472 0.214035
1 0.966893 0.225758 0.961822 0.226030 0.958332 0.221178 0.958878 0.215507 0.964984 0.214362 0.969892 0.215397 0.971637 0.215671 0.971582 0.221450 0.969020 0.223413
1 0.967274 0.239988 0.959968 0.240588 0.954680 0.234481 0.953861 0.226793 0.956970 0.223850 0.964330 0.226957 0.969400 0.223850 0.972291 0.222704 0.973600 0.224667 0.973980 0.229247 0.972018 0.234536 0.970164 0.237862 0.968474 0.239225
1 0.982037 0.216255 0.977445 0.217373 0.974325 0.211368 0.974443 0.206129 0.979094 0.201419 0.984393 0.201184 0.987807 0.203715 0.988337 0.207777 0.985040 0.212075
0 0.999602 0.247335 0.991751 0.243855 0.984257 0.245193 0.976050 0.243320 0.973998 0.235112 0.978993 0.223782 0.983544 0.214950 0.988271 0.211561 0.995944 0.214236 1.000000 0.216734 1.000000 0.217359
0 0.860287 0.083461 0.861932 0.062500 0.875221 0.053595 0.885770 0.054965 0.894537 0.051403 0.898921 0.049896 0.903071 0.058233 0.920179 0.055469 0.931237 0.060653 0.945406 0.047521 0.959576 0.044929 0.967697 0.056333 0.979103 0.057543 0.983595 0.042682 0.988434 0.039399 1.000000 0.047175 1.000000 0.073612 1.000000 0.093657 0.997246 0.104716 0.988434 0.124069 0.977028 0.142904 0.972363 0.159839 0.972018 0.171935 0.967870 0.168824 0.956984 0.167096 0.946616 0.182993 0.933311 0.160875 0.934866 0.147570 0.933138 0.129771 0.924152 0.093312 0.916204 0.090720 0.910329 0.094867 0.901517 0.099014 0.891840 0.101088 0.883718 0.094176
1 0.913328 0.049298 0.901392 0.044471 0.898496 0.034114 0.904552 0.023231 0.914820 0.018316 0.922982 0.020862 0.931145 0.031394 0.929214 0.038503 0.922719 0.048421 0.915171 0.051317
1 0.896838 0.025878 0.883994 0.020412 0.884677 0.002922 0.895062 0.000000 0.907633 0.000599 0.915285 0.007567 0.914602 0.013853 0.908863 0.022599
1 0.833039 0.158125 0.827112 0.154593 0.826657 0.148324 0.831272 0.144108 0.836571 0.143937 0.839648 0.149293 0.839421 0.154479
1 0.843182 0.160575 0.838509 0.158068 0.838396 0.151801 0.841529 0.149009 0.845632 0.148324 0.847398 0.151516 0.847398 0.156872 0.844549 0.160804
1 0.854691 0.168325 0.847911 0.166900 0.843751 0.159208 0.847683 0.151459 0.855033 0.152143 0.859877 0.154080 0.861871 0.160177 0.859478 0.165419
1 0.007812 0.000000 0.010742 0.008789 0.018555 0.009766 0.024414 0.003906 0.025391 0.000000
1 0.034180 0.014648 0.041016 0.020508 0.039062 0.026367 0.031250 0.026367 0.028320 0.017578
1 0.046875 0.025391 0.051758 0.031250 0.050781 0.037109 0.050781 0.037109 0.042969 0.037109 0.039062 0.029297
1 0.000000 0.083984 0.005859 0.082031 0.014648 0.077148 0.022461 0.083008 0.022461 0.083008 0.022461 0.096680 0.022461 0.096680 0.007812 0.102539 0.000000 0.098633
1 0.196289 0.114258 0.196289 0.128906 0.189453 0.129883 0.184570 0.121094 0.187500 0.115234
1 0.182617 0.168945 0.178711 0.167969 0.179688 0.173828
1 0.179688 0.175781 0.177734 0.182617 0.173828 0.184570 0.170898 0.177734 0.174805 0.174805
0 0.165039 0.201172 0.160156 0.210938 0.155273 0.220703 0.153320 0.229492 0.146484 0.231445 0.143555 0.237305 0.143555 0.237305 0.142578 0.249023 0.137695 0.260742 0.130859 0.264648 0.122070 0.268555 0.119141 0.263672 0.124023 0.256836 0.122070 0.251953 0.128906 0.247070 0.130859 0.235352 0.138672 0.234375 0.138672 0.234375 0.138672 0.227539 0.143555 0.222656 0.147461 0.215820 0.150391 0.208008 0.155273 0.199219 0.165039 0.195312
1 0.215820 0.185547 0.222656 0.186523 0.222656 0.186523 0.223633 0.193359 0.216797 0.194336
1 0.243164 0.194336 0.250977 0.192383 0.255859 0.200195 0.248047 0.206055 0.246094 0.210938 0.246094 0.210938 0.239258 0.207031 0.234375 0.202148 0.240234 0.200195 0.240234 0.200195
1 0.346680 0.222656 0.354492 0.224609 0.352539 0.230469 0.346680 0.232422 0.340820 0.228516
1 0.335938 0.219727 0.335938 0.226562 0.328125 0.227539 0.326172 0.220703 0.332031 0.216797
1 0.319336 0.211914 0.321289 0.218750 0.314453 0.223633 0.305664 0.220703 0.301758 0.212891 0.311523 0.209961
0 0.181641 0.247070 0.189453 0.243164 0.198242 0.245117 0.204102 0.250977 0.207031 0.262695 0.205078 0.273438 0.207031 0.292969 0.202148 0.294922 0.198242 0.286133 0.198242 0.272461 0.193359 0.260742 0.188477 0.254883 0.179688 0.251953
1 0.167969 0.274414 0.171875 0.279297 0.168945 0.287109 0.161133 0.287109 0.161133 0.287109 0.158203 0.279297 0.161133 0.273438
1 0.081055 0.334961 0.086914 0.331055 0.090820 0.334961 0.090820 0.343750 0.084961 0.355469 0.076172 0.357422 0.072266 0.350586 0.072266 0.340820 0.077148 0.335938
1 0.205078 0.354492 0.206055 0.359375 0.206055 0.359375 0.198242 0.361328 0.196289 0.355469 0.201172 0.352539
1 0.272461 0.369141 0.282227 0.366211 0.287109 0.373047 0.284180 0.381836 0.284180 0.381836 0.272461 0.383789 0.272461 0.383789 0.266602 0.376953
0 0.237305 0.360352 0.245117 0.362305 0.252930 0.364258 0.260742 0.367188 0.263672 0.370117 0.259766 0.373047 0.250977 0.374023 0.236328 0.371094 0.229492 0.364258
0 0.175781 0.419922 0.184570 0.421875 0.191406 0.427734 0.199219 0.427734 0.199219 0.427734 0.206055 0.430664 0.206055 0.438477 0.202148 0.441406 0.191406 0.435547 0.182617 0.431641 0.174805 0.429688 0.169922 0.424805
1 0.202148 0.488281 0.211914 0.488281 0.211914 0.488281 0.215820 0.496094 0.209961 0.500000 0.201172 0.495117
1 0.193359 0.494141 0.204102 0.498047 0.208008 0.506836 0.199219 0.510742 0.186523 0.503906
1 0.220703 0.555664 0.228516 0.553711 0.235352 0.550781 0.240234 0.560547 0.239258 0.571289 0.229492 0.575195 0.218750 0.579102 0.214844 0.568359 0.213867 0.559570
1 0.223633 0.664062 0.231445 0.667969 0.230469 0.676758 0.221680 0.678711 0.215820 0.668945
1 0.251953 0.686523 0.259766 0.684570 0.262695 0.691406 0.255859 0.695312
1 0.226562 0.693359 0.223633 0.698242 0.214844 0.696289 0.222656 0.691406
1 0.224609 0.706055 0.225586 0.711914 0.221680 0.714844 0.216797 0.709961
1 0.224609 0.840820 0.229492 0.846680 0.227539 0.851562 0.219727 0.848633 0.216797 0.842773
1 0.224609 0.857422 0.224609 0.850586 0.217773 0.852539 0.217773 0.858398
1 0.217773 0.890625 0.225586 0.889648 0.229492 0.892578 0.229492 0.900391 0.225586 0.908203 0.225586 0.908203 0.216797 0.905273 0.216797 0.905273 0.212891 0.897461
1 0.210938 0.926758 0.213867 0.934570 0.213867 0.948242 0.205078 0.954102 0.196289 0.954102 0.189453 0.946289 0.188477 0.936523 0.196289 0.929688 0.203125 0.930664
1 0.167969 0.959961 0.175781 0.951172 0.184570 0.954102 0.183594 0.969727 0.183594 0.969727 0.182617 0.979492 0.173828 0.979492 0.173828 0.979492 0.164062 0.981445 0.159180 0.971680 0.166992 0.963867
1 0.163086 0.987305 0.166992 0.994141 0.166992 0.994141 0.166992 1.000000 0.150391 0.997070 0.152344 0.990234
0 0.185547 0.966797 0.193359 0.963867 0.202148 0.971680 0.202148 0.971680 0.197266 0.986328 0.203125 0.991211 0.203125 0.991211 0.202148 1.000000 0.171875 1.000000 0.175781 0.987305 0.182617 0.985352 0.179688 0.977539
0 0.254883 0.970703 0.261719 0.964844 0.268555 0.966797 0.276367 0.967773 0.278320 0.972656 0.289062 0.969727 0.289062 0.969727 0.291992 0.978516 0.291992 0.978516 0.297852 0.979492 0.304688 0.979492 0.305664 0.988281 0.303711 0.995117 0.303711 0.995117 0.294922 0.995117 0.294922 0.995117 0.292969 0.983398 0.289062 0.982422 0.286133 0.979492 0.277344 0.976562 0.266602 0.973633 0.260742 0.975586
1 0.302734 0.872070 0.309570 0.871094 0.312500 0.876953 0.310547 0.880859 0.301758 0.878906
1 0.358398 0.866211 0.360352 0.872070 0.357422 0.879883 0.350586 0.881836 0.343750 0.873047 0.348633 0.865234
1 0.333984 0.887695 0.336914 0.896484 0.333008 0.898438 0.329102 0.889648
1 0.359375 0.892578 0.368164 0.895508 0.368164 0.895508 0.368164 0.902344 0.361328 0.906250 0.361328 0.906250 0.357422 0.900391
1 0.354492 0.910156 0.361328 0.906250 0.367188 0.911133 0.366211 0.920898 0.360352 0.923828 0.356445 0.932617 0.350586 0.932617 0.348633 0.926758 0.352539 0.915039
1 0.368164 0.943359 0.374023 0.950195 0.372070 0.956055 0.363281 0.953125
1 0.416016 0.919922 0.420898 0.923828 0.418945 0.929688 0.411133 0.930664
1 0.402344 0.922852 0.412109 0.921875 0.411133 0.929688 0.406250 0.930664
1 0.423828 0.924805 0.435547 0.927734 0.437500 0.933594 0.435547 0.939453 0.424805 0.939453 0.417969 0.934570
0 0.448242 0.936523 0.457031 0.944336 0.457031 0.944336 0.460938 0.954102 0.456055 0.959961 0.448242 0.958008 0.437500 0.954102 0.430664 0.947266 0.435547 0.942383 0.439453 0.937500
1 0.452148 0.959961 0.457031 0.967773 0.454102 0.976562 0.447266 0.981445 0.442383 0.974609 0.442383 0.974609 0.441406 0.965820 0.448242 0.961914
1 0.296875 0.868164 0.300781 0.872070 0.300781 0.877930 0.291016 0.875977 0.292969 0.870117
0 0.486328 0.829102 0.494141 0.831055 0.494141 0.842773 0.491211 0.853516 0.493164 0.865234 0.492188 0.874023 0.481445 0.873047 0.467773 0.870117 0.457031 0.867188 0.454102 0.859375 0.462891 0.856445 0.471680 0.857422 0.474609 0.849609 0.479492 0.846680 0.480469 0.837891
0 0.475586 0.882812 0.482422 0.887695 0.483398 0.899414 0.479492 0.900391 0.481445 0.910156 0.474609 0.918945 0.474609 0.918945 0.473633 0.926758 0.465820 0.928711 0.465820 0.928711 0.458008 0.926758 0.450195 0.928711 0.449219 0.920898 0.456055 0.916992 0.461914 0.909180 0.460938 0.900391 0.466797 0.890625 0.466797 0.879883 0.472656 0.875977
0 0.306641 0.765625 0.316406 0.769531 0.322266 0.768555 0.326172 0.771484 0.326172 0.775391 0.333984 0.780273 0.340820 0.788086 0.346680 0.795898 0.346680 0.795898 0.350586 0.791992 0.356445 0.791992 0.356445 0.797852 0.351562 0.799805 0.351562 0.799805 0.352539 0.807617 0.352539 0.807617 0.357422 0.810547 0.362305 0.814453 0.364258 0.826172 0.364258 0.832031 0.364258 0.841797 0.357422 0.842773 0.351562 0.833984 0.344727 0.814453 0.336914 0.801758 0.329102 0.799805 0.322266 0.790039 0.313477 0.783203 0.306641 0.776367
1 0.495117 0.772461 0.503906 0.780273 0.502930 0.791016 0.493164 0.791992 0.477539 0.785156 0.481445 0.774414
1 0.411133 0.766602 0.416016 0.775391 0.411133 0.781250 0.403320 0.781250 0.398438 0.773438 0.401367 0.765625
1 0.493164 0.744141 0.495117 0.750000 0.491211 0.755859 0.482422 0.754883 0.481445 0.745117
1 0.489258 0.706055 0.493164 0.709961 0.492188 0.715820 0.484375 0.715820 0.484375 0.708984
1 0.483398 0.701172 0.486328 0.707031 0.482422 0.710938 0.472656 0.708008 0.472656 0.708008 0.474609 0.701172 0.474609 0.701172
1 0.469727 0.694336 0.473633 0.701172 0.473633 0.701172 0.469727 0.706055 0.460938 0.705078 0.458984 0.701172 0.453125 0.698242 0.457031 0.690430 0.463867 0.687500
1 0.452148 0.679688 0.455078 0.684570 0.452148 0.688477 0.444336 0.686523 0.444336 0.681641
1 0.504883 0.688477 0.519531 0.694336 0.518555 0.704102 0.505859 0.706055 0.505859 0.706055 0.498047 0.700195 0.498047 0.700195 0.495117 0.691406
1 0.499023 0.677734 0.501953 0.683594 0.501953 0.683594 0.496094 0.689453 0.484375 0.690430 0.479492 0.683594 0.488281 0.675781 0.488281 0.675781
1 0.304688 0.618164 0.307617 0.624023 0.304688 0.626953 0.296875 0.625000 0.295898 0.619141
1 0.342773 0.579102 0.347656 0.585938 0.346680 0.596680 0.346680 0.596680 0.336914 0.599609 0.327148 0.592773 0.332031 0.582031
1 0.366211 0.597656 0.365234 0.603516 0.357422 0.606445 0.347656 0.599609 0.352539 0.592773 0.360352 0.592773
1 0.377930 0.600586 0.390625 0.602539 0.390625 0.612305 0.383789 0.617188 0.373047 0.616211 0.370117 0.606445
1 0.390625 0.606445 0.397461 0.612305 0.397461 0.618164 0.389648 0.620117 0.386719 0.614258
1 0.390625 0.624023 0.397461 0.628906 0.397461 0.628906 0.396484 0.633789 0.389648 0.633789 0.385742 0.627930
1 0.416992 0.623047 0.422852 0.625000 0.422852 0.633789 0.416992 0.635742 0.410156 0.632812 0.410156 0.626953
1 0.525391 0.651367 0.527344 0.659180 0.520508 0.664062 0.513672 0.658203 0.513672 0.658203 0.517578 0.652344
1 0.512695 0.647461 0.513672 0.655273 0.513672 0.655273 0.510742 0.660156 0.500977 0.657227 0.496094 0.650391 0.501953 0.644531
1 0.397461 0.560547 0.394531 0.564453 0.388672 0.563477 0.388672 0.556641 0.394531 0.555664
0 0.469727 0.514648 0.455078 0.513672 0.451172 0.505859 0.442383 0.509766 0.442383 0.515625 0.436523 0.521484 0.436523 0.521484 0.435547 0.528320 0.437500 0.536133 0.434570 0.546875 0.434570 0.546875 0.431641 0.557617 0.434570 0.563477 0.443359 0.564453 0.446289 0.566406 0.448242 0.561523 0.461914 0.562500 0.460938 0.568359 0.454102 0.571289 0.453125 0.576172 0.460938 0.577148 0.466797 0.574219 0.472656 0.570312 0.483398 0.569336 0.489258 0.565430 0.479492 0.557617 0.467773 0.552734 0.458984 0.551758 0.456055 0.545898 0.458984 0.539062 0.453125 0.531250 0.451172 0.524414 0.459961 0.527344 0.471680 0.527344 0.471680 0.527344 0.473633 0.521484
0 0.540039 0.430664 0.546875 0.431641 0.546875 0.431641 0.559570 0.434570 0.561523 0.439453 0.561523 0.439453 0.567383 0.449219 0.561523 0.455078 0.567383 0.463867 0.567383 0.472656 0.561523 0.486328 0.552734 0.492188 0.535156 0.491211 0.516602 0.488281 0.520508 0.477539 0.516602 0.464844 0.525391 0.460938 0.539062 0.461914 0.542969 0.457031 0.543945 0.445312 0.537109 0.445312
0 0.546875 0.519531 0.551758 0.503906 0.556641 0.496094 0.557617 0.500000 0.554688 0.515625 0.549805 0.534180 0.553711 0.541016 0.552734 0.548828 0.549805 0.552734 0.551758 0.559570 0.546875 0.566406 0.541016 0.570312 0.542969 0.576172 0.541992 0.585938 0.534180 0.588867 0.520508 0.588867 0.515625 0.581055 0.509766 0.576172 0.509766 0.568359 0.532227 0.523438 0.538086 0.524414
1 0.488281 0.452148 0.495117 0.453125 0.499023 0.460938 0.499023 0.460938 0.493164 0.462891 0.486328 0.460938
0 0.455078 0.426758 0.463867 0.425781 0.463867 0.436523 0.468750 0.436523 0.472656 0.432617 0.478516 0.438477 0.478516 0.445312 0.468750 0.447266 0.460938 0.452148 0.460938 0.452148 0.461914 0.458008 0.465820 0.461914 0.458984 0.469727 0.449219 0.465820 0.448242 0.454102 0.451172 0.451172 0.454102 0.440430 0.450195 0.434570
0 0.494141 0.479492 0.500000 0.479492 0.504883 0.485352 0.501953 0.495117 0.501953 0.501953 0.499023 0.512695 0.504883 0.518555 0.512695 0.519531 0.518555 0.521484 0.519531 0.525391 0.510742 0.528320 0.502930 0.524414 0.494141 0.522461 0.492188 0.506836 0.496094 0.500977
1 0.337891 0.439453 0.340820 0.449219 0.340820 0.449219 0.334961 0.457031 0.324219 0.457031 0.324219 0.457031 0.325195 0.448242 0.329102 0.439453
1 0.382812 0.407227 0.392578 0.402344 0.398438 0.408203 0.393555 0.419922 0.384766 0.420898 0.379883 0.413086
0 0.375977 0.447266 0.378906 0.455078 0.371094 0.457031 0.360352 0.454102 0.350586 0.454102 0.347656 0.446289 0.351562 0.435547 0.355469 0.437500 0.357422 0.445312 0.366211 0.446289
1 0.366211 0.419922 0.374023 0.426758 0.374023 0.426758 0.375977 0.437500 0.372070 0.443359 0.359375 0.442383 0.351562 0.430664 0.351562 0.430664 0.354492 0.419922
1 0.353516 0.404297 0.362305 0.401367 0.369141 0.409180 0.368164 0.417969 0.368164 0.417969 0.358398 0.419922 0.350586 0.411133
1 0.342773 0.388672 0.349609 0.391602 0.350586 0.397461 0.344727 0.399414 0.338867 0.393555
1 0.329102 0.305664 0.335938 0.314453 0.335938 0.314453 0.333008 0.321289 0.324219 0.325195 0.318359 0.314453 0.321289 0.306641 0.321289 0.306641
1 0.326172 0.328125 0.339844 0.336914 0.342773 0.346680 0.342773 0.346680 0.336914 0.350586 0.326172 0.348633 0.320312 0.340820 0.312500 0.336914 0.319336 0.329102
1 0.377930 0.343750 0.382812 0.352539 0.382812 0.352539 0.373047 0.360352 0.364258 0.355469 0.369141 0.345703
1 0.392578 0.353516 0.395508 0.359375 0.395508 0.359375 0.389648 0.363281 0.384766 0.359375 0.385742 0.351562
0 0.461914 0.338867 0.471680 0.337891 0.472656 0.345703 0.469727 0.350586 0.469727 0.361328 0.465820 0.365234 0.465820 0.365234 0.464844 0.373047 0.464844 0.378906 0.458008 0.378906 0.454102 0.373047 0.459961 0.357422 0.459961 0.357422
0 0.473633 0.310547 0.479492 0.314453 0.487305 0.312500 0.489258 0.302734 0.492188 0.286133 0.500977 0.282227 0.504883 0.292969 0.500000 0.301758 0.507812 0.304688 0.507812 0.312500 0.498047 0.314453 0.495117 0.321289 0.495117 0.325195 0.486328 0.324219 0.484375 0.328125 0.479492 0.324219 0.475586 0.329102 0.468750 0.328125 0.468750 0.317383
1 0.363281 0.288086 0.362305 0.278320 0.355469 0.275391 0.349609 0.278320 0.352539 0.284180 0.352539 0.290039
1 0.365234 0.280273 0.372070 0.279297 0.375000 0.284180 0.375000 0.284180 0.375000 0.289062 0.366211 0.291016 0.361328 0.280273
0 0.396484 0.283203 0.406250 0.284180 0.414062 0.288086 0.420898 0.291016 0.428711 0.298828 0.425781 0.305664 0.416016 0.306641 0.415039 0.298828 0.407227 0.297852 0.392578 0.294922 0.391602 0.285156
1 0.514648 0.269531 0.516602 0.275391 0.507812 0.278320 0.503906 0.271484
1 0.459961 0.256836 0.472656 0.260742 0.472656 0.260742 0.471680 0.267578 0.471680 0.267578 0.461914 0.270508 0.454102 0.262695
1 0.475586 0.265625 0.484375 0.266602 0.484375 0.272461 0.475586 0.272461
1 0.475586 0.272461 0.488281 0.273438 0.486328 0.280273 0.475586 0.278320
0 0.396484 0.236328 0.405273 0.240234 0.417969 0.242188 0.424805 0.248047 0.422852 0.253906 0.408203 0.250977 0.399414 0.250977 0.395508 0.258789 0.391602 0.263672 0.385742 0.260742 0.392578 0.249023 0.391602 0.241211
0 0.366211 0.126953 0.376953 0.126953 0.381836 0.135742 0.392578 0.135742 0.404297 0.140625 0.410156 0.146484 0.410156 0.146484 0.418945 0.150391 0.418945 0.150391 0.431641 0.157227 0.431641 0.157227 0.438477 0.153320 0.438477 0.153320 0.447266 0.158203 0.451172 0.164062 0.445312 0.173828 0.434570 0.175781 0.418945 0.167969 0.403320 0.166992 0.390625 0.160156 0.381836 0.147461 0.370117 0.148438 0.362305 0.136719 0.362305 0.136719
1 0.392578 0.173828 0.396484 0.182617 0.386719 0.189453 0.377930 0.182617 0.381836 0.173828 0.381836 0.173828
1 0.382812 0.202148 0.388672 0.210938 0.386719 0.217773 0.375000 0.218750 0.375000 0.218750 0.374023 0.208008 0.380859 0.204102
0 0.459961 0.182617 0.467773 0.183594 0.474609 0.191406 0.474609 0.191406 0.474609 0.196289 0.474609 0.206055 0.476562 0.211914 0.471680 0.215820 0.462891 0.218750 0.461914 0.227539 0.465820 0.234375 0.466797 0.248047 0.458984 0.250977 0.439453 0.246094 0.436523 0.236328 0.442383 0.230469 0.436523 0.225586 0.436523 0.218750 0.445312 0.213867 0.443359 0.206055 0.451172 0.196289 0.451172 0.190430 0.457031 0.187500
1 0.372070 0.013672 0.373047 0.020508 0.364258 0.026367 0.357422 0.019531 0.364258 0.009766
1 0.499023 0.004883 0.507812 0.011719 0.503906 0.019531 0.494141 0.019531 0.494141 0.009766 0.494141 0.009766
0 0.765625 0.002930 0.775391 0.002930 0.779297 0.011719 0.781250 0.027344 0.787109 0.035156 0.791016 0.042969 0.784180 0.048828 0.775391 0.036133 0.767578 0.032227 0.769531 0.024414 0.767578 0.012695
1 0.702148 0.046875 0.708984 0.048828 0.708008 0.055664 0.701172 0.055664 0.701172 0.055664 0.696289 0.048828
0 0.837891 0.030273 0.850586 0.023438 0.865234 0.029297 0.877930 0.035156 0.877930 0.046875 0.864258 0.049805 0.858398 0.063477 0.847656 0.065430 0.830078 0.056641 0.833984 0.039062
1 0.973633 0.002930 0.975586 0.015625 0.983398 0.017578 0.989258 0.007812 0.989258 0.000000
1 0.999023 0.006836 0.989258 0.006836 0.993164 0.018555 0.998047 0.024414 1.000000 0.020508
0 0.760742 0.131836 0.768555 0.132812 0.774414 0.130859 0.774414 0.139648 0.773438 0.146484 0.773438 0.146484 0.768555 0.143555 0.758789 0.139648
0 0.864258 0.126953 0.862305 0.118164 0.872070 0.113281 0.872070 0.102539 0.882812 0.093750 0.882812 0.093750 0.889648 0.099609 0.902344 0.095703 0.917969 0.091797 0.925781 0.101562 0.926758 0.113281 0.916992 0.115234 0.905273 0.122070 0.904297 0.134766 0.903320 0.147461 0.890625 0.152344 0.885742 0.167969 0.879883 0.168945 0.879883 0.168945 0.875000 0.172852 0.867188 0.167969 0.868164 0.160156 0.868164 0.160156 0.876953 0.156250 0.882812 0.148438 0.880859 0.136719
1 0.934570 0.179688 0.946289 0.186523 0.946289 0.196289 0.946289 0.196289 0.936523 0.201172 0.930664 0.191406
1 0.674805 0.133789 0.685547 0.136719 0.685547 0.136719 0.682617 0.146484 0.671875 0.142578 0.671875 0.142578
1 0.666992 0.155273 0.679688 0.153320 0.678711 0.163086 0.665039 0.165039 0.660156 0.158203
0 0.694336 0.147461 0.704102 0.148438 0.711914 0.153320 0.720703 0.157227 0.720703 0.157227 0.722656 0.165039 0.712891 0.164062 0.702148 0.161133 0.692383 0.155273
1 0.952148 0.250977 0.952148 0.242188 0.942383 0.239258 0.942383 0.239258 0.936523 0.241211 0.937500 0.251953
1 0.939453 0.261719 0.937500 0.253906 0.928711 0.251953 0.928711 0.258789
1 0.932617 0.261719 0.932617 0.270508 0.921875 0.270508 0.917969 0.259766
0 0.796875 0.214844 0.805664 0.219727 0.814453 0.228516 0.820312 0.236328 0.826172 0.238281 0.824219 0.246094 0.815430 0.245117 0.812500 0.240234 0.803711 0.236328 0.790039 0.231445 0.790039 0.219727
0 0.721680 0.201172 0.720703 0.210938 0.727539 0.212891 0.727539 0.212891 0.738281 0.212891 0.738281 0.212891 0.739258 0.219727 0.739258 0.219727 0.732422 0.224609 0.740234 0.230469 0.750977 0.232422 0.755859 0.243164 0.754883 0.250000 0.745117 0.251953 0.743164 0.263672 0.733398 0.257812 0.724609 0.265625 0.718750 0.265625 0.714844 0.257812 0.700195 0.265625 0.696289 0.257812 0.688477 0.250977 0.693359 0.244141 0.685547 0.228516 0.695312 0.225586 0.700195 0.213867 0.707031 0.204102 0.716797 0.198242
0 0.839844 0.264648 0.850586 0.265625 0.860352 0.267578 0.863281 0.276367 0.866211 0.281250 0.860352 0.287109 0.862305 0.296875 0.860352 0.307617 0.852539 0.303711 0.847656 0.298828 0.836914 0.296875 0.833984 0.287109 0.833984 0.287109 0.835938 0.281250 0.842773 0.283203 0.847656 0.276367 0.840820 0.270508 0.840820 0.270508
1 0.811523 0.264648 0.812500 0.274414 0.804688 0.276367 0.798828 0.274414 0.798828 0.264648
1 0.653320 0.297852 0.659180 0.301758 0.659180 0.301758 0.658203 0.308594 0.649414 0.307617 0.649414 0.307617 0.648438 0.300781 0.650391 0.299805
1 0.662109 0.291992 0.672852 0.287109 0.672852 0.287109 0.678711 0.291016 0.672852 0.297852 0.670898 0.302734 0.663086 0.298828
0 0.671875 0.302734 0.674805 0.307617 0.683594 0.305664 0.694336 0.313477 0.683594 0.315430 0.680664 0.333984 0.669922 0.332031 0.658203 0.327148 0.649414 0.324219 0.654297 0.317383 0.654297 0.317383 0.653320 0.308594 0.663086 0.302734
1 0.765625 0.297852 0.777344 0.298828 0.772461 0.308594 0.772461 0.308594 0.769531 0.313477 0.762695 0.311523 0.761719 0.302734
1 0.776367 0.303711 0.784180 0.304688 0.788086 0.314453 0.787109 0.321289 0.775391 0.322266 0.768555 0.314453
1 0.657227 0.355469 0.661133 0.359375 0.660156 0.366211 0.654297 0.368164 0.651367 0.360352
0 0.619141 0.419922 0.628906 0.420898 0.642578 0.427734 0.650391 0.432617 0.661133 0.435547 0.658203 0.440430 0.646484 0.441406 0.639648 0.443359 0.639648 0.443359 0.629883 0.435547 0.629883 0.435547 0.624023 0.443359 0.623047 0.454102 0.623047 0.454102 0.614258 0.457031 0.609375 0.445312 0.618164 0.431641 0.618164 0.431641
0 0.676758 0.443359 0.686523 0.447266 0.696289 0.452148 0.706055 0.456055 0.716797 0.459961 0.724609 0.454102 0.724609 0.454102 0.730469 0.446289 0.730469 0.446289 0.739258 0.451172 0.739258 0.451172 0.740234 0.461914 0.743164 0.468750 0.745117 0.476562 0.760742 0.483398 0.768555 0.485352 0.774414 0.487305 0.780273 0.489258 0.781250 0.495117 0.783203 0.501953 0.776367 0.504883 0.776367 0.504883 0.768555 0.505859 0.765625 0.527344 0.765625 0.527344 0.753906 0.522461 0.753906 0.522461 0.746094 0.522461 0.734375 0.516602 0.734375 0.516602 0.724609 0.515625 0.719727 0.526367 0.716797 0.534180 0.708008 0.532227 0.702148 0.516602 0.708984 0.504883 0.708984 0.504883 0.721680 0.509766 0.721680 0.509766 0.725586 0.500000 0.721680 0.492188 0.729492 0.492188 0.733398 0.478516 0.724609 0.473633 0.711914 0.468750 0.699219 0.465820 0.686523 0.460938 0.677734 0.458008 0.670898 0.467773 0.663086 0.477539 0.663086 0.477539 0.657227 0.480469 0.649414 0.474609 0.652344 0.463867 0.660156 0.457031 0.671875 0.454102
0 0.791992 0.497070 0.803711 0.498047 0.808594 0.486328 0.815430 0.481445 0.815430 0.472656 0.819336 0.469727 0.825195 0.483398 0.821289 0.489258 0.828125 0.497070 0.824219 0.508789 0.819336 0.512695 0.809570 0.511719 0.802734 0.510742 0.796875 0.519531 0.808594 0.524414 0.815430 0.527344 0.815430 0.537109 0.813477 0.544922 0.809570 0.554688 0.805664 0.557617 0.797852 0.557617 0.794922 0.575195 0.792969 0.587891 0.792969 0.587891 0.799805 0.594727 0.799805 0.599609 0.799805 0.599609 0.801758 0.608398 0.797852 0.622070 0.796875 0.634766 0.796875 0.639648 0.788086 0.644531 0.781250 0.643555 0.781250 0.643555 0.786133 0.609375 0.772461 0.605469 0.771484 0.595703 0.778320 0.590820 0.781250 0.578125 0.784180 0.553711 0.776367 0.555664 0.768555 0.550781 0.769531 0.541016 0.782227 0.541992 0.787109 0.538086 0.792969 0.511719 0.788086 0.507812
1 0.764648 0.544922 0.765625 0.549805 0.758789 0.552734 0.754883 0.549805 0.754883 0.549805 0.756836 0.543945
1 0.713867 0.593750 0.726562 0.591797 0.726562 0.591797 0.729492 0.601562 0.722656 0.614258 0.711914 0.610352 0.712891 0.597656
1 0.727539 0.601562 0.734375 0.596680 0.742188 0.599609 0.740234 0.613281 0.736328 0.618164 0.736328 0.618164 0.726562 0.614258 0.725586 0.605469
1 0.722656 0.616211 0.727539 0.625977 0.727539 0.625977 0.724609 0.632812 0.717773 0.631836 0.712891 0.620117
1 0.674805 0.626953 0.672852 0.636719 0.667969 0.639648 0.666016 0.631836 0.666992 0.625977
1 0.669922 0.659180 0.676758 0.666992 0.673828 0.675781 0.665039 0.673828 0.662109 0.663086 0.662109 0.663086
1 0.650391 0.651367 0.652344 0.656250 0.647461 0.660156 0.644531 0.655273
1 0.681641 0.675781 0.697266 0.677734 0.698242 0.683594 0.691406 0.690430 0.682617 0.684570
1 0.695312 0.685547 0.702148 0.689453 0.702148 0.689453 0.703125 0.698242 0.694336 0.698242 0.690430 0.688477 0.690430 0.688477
1 0.758789 0.705078 0.774414 0.707031 0.771484 0.715820 0.762695 0.715820 0.756836 0.708984
1 0.626953 0.642578 0.635742 0.644531 0.633789 0.649414 0.627930 0.648438
1 0.584961 0.734375 0.594727 0.737305 0.592773 0.747070 0.583984 0.747070 0.580078 0.739258
1 0.596680 0.740234 0.609375 0.739258 0.608398 0.748047 0.600586 0.750977
1 0.611328 0.742188 0.624023 0.743164 0.625977 0.749023 0.622070 0.756836 0.622070 0.756836 0.609375 0.754883
0 0.667969 0.727539 0.676758 0.727539 0.678711 0.735352 0.675781 0.741211 0.674805 0.750977 0.672852 0.763672 0.670898 0.779297 0.666992 0.791016 0.666016 0.802734 0.665039 0.810547 0.662109 0.824219 0.668945 0.826172 0.671875 0.834961 0.663086 0.836914 0.661133 0.842773 0.652344 0.841797 0.655273 0.833008 0.654297 0.824219 0.658203 0.811523 0.657227 0.796875 0.662109 0.793945 0.660156 0.785156 0.662109 0.774414 0.664062 0.762695 0.668945 0.749023 0.665039 0.743164 0.665039 0.743164 0.670898 0.738281
0 0.741211 0.754883 0.756836 0.762695 0.769531 0.774414 0.778320 0.792969 0.784180 0.806641 0.787109 0.815430 0.788086 0.825195 0.791016 0.839844 0.791992 0.855469 0.785156 0.860352 0.776367 0.857422 0.781250 0.850586 0.783203 0.838867 0.780273 0.814453 0.774414 0.805664 0.772461 0.792969 0.760742 0.784180 0.751953 0.773438 0.740234 0.766602
1 0.747070 0.839844 0.751953 0.846680 0.750977 0.853516 0.738281 0.848633 0.740234 0.841797
1 0.750977 0.846680 0.763672 0.844727 0.766602 0.851562 0.764648 0.856445 0.751953 0.853516
1 0.765625 0.847656 0.772461 0.848633 0.777344 0.852539 0.775391 0.858398 0.765625 0.856445
1 0.560547 0.820312 0.571289 0.819336 0.574219 0.828125 0.568359 0.833008 0.560547 0.828125
1 0.717773 0.799805 0.719727 0.807617 0.711914 0.808594 0.708984 0.800781 0.708984 0.800781
1 0.715820 0.778320 0.719727 0.783203 0.716797 0.790039 0.708008 0.787109
1 0.678711 0.814453 0.688477 0.810547 0.692383 0.816406 0.689453 0.820312 0.683594 0.819336
1 0.674805 0.833008 0.682617 0.829102 0.688477 0.832031 0.688477 0.832031 0.686523 0.837891 0.677734 0.836914
1 0.534180 0.884766 0.541992 0.883789 0.545898 0.889648 0.541992 0.895508 0.533203 0.894531 0.533203 0.894531
0 0.617188 0.877930 0.622070 0.868164 0.630859 0.870117 0.630859 0.870117 0.626953 0.882812 0.626953 0.882812 0.632812 0.891602 0.631836 0.901367 0.631836 0.901367 0.635742 0.911133 0.634766 0.921875 0.634766 0.921875 0.630859 0.928711 0.623047 0.926758 0.623047 0.926758 0.623047 0.913086 0.625000 0.904297 0.620117 0.898438 0.619141 0.890625 0.614258 0.896484 0.608398 0.893555 0.608398 0.886719 0.613281 0.885742 0.613281 0.885742
1 0.518555 0.955078 0.517578 0.965820 0.509766 0.965820 0.504883 0.960938 0.511719 0.953125
1 0.511719 0.965820 0.517578 0.975586 0.514648 0.981445 0.503906 0.980469 0.503906 0.980469 0.501953 0.971680 0.504883 0.966797
1 0.540039 0.958008 0.539062 0.964844 0.533203 0.964844 0.530273 0.972656 0.530273 0.972656 0.524414 0.965820 0.528320 0.956055
1 0.546875 0.952148 0.573242 0.961914 0.578125 0.969727 0.570312 0.975586 0.563477 0.974609 0.563477 0.974609 0.562500 0.966797 0.554688 0.965820 0.544922 0.963867 0.539062 0.958984 0.541016 0.950195
0 0.601562 0.966797 0.615234 0.969727 0.628906 0.977539 0.635742 0.980469 0.645508 0.972656 0.655273 0.969727 0.655273 0.969727 0.665039 0.970703 0.665039 0.970703 0.666016 0.981445 0.658203 0.986328 0.662109 1.000000 0.662109 1.000000 0.604492 1.000000 0.604492 1.000000 0.579102 0.999023 0.585938 0.989258 0.581055 0.980469 0.588867 0.972656
1 0.658203 0.941406 0.662109 0.947266 0.656250 0.954102 0.649414 0.947266
0 0.791992 0.886719 0.797852 0.893555 0.798828 0.903320 0.796875 0.914062 0.798828 0.920898 0.785156 0.922852 0.783203 0.919922 0.757812 0.926758 0.768555 0.914062 0.776367 0.904297 0.773438 0.896484 0.781250 0.887695
1 0.782227 0.955078 0.787109 0.958984 0.792969 0.961914 0.792969 0.968750 0.794922 0.978516 0.790039 0.985352 0.786133 0.991211 0.778320 0.982422 0.774414 0.973633 0.777344 0.960938
0 0.746094 0.328125 0.752930 0.331055 0.752930 0.331055 0.751953 0.344727 0.750977 0.357422 0.750000 0.364258 0.751953 0.375977 0.744141 0.380859 0.737305 0.373047 0.737305 0.373047 0.739258 0.360352
1 0.853516 0.365234 0.865234 0.369141 0.864258 0.374023 0.864258 0.374023 0.852539 0.375000 0.849609 0.368164
1 0.863281 0.374023 0.866211 0.379883 0.859375 0.385742 0.859375 0.385742 0.850586 0.385742 0.851562 0.375000 0.851562 0.375000
0 0.913086 0.355469 0.921875 0.363281 0.921875 0.363281 0.921875 0.374023 0.910156 0.380859 0.900391 0.376953 0.892578 0.383789 0.892578 0.383789 0.880859 0.386719 0.876953 0.377930 0.884766 0.373047 0.880859 0.369141 0.879883 0.360352 0.888672 0.362305 0.899414 0.359375
1 0.924805 0.344727 0.926758 0.352539 0.920898 0.359375 0.914062 0.352539 0.916016 0.345703 0.920898 0.344727
1 0.862305 0.303711 0.867188 0.309570 0.867188 0.320312 0.859375 0.322266 0.855469 0.315430 0.855469 0.315430 0.857422 0.306641
1 0.883789 0.263672 0.887695 0.272461 0.895508 0.277344 0.893555 0.285156 0.886719 0.283203 0.885742 0.299805 0.886719 0.304688 0.886719 0.304688 0.882812 0.307617 0.875977 0.307617 0.872070 0.297852 0.878906 0.291992 0.877930 0.271484 0.878906 0.264648
1 0.904297 0.291992 0.909180 0.302734 0.902344 0.306641 0.897461 0.299805 0.898438 0.294922
0 1.000000 0.281250 0.994141 0.284180 0.991211 0.298828 0.989258 0.310547 0.990234 0.323242 0.990234 0.323242 0.990234 0.328125 0.998047 0.329102 1.000000 0.333008
1 0.991211 0.330078 0.993164 0.337891 0.985352 0.341797 0.978516 0.336914 0.982422 0.329102
1 0.871094 0.384766 0.871094 0.391602 0.864258 0.391602 0.863281 0.386719
1 0.814453 0.432617 0.821289 0.432617 0.826172 0.446289 0.819336 0.451172 0.812500 0.448242
1 0.808594 0.449219 0.818359 0.450195 0.820312 0.459961 0.813477 0.462891 0.806641 0.458008
0 0.859375 0.485352 0.867188 0.487305 0.875000 0.488281 0.890625 0.491211 0.900391 0.494141 0.914062 0.495117 0.918945 0.500977 0.916992 0.505859 0.904297 0.504883 0.894531 0.500000 0.878906 0.498047 0.878906 0.498047 0.875000 0.502930 0.870117 0.511719 0.856445 0.512695 0.856445 0.516602 0.867188 0.522461 0.876953 0.524414 0.883789 0.532227 0.878906 0.541016 0.867188 0.538086 0.857422 0.535156 0.847656 0.533203 0.844727 0.528320 0.836914 0.523438 0.836914 0.523438 0.838867 0.514648 0.839844 0.507812 0.848633 0.502930 0.848633 0.502930 0.856445 0.503906 0.857422 0.498047 0.849609 0.495117 0.848633 0.487305
1 0.992188 0.507812 0.984375 0.502930 0.984375 0.502930 0.979492 0.510742 0.983398 0.513672 0.989258 0.513672
1 0.971680 0.523438 0.973633 0.535156 0.964844 0.542969 0.964844 0.542969 0.955078 0.541016 0.955078 0.528320 0.963867 0.522461
0 0.834961 0.540039 0.844727 0.539062 0.844727 0.539062 0.850586 0.549805 0.846680 0.557617 0.846680 0.557617 0.841797 0.563477 0.840820 0.576172 0.837891 0.583984 0.835938 0.599609 0.838867 0.607422 0.833984 0.618164 0.833008 0.627930 0.840820 0.620117 0.846680 0.610352 0.843750 0.601562 0.847656 0.596680 0.852539 0.580078 0.849609 0.567383 0.857422 0.551758 0.868164 0.545898 0.877930 0.550781 0.878906 0.563477 0.876953 0.574219 0.869141 0.579102 0.860352 0.582031 0.860352 0.582031 0.858398 0.591797 0.855469 0.601562 0.855469 0.601562 0.857422 0.609375 0.865234 0.605469 0.872070 0.601562 0.875000 0.604492 0.884766 0.608398 0.895508 0.612305 0.898438 0.605469 0.898438 0.605469 0.914062 0.613281 0.914062 0.620117 0.901367 0.622070 0.891602 0.622070 0.885742 0.639648 0.875977 0.638672 0.866211 0.633789 0.852539 0.638672 0.857422 0.649414 0.855469 0.655273 0.842773 0.655273 0.834961 0.659180 0.827148 0.663086 0.816406 0.655273 0.816406 0.655273 0.821289 0.645508 0.821289 0.645508 0.816406 0.635742 0.819336 0.625977 0.816406 0.614258 0.823242 0.603516 0.823242 0.586914 0.824219 0.572266 0.829102 0.563477 0.827148 0.548828
1 0.916016 0.570312 0.921875 0.581055 0.916992 0.586914 0.908203 0.587891 0.904297 0.578125 0.904297 0.578125 0.910156 0.571289
1 0.926758 0.554688 0.930664 0.557617 0.939453 0.560547 0.937500 0.566406 0.929688 0.567383 0.929688 0.567383 0.920898 0.568359 0.920898 0.568359 0.915039 0.561523 0.916992 0.555664 0.916992 0.555664
1 0.960938 0.565430 0.968750 0.571289 0.967773 0.578125 0.958008 0.580078 0.948242 0.572266 0.948242 0.572266 0.951172 0.563477 0.951172 0.563477
1 0.954102 0.625977 0.955078 0.637695 0.955078 0.637695 0.949219 0.642578 0.937500 0.645508 0.930664 0.638672 0.938477 0.628906 0.947266 0.624023
1 0.928711 0.607422 0.936523 0.612305 0.943359 0.625977 0.936523 0.628906 0.926758 0.624023 0.925781 0.609375
1 0.982422 0.604492 0.988281 0.610352 0.984375 0.622070 0.975586 0.622070 0.969727 0.611328 0.974609 0.603516
1 0.976562 0.618164 0.974609 0.630859 0.967773 0.633789 0.958008 0.625000 0.965820 0.612305
0 0.961914 0.644531 0.970703 0.653320 0.976562 0.664062 0.971680 0.677734 0.965820 0.691406 0.955078 0.690430 0.950195 0.678711 0.940430 0.671875 0.934570 0.661133 0.939453 0.652344 0.952148 0.650391
1 0.876953 0.653320 0.881836 0.663086 0.878906 0.668945 0.878906 0.668945 0.870117 0.670898 0.856445 0.664062 0.860352 0.653320 0.860352 0.653320
0 0.814453 0.653320 0.826172 0.658203 0.826172 0.675781 0.826172 0.675781 0.824219 0.688477 0.821289 0.704102 0.818359 0.715820 0.813477 0.730469 0.810547 0.741211 0.808594 0.761719 0.808594 0.761719 0.808594 0.778320 0.809570 0.791992 0.800781 0.784180 0.794922 0.770508 0.786133 0.762695 0.790039 0.748047 0.792969 0.736328 0.790039 0.723633 0.795898 0.709961 0.798828 0.693359 0.808594 0.691406 0.810547 0.676758 0.811523 0.658203
0 0.847656 0.686523 0.854492 0.694336 0.864258 0.698242 0.872070 0.697266 0.872070 0.697266 0.875977 0.693359 0.882812 0.696289 0.882812 0.700195 0.889648 0.703125 0.896484 0.698242 0.905273 0.695312 0.913086 0.701172 0.918945 0.705078 0.925781 0.717773 0.923828 0.725586 0.934570 0.730469 0.942383 0.741211 0.942383 0.752930 0.947266 0.767578 0.944336 0.782227 0.938477 0.791016 0.936523 0.803711 0.936523 0.803711 0.928711 0.806641 0.906250 0.801758 0.898438 0.799805 0.888672 0.804688 0.878906 0.800781 0.861328 0.797852 0.842773 0.796875 0.830078 0.789062 0.835938 0.781250 0.854492 0.784180 0.854492 0.784180 0.869141 0.788086 0.885742 0.785156 0.893555 0.783203 0.893555 0.783203 0.905273 0.774414 0.916016 0.779297 0.916016 0.779297 0.920898 0.785156 0.929688 0.776367 0.928711 0.765625 0.919922 0.756836 0.912109 0.750977 0.914062 0.739258 0.921875 0.739258 0.921875 0.739258 0.917969 0.730469 0.912109 0.728516 0.908203 0.726562 0.910156 0.716797 0.883789 0.712891 0.883789 0.712891 0.882812 0.730469 0.870117 0.731445 0.870117 0.731445 0.868164 0.745117 0.868164 0.745117 0.889648 0.748047 0.904297 0.756836 0.904297 0.756836 0.903320 0.766602 0.886719 0.772461 0.875000 0.774414 0.867188 0.758789 0.856445 0.750000 0.856445 0.750000 0.840820 0.749023 0.827148 0.748047 0.820312 0.735352 0.822266 0.718750 0.831055 0.708008 0.833984 0.711914 0.831055 0.731445 0.835938 0.737305 0.844727 0.736328 0.856445 0.738281 0.865234 0.736328 0.864258 0.728516 0.865234 0.718750 0.877930 0.714844 0.880859 0.707031 0.874023 0.705078 0.873047 0.711914 0.863281 0.715820 0.854492 0.722656 0.843750 0.714844 0.840820 0.706055 0.840820 0.706055 0.833008 0.700195 0.840820 0.692383
0 0.822266 0.790039 0.825195 0.796875 0.832031 0.802734 0.835938 0.812500 0.830078 0.819336 0.823242 0.821289 0.823242 0.821289 0.834961 0.825195 0.839844 0.831055 0.836914 0.835938 0.823242 0.831055 0.814453 0.829102 0.814453 0.829102 0.812500 0.817383 0.815430 0.805664 0.816406 0.791016
1 0.873047 0.821289 0.880859 0.832031 0.875977 0.840820 0.867188 0.837891
0 0.818359 0.835938 0.827148 0.840820 0.835938 0.839844 0.835938 0.839844 0.845703 0.839844 0.845703 0.839844 0.849609 0.848633 0.838867 0.851562 0.830078 0.856445 0.822266 0.848633 0.813477 0.844727
1 0.975586 0.842773 0.987305 0.846680 0.984375 0.859375 0.984375 0.859375 0.971680 0.863281 0.969727 0.852539 0.969727 0.852539
1 0.943359 0.892578 0.953125 0.895508 0.952148 0.903320 0.937500 0.903320
1 0.963867 0.902344 0.974609 0.894531 0.977539 0.902344 0.972656 0.913086 0.959961 0.910156
1 0.988281 0.904297 0.999023 0.898438 1.000000 0.913086 0.999023 0.916016 0.990234 0.914062
1 0.921875 0.894531 0.926758 0.903320 0.923828 0.912109 0.913086 0.911133 0.910156 0.897461 0.917969 0.892578