1 0.789553 0.973218 0.780216 0.967156 0.773581 0.958317 0.769813 0.945438 0.772803 0.936010 0.780298 0.931801 0.793238 0.932474 0.801020 0.936346 0.808596 0.943659 0.808596 0.958570 0.801552 0.968335
1 0.786268 0.936200 0.779168 0.934853 0.772554 0.928640 0.769332 0.920024 0.769731 0.910823 0.773809 0.906018 0.781421 0.900918 0.790402 0.900918 0.799326 0.904024 0.804345 0.912926 0.806996 0.917973 0.804345 0.923307 0.800495 0.927819
1 0.786610 0.906311 0.779738 0.905431 0.773096 0.898867 0.770045 0.886501 0.773352 0.878589 0.779368 0.875014 0.787637 0.877769 0.799354 0.883036 0.800609 0.895108 0.800609 0.905489
1 0.959374 0.885889 0.947869 0.886677 0.939240 0.881553 0.936057 0.854435 0.941618 0.847339 0.946642 0.841979 0.961905 0.834174 0.970074 0.832203 0.976134 0.833229 0.982116 0.837722 0.986565 0.844896 0.986527 0.850798 0.986527 0.864762
1 0.791748 0.733525 0.779650 0.727000 0.777434 0.718875 0.778722 0.710565 0.784082 0.705395 0.792107 0.703240 0.799145 0.705395 0.805702 0.707487 0.808996 0.715551 0.805522 0.723923
1 0.629777 0.719761 0.619785 0.715622 0.609606 0.703359 0.606363 0.667186 0.615423 0.659752 0.626235 0.657223 0.642864 0.665883 0.651888 0.673154 0.649874 0.683807 0.647675 0.694996 0.647675 0.708571 0.641522 0.716235
1 0.448914 0.168259 0.433548 0.160560 0.421879 0.150294 0.418758 0.136180 0.421687 0.122952 0.435276 0.111009 0.452228 0.108146 0.468794 0.109232 0.479022 0.111293 0.475949 0.128073 0.475949 0.145557 0.466537 0.157401
1 0.438494 0.215145 0.428313 0.213072 0.414437 0.205570 0.410931 0.192245 0.413620 0.177044 0.421399 0.165002 0.436430 0.157007 0.453524 0.161547 0.465193 0.172590 0.465193 0.190073 0.458470 0.203201
1 0.606124 0.000000 0.606124 0.016729 0.618168 0.036937 0.628770 0.046986 0.648225 0.051324 0.665929 0.041063 0.673752 0.026146 0.678127 0.010487 0.675193 0.000000
1 0.930876 0.072299 0.913793 0.070352 0.899438 0.064668 0.886482 0.054234 0.879968 0.038273 0.887051 0.007051 0.917164 0.000000 0.932543 0.003002 0.940156 0.013124 0.950460 0.033436 0.946937 0.046983 0.946937 0.060775
1 0.209854 0.093806 0.199750 0.088798 0.190471 0.077972 0.190255 0.065378 0.195057 0.056688 0.205303 0.053963 0.215657 0.054773 0.228232 0.057203 0.231457 0.061908 0.227695 0.072955 0.227695 0.085999
1 0.201334 0.145885 0.188017 0.143542 0.181341 0.136782 0.179062 0.126742 0.180755 0.117438 0.187561 0.112150 0.203972 0.110009 0.211396 0.116493 0.209931 0.126064 0.209931 0.137920
1 0.188724 0.194815 0.176403 0.189598 0.169995 0.181580 0.168075 0.169935 0.170985 0.158100 0.187609 0.145309 0.196370 0.145182 0.206709 0.155673 0.204821 0.168272 0.204821 0.179543 0.200395 0.189024
1 0.083483 0.214777 0.074679 0.212975 0.068260 0.202880 0.065559 0.183844 0.070118 0.170576 0.075626 0.157020 0.082361 0.145555 0.090780 0.138921 0.098287 0.136541 0.109968 0.138552 0.110424 0.142166 0.109968 0.151323 0.104671 0.169053 0.101830 0.180301 0.101830 0.193073 0.095937 0.205691
1 0.054417 0.167885 0.046778 0.163881 0.043215 0.152341 0.045419 0.141223 0.052443 0.133161 0.062312 0.130157 0.071720 0.128630 0.079358 0.132687 0.080025 0.137581 0.080025 0.146914 0.073821 0.155503 0.068388 0.160508
1 0.017628 0.185969 0.009826 0.183695 0.004216 0.178528 0.002185 0.169436 0.004719 0.162946 0.012641 0.159061 0.023781 0.160714 0.029170 0.166661 0.026918 0.173646 0.026918 0.180967 0.022695 0.184853
1 0.021511 0.217639 0.012838 0.216352 0.007945 0.211919 0.005511 0.202767 0.009823 0.194567 0.015412 0.188181 0.024201 0.187513 0.031992 0.191470 0.038787 0.198805 0.038787 0.207247 0.034613 0.214874
1 0.051040 0.247852 0.049274 0.235477 0.042077 0.225102 0.033001 0.223892 0.024128 0.226398 0.025011 0.234121 0.025011 0.242362 0.029153 0.252086 0.035445 0.259855 0.042190 0.263577 0.048663 0.261530 0.051289 0.257529
1 0.000000 0.250957 0.012817 0.254087 0.026481 0.262425 0.024747 0.275207 0.024747 0.290609 0.018867 0.299479 0.010237 0.298001 0.003765 0.289131 0.000000 0.278870
1 0.591066 0.203104 0.582171 0.201734 0.573067 0.196253 0.569568 0.189273 0.572318 0.181352 0.579900 0.176855 0.590524 0.177883 0.597712 0.180024 0.601587 0.187341 0.601587 0.194926 0.596857 0.201819
1 0.581422 0.230810 0.572797 0.225286 0.567089 0.217663 0.567318 0.209699 0.571109 0.204518 0.578650 0.200706 0.585838 0.200449 0.595170 0.202462 0.600295 0.210293 0.597441 0.217401 0.597441 0.224986 0.591046 0.228669
1 0.663787 0.587472 0.653600 0.584367 0.647157 0.577621 0.644520 0.569676 0.647580 0.561854 0.652130 0.558543 0.658976 0.559329 0.664149 0.561481 0.670713 0.563923 0.676713 0.567477 0.676713 0.574808 0.673593 0.582753
1 0.193404 0.822824 0.172764 0.824441 0.156103 0.822824 0.145921 0.814928 0.142172 0.797899 0.148604 0.782964 0.168043 0.777826 0.183038 0.775163 0.202105 0.767552 0.216175 0.770025 0.225245 0.782952 0.225245 0.799802 0.216499 0.814167
1 0.105226 0.407980 0.084809 0.405831 0.071257 0.399101 0.073622 0.383958 0.088855 0.374518 0.106362 0.374330 0.119777 0.377135 0.120687 0.386845 0.126917 0.394428 0.120687 0.403400
1 0.043473 0.449604 0.032452 0.449876 0.023616 0.446066 0.029275 0.424366 0.041354 0.420557 0.051283 0.421373 0.058299 0.425931 0.058961 0.433745 0.058961 0.445795
0 0.333984 0.606445 0.337891 0.591797 0.348633 0.588867 0.358398 0.582031 0.371094 0.574219 0.386719 0.583984 0.401367 0.589844 0.408203 0.586914 0.423828 0.592773 0.440430 0.603516 0.446289 0.610352 0.455078 0.613281 0.445312 0.626953 0.456055 0.638672 0.458984 0.655273 0.455078 0.664062 0.463867 0.672852 0.464844 0.683594 0.458008 0.692383 0.460938 0.705078 0.453125 0.726562 0.440430 0.730469 0.438477 0.741211 0.440430 0.755859 0.437500 0.775391 0.394531 0.775391 0.362305 0.773438 0.356445 0.768555 0.352539 0.766602 0.353516 0.758789 0.341797 0.756836 0.335938 0.733398 0.334961 0.722656 0.339844 0.717773 0.346680 0.710938 0.339844 0.702148 0.334961 0.693359 0.319336 0.695312 0.313477 0.682617 0.311523 0.676758 0.317383 0.667969 0.314453 0.654297 0.316406 0.644531 0.319336 0.637695 0.308594 0.638672 0.301758 0.626953 0.301758 0.614258 0.306641 0.608398 0.313477 0.604492 0.320312 0.605469
1 0.486328 0.765625 0.496094 0.766602 0.502930 0.764648 0.510742 0.750000 0.511719 0.741211 0.506836 0.736328 0.495117 0.733398 0.485352 0.732422 0.470703 0.735352 0.466797 0.745117 0.467773 0.755859 0.476562 0.763672
0 1.000000 0.511719 0.989258 0.509766 0.977539 0.507812 0.967773 0.503906 0.958008 0.500977 0.950195 0.493164 0.947266 0.482422 0.943359 0.473633 0.937500 0.461914 0.931641 0.453125 0.925781 0.452148 0.915039 0.459961 0.897461 0.458984 0.887695 0.456055 0.876953 0.453125 0.874023 0.439453 0.876953 0.417969 0.872070 0.407227 0.865234 0.394531 0.860352 0.385742 0.848633 0.375977 0.842773 0.365234 0.836914 0.345703 0.833984 0.327148 0.823242 0.320312 0.827148 0.314453 0.836914 0.305664 0.845703 0.305664 0.852539 0.314453 0.874023 0.327148 0.876953 0.318359 0.881836 0.301758 0.878906 0.288086 0.885742 0.274414 0.890625 0.263672 0.905273 0.243164 0.914062 0.240234 0.920898 0.237305 0.916016 0.230469 0.916992 0.225586 0.923828 0.222656 0.927734 0.215820 0.935547 0.214844 1.000000 0.214844
0 0.833008 0.534180 0.851562 0.525391 0.858398 0.510742 0.867188 0.510742 0.867188 0.525391 0.873047 0.530273 0.887695 0.529297 0.888672 0.526367 0.896484 0.525391 0.901367 0.521484 0.901367 0.512695 0.889648 0.504883 0.893555 0.492188 0.890625 0.480469 0.882812 0.468750 0.850586 0.484375 0.833984 0.492188 0.819336 0.500000 0.811523 0.507812 0.818359 0.520508 0.825195 0.529297
0 0.898438 0.239258 0.899414 0.250977 0.889648 0.256836 0.887695 0.267578 0.878906 0.285156 0.881836 0.301758 0.874023 0.321289 0.870117 0.322266 0.855469 0.314453 0.853516 0.305664 0.848633 0.291016 0.846680 0.281250 0.831055 0.274414 0.829102 0.266602 0.833008 0.254883 0.842773 0.250000 0.842773 0.237305 0.845703 0.227539 0.858398 0.225586 0.859375 0.220703 0.867188 0.218750 0.870117 0.223633 0.875977 0.218750 0.887695 0.223633 0.888672 0.234375 0.898438 0.234375
0 0.103516 0.779297 0.125977 0.783203 0.145508 0.781250 0.169922 0.777344 0.180664 0.766602 0.208984 0.746094 0.219727 0.737305 0.214844 0.701172 0.201172 0.694336 0.195312 0.689453 0.205078 0.678711 0.192383 0.676758 0.196289 0.644531 0.192383 0.641602 0.181641 0.644531 0.181641 0.629883 0.189453 0.625000 0.177734 0.623047 0.130859 0.631836 0.119141 0.632812 0.111328 0.629883 0.099609 0.637695 0.088867 0.637695 0.061523 0.631836 0.049805 0.633789 0.038086 0.639648 0.028320 0.647461 0.021484 0.644531 0.000000 0.630859 0.000000 0.678711 0.021484 0.672852 0.031250 0.666992 0.040039 0.680664 0.059570 0.684570 0.076172 0.682617 0.074219 0.671875 0.074219 0.666992 0.076172 0.661133 0.093750 0.676758 0.101562 0.683594 0.097656 0.698242 0.095703 0.726562 0.078125 0.733398 0.073242 0.752930 0.092773 0.761719
1 0.824219 0.118164 0.837891 0.117188 0.838867 0.114258 0.844727 0.119141 0.851562 0.118164 0.847656 0.107422 0.855469 0.104492 0.851562 0.090820 0.838867 0.083008 0.832031 0.085938 0.824219 0.094727 0.816406 0.088867 0.809570 0.092773 0.807617 0.099609 0.816406 0.111328