1 0.497247 0.223339 0.492616 0.220170 0.491955 0.215922 0.494496 0.212336 0.498361 0.210942 0.503479 0.211500 0.505708 0.213867 0.505256 0.219021 0.503027 0.222189 0.501251 0.222746
1 0.493521 0.231591 0.488821 0.230686 0.486104 0.226507 0.486104 0.221284 0.490423 0.218395 0.492999 0.220553 0.497456 0.224000 0.500067 0.222851 0.499720 0.227517 0.496795 0.230859 0.494531 0.231938
1 0.514417 0.193730 0.508487 0.191906 0.507220 0.184202 0.509146 0.180908 0.514467 0.178476 0.520144 0.179084 0.522627 0.180300 0.523691 0.186736 0.521563 0.190437 0.518521 0.193528 0.515126 0.194896
1 0.540501 0.172144 0.535632 0.171402 0.533145 0.165581 0.533092 0.160977 0.536161 0.157165 0.540872 0.154360 0.547011 0.154360 0.550928 0.159864 0.551352 0.165157 0.547964 0.169868 0.543042 0.172673
1 0.551339 0.192617 0.545662 0.193143 0.544032 0.188779 0.545872 0.183733 0.550971 0.180895 0.555755 0.179423 0.558383 0.182472 0.557699 0.187150 0.554125 0.191303
1 0.563855 0.122667 0.558742 0.120145 0.559151 0.115167 0.563174 0.111621 0.568970 0.112712 0.571425 0.114621 0.571697 0.118167 0.569038 0.121576 0.564605 0.124509
1 0.608334 0.100477 0.603101 0.094172 0.606001 0.091902 0.611297 0.088813 0.614261 0.091587 0.614261 0.094108 0.614261 0.096378 0.610729 0.100035
1 0.657613 0.074640 0.653252 0.075271 0.650899 0.072058 0.651531 0.067352 0.656982 0.064827 0.661229 0.065057 0.663639 0.068098 0.661745 0.071942 0.659163 0.074869
1 0.571233 0.175114 0.564833 0.172880 0.565135 0.167022 0.567852 0.163642 0.572441 0.163158 0.576729 0.164486 0.577694 0.169438 0.575158 0.173363 0.572683 0.175718
1 0.492610 0.278156 0.486987 0.276937 0.482531 0.272799 0.482214 0.268449 0.484282 0.264364 0.490117 0.260015 0.494680 0.257999 0.498499 0.260174 0.500037 0.265638 0.500620 0.270094 0.498711 0.273913 0.495051 0.275080 0.493459 0.275929
1 0.484494 0.280385 0.482638 0.282028 0.478925 0.279642 0.477651 0.275557 0.479826 0.272003 0.484282 0.273488 0.486510 0.277201 0.485661 0.280809
1 0.503750 0.268820 0.500355 0.266698 0.497278 0.261500 0.497066 0.257469 0.499029 0.252906 0.504068 0.250520 0.509639 0.250731 0.513882 0.254232 0.514466 0.258741 0.513511 0.264789 0.509691 0.267865 0.506773 0.268820
1 0.472010 0.291292 0.469717 0.291354 0.468105 0.287140 0.471267 0.282863 0.475480 0.281004 0.479633 0.284289 0.479013 0.288751 0.476968 0.290857 0.474736 0.292221
1 0.519347 0.280845 0.511717 0.280244 0.508533 0.274356 0.509734 0.268649 0.513940 0.265706 0.519947 0.263964 0.525054 0.268049 0.526256 0.274417 0.523853 0.279223 0.519768 0.281807
1 0.520718 0.265771 0.515026 0.264950 0.514146 0.260140 0.515613 0.256736 0.520424 0.256385 0.523710 0.259729 0.523182 0.263836 0.521715 0.266651
1 0.594759 0.000000 0.595403 0.005225 0.601311 0.011131 0.610547 0.013172 0.621071 0.009950 0.625475 0.000000
1 0.564766 0.036802 0.547639 0.034649 0.542648 0.019773 0.544605 0.004115 0.552826 0.000000 0.570246 0.000000 0.577879 0.003039 0.582088 0.012434 0.582675 0.022905 0.577978 0.032104 0.572203 0.037683
1 0.588938 0.030637 0.582772 0.028386 0.579151 0.016055 0.581794 0.007541 0.585317 0.002745 0.592853 0.004801 0.598822 0.019284 0.596376 0.029756 0.591287 0.032300
1 0.539129 0.034471 0.529723 0.033480 0.526555 0.019322 0.529822 0.013579 0.536258 0.009321 0.542000 0.010213 0.543188 0.015560 0.543188 0.026648 0.542892 0.034174 0.541505 0.035361
1 0.531802 0.056253 0.524574 0.056352 0.518534 0.042392 0.522396 0.033679 0.530416 0.035560 0.537644 0.038827 0.539030 0.047045 0.536060 0.054272
1 0.506125 0.066360 0.493674 0.063399 0.493761 0.052080 0.497069 0.049033 0.507344 0.047030 0.517444 0.050861 0.518925 0.056695 0.515529 0.063487 0.510305 0.068450
1 0.457000 0.319367 0.453452 0.320067 0.452146 0.316660 0.453405 0.313532 0.457326 0.312973 0.458213 0.314793
1 0.317879 0.421271 0.312576 0.421987 0.309565 0.417782 0.310378 0.412766 0.317210 0.406698 0.321893 0.407271 0.323135 0.412049 0.323373 0.416015 0.321176 0.420840 0.319265 0.421079
1 0.223632 0.492255 0.219229 0.492507 0.215988 0.491186 0.216837 0.484265 0.218033 0.481622 0.223915 0.478822 0.229264 0.478225 0.232535 0.480080 0.234140 0.482880 0.232409 0.485963 0.228508 0.488763
1 0.238414 0.476856 0.234499 0.476656 0.232701 0.473101 0.234459 0.469784 0.237256 0.468146 0.240452 0.470584 0.241291 0.474100 0.239653 0.476816
1 0.253852 0.462128 0.250369 0.462896 0.248680 0.459670 0.250011 0.457468 0.253391 0.455470 0.256361 0.456853 0.257232 0.459977 0.255286 0.461462
1 0.254979 0.469298 0.251854 0.469400 0.250062 0.465815 0.253084 0.461923 0.256412 0.461257 0.258103 0.461667 0.258205 0.464740 0.256976 0.469042
1 0.189090 0.518661 0.185051 0.517741 0.181624 0.510275 0.183057 0.507054 0.187402 0.504395 0.194971 0.507872 0.196556 0.509150 0.197271 0.511196 0.195482 0.515951 0.191954 0.518866 0.189244 0.519020
1 0.194591 0.506990 0.190573 0.505861 0.189478 0.502342 0.191437 0.498888 0.194724 0.497593 0.198044 0.498224 0.199173 0.501512 0.198409 0.504566 0.196483 0.506857
1 0.164972 0.536068 0.158831 0.535216 0.154453 0.532885 0.154056 0.528849 0.160479 0.525153 0.165995 0.523731 0.170656 0.526745 0.172191 0.531577 0.170315 0.534420 0.169064 0.537490 0.166108 0.538911 0.164914 0.538002
1 0.134438 0.558328 0.128888 0.560157 0.125165 0.558264 0.127712 0.553234 0.133786 0.550491 0.137378 0.549643 0.138880 0.552124 0.138227 0.555847 0.135876 0.557610
1 0.114754 0.894523 0.107734 0.894523 0.106598 0.889622 0.110832 0.884014 0.114400 0.882877 0.117616 0.883112 0.120048 0.887857 0.119185 0.890798 0.116715 0.894053
1 0.108672 0.887011 0.104883 0.887809 0.102490 0.882258 0.105349 0.879666 0.108007 0.877672 0.111597 0.879034 0.112826 0.880331 0.112793 0.882258 0.110600 0.883754
1 0.053747 0.915175 0.046953 0.915255 0.045023 0.911918 0.049808 0.906813 0.052863 0.906611 0.055878 0.908501 0.056119 0.911878
1 0.057245 0.920039 0.054311 0.920441 0.052742 0.916943 0.054873 0.914049 0.057688 0.912763 0.060542 0.914934 0.060461 0.918432 0.058894 0.920120
1 0.049017 0.923032 0.044756 0.923360 0.042560 0.919493 0.045641 0.916248 0.049147 0.915854 0.052031 0.917035 0.052785 0.920443 0.051277 0.921983
1 0.053446 0.927795 0.049394 0.928400 0.046782 0.926103 0.046553 0.924536 0.048621 0.923115 0.050856 0.921883 0.053217 0.921402 0.054407 0.921173 0.055348 0.924724 0.054345 0.927397 0.053342 0.928024
1 0.043456 0.929274 0.038647 0.929483 0.036976 0.926558 0.038355 0.923715 0.040320 0.922042 0.043915 0.921666 0.046466 0.924593 0.046090 0.926432 0.044292 0.928229
1 0.048807 0.936466 0.045546 0.937845 0.042661 0.934793 0.042661 0.930361 0.047260 0.926892 0.048933 0.927269 0.051064 0.929651 0.051649 0.932619 0.050270 0.935629 0.048096 0.936925
1 0.030330 0.936497 0.021645 0.936997 0.017233 0.930813 0.019962 0.923400 0.023782 0.921535 0.029376 0.921581 0.033741 0.924810 0.035696 0.929494 0.034014 0.934359 0.031831 0.936725
1 0.035742 0.972590 0.030632 0.974293 0.024781 0.969331 0.025966 0.963406 0.028262 0.958666 0.034631 0.957703 0.039741 0.961036 0.041593 0.967775 0.039963 0.973774
1 0.199815 0.957465 0.194295 0.958971 0.189204 0.955815 0.187556 0.950438 0.190495 0.946782 0.196589 0.943412 0.202038 0.944272 0.205694 0.944560 0.206124 0.951155 0.203974 0.955027 0.200962 0.958827
1 0.873646 0.020236 0.864295 0.019045 0.858153 0.013361 0.859253 0.005936 0.866771 0.000000 0.876580 0.001993 0.881164 0.006669 0.881256 0.012077 0.876946 0.017395
1 0.849479 0.033917 0.843498 0.033667 0.842003 0.026607 0.845574 0.020793 0.851555 0.021375 0.855542 0.023700 0.855957 0.028435 0.851804 0.033834
1 0.883947 0.027271 0.877718 0.027604 0.874562 0.021873 0.879545 0.015810 0.886023 0.015893 0.889263 0.017471 0.890177 0.022205 0.886854 0.026690
1 0.793741 0.046147 0.789218 0.045771 0.785297 0.041096 0.787936 0.035743 0.792686 0.033482 0.796982 0.037478 0.797661 0.041624 0.795098 0.045167
1 0.793340 0.032732 0.802492 0.026499 0.805693 0.027566 0.808164 0.031497 0.807490 0.035484 0.803054 0.039021 0.803503 0.043289 0.800808 0.047557 0.797102 0.043626 0.798169 0.036214
1 0.815127 0.030374 0.808444 0.030879 0.804683 0.025096 0.808444 0.019705 0.814790 0.019985 0.817879 0.022063 0.818384 0.026162 0.817261 0.028914
1 0.785371 0.055145 0.780868 0.054271 0.779054 0.050844 0.780868 0.046542 0.786783 0.045333 0.789202 0.045131 0.792092 0.048962 0.790681 0.053264 0.787858 0.055817
1 0.796131 0.090821 0.791215 0.090627 0.789080 0.085646 0.792056 0.081118 0.797554 0.080601 0.801888 0.083317 0.801436 0.087393 0.798460 0.090821
1 0.809509 0.123469 0.805160 0.123515 0.800210 0.119212 0.801181 0.113013 0.807011 0.110283 0.810619 0.110931 0.813580 0.113060 0.814644 0.118889 0.812053 0.122173
1 0.842005 0.164265 0.836039 0.164437 0.832367 0.162544 0.833858 0.153422 0.838104 0.151472 0.843496 0.150209 0.847397 0.152791 0.848774 0.155315 0.847110 0.161225 0.843268 0.162716
1 0.864563 0.159551 0.857630 0.155785 0.857152 0.150406 0.861635 0.145266 0.867851 0.142756 0.871975 0.145386 0.873828 0.151303 0.867074 0.159252
1 0.880642 0.162719 0.874725 0.163556 0.869704 0.159491 0.871557 0.153992 0.874664 0.150585 0.880761 0.150646 0.883988 0.154530 0.883151 0.160567 0.880821 0.162898
1 0.795115 0.284979 0.785745 0.287188 0.778496 0.285067 0.774076 0.278261 0.773281 0.269598 0.779558 0.259608 0.789192 0.255542 0.798386 0.255454 0.804928 0.260758 0.806519 0.270658 0.802629 0.280471 0.796618 0.285155
1 0.814764 0.246463 0.808198 0.246380 0.805704 0.235159 0.809112 0.229923 0.816094 0.224438 0.822327 0.227181 0.822909 0.233580 0.821745 0.241144 0.816260 0.247710
1 0.752024 0.395979 0.745597 0.395658 0.744118 0.390516 0.745146 0.386144 0.746946 0.384537 0.752347 0.382673 0.756011 0.384665 0.760446 0.388394 0.758711 0.391994 0.754146 0.396236
1 0.760125 0.385115 0.755175 0.385694 0.751768 0.381966 0.754789 0.376244 0.759996 0.373415 0.764753 0.374894 0.765589 0.380294 0.762567 0.384279
1 0.680380 0.444804 0.660755 0.439765 0.654125 0.429289 0.657308 0.415498 0.673353 0.405686 0.686082 0.401973 0.697221 0.412316 0.700138 0.425974 0.695895 0.437511 0.685552 0.444671
1 0.661684 0.461512 0.649616 0.461512 0.643914 0.449577 0.654125 0.437775 0.664601 0.437644 0.672424 0.444406 0.668977 0.453820 0.664733 0.460053
1 0.652666 0.489623 0.641793 0.490021 0.633306 0.481004 0.636224 0.469601 0.647229 0.464164 0.658235 0.467214 0.662744 0.471987 0.663672 0.482197 0.657705 0.487502
1 0.634499 0.467214 0.623229 0.467479 0.615007 0.458859 0.617924 0.446926 0.633571 0.445997 0.643384 0.451434 0.643384 0.460186 0.640864 0.467346
1 0.559955 0.625334 0.547511 0.625448 0.541519 0.615309 0.544515 0.605284 0.554654 0.602404 0.566407 0.603902 0.569749 0.615193 0.566638 0.623145 0.560531 0.628790
1 0.597313 0.561129 0.589028 0.560958 0.585611 0.554553 0.588174 0.547720 0.598594 0.544389 0.605171 0.547634 0.606708 0.553271 0.601840 0.559335 0.597996 0.562410
1 0.609816 0.540396 0.602067 0.535643 0.601240 0.527066 0.612296 0.520867 0.619735 0.519730 0.624179 0.522934 0.622318 0.533576 0.615810 0.539568
1 0.636252 0.609506 0.623665 0.610082 0.620398 0.599032 0.625299 0.589328 0.637117 0.584716 0.644611 0.586350 0.648743 0.593268 0.650280 0.599705 0.642689 0.608545 0.636828 0.610658
1 0.663220 0.589801 0.653947 0.590553 0.645761 0.583535 0.645259 0.573261 0.658541 0.563821 0.669066 0.564239 0.676919 0.569585 0.680261 0.576435 0.678089 0.581447 0.672408 0.586209 0.665809 0.589467
1 0.541952 0.645132 0.533854 0.644606 0.531541 0.636509 0.537010 0.630830 0.544161 0.628096 0.548999 0.634721 0.548473 0.640399 0.544582 0.645027
1 0.528071 0.667427 0.520709 0.668374 0.518396 0.657016 0.522182 0.655333 0.528597 0.655438 0.533014 0.660696 0.529648 0.667322 0.527755 0.665850
1 0.463007 0.758874 0.451679 0.756101 0.447633 0.745697 0.451910 0.737259 0.462313 0.730786 0.473294 0.732636 0.478495 0.738762 0.476646 0.746969 0.470866 0.754598
1 0.435129 0.798283 0.420956 0.798824 0.416082 0.791332 0.416082 0.782124 0.420054 0.776257 0.429713 0.769667 0.438830 0.768223 0.445330 0.772826 0.447406 0.782756 0.444427 0.790609 0.436754 0.796207
1 0.450229 0.803468 0.442104 0.802682 0.440399 0.795735 0.444725 0.789312 0.451934 0.788067 0.455342 0.788330 0.458684 0.795211 0.455473 0.801175 0.451344 0.802223
1 0.436231 0.819834 0.428068 0.819608 0.427168 0.812403 0.430489 0.807280 0.436118 0.805254 0.440960 0.807730 0.442255 0.813360 0.438765 0.817920
1 0.420429 0.826021 0.409156 0.825316 0.405105 0.819328 0.403872 0.815747 0.404166 0.810757 0.407688 0.806705 0.414558 0.803711 0.420076 0.803946 0.424891 0.808408 0.426476 0.814573 0.426887 0.820209 0.423951 0.824318 0.421662 0.825199
1 0.399397 0.841708 0.386818 0.839008 0.382910 0.831546 0.382555 0.826429 0.385823 0.820104 0.389021 0.817332 0.394778 0.816977 0.399185 0.819678 0.403164 0.819394 0.407996 0.821027 0.410839 0.827921 0.411336 0.834602 0.405793 0.839789 0.401032 0.840997
1 0.389019 0.866118 0.378615 0.866512 0.372468 0.856108 0.373334 0.849725 0.378143 0.843577 0.389019 0.841606 0.396664 0.844129 0.401314 0.850118 0.399265 0.857055 0.396428 0.862256 0.392802 0.865409 0.389491 0.865094
1 0.374832 0.886768 0.362300 0.886847 0.354183 0.880463 0.353788 0.874866 0.357256 0.868246 0.363719 0.863518 0.369394 0.861783 0.377275 0.866591 0.381688 0.873842 0.381059 0.880068 0.377433 0.885350
1 0.354122 0.917893 0.339098 0.916003 0.332891 0.903408 0.334240 0.896391 0.336309 0.891354 0.343776 0.887125 0.358170 0.886675 0.363298 0.889914 0.365907 0.893962 0.367886 0.905117 0.363118 0.913394 0.356371 0.917982
1 0.313224 0.970687 0.301935 0.966632 0.301276 0.958083 0.307634 0.949096 0.321772 0.951068 0.324841 0.959288 0.320457 0.965974 0.316730 0.970029
1 0.297440 0.996882 0.284508 0.993374 0.278699 0.982085 0.281439 0.972659 0.291413 0.968495 0.301605 0.967618 0.307305 0.974961 0.308400 0.982853 0.303688 0.990415 0.297551 0.996882
1 0.411728 0.918101 0.401783 0.917087 0.398192 0.910090 0.403625 0.901987 0.410346 0.902355 0.414397 0.910458 0.420197 0.910550 0.413937 0.919758
1 0.453165 0.826535 0.446024 0.823475 0.442642 0.817892 0.447688 0.811342 0.455044 0.810268 0.460090 0.813328 0.460896 0.817301 0.459070 0.823367 0.455420 0.825461
1 0.626812 0.780250 0.617041 0.779078 0.613134 0.772903 0.612742 0.767433 0.616729 0.759069 0.626264 0.754614 0.631892 0.755553 0.636269 0.764462 0.635564 0.772122 0.632751 0.778531 0.629547 0.779391
1 0.632854 0.750109 0.625591 0.750669 0.621121 0.744442 0.623355 0.736780 0.631018 0.730954 0.637563 0.729357 0.644746 0.732550 0.640437 0.737180 0.646423 0.743564 0.640037 0.744683 0.637164 0.744044 0.636605 0.746199 0.635009 0.748753
1 0.660496 0.730395 0.650568 0.727859 0.648175 0.720537 0.647893 0.714553 0.652188 0.709483 0.661834 0.705752 0.666270 0.708920 0.670354 0.710539 0.672395 0.718495 0.671058 0.722649 0.665988 0.727578 0.661834 0.728846
1 0.552528 0.976674 0.545255 0.977295 0.540033 0.974187 0.537981 0.967846 0.540282 0.962313 0.546126 0.958396 0.552964 0.956034 0.557191 0.955972 0.559678 0.963121 0.558621 0.970520 0.555762 0.975928 0.552528 0.977979
1 0.554026 0.945869 0.545893 0.947643 0.542223 0.940793 0.543813 0.936635 0.549195 0.933026 0.555739 0.933699 0.559286 0.938897 0.558308 0.942628 0.555861 0.945992
1 0.477448 0.986309 0.469729 0.985299 0.467276 0.973611 0.470812 0.971375 0.477737 0.970076 0.482643 0.974982 0.483292 0.978156 0.482427 0.982269 0.479541 0.986021
1 0.668347 0.875963 0.657937 0.872786 0.650975 0.869339 0.650366 0.863120 0.653881 0.857712 0.657126 0.854603 0.663412 0.852912 0.669970 0.852507 0.675851 0.858050 0.676594 0.862714 0.675851 0.867040 0.673214 0.869406 0.672809 0.869880 0.672538 0.874679
1 0.657059 0.904422 0.650163 0.905030 0.644215 0.900028 0.645972 0.894080 0.649689 0.890159 0.655706 0.888267 0.661385 0.893403 0.662669 0.898744 0.660708 0.902124 0.658748 0.903746
1 0.646588 0.924463 0.637553 0.920068 0.636314 0.913879 0.641946 0.908990 0.649436 0.911156 0.654015 0.914561 0.653953 0.919388 0.650302 0.923225
1 0.643791 0.941798 0.636713 0.939910 0.637387 0.932293 0.642779 0.930945 0.647700 0.932698 0.649048 0.936405 0.648913 0.939438 0.646284 0.941461
1 0.640378 0.952986 0.633788 0.952883 0.632388 0.945774 0.634671 0.941779 0.639133 0.940586 0.642661 0.944010 0.644062 0.949562 0.642558 0.953453
1 0.627776 0.966134 0.622301 0.967320 0.619426 0.963350 0.620247 0.959472 0.623897 0.956277 0.628051 0.955775 0.632248 0.959197 0.632431 0.963350 0.629876 0.965677
1 0.625951 0.974849 0.620110 0.974758 0.616187 0.971198 0.617875 0.967457 0.623670 0.967365 0.627822 0.968780 0.628689 0.971107 0.628689 0.973389 0.626772 0.974393
1 0.619230 0.985050 0.614609 0.984295 0.614326 0.977552 0.616731 0.975335 0.623286 0.974863 0.624654 0.976278 0.625173 0.979391 0.621919 0.984106
1 0.615835 0.991604 0.610695 0.989671 0.609987 0.985852 0.613619 0.982975 0.618335 0.985097 0.619325 0.987785 0.618807 0.989624 0.616543 0.990992
1 0.612534 0.996038 0.607818 0.994858 0.606262 0.991746 0.608903 0.989200 0.614326 0.990143 0.616165 0.993444 0.614939 0.995095
1 0.599519 1.000000 0.601499 0.995613 0.606733 0.993727 0.613383 0.996180 0.615364 0.997782 0.614043 0.999622 0.613006 1.000000
1 0.659366 0.984786 0.649581 0.981550 0.644687 0.976184 0.649344 0.969002 0.661340 0.961899 0.665838 0.963636 0.669469 0.967345 0.667969 0.974132 0.667180 0.980445 0.664022 0.983760
1 0.740454 0.892836 0.734178 0.891895 0.732546 0.885870 0.734868 0.880284 0.739073 0.878777 0.744848 0.881665 0.746228 0.888380 0.743216 0.892836
1 0.759616 0.910185 0.749663 0.909285 0.748699 0.904533 0.754672 0.899396 0.762635 0.900358 0.764946 0.906588
1 0.756148 0.920651 0.750305 0.917377 0.747094 0.913202 0.750626 0.908964 0.756277 0.909156 0.761864 0.910891 0.763662 0.915258 0.763021 0.919367 0.758140 0.920138
1 0.754800 0.930156 0.747029 0.928037 0.742277 0.919303 0.745039 0.916991 0.749021 0.915578 0.755827 0.919239 0.759359 0.922129 0.760066 0.925597 0.757497 0.928551
1 0.737523 0.934822 0.732138 0.932786 0.733254 0.927137 0.737983 0.924509 0.742647 0.924575 0.744158 0.930290
1 0.746655 0.938830 0.743042 0.937516 0.741334 0.932786 0.745341 0.928845 0.750334 0.928976 0.753553 0.933246 0.751976 0.938173 0.746721 0.940406
1 0.740652 0.946373 0.735239 0.944711 0.734429 0.939852 0.735580 0.937081 0.739885 0.935760 0.743764 0.937550 0.745895 0.941045 0.744744 0.944924 0.741249 0.946288
1 0.739715 0.953491 0.734812 0.954387 0.732682 0.949485 0.733790 0.946928 0.736986 0.945436 0.741377 0.946288 0.743721 0.948803 0.741803 0.952469 0.741164 0.952853
1 0.734882 0.966810 0.729911 0.964937 0.729604 0.960273 0.733520 0.957891 0.737265 0.959524 0.739034 0.962656 0.738388 0.965312 0.735426 0.967933
1 0.740464 0.959252 0.735698 0.958707 0.731511 0.957073 0.731001 0.952818 0.732056 0.952035 0.734507 0.952988 0.737026 0.955235 0.740702 0.953566 0.742983 0.953873 0.743324 0.956324 0.741689 0.959252
1 0.832324 0.744769 0.817238 0.737062 0.819084 0.726210 0.825704 0.719155 0.839487 0.720350 0.844263 0.726210 0.846325 0.731962 0.842635 0.742056 0.835146 0.748024 0.828526 0.748241
1 0.841115 0.714923 0.831022 0.709930 0.832976 0.701790 0.838619 0.695062 0.844806 0.693542 0.851644 0.694845 0.854899 0.701248 0.852077 0.708302 0.848496 0.712427
1 0.752341 0.563483 0.730513 0.553028 0.733447 0.535052 0.754726 0.518909 0.766649 0.522028 0.774903 0.524963 0.780590 0.546241 0.769033 0.558715 0.758027 0.565135
1 0.736394 0.527348 0.717514 0.525896 0.715255 0.511050 0.727519 0.500399 0.740751 0.501528 0.750917 0.510727 0.750271 0.521377 0.744140 0.527025
0 0.677946 0.630679 0.660757 0.644063 0.649062 0.638146 0.647091 0.626874 0.649204 0.613489 0.653712 0.597005 0.664702 0.588833 0.679496 0.583197 0.690345 0.583057 0.694290 0.564177 0.707393 0.558682 0.716270 0.570517 0.723032 0.582634 0.718523 0.586720 0.718664 0.591369 0.723877 0.603486 0.723455 0.610812 0.714297 0.620816 0.699362 0.621238 0.689922 0.622507 0.686399 0.626452
0 0.712735 0.527979 0.721054 0.537098 0.718015 0.546696 0.700577 0.547656 0.684261 0.543337 0.673063 0.525900 0.663784 0.519501 0.656745 0.507503 0.659146 0.494865 0.670983 0.471189 0.679461 0.460312 0.688420 0.451354 0.695459 0.440476 0.706496 0.431197 0.734172 0.435036 0.738453 0.444550 0.737733 0.456184 0.721662 0.457022 0.715306 0.461101 0.720224 0.471654 0.722022 0.482448 0.719384 0.487006 0.709789 0.490124 0.705951 0.494202 0.707631 0.501638 0.707990 0.512191 0.704752 0.519507 0.704152 0.521426 0.707631 0.525624
1 0.992023 0.257732 0.977054 0.256235 0.967074 0.241266 0.973860 0.232684 0.979448 0.229390 0.987832 0.228292 0.998510 0.233980 1.000000 0.240866 1.000000 0.248352 0.998710 0.256535
1 0.997013 0.231286 0.988630 0.228292 0.987532 0.221307 0.996414 0.218512 1.000000 0.220907 1.000000 0.225198 1.000000 0.229590
1 0.932538 0.074813 0.925270 0.066909 0.928177 0.060004 0.935809 0.057278 0.942805 0.059731 0.944713 0.067182 0.940806 0.073814 0.933265 0.077448
1 0.924905 0.090351 0.915911 0.089987 0.911096 0.084263 0.914548 0.074087 0.921453 0.072088 0.929085 0.071543 0.932901 0.077994 0.931356 0.086534 0.926359 0.091622
1 0.944368 0.051491 0.937529 0.046219 0.939342 0.041110 0.945439 0.039463 0.949559 0.041192 0.950465 0.046878 0.947416 0.049679
1 0.972819 0.024061 0.965103 0.021733 0.964919 0.015977 0.969696 0.011813 0.975085 0.010588 0.979801 0.015119 0.980352 0.018916 0.976800 0.023203
1 0.975914 0.649470 0.965869 0.647696 0.966122 0.641028 0.970765 0.635879 0.977518 0.635288 0.983004 0.638834 0.982751 0.646431 0.978193 0.650566
1 0.968401 0.636386 0.963843 0.634528 0.965193 0.626679 0.972031 0.622796 0.978277 0.624906 0.980472 0.629464 0.978530 0.632081 0.976336 0.635035
1 0.990602 0.647021 0.985368 0.646684 0.981569 0.640437 0.982498 0.634106 0.987900 0.628535 0.993978 0.629211 0.997186 0.634697 0.997101 0.642210 0.994906 0.644911
1 0.425781 0.111328 0.417969 0.102539 0.427734 0.089844 0.439453 0.087891 0.439453 0.087891 0.450195 0.074219 0.450195 0.074219 0.458984 0.074219 0.476562 0.074219 0.481445 0.083008 0.469727 0.098633 0.458008 0.110352 0.441406 0.116211
1 0.389648 0.131836 0.374023 0.125977 0.361328 0.114258 0.364258 0.106445 0.364258 0.106445 0.375977 0.099609 0.389648 0.093750 0.403320 0.096680 0.403320 0.096680 0.410156 0.104492 0.412109 0.121094 0.404297 0.131836
1 0.740234 0.027344 0.734375 0.026367 0.735352 0.020508 0.740234 0.017578 0.743164 0.017578 0.745117 0.020508 0.746094 0.024414 0.744141 0.027344
1 0.969727 0.083984 0.966797 0.077148 0.969727 0.068359 0.976562 0.066406 0.983398 0.066406 0.983398 0.072266 0.984375 0.081055 0.977539 0.085938 0.977539 0.085938
1 0.959961 0.235352 0.954102 0.224609 0.956055 0.214844 0.961914 0.211914 0.969727 0.208984 0.976562 0.215820 0.976562 0.224609 0.971680 0.232422 0.964844 0.237305
1 0.925781 0.331055 0.917969 0.329102 0.914062 0.321289 0.915039 0.311523 0.917969 0.308594 0.927734 0.305664 0.933594 0.307617 0.939453 0.312500 0.945312 0.319336 0.943359 0.327148 0.943359 0.327148 0.936523 0.333008
1 0.882812 0.450195 0.873047 0.451172 0.870117 0.445312 0.870117 0.438477 0.875977 0.429688 0.881836 0.426758 0.885742 0.426758 0.891602 0.429688 0.894531 0.434570 0.896484 0.444336 0.891602 0.451172
1 0.891602 0.427734 0.887695 0.420898 0.889648 0.414062 0.894531 0.411133 0.900391 0.411133 0.903320 0.416016 0.902344 0.422852 0.899414 0.428711
0 0.760742 0.333984 0.752930 0.330078 0.746094 0.323242 0.747070 0.314453 0.749023 0.307617 0.751953 0.302734 0.756836 0.301758 0.763672 0.300781 0.768555 0.302734 0.775391 0.305664 0.777344 0.309570 0.778320 0.313477 0.776367 0.319336 0.772461 0.326172 0.766602 0.330078
0 0.714844 0.381836 0.708008 0.384766 0.704102 0.381836 0.703125 0.371094 0.703125 0.371094 0.707031 0.366211 0.711914 0.362305 0.719727 0.360352 0.727539 0.359375 0.732422 0.358398 0.739258 0.363281 0.735352 0.369141 0.727539 0.377930
1 0.736328 0.358398 0.728516 0.358398 0.731445 0.352539 0.737305 0.348633 0.745117 0.346680 0.745117 0.346680 0.751953 0.349609 0.750000 0.355469 0.745117 0.359375
1 0.978516 0.570312 0.973633 0.569336 0.969727 0.561523 0.971680 0.550781 0.977539 0.543945 0.985352 0.544922 0.991211 0.546875 0.993164 0.553711 0.993164 0.562500 0.989258 0.568359 0.989258 0.568359
1 0.986328 0.585938 0.979492 0.582031 0.976562 0.575195 0.981445 0.570312 0.989258 0.569336 0.992188 0.571289 0.993164 0.576172 0.993164 0.580078 0.991211 0.586914
0 0.881836 0.598633 0.878906 0.589844 0.878906 0.589844 0.875977 0.575195 0.873047 0.567383 0.875000 0.556641 0.881836 0.554688 0.890625 0.554688 0.894531 0.559570 0.898438 0.569336 0.901367 0.582031 0.898438 0.594727 0.891602 0.600586
0 0.667969 0.704102 0.667969 0.695312 0.673828 0.689453 0.676758 0.680664 0.677734 0.671875 0.678711 0.664062 0.684570 0.657227 0.690430 0.655273 0.696289 0.653320 0.703125 0.654297 0.706055 0.661133 0.706055 0.671875 0.703125 0.678711 0.697266 0.685547 0.695312 0.692383 0.688477 0.699219 0.679688 0.706055 0.669922 0.709961
1 0.709961 0.656250 0.705078 0.652344 0.708008 0.645508 0.713867 0.643555 0.717773 0.644531 0.718750 0.652344 0.716797 0.656250
1 0.717773 0.668945 0.713867 0.663086 0.716797 0.658203 0.724609 0.654297 0.730469 0.656250 0.733398 0.661133 0.730469 0.668945 0.724609 0.672852
1 0.739258 0.711914 0.735352 0.706055 0.733398 0.696289 0.736328 0.691406 0.741211 0.685547 0.741211 0.685547 0.747070 0.684570 0.753906 0.688477 0.757812 0.692383 0.762695 0.695312 0.765625 0.698242 0.767578 0.706055 0.766602 0.716797 0.759766 0.720703 0.759766 0.720703 0.753906 0.721680 0.744141 0.723633 0.739258 0.720703
1 0.800781 0.679688 0.794922 0.677734 0.792969 0.668945 0.797852 0.664062 0.807617 0.664062 0.807617 0.664062 0.811523 0.667969 0.812500 0.676758 0.807617 0.680664
1 0.850586 0.672852 0.844727 0.666992 0.845703 0.661133 0.851562 0.656250 0.858398 0.657227 0.862305 0.660156 0.864258 0.665039 0.863281 0.670898 0.857422 0.674805
0 0.745117 0.632812 0.740234 0.628906 0.741211 0.619141 0.743164 0.602539 0.741211 0.592773 0.738281 0.584961 0.732422 0.578125 0.733398 0.568359 0.736328 0.562500 0.745117 0.562500 0.745117 0.562500 0.752930 0.564453 0.764648 0.565430 0.768555 0.566406 0.774414 0.570312 0.779297 0.574219 0.775391 0.584961 0.769531 0.593750 0.764648 0.602539 0.758789 0.611328 0.754883 0.617188
1 0.994141 0.773438 0.988281 0.772461 0.988281 0.765625 0.993164 0.759766 0.997070 0.756836 1.000000 0.757812 1.000000 0.770508 1.000000 0.774414
0 0.968750 0.757812 0.964844 0.750000 0.959961 0.745117 0.961914 0.735352 0.965820 0.737305 0.972656 0.738281 0.981445 0.736328 0.984375 0.739258 0.984375 0.744141 0.984375 0.749023 0.976562 0.753906 0.975586 0.756836
1 0.886719 0.770508 0.881836 0.770508 0.881836 0.763672 0.885742 0.758789 0.892578 0.754883 0.902344 0.756836 0.902344 0.756836 0.902344 0.761719 0.898438 0.766602
0 0.971680 0.842773 0.963867 0.838867 0.962891 0.831055 0.966797 0.827148 0.978516 0.826172 0.988281 0.830078 0.999023 0.835938 1.000000 0.848633 0.991211 0.848633 0.976562 0.844727
0 0.791992 0.989258 0.786133 0.987305 0.780273 0.980469 0.783203 0.972656 0.796875 0.967773 0.796875 0.967773 0.808594 0.965820 0.817383 0.970703 0.818359 0.975586 0.825195 0.983398 0.832031 0.990234 0.831055 0.995117 0.825195 0.998047 0.814453 0.995117 0.802734 0.989258
0 0.320312 0.998047 0.327148 0.988281 0.332031 0.979492 0.341797 0.966797 0.350586 0.962891 0.355469 0.965820 0.359375 0.976562 0.361328 0.981445 0.372070 0.988281 0.377930 0.992188 0.381836 0.996094 0.384766 1.000000
1 0.085938 0.916016 0.082031 0.911133 0.083984 0.905273 0.089844 0.900391 0.096680 0.899414 0.101562 0.902344 0.103516 0.908203 0.099609 0.915039 0.092773 0.916016
1 0.029297 0.879883 0.023438 0.876953 0.018555 0.875000 0.018555 0.867188 0.023438 0.861328 0.025391 0.858398 0.031250 0.859375 0.038086 0.864258 0.041016 0.868164 0.041992 0.874023 0.039062 0.878906
0 0.144531 0.847656 0.141602 0.841797 0.137695 0.832031 0.132812 0.826172 0.126953 0.822266 0.129883 0.816406 0.134766 0.813477 0.134766 0.813477 0.139648 0.816406 0.145508 0.820312 0.150391 0.828125 0.153320 0.836914 0.155273 0.846680 0.151367 0.851562
1 0.314453 0.825195 0.309570 0.820312 0.308594 0.813477 0.316406 0.807617 0.327148 0.805664 0.330078 0.808594 0.332031 0.813477 0.327148 0.820312 0.327148 0.820312 0.322266 0.825195
1 0.396484 0.905273 0.385742 0.902344 0.383789 0.895508 0.385742 0.887695 0.392578 0.880859 0.398438 0.874023 0.402344 0.870117 0.411133 0.869141 0.416992 0.869141 0.420898 0.871094 0.423828 0.877930 0.421875 0.886719 0.419922 0.892578 0.416016 0.898438 0.405273 0.902344
1 0.355469 0.767578 0.348633 0.764648 0.346680 0.759766 0.346680 0.759766 0.349609 0.753906 0.355469 0.748047 0.363281 0.745117 0.372070 0.742188 0.379883 0.747070 0.381836 0.750977 0.379883 0.754883 0.373047 0.753906 0.368164 0.757812 0.363281 0.764648
0 0.000000 0.669922 0.000000 0.655273 0.001953 0.648438 0.011719 0.640625 0.019531 0.637695 0.019531 0.637695 0.027344 0.629883 0.033203 0.623047 0.033203 0.623047 0.047852 0.610352 0.047852 0.610352 0.056641 0.604492 0.068359 0.597656 0.079102 0.588867 0.079102 0.588867 0.086914 0.583008 0.096680 0.577148 0.108398 0.572266 0.117188 0.566406 0.118164 0.569336 0.118164 0.574219 0.098633 0.590820 0.085938 0.596680 0.065430 0.614258 0.059570 0.619141 0.046875 0.629883 0.034180 0.640625 0.022461 0.648438 0.012695 0.657227 0.007812 0.666992
0 0.139648 0.554688 0.137695 0.546875 0.142578 0.540039 0.148438 0.534180 0.155273 0.533203 0.162109 0.538086 0.160156 0.543945 0.148438 0.552734
0 0.171875 0.531250 0.168945 0.521484 0.167969 0.516602 0.176758 0.508789 0.181641 0.512695 0.185547 0.521484 0.184570 0.527344
0 0.198242 0.507812 0.200195 0.499023 0.198242 0.493164 0.207031 0.488281 0.211914 0.486328 0.214844 0.491211 0.216797 0.496094 0.211914 0.499023 0.207031 0.505859
1 0.169922 0.411133 0.164062 0.402344 0.165039 0.392578 0.169922 0.390625 0.180664 0.387695 0.191406 0.388672 0.191406 0.388672 0.193359 0.397461 0.191406 0.403320 0.184570 0.408203