1 0.012695 0.015625 0.009766 0.020508 0.005859 0.019531 0.004883 0.015625 0.005859 0.011719
1 0.051758 0.000000 0.056641 0.003906 0.062500 0.003906 0.073242 0.000000
1 0.069336 0.005859 0.074219 0.011719 0.077148 0.013672 0.083008 0.005859 0.077148 0.002930 0.073242 0.000977
1 0.088867 0.018555 0.091797 0.023438 0.091797 0.028320 0.087891 0.030273 0.082031 0.026367 0.082031 0.019531
1 0.102539 0.007812 0.104492 0.014648 0.100586 0.021484 0.094727 0.025391 0.090820 0.020508 0.089844 0.014648 0.097656 0.010742
1 0.065430 0.051758 0.065430 0.055664 0.061523 0.057617 0.060547 0.053711 0.062500 0.049805
1 0.066406 0.056641 0.068359 0.061523 0.065430 0.063477 0.061523 0.060547 0.063477 0.056641
1 0.070312 0.064453 0.068359 0.068359 0.066406 0.067383 0.063477 0.065430 0.065430 0.063477
1 0.080078 0.067383 0.084961 0.072266 0.083984 0.075195 0.079102 0.075195 0.076172 0.071289
1 0.018555 0.085938 0.019531 0.091797 0.012695 0.097656 0.003906 0.093750 0.006836 0.084961 0.014648 0.083984
1 0.048828 0.100586 0.055664 0.109375 0.052734 0.118164 0.046875 0.120117 0.041016 0.115234 0.038086 0.111328 0.039062 0.103516 0.042969 0.099609
1 0.065430 0.104492 0.068359 0.112305 0.064453 0.116211 0.058594 0.116211 0.055664 0.111328 0.061523 0.104492
1 0.112305 0.111328 0.114258 0.123047 0.109375 0.127930 0.103516 0.127930 0.097656 0.123047 0.097656 0.114258 0.102539 0.109375
1 0.019531 0.105469 0.025391 0.115234 0.019531 0.122070 0.010742 0.123047 0.003906 0.119141 0.002930 0.111328 0.009766 0.101562
1 0.062500 0.211914 0.069336 0.215820 0.069336 0.221680 0.063477 0.224609 0.054688 0.223633 0.053711 0.215820 0.054688 0.211914
1 0.104492 0.247070 0.104492 0.258789 0.099609 0.261719 0.091797 0.260742 0.086914 0.253906 0.091797 0.245117 0.098633 0.244141
0 0.092773 0.222656 0.097656 0.231445 0.097656 0.239258 0.096680 0.244141 0.092773 0.246094 0.086914 0.250000 0.086914 0.255859 0.084961 0.260742 0.081055 0.265625 0.071289 0.267578 0.065430 0.261719 0.058594 0.258789 0.058594 0.251953 0.056641 0.246094 0.053711 0.241211 0.057617 0.235352 0.059570 0.228516 0.064453 0.227539 0.064453 0.223633 0.069336 0.221680 0.077148 0.221680 0.080078 0.219727 0.088867 0.218750
1 0.016602 0.236328 0.016602 0.240234 0.011719 0.242188 0.008789 0.237305 0.010742 0.234375
1 0.023438 0.229492 0.028320 0.232422 0.027344 0.238281 0.025391 0.239258 0.020508 0.238281 0.017578 0.232422
1 0.041992 0.230469 0.043945 0.235352 0.038086 0.240234 0.031250 0.239258 0.030273 0.232422 0.035156 0.229492
1 0.050781 0.236328 0.045898 0.240234 0.041016 0.246094 0.040039 0.250977 0.044922 0.255859 0.051758 0.257812 0.056641 0.253906 0.060547 0.248047 0.057617 0.243164
1 0.043945 0.254883 0.042969 0.262695 0.030273 0.262695 0.025391 0.258789 0.023438 0.252930 0.027344 0.247070 0.032227 0.244141 0.038086 0.245117 0.043945 0.248047
1 0.048828 0.272461 0.048828 0.277344 0.045898 0.279297 0.041992 0.274414 0.041992 0.270508
1 0.041992 0.285156 0.041992 0.294922 0.035156 0.295898 0.028320 0.292969 0.029297 0.286133 0.027344 0.281250 0.031250 0.273438 0.035156 0.277344 0.035156 0.281250 0.038086 0.281250
1 0.047852 0.281250 0.042969 0.283203 0.041016 0.288086 0.043945 0.292969 0.047852 0.293945 0.052734 0.294922 0.056641 0.293945 0.059570 0.288086 0.058594 0.282227 0.053711 0.282227
1 0.040039 0.304688 0.042969 0.299805 0.040039 0.295898 0.035156 0.294922 0.032227 0.297852 0.033203 0.301758
1 0.110352 0.278320 0.118164 0.278320 0.121094 0.283203 0.120117 0.286133 0.118164 0.289062 0.112305 0.290039 0.108398 0.292969 0.103516 0.291016 0.101562 0.284180 0.104492 0.278320
1 0.114258 0.304688 0.117188 0.310547 0.117188 0.310547 0.115234 0.317383 0.109375 0.318359 0.103516 0.317383 0.096680 0.310547 0.096680 0.305664 0.103516 0.301758 0.106445 0.299805 0.110352 0.301758
1 0.091797 0.303711 0.086914 0.314453 0.080078 0.319336 0.073242 0.319336 0.070312 0.315430 0.063477 0.314453 0.057617 0.314453 0.053711 0.308594 0.056641 0.301758 0.063477 0.297852 0.069336 0.299805 0.074219 0.300781 0.078125 0.298828 0.086914 0.296875
1 0.091797 0.337891 0.086914 0.346680 0.080078 0.344727 0.078125 0.337891 0.082031 0.333984 0.090820 0.333984
1 0.108398 0.321289 0.113281 0.328125 0.112305 0.336914 0.108398 0.342773 0.099609 0.340820 0.096680 0.333008 0.098633 0.323242 0.103516 0.320312
1 0.070312 0.398438 0.077148 0.405273 0.077148 0.413086 0.070312 0.414062 0.065430 0.410156 0.060547 0.406250 0.061523 0.400391
1 0.099609 0.427734 0.100586 0.434570 0.097656 0.436523 0.091797 0.435547 0.088867 0.431641 0.089844 0.426758 0.094727 0.425781
1 0.051758 0.453125 0.051758 0.460938 0.048828 0.465820 0.043945 0.467773 0.039062 0.462891 0.035156 0.458984 0.035156 0.455078 0.037109 0.451172 0.041992 0.452148
1 0.057617 0.437500 0.058594 0.443359 0.053711 0.446289 0.048828 0.444336 0.047852 0.440430 0.050781 0.436523
1 0.119141 0.477539 0.120117 0.484375 0.116211 0.489258 0.109375 0.488281 0.108398 0.480469 0.114258 0.476562
1 0.103516 0.485352 0.105469 0.490234 0.101562 0.491211 0.095703 0.489258 0.095703 0.482422 0.099609 0.479492
1 0.073242 0.507812 0.071289 0.511719 0.067383 0.511719 0.065430 0.507812 0.068359 0.504883
1 0.024414 0.482422 0.025391 0.487305 0.020508 0.491211 0.016602 0.490234 0.014648 0.486328 0.016602 0.479492
1 0.016602 0.458984 0.016602 0.468750 0.011719 0.471680 0.005859 0.468750 0.004883 0.460938 0.009766 0.459961
1 0.026367 0.491211 0.027344 0.496094 0.026367 0.499023 0.020508 0.500000 0.018555 0.494141
1 0.030273 0.500977 0.028320 0.505859 0.022461 0.505859 0.022461 0.500000 0.026367 0.498047
1 0.032227 0.510742 0.032227 0.515625 0.029297 0.519531 0.024414 0.516602 0.026367 0.510742
1 0.098633 0.509766 0.099609 0.516602 0.094727 0.520508 0.088867 0.516602 0.089844 0.508789 0.095703 0.509766
1 0.087891 0.521484 0.087891 0.525391 0.083984 0.528320 0.079102 0.525391 0.080078 0.521484 0.083984 0.519531
1 0.096680 0.551758 0.097656 0.557617 0.093750 0.563477 0.085938 0.563477 0.081055 0.558594 0.081055 0.551758 0.084961 0.548828 0.089844 0.546875
1 0.025391 0.544922 0.017578 0.549805 0.014648 0.554688 0.005859 0.558594 0.000000 0.554688 0.000000 0.544922 0.006836 0.541992 0.013672 0.542969 0.022461 0.538086 0.025391 0.539062
1 0.058594 0.522461 0.064453 0.525391 0.064453 0.533203 0.057617 0.537109 0.052734 0.538086 0.049805 0.534180 0.049805 0.528320 0.055664 0.522461
1 0.050781 0.541992 0.048828 0.546875 0.040039 0.546875 0.039062 0.539062 0.041992 0.537109 0.047852 0.536133
1 0.081055 0.633789 0.083984 0.627930 0.083984 0.627930 0.081055 0.622070 0.075195 0.621094 0.072266 0.623047 0.069336 0.626953 0.073242 0.633789
1 0.056641 0.563477 0.060547 0.570312 0.055664 0.572266 0.050781 0.572266 0.045898 0.567383 0.050781 0.562500
0 0.000000 0.569336 0.015625 0.564453 0.021484 0.565430 0.026367 0.566406 0.031250 0.569336 0.036133 0.566406 0.042969 0.568359 0.049805 0.575195 0.054688 0.574219 0.058594 0.577148 0.059570 0.585938 0.056641 0.590820 0.050781 0.598633 0.041016 0.599609 0.041016 0.590820 0.034180 0.591797 0.025391 0.595703 0.023438 0.599609 0.023438 0.603516 0.022461 0.608398 0.029297 0.617188 0.034180 0.623047 0.033203 0.628906 0.000000 0.645508
1 0.013672 0.658203 0.017578 0.662109 0.017578 0.667969 0.005859 0.667969 0.002930 0.663086 0.007812 0.658203
1 0.021484 0.648438 0.027344 0.651367 0.031250 0.656250 0.031250 0.661133 0.035156 0.666016 0.030273 0.669922 0.024414 0.665039 0.019531 0.662109 0.012695 0.656250 0.013672 0.651367
1 0.064453 0.714844 0.064453 0.719727 0.059570 0.719727 0.055664 0.715820 0.060547 0.711914
1 0.079102 0.719727 0.082031 0.723633 0.080078 0.728516 0.073242 0.727539 0.069336 0.721680 0.071289 0.719727
1 0.124023 0.775391 0.128906 0.783203 0.127930 0.791992 0.123047 0.791992 0.119141 0.788086 0.114258 0.790039 0.110352 0.786133 0.111328 0.779297
1 0.119141 0.825195 0.118164 0.831055 0.113281 0.833984 0.105469 0.833008 0.104492 0.826172 0.109375 0.821289
1 0.124023 0.834961 0.124023 0.842773 0.119141 0.845703 0.114258 0.841797 0.108398 0.839844 0.111328 0.833008 0.118164 0.831055
1 0.115234 0.848633 0.105469 0.852539 0.101562 0.848633 0.103516 0.841797 0.108398 0.840820 0.112305 0.841797
1 0.114258 0.872070 0.107422 0.867188 0.101562 0.860352 0.105469 0.853516 0.111328 0.854492 0.116211 0.857422 0.121094 0.860352 0.117188 0.866211
1 0.125977 0.861328 0.128906 0.862305 0.133789 0.868164 0.131836 0.874023 0.127930 0.876953 0.118164 0.875977 0.115234 0.869141 0.120117 0.865234 0.123047 0.860352
1 0.131836 0.880859 0.133789 0.888672 0.126953 0.893555 0.117188 0.892578 0.119141 0.885742 0.123047 0.879883
1 0.110352 0.896484 0.113281 0.902344 0.109375 0.907227 0.103516 0.907227 0.102539 0.899414 0.107422 0.895508
1 0.083984 0.904297 0.084961 0.910156 0.083008 0.915039 0.075195 0.913086 0.070312 0.907227 0.074219 0.902344 0.079102 0.903320
1 0.093750 0.928711 0.088867 0.937500 0.078125 0.933594 0.074219 0.927734 0.078125 0.920898 0.083984 0.918945 0.089844 0.920898
1 0.178711 0.982422 0.182617 0.988281 0.182617 0.996094 0.177734 1.000000 0.168945 0.999023 0.166016 0.990234 0.168945 0.984375
1 0.160156 0.971680 0.167969 0.973633 0.169922 0.980469 0.167969 0.984375 0.161133 0.988281 0.154297 0.983398 0.153320 0.977539
1 0.174805 0.957031 0.179688 0.963867 0.178711 0.970703 0.173828 0.971680 0.166016 0.967773 0.170898 0.958984
1 0.164062 0.953125 0.169922 0.957031 0.169922 0.961914 0.167969 0.965820 0.162109 0.966797 0.156250 0.961914 0.159180 0.956055
1 0.170898 0.939453 0.173828 0.946289 0.169922 0.952148 0.166016 0.952148 0.161133 0.950195 0.161133 0.939453
0 0.213867 0.957031 0.221680 0.961914 0.226562 0.969727 0.224609 0.977539 0.217773 0.979492 0.210938 0.983398 0.205078 0.988281 0.196289 0.982422 0.193359 0.974609 0.195312 0.967773 0.194336 0.961914 0.203125 0.957031 0.206055 0.954102
1 0.139648 0.935547 0.136719 0.940430 0.130859 0.942383 0.126953 0.936523 0.130859 0.931641 0.138672 0.928711
1 0.106445 0.961914 0.098633 0.965820 0.091797 0.961914 0.093750 0.954102 0.099609 0.952148 0.103516 0.954102
1 0.112305 0.969727 0.110352 0.975586 0.105469 0.974609 0.104492 0.970703 0.108398 0.965820 0.108398 0.965820
1 0.203125 0.948242 0.198242 0.957031 0.193359 0.957031 0.190430 0.952148 0.190430 0.946289 0.196289 0.943359
1 0.209961 0.932617 0.213867 0.939453 0.212891 0.948242 0.207031 0.952148 0.201172 0.945312 0.201172 0.945312 0.202148 0.933594
1 0.204102 0.919922 0.204102 0.925781 0.199219 0.926758 0.194336 0.923828 0.194336 0.919922 0.199219 0.916992
1 0.193359 0.923828 0.191406 0.928711 0.185547 0.929688 0.185547 0.929688 0.181641 0.925781 0.186523 0.920898
1 0.142578 0.907227 0.148438 0.911133 0.154297 0.916016 0.153320 0.925781 0.153320 0.925781 0.147461 0.930664 0.137695 0.929688 0.130859 0.927734 0.128906 0.917969 0.132812 0.911133
1 0.159180 0.925781 0.159180 0.931641 0.155273 0.936523 0.147461 0.934570 0.146484 0.927734 0.152344 0.924805
1 0.151367 0.906250 0.159180 0.908203 0.161133 0.916992 0.154297 0.920898 0.144531 0.915039 0.144531 0.908203
1 0.221680 0.884766 0.224609 0.891602 0.223633 0.898438 0.216797 0.898438 0.210938 0.896484 0.206055 0.889648 0.210938 0.884766
1 0.157227 0.890625 0.162109 0.895508 0.160156 0.901367 0.154297 0.902344 0.151367 0.896484 0.153320 0.890625
1 0.150391 0.890625 0.148438 0.895508 0.144531 0.899414 0.135742 0.898438 0.132812 0.894531 0.131836 0.888672 0.134766 0.884766 0.141602 0.878906 0.148438 0.882812
1 0.187500 0.877930 0.188477 0.882812 0.185547 0.885742 0.181641 0.886719 0.178711 0.881836 0.182617 0.875977
1 0.211914 0.872070 0.212891 0.878906 0.210938 0.882812 0.206055 0.882812 0.203125 0.875977 0.208008 0.872070
1 0.163086 0.863281 0.161133 0.869141 0.157227 0.870117 0.154297 0.865234 0.156250 0.862305
1 0.167969 0.857422 0.169922 0.866211 0.167969 0.868164 0.162109 0.864258 0.161133 0.859375 0.166016 0.855469
1 0.148438 0.854492 0.148438 0.862305 0.142578 0.864258 0.135742 0.865234 0.129883 0.863281 0.127930 0.857422 0.130859 0.852539 0.134766 0.850586 0.141602 0.849609 0.141602 0.849609
1 0.156250 0.837891 0.161133 0.838867 0.164062 0.843750 0.164062 0.850586 0.159180 0.855469 0.152344 0.856445 0.148438 0.852539 0.145508 0.846680 0.146484 0.842773 0.151367 0.839844 0.155273 0.841797
1 0.213867 0.838867 0.218750 0.844727 0.217773 0.849609 0.211914 0.852539 0.206055 0.852539 0.206055 0.852539 0.202148 0.846680 0.202148 0.846680 0.203125 0.840820 0.207031 0.837891 0.210938 0.835938
1 0.220703 0.829102 0.225586 0.832031 0.225586 0.837891 0.220703 0.841797 0.214844 0.838867 0.211914 0.833984 0.216797 0.829102
1 0.208984 0.824219 0.211914 0.833008 0.208984 0.836914 0.205078 0.841797 0.197266 0.839844 0.193359 0.837891 0.193359 0.830078 0.192383 0.826172 0.197266 0.822266 0.201172 0.819336
1 0.172852 0.837891 0.174805 0.841797 0.174805 0.844727 0.171875 0.847656 0.166992 0.845703 0.166016 0.841797 0.168945 0.837891
1 0.196289 0.804688 0.202148 0.809570 0.203125 0.815430 0.203125 0.821289 0.199219 0.824219 0.189453 0.827148 0.184570 0.825195 0.182617 0.817383 0.183594 0.810547 0.188477 0.805664
1 0.216797 0.796875 0.221680 0.803711 0.220703 0.813477 0.220703 0.813477 0.216797 0.818359 0.210938 0.818359 0.206055 0.813477 0.203125 0.805664 0.206055 0.800781 0.208984 0.799805 0.211914 0.796875
1 0.189453 0.797852 0.189453 0.805664 0.185547 0.809570 0.178711 0.810547 0.171875 0.807617 0.169922 0.802734 0.169922 0.797852 0.175781 0.792969 0.181641 0.792969 0.189453 0.795898
1 0.211914 0.770508 0.214844 0.778320 0.208008 0.785156 0.208008 0.785156 0.201172 0.783203 0.198242 0.780273 0.197266 0.771484 0.204102 0.768555
1 0.144531 0.767578 0.147461 0.773438 0.147461 0.780273 0.141602 0.787109 0.132812 0.783203 0.131836 0.773438 0.132812 0.766602 0.137695 0.763672
1 0.139648 0.744141 0.141602 0.750977 0.138672 0.756836 0.130859 0.758789 0.125000 0.753906 0.126953 0.748047 0.130859 0.743164 0.134766 0.743164 0.138672 0.743164
1 0.117188 0.748047 0.118164 0.755859 0.111328 0.757812 0.109375 0.752930 0.111328 0.749023
1 0.122070 0.762695 0.124023 0.766602 0.120117 0.768555 0.115234 0.767578 0.115234 0.767578 0.115234 0.761719
1 0.213867 0.733398 0.213867 0.742188 0.209961 0.744141 0.205078 0.744141 0.200195 0.740234 0.200195 0.740234 0.198242 0.729492 0.200195 0.727539 0.208984 0.733398
1 0.215820 0.709961 0.214844 0.716797 0.210938 0.717773 0.205078 0.712891 0.208008 0.708008
1 0.204102 0.715820 0.196289 0.722656 0.191406 0.720703 0.188477 0.712891 0.193359 0.709961 0.193359 0.709961 0.199219 0.709961
0 0.156250 0.706055 0.167969 0.712891 0.170898 0.721680 0.177734 0.725586 0.183594 0.730469 0.181641 0.734375 0.178711 0.739258 0.173828 0.748047 0.178711 0.755859 0.181641 0.762695 0.188477 0.767578 0.186523 0.777344 0.179688 0.779297 0.168945 0.772461 0.160156 0.764648 0.155273 0.754883 0.158203 0.750977 0.156250 0.743164 0.151367 0.743164 0.152344 0.730469 0.153320 0.719727 0.153320 0.709961
1 0.185547 0.740234 0.187500 0.746094 0.184570 0.750977 0.179688 0.753906 0.175781 0.751953 0.174805 0.746094 0.174805 0.746094 0.177734 0.740234
1 0.189453 0.753906 0.190430 0.761719 0.189453 0.765625 0.182617 0.766602 0.178711 0.760742 0.178711 0.754883 0.183594 0.750000
1 0.133789 0.717773 0.136719 0.725586 0.131836 0.730469 0.125977 0.729492 0.124023 0.726562 0.124023 0.720703 0.126953 0.717773
1 0.138672 0.678711 0.137695 0.686523 0.133789 0.689453 0.125000 0.690430 0.123047 0.684570 0.127930 0.676758 0.132812 0.674805 0.136719 0.677734
1 0.147461 0.672852 0.152344 0.679688 0.149414 0.684570 0.144531 0.685547 0.139648 0.680664 0.138672 0.673828
1 0.150391 0.686523 0.150391 0.695312 0.143555 0.695312 0.139648 0.690430 0.139648 0.685547 0.139648 0.685547 0.142578 0.684570
1 0.148438 0.705078 0.143555 0.713867 0.143555 0.713867 0.136719 0.714844 0.128906 0.708008 0.131836 0.702148 0.131836 0.702148 0.134766 0.695312 0.141602 0.695312 0.146484 0.695312 0.150391 0.697266
1 0.208984 0.693359 0.208984 0.698242 0.205078 0.700195 0.202148 0.698242 0.202148 0.694336 0.206055 0.693359
1 0.125977 0.659180 0.125000 0.666016 0.118164 0.668945 0.111328 0.667969 0.111328 0.663086 0.118164 0.659180
1 0.132812 0.654297 0.133789 0.659180 0.129883 0.663086 0.125000 0.662109 0.123047 0.656250 0.125977 0.652344
1 0.137695 0.651367 0.140625 0.655273 0.137695 0.659180 0.132812 0.661133 0.129883 0.657227 0.132812 0.652344
1 0.192383 0.654297 0.196289 0.660156 0.196289 0.666016 0.191406 0.666992 0.187500 0.666016 0.185547 0.663086 0.185547 0.657227
1 0.186523 0.640625 0.191406 0.646484 0.193359 0.652344 0.189453 0.656250 0.181641 0.654297 0.176758 0.651367 0.177734 0.644531
1 0.197266 0.625977 0.205078 0.626953 0.205078 0.635742 0.205078 0.635742 0.197266 0.637695 0.191406 0.633789 0.190430 0.627930
1 0.214844 0.622070 0.216797 0.626953 0.212891 0.629883 0.209961 0.631836 0.206055 0.628906 0.206055 0.624023 0.209961 0.621094
1 0.220703 0.618164 0.223633 0.621094 0.223633 0.625977 0.219727 0.628906 0.214844 0.627930 0.213867 0.623047 0.215820 0.619141
1 0.159180 0.622070 0.161133 0.629883 0.158203 0.632812 0.152344 0.635742 0.144531 0.635742 0.143555 0.628906 0.148438 0.625000 0.154297 0.623047
1 0.175781 0.604492 0.177734 0.612305 0.174805 0.615234 0.169922 0.611328 0.170898 0.605469
1 0.200195 0.598633 0.205078 0.603516 0.206055 0.608398 0.201172 0.611328 0.195312 0.610352 0.195312 0.610352 0.192383 0.606445 0.193359 0.600586
1 0.158203 0.572266 0.161133 0.578125 0.156250 0.583984 0.150391 0.579102 0.150391 0.574219
0 0.175781 0.503906 0.181641 0.509766 0.187500 0.514648 0.191406 0.519531 0.196289 0.523438 0.196289 0.531250 0.193359 0.534180 0.196289 0.538086 0.198242 0.546875 0.196289 0.556641 0.198242 0.561523 0.196289 0.567383 0.189453 0.568359 0.183594 0.562500 0.183594 0.554688 0.178711 0.548828 0.178711 0.536133 0.172852 0.531250 0.172852 0.522461 0.173828 0.513672 0.168945 0.506836 0.169922 0.500977
1 0.141602 0.527344 0.142578 0.533203 0.138672 0.537109 0.134766 0.539062 0.132812 0.532227 0.132812 0.532227 0.134766 0.527344
1 0.128906 0.542969 0.130859 0.547852 0.127930 0.551758 0.124023 0.552734 0.119141 0.550781 0.119141 0.544922 0.123047 0.543945
1 0.144531 0.495117 0.151367 0.496094 0.156250 0.500000 0.157227 0.507812 0.151367 0.511719 0.143555 0.514648 0.137695 0.510742 0.134766 0.501953 0.137695 0.496094
1 0.170898 0.479492 0.177734 0.483398 0.179688 0.491211 0.171875 0.493164 0.171875 0.496094 0.166016 0.496094 0.161133 0.488281 0.164062 0.483398
1 0.204102 0.478516 0.206055 0.483398 0.206055 0.488281 0.202148 0.491211 0.196289 0.488281 0.193359 0.482422 0.196289 0.477539
1 0.211914 0.496094 0.208008 0.505859 0.201172 0.500977 0.203125 0.495117
1 0.177734 0.458984 0.179688 0.464844 0.176758 0.469727 0.172852 0.466797 0.171875 0.461914
1 0.176758 0.421875 0.181641 0.426758 0.184570 0.428711 0.184570 0.432617 0.181641 0.436523 0.181641 0.436523 0.175781 0.436523 0.170898 0.431641 0.169922 0.424805 0.171875 0.419922
1 0.144531 0.427734 0.146484 0.439453 0.141602 0.448242 0.136719 0.452148 0.136719 0.452148 0.127930 0.450195 0.127930 0.450195 0.123047 0.443359 0.121094 0.436523 0.125977 0.427734 0.128906 0.430664 0.133789 0.429688 0.135742 0.425781
1 0.132812 0.406250 0.136719 0.410156 0.132812 0.414062 0.130859 0.416992 0.125977 0.416992 0.123047 0.411133
1 0.126953 0.386719 0.134766 0.392578 0.134766 0.392578 0.133789 0.397461 0.132812 0.402344 0.125977 0.400391 0.123047 0.393555 0.123047 0.388672
1 0.139648 0.376953 0.142578 0.384766 0.143555 0.393555 0.138672 0.396484 0.135742 0.397461 0.130859 0.390625 0.126953 0.385742 0.127930 0.378906 0.127930 0.378906 0.130859 0.377930 0.131836 0.375000
1 0.202148 0.359375 0.208984 0.362305 0.210938 0.368164 0.208984 0.373047 0.203125 0.375977 0.197266 0.373047 0.194336 0.367188 0.190430 0.363281 0.191406 0.357422
1 0.139648 0.333984 0.139648 0.342773 0.135742 0.346680 0.127930 0.345703 0.125977 0.337891 0.127930 0.333984 0.133789 0.331055 0.133789 0.331055
1 0.128906 0.313477 0.128906 0.321289 0.125000 0.323242 0.122070 0.318359 0.122070 0.313477 0.122070 0.313477
1 0.131836 0.321289 0.133789 0.327148 0.128906 0.330078 0.123047 0.323242 0.128906 0.320312
1 0.174805 0.317383 0.177734 0.324219 0.173828 0.329102 0.168945 0.322266 0.169922 0.317383
1 0.160156 0.312500 0.167969 0.315430 0.171875 0.321289 0.171875 0.328125 0.166016 0.332031 0.159180 0.330078 0.156250 0.325195 0.158203 0.317383
1 0.202148 0.307617 0.202148 0.315430 0.199219 0.320312 0.194336 0.319336 0.189453 0.314453 0.195312 0.307617
1 0.177734 0.303711 0.181641 0.309570 0.179688 0.314453 0.174805 0.316406 0.167969 0.312500 0.167969 0.305664 0.171875 0.302734
1 0.144531 0.299805 0.148438 0.304688 0.145508 0.310547 0.140625 0.312500 0.134766 0.310547 0.134766 0.302734 0.139648 0.297852
1 0.167969 0.249023 0.173828 0.255859 0.173828 0.260742 0.166992 0.262695 0.161133 0.259766 0.161133 0.251953
1 0.204102 0.250977 0.209961 0.254883 0.211914 0.259766 0.208984 0.263672 0.206055 0.265625 0.200195 0.263672 0.197266 0.257812 0.200195 0.252930
1 0.183594 0.192383 0.187500 0.199219 0.186523 0.203125 0.180664 0.206055 0.180664 0.206055 0.174805 0.202148 0.173828 0.194336 0.177734 0.190430
1 0.201172 0.125977 0.203125 0.128906 0.205078 0.133789 0.200195 0.137695 0.193359 0.136719 0.192383 0.128906 0.196289 0.127930
1 0.158203 0.103516 0.160156 0.108398 0.155273 0.111328 0.155273 0.111328 0.152344 0.107422 0.153320 0.103516
1 0.133789 0.080078 0.137695 0.081055 0.137695 0.084961 0.133789 0.087891 0.131836 0.083008
1 0.127930 0.065430 0.130859 0.068359 0.128906 0.072266 0.125977 0.071289 0.125000 0.067383
1 0.124023 0.058594 0.127930 0.061523 0.127930 0.065430 0.123047 0.067383 0.122070 0.063477
1 0.191406 0.088867 0.196289 0.094727 0.195312 0.100586 0.191406 0.102539 0.187500 0.094727
0 0.174805 0.026367 0.181641 0.031250 0.182617 0.040039 0.188477 0.045898 0.189453 0.055664 0.195312 0.061523 0.194336 0.070312 0.190430 0.075195 0.183594 0.074219 0.175781 0.072266 0.173828 0.064453 0.167969 0.064453 0.166016 0.059570 0.166016 0.052734 0.165039 0.045898 0.158203 0.044922 0.155273 0.037109 0.159180 0.030273 0.166016 0.028320
1 0.158203 0.010742 0.166992 0.008789 0.170898 0.011719 0.170898 0.017578 0.165039 0.019531 0.157227 0.017578 0.158203 0.013672
1 0.181641 0.000000 0.184570 0.007812 0.188477 0.009766 0.195312 0.007812 0.201172 0.000977
1 0.206055 0.016602 0.208008 0.024414 0.208008 0.032227 0.205078 0.035156 0.203125 0.029297 0.201172 0.025391 0.197266 0.019531
1 0.219727 0.055664 0.224609 0.060547 0.224609 0.066406 0.219727 0.067383 0.215820 0.065430 0.214844 0.059570 0.214844 0.059570
1 0.225586 0.067383 0.227539 0.073242 0.222656 0.076172 0.218750 0.073242 0.217773 0.067383
1 0.284180 0.051758 0.286133 0.058594 0.281250 0.065430 0.281250 0.065430 0.275391 0.066406 0.269531 0.065430 0.265625 0.061523 0.272461 0.057617 0.276367 0.051758
1 0.312500 0.042969 0.312500 0.047852 0.309570 0.049805 0.305664 0.045898 0.305664 0.043945
1 0.262695 0.014648 0.265625 0.020508 0.262695 0.026367 0.255859 0.027344 0.251953 0.023438 0.252930 0.017578 0.256836 0.016602
1 0.230469 0.000000 0.241211 0.008789 0.246094 0.007812 0.247070 0.009766 0.252930 0.011719 0.257812 0.008789 0.269531 0.000000
1 0.388672 0.000000 0.394531 0.000977 0.396484 0.005859 0.392578 0.007812 0.387695 0.007812 0.384766 0.003906 0.384766 0.003906 0.384766 0.000000
1 0.375977 0.011719 0.377930 0.017578 0.374023 0.020508 0.369141 0.017578 0.368164 0.013672 0.372070 0.010742
1 0.369141 0.004883 0.372070 0.009766 0.368164 0.011719 0.363281 0.011719 0.359375 0.006836 0.362305 0.002930
0 0.364258 0.020508 0.349609 0.023438 0.343750 0.023438 0.343750 0.016602 0.343750 0.016602 0.337891 0.013672 0.334961 0.007812 0.333984 0.002930 0.331055 0.000000 0.357422 0.000000 0.357422 0.006836 0.363281 0.013672
1 0.363281 0.021484 0.370117 0.022461 0.372070 0.027344 0.372070 0.033203 0.366211 0.037109 0.366211 0.037109 0.360352 0.037109 0.354492 0.036133 0.349609 0.032227 0.349609 0.025391 0.354492 0.021484
1 0.351562 0.038086 0.351562 0.041992 0.347656 0.044922 0.342773 0.043945 0.340820 0.038086 0.342773 0.034180 0.346680 0.033203
1 0.359375 0.044922 0.358398 0.050781 0.355469 0.055664 0.352539 0.056641 0.347656 0.053711 0.343750 0.049805 0.343750 0.049805 0.344727 0.043945 0.350586 0.040039 0.354492 0.040039
1 0.267578 0.170898 0.272461 0.173828 0.275391 0.180664 0.274414 0.185547 0.269531 0.187500 0.262695 0.185547 0.260742 0.175781
1 0.233398 0.191406 0.243164 0.196289 0.245117 0.207031 0.239258 0.211914 0.233398 0.211914 0.227539 0.208008 0.226562 0.201172 0.225586 0.196289
1 0.245117 0.207031 0.251953 0.211914 0.252930 0.221680 0.247070 0.225586 0.241211 0.227539 0.234375 0.224609 0.227539 0.218750 0.226562 0.210938 0.230469 0.209961 0.243164 0.210938
1 0.259766 0.212891 0.263672 0.223633 0.261719 0.233398 0.254883 0.237305 0.247070 0.238281 0.241211 0.234375 0.240234 0.226562 0.249023 0.222656 0.250977 0.214844
1 0.241211 0.276367 0.248047 0.278320 0.248047 0.285156 0.240234 0.288086 0.234375 0.285156 0.234375 0.278320
1 0.253906 0.269531 0.256836 0.271484 0.258789 0.276367 0.254883 0.279297 0.249023 0.276367 0.250977 0.273438
1 0.261719 0.265625 0.266602 0.266602 0.266602 0.273438 0.261719 0.277344 0.255859 0.270508 0.255859 0.266602
1 0.288086 0.250977 0.293945 0.254883 0.294922 0.259766 0.291992 0.263672 0.287109 0.261719 0.283203 0.255859
1 0.313477 0.233398 0.315430 0.243164 0.311523 0.249023 0.304688 0.248047 0.301758 0.242188 0.302734 0.233398
1 0.298828 0.207031 0.303711 0.213867 0.298828 0.218750 0.291992 0.217773 0.291016 0.209961 0.291016 0.209961
1 0.291992 0.191406 0.294922 0.196289 0.290039 0.200195 0.285156 0.197266 0.286133 0.192383
1 0.285156 0.177734 0.291016 0.181641 0.289062 0.187500 0.283203 0.188477 0.279297 0.183594
1 0.327148 0.220703 0.335938 0.226562 0.334961 0.235352 0.332031 0.238281 0.325195 0.236328 0.325195 0.230469 0.325195 0.230469 0.320312 0.225586 0.321289 0.219727
1 0.325195 0.195312 0.332031 0.204102 0.328125 0.211914 0.321289 0.211914 0.315430 0.208008 0.313477 0.201172 0.316406 0.195312
1 0.314453 0.182617 0.321289 0.184570 0.323242 0.190430 0.320312 0.193359 0.317383 0.195312 0.311523 0.189453
0 0.312500 0.161133 0.321289 0.165039 0.321289 0.169922 0.325195 0.171875 0.327148 0.167969 0.333008 0.169922 0.331055 0.175781 0.336914 0.183594 0.343750 0.192383 0.348633 0.203125 0.351562 0.207031 0.356445 0.208984 0.361328 0.208984 0.360352 0.215820 0.352539 0.211914 0.348633 0.214844 0.345703 0.217773 0.336914 0.215820 0.333008 0.209961 0.330078 0.205078 0.328125 0.199219 0.325195 0.191406 0.321289 0.184570 0.315430 0.181641 0.311523 0.174805 0.311523 0.174805 0.311523 0.166016
1 0.352539 0.146484 0.357422 0.152344 0.355469 0.158203 0.350586 0.157227 0.346680 0.152344 0.346680 0.147461
1 0.366211 0.177734 0.368164 0.183594 0.366211 0.188477 0.359375 0.188477 0.358398 0.181641 0.360352 0.177734
1 0.392578 0.199219 0.398438 0.207031 0.395508 0.210938 0.388672 0.211914 0.382812 0.208984 0.383789 0.203125 0.389648 0.199219
1 0.359375 0.132812 0.366211 0.135742 0.369141 0.140625 0.366211 0.145508 0.358398 0.142578 0.357422 0.136719
1 0.370117 0.144531 0.376953 0.148438 0.376953 0.153320 0.370117 0.153320 0.367188 0.157227 0.362305 0.154297 0.360352 0.149414 0.362305 0.144531
1 0.380859 0.153320 0.381836 0.158203 0.377930 0.162109 0.371094 0.161133 0.371094 0.161133 0.367188 0.156250 0.370117 0.152344
1 0.377930 0.163086 0.379883 0.168945 0.375977 0.171875 0.375977 0.171875 0.369141 0.170898 0.368164 0.164062 0.372070 0.161133
1 0.406250 0.091797 0.410156 0.097656 0.408203 0.102539 0.402344 0.105469 0.396484 0.106445 0.396484 0.106445 0.389648 0.100586 0.391602 0.092773 0.391602 0.092773
0 0.387695 0.100586 0.394531 0.105469 0.399414 0.113281 0.405273 0.117188 0.409180 0.126953 0.416992 0.128906 0.423828 0.133789 0.424805 0.141602 0.419922 0.144531 0.414062 0.146484 0.414062 0.152344 0.416992 0.155273 0.421875 0.152344 0.427734 0.148438 0.428711 0.157227 0.430664 0.160156 0.438477 0.157227 0.446289 0.162109 0.447266 0.168945 0.443359 0.175781 0.437500 0.179688 0.428711 0.183594 0.419922 0.177734 0.419922 0.177734 0.414062 0.170898 0.408203 0.166992 0.402344 0.161133 0.400391 0.156250 0.392578 0.151367 0.387695 0.143555 0.381836 0.139648 0.377930 0.129883 0.378906 0.116211 0.383789 0.103516
1 0.460938 0.170898 0.465820 0.175781 0.465820 0.180664 0.460938 0.183594 0.457031 0.181641 0.455078 0.175781
1 0.449219 0.142578 0.455078 0.144531 0.456055 0.148438 0.456055 0.152344 0.451172 0.156250 0.451172 0.156250 0.443359 0.154297 0.441406 0.145508
1 0.439453 0.128906 0.448242 0.131836 0.450195 0.136719 0.446289 0.140625 0.441406 0.140625 0.436523 0.134766
1 0.437500 0.095703 0.442383 0.104492 0.444336 0.111328 0.441406 0.114258 0.435547 0.113281 0.434570 0.103516
1 0.449219 0.092773 0.458008 0.102539 0.461914 0.109375 0.458008 0.115234 0.449219 0.110352 0.444336 0.109375 0.442383 0.101562 0.445312 0.094727
1 0.461914 0.128906 0.466797 0.132812 0.471680 0.135742 0.471680 0.140625 0.461914 0.143555 0.461914 0.143555 0.455078 0.138672 0.455078 0.138672 0.453125 0.130859
0 0.473633 0.062500 0.480469 0.068359 0.487305 0.073242 0.488281 0.083008 0.492188 0.084961 0.500000 0.085938 0.500000 0.085938 0.504883 0.091797 0.503906 0.097656 0.499023 0.102539 0.500000 0.108398 0.506836 0.111328 0.513672 0.118164 0.507812 0.125000 0.507812 0.125000 0.499023 0.125000 0.498047 0.127930 0.491211 0.132812 0.485352 0.125977 0.485352 0.117188 0.483398 0.108398 0.480469 0.103516 0.473633 0.106445 0.468750 0.108398 0.468750 0.108398 0.462891 0.108398 0.458008 0.101562 0.463867 0.096680 0.470703 0.093750 0.470703 0.093750 0.470703 0.084961 0.466797 0.081055 0.465820 0.071289 0.467773 0.066406 0.467773 0.066406
1 0.458008 0.064453 0.459961 0.068359 0.459961 0.073242 0.456055 0.075195 0.451172 0.071289 0.453125 0.066406
1 0.515625 0.073242 0.521484 0.076172 0.522461 0.080078 0.517578 0.083984 0.512695 0.082031 0.510742 0.076172
1 0.528320 0.083008 0.533203 0.092773 0.531250 0.095703 0.521484 0.089844 0.522461 0.084961
1 0.526367 0.091797 0.532227 0.096680 0.531250 0.103516 0.525391 0.104492 0.520508 0.101562 0.519531 0.095703
1 0.535156 0.108398 0.534180 0.116211 0.528320 0.117188 0.522461 0.111328 0.524414 0.103516 0.529297 0.102539
1 0.519531 0.107422 0.525391 0.112305 0.524414 0.118164 0.518555 0.119141 0.511719 0.115234 0.511719 0.115234 0.512695 0.108398
1 0.506836 0.147461 0.512695 0.149414 0.512695 0.149414 0.512695 0.156250 0.509766 0.161133 0.503906 0.160156 0.499023 0.155273 0.500977 0.151367 0.505859 0.152344
1 0.496094 0.136719 0.503906 0.131836 0.509766 0.132812 0.514648 0.128906 0.520508 0.128906 0.522461 0.135742 0.520508 0.139648 0.512695 0.145508 0.506836 0.143555 0.505859 0.137695 0.500977 0.140625 0.499023 0.144531 0.494141 0.142578
1 0.520508 0.140625 0.525391 0.143555 0.529297 0.148438 0.531250 0.155273 0.530273 0.158203 0.523438 0.159180 0.523438 0.159180 0.519531 0.155273 0.516602 0.151367 0.514648 0.144531 0.516602 0.140625
0 0.560547 0.052734 0.570312 0.053711 0.577148 0.061523 0.580078 0.065430 0.580078 0.065430 0.579102 0.073242 0.589844 0.074219 0.597656 0.077148 0.601562 0.083984 0.606445 0.088867 0.611328 0.093750 0.617188 0.098633 0.615234 0.104492 0.607422 0.103516 0.607422 0.103516 0.604492 0.103516 0.600586 0.106445 0.594727 0.106445 0.589844 0.111328 0.583008 0.116211 0.579102 0.113281 0.576172 0.105469 0.575195 0.098633 0.569336 0.099609 0.564453 0.097656 0.563477 0.090820 0.558594 0.086914 0.554688 0.079102 0.552734 0.068359 0.554688 0.059570
1 0.675781 0.003906 0.677734 0.009766 0.676758 0.014648 0.670898 0.015625 0.666016 0.011719 0.666016 0.006836 0.668945 0.002930
1 0.702148 0.000000 0.703125 0.006836 0.707031 0.007812 0.711914 0.005859 0.714844 0.000000
1 0.734375 0.000000 0.735352 0.009766 0.739258 0.014648 0.747070 0.014648 0.750977 0.009766 0.752930 0.000000
1 0.729492 0.010742 0.739258 0.014648 0.744141 0.020508 0.744141 0.029297 0.738281 0.033203 0.729492 0.030273 0.724609 0.024414 0.718750 0.019531 0.721680 0.012695
0 0.725586 0.044922 0.725586 0.037109 0.730469 0.036133 0.740234 0.035156 0.742188 0.027344 0.745117 0.022461 0.750977 0.022461 0.751953 0.013672 0.750977 0.008789 0.753906 0.002930 0.753906 0.002930 0.762695 0.000000 0.762695 0.000000 0.770508 0.003906 0.770508 0.014648 0.769531 0.021484 0.768555 0.028320 0.763672 0.033203 0.759766 0.041016 0.757812 0.045898 0.750977 0.049805 0.741211 0.050781 0.730469 0.051758 0.724609 0.056641 0.718750 0.058594 0.713867 0.053711 0.713867 0.046875 0.716797 0.044922
1 0.771484 0.028320 0.775391 0.030273 0.778320 0.037109 0.772461 0.041016 0.766602 0.039062 0.764648 0.032227 0.764648 0.032227
1 0.780273 0.005859 0.786133 0.011719 0.786133 0.017578 0.783203 0.019531 0.773438 0.014648 0.773438 0.014648 0.774414 0.008789
1 0.706055 0.015625 0.709961 0.021484 0.708008 0.027344 0.702148 0.027344 0.697266 0.022461 0.699219 0.016602
1 0.692383 0.001953 0.691406 0.008789 0.696289 0.013672 0.696289 0.013672 0.700195 0.012695 0.704102 0.008789 0.703125 0.000977
1 0.796875 0.041016 0.800781 0.043945 0.800781 0.048828 0.795898 0.051758 0.791016 0.049805 0.790039 0.043945
1 0.831055 0.002930 0.833984 0.007812 0.833984 0.012695 0.828125 0.013672 0.823242 0.012695 0.821289 0.007812 0.825195 0.002930
1 0.980469 0.029297 0.989258 0.037109 0.992188 0.045898 0.992188 0.045898 0.993164 0.051758 0.987305 0.053711 0.981445 0.050781 0.979492 0.042969 0.971680 0.041016 0.967773 0.037109 0.967773 0.029297 0.967773 0.029297 0.973633 0.029297
1 0.967773 0.042969 0.964844 0.048828 0.958984 0.049805 0.954102 0.047852 0.954102 0.041016 0.960938 0.040039
1 0.950195 0.019531 0.958008 0.025391 0.957031 0.036133 0.952148 0.041992 0.944336 0.042969 0.944336 0.042969 0.938477 0.039062 0.941406 0.028320
1 0.937500 0.005859 0.944336 0.007812 0.943359 0.013672 0.939453 0.016602 0.934570 0.011719
1 0.931641 0.011719 0.936523 0.014648 0.934570 0.020508 0.928711 0.020508 0.925781 0.014648
1 0.910156 0.049805 0.914062 0.052734 0.914062 0.057617 0.908203 0.058594 0.906250 0.052734
1 0.919922 0.071289 0.925781 0.076172 0.932617 0.073242 0.936523 0.076172 0.936523 0.081055 0.928711 0.084961 0.920898 0.084961 0.915039 0.079102 0.915039 0.072266
1 0.907227 0.086914 0.908203 0.093750 0.906250 0.097656 0.900391 0.096680 0.897461 0.092773 0.898438 0.088867
1 0.887695 0.034180 0.890625 0.039062 0.890625 0.043945 0.883789 0.044922 0.883789 0.044922 0.879883 0.040039
1 0.876953 0.035156 0.878906 0.044922 0.873047 0.048828 0.873047 0.048828 0.864258 0.045898 0.858398 0.041016 0.865234 0.035156
1 0.875000 0.083984 0.874023 0.092773 0.869141 0.097656 0.862305 0.093750 0.861328 0.089844 0.865234 0.083984
1 0.869141 0.104492 0.869141 0.110352 0.865234 0.113281 0.861328 0.108398 0.864258 0.103516
1 0.856445 0.107422 0.862305 0.110352 0.862305 0.115234 0.857422 0.118164 0.853516 0.112305
1 0.831055 0.052734 0.832031 0.057617 0.826172 0.060547 0.822266 0.055664 0.825195 0.051758
1 0.810547 0.061523 0.809570 0.069336 0.804688 0.073242 0.799805 0.071289 0.796875 0.066406 0.801758 0.061523
1 0.811523 0.098633 0.810547 0.105469 0.801758 0.111328 0.795898 0.109375 0.792969 0.100586 0.798828 0.095703 0.806641 0.097656
1 0.801758 0.121094 0.800781 0.127930 0.794922 0.129883 0.789062 0.129883 0.789062 0.123047 0.789062 0.123047 0.792969 0.120117 0.792969 0.120117
1 0.763672 0.081055 0.768555 0.087891 0.764648 0.093750 0.759766 0.094727 0.753906 0.089844 0.756836 0.082031
1 0.772461 0.101562 0.775391 0.102539 0.778320 0.106445 0.782227 0.108398 0.786133 0.112305 0.785156 0.119141 0.776367 0.124023 0.769531 0.119141 0.766602 0.110352 0.767578 0.105469
1 0.860352 0.062500 0.867188 0.064453 0.871094 0.062500 0.875000 0.067383 0.875000 0.073242 0.866211 0.077148 0.856445 0.076172 0.854492 0.067383
1 0.633789 0.104492 0.642578 0.109375 0.642578 0.115234 0.633789 0.118164 0.625977 0.114258 0.625977 0.107422
1 0.708008 0.150391 0.710938 0.155273 0.709961 0.159180 0.704102 0.162109 0.697266 0.161133 0.695312 0.152344 0.700195 0.148438 0.700195 0.148438
1 0.733398 0.147461 0.740234 0.151367 0.741211 0.158203 0.735352 0.164062 0.726562 0.164062 0.720703 0.160156 0.720703 0.152344 0.725586 0.148438
1 0.677734 0.116211 0.677734 0.123047 0.673828 0.125977 0.666992 0.124023 0.666016 0.117188 0.670898 0.114258
0 0.625000 0.185547 0.625977 0.192383 0.632812 0.197266 0.636719 0.203125 0.633789 0.209961 0.630859 0.209961 0.631836 0.216797 0.626953 0.218750 0.618164 0.213867 0.612305 0.210938 0.606445 0.209961 0.601562 0.204102 0.598633 0.200195 0.601562 0.195312 0.597656 0.193359 0.592773 0.198242 0.583984 0.196289 0.583008 0.190430 0.581055 0.180664 0.586914 0.176758 0.593750 0.178711 0.600586 0.182617 0.607422 0.183594 0.613281 0.187500
1 0.696289 0.232422 0.698242 0.240234 0.692383 0.241211 0.687500 0.240234 0.684570 0.235352 0.686523 0.229492 0.694336 0.229492
1 0.675781 0.233398 0.672852 0.240234 0.667969 0.239258 0.665039 0.235352 0.665039 0.230469 0.668945 0.228516
1 0.690430 0.249023 0.688477 0.243164 0.683594 0.240234 0.677734 0.244141 0.679688 0.250000 0.683594 0.251953
1 0.668945 0.242188 0.670898 0.249023 0.664062 0.253906 0.658203 0.251953 0.656250 0.246094 0.658203 0.240234 0.658203 0.240234 0.663086 0.239258
1 0.665039 0.212891 0.660156 0.216797 0.655273 0.214844 0.653320 0.208984 0.657227 0.206055 0.662109 0.206055
1 0.588867 0.206055 0.593750 0.211914 0.588867 0.218750 0.582031 0.216797 0.580078 0.210938
1 0.562500 0.177734 0.566406 0.183594 0.562500 0.189453 0.558594 0.189453 0.554688 0.183594 0.555664 0.179688
1 0.571289 0.190430 0.573242 0.196289 0.569336 0.201172 0.561523 0.202148 0.556641 0.194336 0.559570 0.190430 0.559570 0.190430 0.564453 0.190430
1 0.569336 0.202148 0.571289 0.207031 0.566406 0.210938 0.562500 0.205078 0.564453 0.202148
1 0.577148 0.209961 0.581055 0.216797 0.579102 0.223633 0.573242 0.224609 0.569336 0.221680 0.565430 0.213867 0.565430 0.208984 0.570312 0.207031 0.570312 0.207031
1 0.541016 0.195312 0.548828 0.198242 0.551758 0.204102 0.549805 0.212891 0.543945 0.213867 0.543945 0.213867 0.536133 0.209961 0.533203 0.204102 0.535156 0.196289
1 0.522461 0.192383 0.523438 0.201172 0.518555 0.204102 0.509766 0.201172 0.508789 0.193359 0.513672 0.188477 0.518555 0.189453
1 0.531250 0.206055 0.540039 0.211914 0.540039 0.211914 0.541992 0.221680 0.532227 0.231445 0.522461 0.228516 0.522461 0.228516 0.520508 0.219727 0.519531 0.208984
0 0.583984 0.227539 0.594727 0.231445 0.597656 0.245117 0.592773 0.251953 0.590820 0.257812 0.579102 0.255859 0.574219 0.250977 0.565430 0.249023 0.566406 0.244141 0.572266 0.242188 0.576172 0.237305 0.576172 0.228516 0.576172 0.228516
0 0.536133 0.228516 0.548828 0.229492 0.554688 0.239258 0.560547 0.250977 0.559570 0.260742 0.563477 0.268555 0.562500 0.279297 0.563477 0.289062 0.554688 0.290039 0.547852 0.290039 0.546875 0.292969 0.542969 0.293945 0.539062 0.289062 0.541016 0.281250 0.539062 0.274414 0.536133 0.265625 0.534180 0.256836 0.529297 0.246094 0.528320 0.237305
1 0.597656 0.271484 0.603516 0.275391 0.604492 0.283203 0.606445 0.286133 0.604492 0.291992 0.599609 0.291016 0.595703 0.281250 0.589844 0.277344 0.590820 0.273438
1 0.504883 0.237305 0.508789 0.241211 0.507812 0.246094 0.507812 0.246094 0.501953 0.249023 0.496094 0.244141 0.496094 0.237305
1 0.485352 0.249023 0.492188 0.253906 0.494141 0.261719 0.487305 0.268555 0.479492 0.269531 0.472656 0.261719 0.472656 0.253906
1 0.447266 0.232422 0.453125 0.239258 0.451172 0.246094 0.446289 0.249023 0.440430 0.247070 0.436523 0.242188 0.439453 0.235352
1 0.457031 0.247070 0.462891 0.253906 0.461914 0.263672 0.460938 0.268555 0.453125 0.269531 0.446289 0.265625 0.442383 0.256836 0.444336 0.251953 0.449219 0.250000
1 0.469727 0.268555 0.474609 0.278320 0.471680 0.286133 0.461914 0.285156 0.456055 0.283203 0.452148 0.275391 0.458008 0.270508
1 0.469727 0.290039 0.477539 0.291992 0.477539 0.298828 0.469727 0.303711 0.462891 0.307617 0.456055 0.302734 0.457031 0.292969 0.464844 0.289062
1 0.430664 0.273438 0.432617 0.285156 0.424805 0.291016 0.417969 0.291016 0.414062 0.290039 0.413086 0.281250 0.418945 0.276367
1 0.379883 0.282227 0.389648 0.296875 0.389648 0.303711 0.379883 0.307617 0.371094 0.302734 0.369141 0.289062 0.374023 0.283203
1 0.435547 0.297852 0.437500 0.308594 0.434570 0.315430 0.430664 0.312500 0.426758 0.305664 0.423828 0.297852 0.428711 0.295898
1 0.425781 0.311523 0.425781 0.319336 0.418945 0.322266 0.415039 0.316406 0.417969 0.311523
1 0.430664 0.329102 0.430664 0.336914 0.425781 0.338867 0.421875 0.331055 0.426758 0.325195
1 0.434570 0.342773 0.436523 0.352539 0.431641 0.355469 0.424805 0.347656
1 0.408203 0.363281 0.406250 0.371094 0.396484 0.372070 0.393555 0.365234 0.400391 0.360352
1 0.367188 0.379883 0.366211 0.384766 0.362305 0.385742 0.359375 0.380859 0.362305 0.376953
1 0.364258 0.366211 0.361328 0.375000 0.353516 0.372070 0.354492 0.363281
1 0.353516 0.375000 0.348633 0.377930 0.341797 0.375000 0.346680 0.368164
1 0.354492 0.351562 0.350586 0.354492 0.346680 0.349609 0.349609 0.346680
1 0.380859 0.263672 0.378906 0.276367 0.370117 0.277344 0.370117 0.277344 0.365234 0.266602 0.368164 0.254883 0.374023 0.254883 0.374023 0.254883
1 0.370117 0.247070 0.362305 0.252930 0.354492 0.252930 0.351562 0.247070 0.361328 0.243164 0.366211 0.245117
1 0.354492 0.253906 0.352539 0.255859 0.347656 0.254883 0.347656 0.249023 0.352539 0.249023
1 0.347656 0.257812 0.348633 0.268555 0.350586 0.272461 0.346680 0.275391 0.341797 0.271484 0.336914 0.264648 0.338867 0.258789 0.341797 0.256836
1 0.321289 0.254883 0.331055 0.257812 0.335938 0.261719 0.335938 0.264648 0.329102 0.268555 0.329102 0.268555 0.329102 0.271484 0.319336 0.273438 0.316406 0.262695
1 0.329102 0.273438 0.328125 0.279297 0.323242 0.279297 0.321289 0.275391 0.326172 0.274414
1 0.314453 0.267578 0.317383 0.267578 0.320312 0.272461 0.319336 0.276367 0.314453 0.274414 0.310547 0.270508
1 0.310547 0.276367 0.315430 0.283203 0.311523 0.288086 0.305664 0.287109 0.304688 0.280273
1 0.310547 0.290039 0.317383 0.295898 0.317383 0.300781 0.309570 0.300781 0.303711 0.294922 0.303711 0.294922 0.306641 0.288086
1 0.327148 0.319336 0.326172 0.312500 0.319336 0.310547 0.318359 0.316406 0.320312 0.323242
1 0.285156 0.280273 0.288086 0.285156 0.285156 0.292969 0.279297 0.292969 0.277344 0.286133 0.281250 0.280273
1 0.285156 0.312500 0.297852 0.316406 0.298828 0.324219 0.292969 0.330078 0.282227 0.327148 0.282227 0.327148 0.277344 0.316406
1 0.257812 0.306641 0.252930 0.315430 0.244141 0.312500 0.244141 0.302734 0.250000 0.300781
1 0.241211 0.315430 0.247070 0.317383 0.247070 0.322266 0.242188 0.324219 0.238281 0.320312
1 0.227539 0.317383 0.231445 0.320312 0.231445 0.325195 0.225586 0.323242 0.223633 0.320312
1 0.241211 0.303711 0.237305 0.307617 0.232422 0.305664 0.232422 0.300781 0.236328 0.300781
1 0.237305 0.327148 0.243164 0.337891 0.239258 0.346680 0.231445 0.346680 0.227539 0.339844 0.230469 0.329102 0.230469 0.329102
1 0.251953 0.333984 0.253906 0.340820 0.250000 0.344727 0.245117 0.337891
1 0.258789 0.347656 0.256836 0.342773 0.250000 0.342773 0.250000 0.346680 0.253906 0.351562
1 0.258789 0.349609 0.262695 0.355469 0.258789 0.360352 0.254883 0.358398 0.253906 0.352539
1 0.251953 0.365234 0.249023 0.374023 0.244141 0.372070 0.241211 0.369141 0.243164 0.364258 0.243164 0.364258
0 0.231445 0.354492 0.241211 0.358398 0.241211 0.362305 0.237305 0.364258 0.235352 0.366211 0.234375 0.372070 0.227539 0.373047 0.223633 0.378906 0.213867 0.381836 0.213867 0.381836 0.209961 0.375977 0.209961 0.375977 0.210938 0.367188 0.218750 0.366211 0.222656 0.359375 0.229492 0.355469
1 0.356445 0.329102 0.362305 0.335938 0.360352 0.343750 0.352539 0.342773 0.345703 0.337891 0.348633 0.329102
1 0.342773 0.391602 0.343750 0.396484 0.338867 0.400391 0.333008 0.396484 0.335938 0.390625
1 0.309570 0.412109 0.307617 0.415039 0.303711 0.412109 0.308594 0.409180
1 0.297852 0.418945 0.292969 0.418945 0.292969 0.416016 0.296875 0.414062 0.300781 0.415039 0.299805 0.419922
1 0.289062 0.405273 0.289062 0.398438 0.283203 0.397461 0.278320 0.401367 0.277344 0.407227 0.283203 0.409180
1 0.279297 0.391602 0.279297 0.399414 0.272461 0.401367 0.267578 0.396484 0.267578 0.396484 0.271484 0.390625 0.271484 0.390625
1 0.266602 0.401367 0.265625 0.407227 0.261719 0.408203 0.258789 0.403320 0.258789 0.403320 0.263672 0.400391
1 0.270508 0.411133 0.274414 0.418945 0.270508 0.423828 0.264648 0.420898 0.261719 0.413086 0.264648 0.409180
0 0.209961 0.383789 0.220703 0.384766 0.221680 0.393555 0.224609 0.396484 0.228516 0.395508 0.233398 0.397461 0.234375 0.402344 0.230469 0.407227 0.229492 0.413086 0.221680 0.416992 0.215820 0.416016 0.213867 0.409180 0.215820 0.405273 0.214844 0.400391 0.207031 0.400391 0.207031 0.395508 0.212891 0.392578 0.207031 0.386719
1 0.246094 0.419922 0.250977 0.425781 0.253906 0.431641 0.252930 0.439453 0.249023 0.440430 0.241211 0.434570 0.241211 0.428711 0.239258 0.424805
1 0.242188 0.437500 0.240234 0.442383 0.235352 0.444336 0.232422 0.441406 0.232422 0.435547 0.232422 0.435547 0.238281 0.434570
1 0.213867 0.449219 0.213867 0.455078 0.208984 0.456055 0.205078 0.451172 0.208984 0.447266
1 0.223633 0.455078 0.229492 0.460938 0.227539 0.464844 0.221680 0.469727 0.214844 0.468750 0.213867 0.461914 0.216797 0.458008 0.216797 0.458008
1 0.240234 0.447266 0.251953 0.446289 0.253906 0.453125 0.250000 0.459961 0.240234 0.458984 0.237305 0.452148 0.238281 0.449219
1 0.270508 0.477539 0.268555 0.484375 0.268555 0.484375 0.262695 0.486328 0.257812 0.482422 0.257812 0.477539 0.263672 0.474609
1 0.301758 0.499023 0.308594 0.502930 0.307617 0.509766 0.301758 0.510742 0.295898 0.505859 0.295898 0.500000
1 0.261719 0.554688 0.259766 0.559570 0.253906 0.558594 0.251953 0.553711 0.254883 0.549805 0.258789 0.550781
1 0.321289 0.557617 0.326172 0.566406 0.326172 0.570312 0.317383 0.575195 0.311523 0.575195 0.305664 0.570312 0.298828 0.568359 0.301758 0.562500 0.310547 0.562500 0.314453 0.558594
1 0.326172 0.507812 0.327148 0.499023 0.321289 0.495117 0.316406 0.494141 0.310547 0.498047 0.310547 0.498047 0.310547 0.506836 0.319336 0.508789
1 0.326172 0.517578 0.331055 0.521484 0.330078 0.526367 0.325195 0.529297 0.318359 0.522461 0.319336 0.516602
0 0.342773 0.475586 0.355469 0.478516 0.355469 0.478516 0.361328 0.486328 0.367188 0.490234 0.368164 0.499023 0.365234 0.501953 0.364258 0.510742 0.362305 0.515625 0.366211 0.522461 0.362305 0.524414 0.361328 0.529297 0.353516 0.529297 0.351562 0.524414 0.349609 0.518555 0.342773 0.515625 0.340820 0.504883 0.344727 0.495117 0.338867 0.491211 0.338867 0.483398
1 0.384766 0.458008 0.387695 0.462891 0.384766 0.468750 0.378906 0.466797 0.377930 0.460938
1 0.326172 0.447266 0.328125 0.453125 0.322266 0.458008 0.316406 0.453125 0.316406 0.447266 0.322266 0.445312
1 0.344727 0.435547 0.350586 0.436523 0.353516 0.441406 0.350586 0.449219 0.341797 0.451172 0.334961 0.444336 0.334961 0.437500 0.342773 0.435547
1 0.333008 0.415039 0.332031 0.421875 0.329102 0.423828 0.324219 0.420898 0.324219 0.415039
1 0.365234 0.405273 0.371094 0.414062 0.375977 0.425781 0.378906 0.431641 0.374023 0.438477 0.362305 0.435547 0.354492 0.429688 0.354492 0.418945 0.355469 0.412109 0.355469 0.412109 0.359375 0.406250
1 0.379883 0.396484 0.388672 0.402344 0.389648 0.410156 0.385742 0.411133 0.375977 0.406250 0.374023 0.399414
0 0.417969 0.373047 0.428711 0.375000 0.434570 0.370117 0.441406 0.372070 0.449219 0.375000 0.449219 0.375000 0.453125 0.382812 0.452148 0.390625 0.456055 0.397461 0.461914 0.401367 0.465820 0.406250 0.465820 0.412109 0.465820 0.412109 0.469727 0.420898 0.467773 0.425781 0.473633 0.433594 0.470703 0.438477 0.460938 0.435547 0.460938 0.435547 0.454102 0.429688 0.454102 0.423828 0.449219 0.416992 0.439453 0.418945 0.435547 0.412109 0.438477 0.406250 0.441406 0.406250 0.440430 0.394531 0.443359 0.393555 0.438477 0.381836 0.426758 0.385742 0.426758 0.396484 0.430664 0.403320 0.430664 0.412109 0.423828 0.416992 0.416992 0.413086 0.416992 0.404297 0.420898 0.399414 0.415039 0.399414 0.412109 0.390625 0.406250 0.385742 0.406250 0.385742 0.407227 0.377930
1 0.398438 0.448242 0.398438 0.455078 0.390625 0.457031 0.386719 0.453125 0.386719 0.445312 0.390625 0.443359
1 0.424805 0.432617 0.435547 0.440430 0.433594 0.446289 0.426758 0.450195 0.420898 0.449219 0.416016 0.445312 0.416016 0.439453 0.422852 0.434570
1 0.437500 0.420898 0.440430 0.429688 0.437500 0.438477 0.427734 0.435547 0.424805 0.429688 0.426758 0.423828
1 0.417969 0.460938 0.420898 0.467773 0.415039 0.472656 0.404297 0.469727 0.410156 0.462891 0.410156 0.458984 0.415039 0.458984
1 0.420898 0.477539 0.424805 0.482422 0.422852 0.487305 0.415039 0.486328 0.411133 0.488281 0.407227 0.482422 0.409180 0.477539
1 0.457031 0.463867 0.463867 0.469727 0.463867 0.477539 0.453125 0.478516 0.446289 0.474609 0.443359 0.467773 0.451172 0.462891 0.451172 0.462891
1 0.446289 0.514648 0.447266 0.520508 0.442383 0.524414 0.436523 0.522461 0.436523 0.522461 0.436523 0.515625 0.440430 0.512695
1 0.489258 0.492188 0.492188 0.498047 0.492188 0.503906 0.486328 0.505859 0.486328 0.505859 0.481445 0.501953 0.481445 0.495117 0.485352 0.493164
1 0.490234 0.476562 0.496094 0.479492 0.496094 0.490234 0.489258 0.492188 0.481445 0.486328 0.481445 0.482422
1 0.502930 0.477539 0.510742 0.480469 0.510742 0.488281 0.500000 0.490234 0.500000 0.490234 0.495117 0.483398 0.495117 0.483398 0.498047 0.479492
1 0.490234 0.435547 0.487305 0.443359 0.478516 0.439453 0.479492 0.432617 0.483398 0.430664
1 0.501953 0.437500 0.504883 0.443359 0.500000 0.446289 0.495117 0.445312 0.494141 0.439453
1 0.521484 0.425781 0.530273 0.434570 0.523438 0.440430 0.515625 0.437500 0.510742 0.440430 0.505859 0.434570 0.516602 0.429688
1 0.531250 0.436523 0.539062 0.442383 0.539062 0.450195 0.539062 0.450195 0.530273 0.452148 0.522461 0.447266 0.523438 0.440430
1 0.541016 0.448242 0.543945 0.455078 0.539062 0.459961 0.534180 0.458984 0.530273 0.456055 0.530273 0.451172
1 0.544922 0.471680 0.546875 0.475586 0.542969 0.484375 0.537109 0.486328 0.530273 0.482422 0.530273 0.476562 0.530273 0.476562 0.535156 0.470703 0.539062 0.470703
0 0.581055 0.448242 0.583008 0.458008 0.575195 0.461914 0.564453 0.458008 0.564453 0.451172 0.564453 0.451172 0.564453 0.444336 0.565430 0.434570 0.570312 0.432617 0.574219 0.438477 0.579102 0.443359
1 0.562500 0.429688 0.567383 0.439453 0.561523 0.445312 0.551758 0.443359 0.548828 0.436523 0.554688 0.430664
1 0.478516 0.404297 0.482422 0.415039 0.482422 0.415039 0.475586 0.420898 0.469727 0.416016 0.466797 0.411133 0.471680 0.404297
0 0.501953 0.368164 0.512695 0.373047 0.519531 0.375977 0.523438 0.385742 0.526367 0.388672 0.529297 0.400391 0.536133 0.413086 0.539062 0.419922 0.535156 0.431641 0.526367 0.428711 0.526367 0.428711 0.517578 0.425781 0.512695 0.422852 0.512695 0.422852 0.503906 0.416016 0.506836 0.410156 0.511719 0.401367 0.502930 0.396484 0.495117 0.388672 0.490234 0.380859 0.497070 0.373047
1 0.472656 0.401367 0.471680 0.395508 0.465820 0.394531 0.461914 0.398438 0.463867 0.404297 0.471680 0.403320
0 0.460938 0.361328 0.464844 0.356445 0.474609 0.356445 0.479492 0.352539 0.484375 0.356445 0.482422 0.361328 0.475586 0.366211 0.469727 0.368164 0.469727 0.372070 0.467773 0.374023 0.470703 0.382812 0.459961 0.387695 0.457031 0.379883 0.452148 0.374023 0.457031 0.367188 0.455078 0.361328
1 0.516602 0.335938 0.519531 0.341797 0.515625 0.349609 0.509766 0.348633 0.504883 0.340820 0.507812 0.335938 0.513672 0.333984
1 0.543945 0.368164 0.544922 0.373047 0.541016 0.375000 0.535156 0.373047 0.535156 0.368164 0.541016 0.365234
1 0.542969 0.373047 0.546875 0.376953 0.542969 0.380859 0.539062 0.376953
1 0.553711 0.399414 0.556641 0.405273 0.550781 0.408203 0.545898 0.403320 0.545898 0.403320 0.549805 0.397461
1 0.566406 0.391602 0.566406 0.387695 0.561523 0.385742 0.558594 0.389648 0.561523 0.394531
1 0.576172 0.409180 0.572266 0.402344 0.564453 0.403320 0.563477 0.408203 0.567383 0.411133
1 0.555664 0.326172 0.552734 0.333984 0.546875 0.333984 0.543945 0.328125 0.548828 0.323242
1 0.571289 0.314453 0.580078 0.325195 0.573242 0.328125 0.565430 0.328125 0.561523 0.322266 0.563477 0.316406
1 0.598633 0.336914 0.598633 0.343750 0.590820 0.347656 0.585938 0.340820 0.590820 0.333984 0.590820 0.333984
1 0.584961 0.356445 0.578125 0.368164 0.569336 0.367188 0.562500 0.360352 0.568359 0.352539 0.578125 0.353516
1 0.593750 0.357422 0.600586 0.365234 0.597656 0.370117 0.592773 0.375000 0.582031 0.374023 0.581055 0.367188 0.585938 0.357422
1 0.591797 0.376953 0.596680 0.381836 0.595703 0.385742 0.585938 0.385742 0.580078 0.382812 0.584961 0.376953
1 0.600586 0.385742 0.605469 0.389648 0.602539 0.394531 0.592773 0.398438 0.585938 0.398438 0.585938 0.398438 0.583984 0.393555 0.584961 0.386719
0 0.625977 0.389648 0.631836 0.402344 0.627930 0.412109 0.630859 0.417969 0.625000 0.418945 0.625000 0.426758 0.625000 0.426758 0.620117 0.432617 0.620117 0.432617 0.611328 0.428711 0.612305 0.422852 0.603516 0.417969 0.596680 0.405273 0.603516 0.398438 0.603516 0.398438 0.606445 0.390625 0.616211 0.387695
0 0.633789 0.430664 0.644531 0.431641 0.650391 0.426758 0.660156 0.421875 0.664062 0.424805 0.660156 0.432617 0.654297 0.438477 0.643555 0.437500 0.639648 0.445312 0.628906 0.446289 0.619141 0.449219 0.611328 0.453125 0.604492 0.458984 0.597656 0.464844 0.590820 0.460938 0.595703 0.456055 0.595703 0.447266 0.602539 0.442383 0.610352 0.439453 0.619141 0.438477 0.625000 0.432617
1 0.681641 0.383789 0.688477 0.389648 0.685547 0.395508 0.674805 0.394531 0.668945 0.396484 0.666016 0.392578 0.674805 0.382812
1 0.689453 0.372070 0.695312 0.375000 0.695312 0.380859 0.691406 0.386719 0.683594 0.380859 0.681641 0.375977
1 0.726562 0.356445 0.731445 0.361328 0.732422 0.369141 0.726562 0.372070 0.721680 0.364258
1 0.701172 0.345703 0.708984 0.354492 0.710938 0.363281 0.702148 0.372070 0.691406 0.367188 0.685547 0.362305 0.684570 0.352539 0.692383 0.348633
1 0.685547 0.368164 0.681641 0.345703 0.670898 0.351562 0.665039 0.360352 0.666016 0.368164 0.673828 0.375000 0.680664 0.374023
1 0.668945 0.336914 0.665039 0.347656 0.657227 0.348633 0.651367 0.344727 0.655273 0.333984 0.662109 0.332031
1 0.654297 0.348633 0.645508 0.354492 0.637695 0.350586 0.637695 0.345703 0.643555 0.342773 0.647461 0.344727
1 0.642578 0.337891 0.638672 0.343750 0.631836 0.344727 0.627930 0.338867 0.633789 0.333984 0.638672 0.335938
1 0.634766 0.321289 0.635742 0.327148 0.631836 0.331055 0.625977 0.325195 0.626953 0.320312
0 0.642578 0.285156 0.657227 0.285156 0.664062 0.289062 0.671875 0.290039 0.677734 0.294922 0.681641 0.296875 0.685547 0.302734 0.684570 0.310547 0.684570 0.310547 0.680664 0.313477 0.676758 0.324219 0.661133 0.323242 0.651367 0.314453 0.645508 0.309570 0.645508 0.303711 0.654297 0.298828 0.650391 0.291992 0.644531 0.295898 0.635742 0.296875 0.637695 0.301758 0.627930 0.303711 0.624023 0.296875 0.628906 0.289062
1 0.713867 0.270508 0.708984 0.280273 0.701172 0.278320 0.700195 0.272461 0.704102 0.268555
1 0.743164 0.270508 0.750000 0.273438 0.748047 0.279297 0.742188 0.284180 0.734375 0.281250 0.734375 0.273438
1 0.724609 0.311523 0.723633 0.307617 0.719727 0.305664 0.714844 0.309570 0.717773 0.314453
0 0.760742 0.297852 0.773438 0.300781 0.783203 0.310547 0.786133 0.322266 0.782227 0.329102 0.770508 0.328125 0.765625 0.323242 0.761719 0.329102 0.750000 0.326172 0.746094 0.318359 0.748047 0.305664
1 0.756836 0.276367 0.757812 0.284180 0.752930 0.287109 0.746094 0.282227 0.750000 0.276367
1 0.750000 0.361328 0.751953 0.365234 0.747070 0.370117 0.743164 0.364258 0.745117 0.360352
1 0.769531 0.349609 0.772461 0.353516 0.772461 0.360352 0.762695 0.361328 0.762695 0.361328 0.758789 0.355469 0.762695 0.350586
1 0.765625 0.228516 0.774414 0.229492 0.776367 0.241211 0.770508 0.246094 0.762695 0.248047 0.757812 0.238281 0.757812 0.231445
1 0.777344 0.235352 0.785156 0.237305 0.788086 0.245117 0.782227 0.250000 0.771484 0.248047 0.771484 0.248047 0.771484 0.239258
1 0.815430 0.216797 0.821289 0.222656 0.819336 0.227539 0.812500 0.229492 0.805664 0.221680 0.805664 0.221680 0.808594 0.215820
1 0.835938 0.257812 0.840820 0.267578 0.833984 0.274414 0.830078 0.277344 0.815430 0.269531 0.822266 0.259766
1 0.847656 0.255859 0.848633 0.263672 0.843750 0.268555 0.837891 0.263672 0.837891 0.254883 0.843750 0.250977
1 0.865234 0.253906 0.864258 0.266602 0.856445 0.271484 0.848633 0.267578 0.847656 0.259766 0.853516 0.250977
0 0.843750 0.301758 0.852539 0.300781 0.857422 0.293945 0.861328 0.295898 0.860352 0.305664 0.865234 0.307617 0.865234 0.312500 0.855469 0.312500 0.850586 0.316406 0.844727 0.314453 0.844727 0.314453 0.840820 0.300781
1 0.858398 0.199219 0.863281 0.205078 0.863281 0.205078 0.862305 0.208984 0.854492 0.213867 0.848633 0.207031 0.853516 0.200195
1 0.963867 0.264648 0.971680 0.272461 0.968750 0.280273 0.960938 0.284180 0.949219 0.273438 0.957031 0.268555
1 0.982422 0.265625 0.988281 0.273438 0.983398 0.278320 0.976562 0.269531
1 0.987305 0.277344 0.991211 0.283203 0.986328 0.286133 0.981445 0.280273
1 0.992188 0.285156 0.992188 0.293945 0.984375 0.292969 0.981445 0.286133 0.986328 0.284180
1 0.990234 0.295898 0.988281 0.305664 0.973633 0.304688 0.973633 0.299805 0.973633 0.299805 0.980469 0.293945
1 0.926758 0.311523 0.931641 0.315430 0.931641 0.321289 0.921875 0.325195 0.915039 0.320312 0.918945 0.312500
1 0.943359 0.313477 0.948242 0.316406 0.948242 0.316406 0.945312 0.322266 0.939453 0.325195 0.934570 0.319336 0.939453 0.315430
1 0.993164 0.312500 0.992188 0.319336 0.986328 0.319336 0.984375 0.314453
1 0.996094 0.306641 1.000000 0.309570 1.000000 0.316406 0.991211 0.317383 0.989258 0.309570
1 0.962891 0.319336 0.972656 0.322266 0.968750 0.333984 0.957031 0.337891 0.952148 0.330078 0.957031 0.325195
0 0.879883 0.349609 0.898438 0.345703 0.903320 0.352539 0.908203 0.363281 0.916992 0.360352 0.928711 0.357422 0.926758 0.350586 0.936523 0.346680 0.936523 0.346680 0.947266 0.353516 0.948242 0.364258 0.953125 0.373047 0.969727 0.366211 0.986328 0.364258 1.000000 0.369141 1.000000 0.414062 0.996094 0.412109 0.998047 0.404297 0.988281 0.400391 0.996094 0.388672 0.991211 0.383789 0.977539 0.390625 0.977539 0.403320 0.975586 0.416992 0.962891 0.421875 0.954102 0.418945 0.949219 0.428711 0.931641 0.428711 0.918945 0.423828 0.910156 0.417969 0.907227 0.429688 0.890625 0.429688 0.889648 0.412109 0.901367 0.408203 0.901367 0.408203 0.896484 0.400391 0.890625 0.391602 0.884766 0.380859 0.880859 0.374023 0.866211 0.382812 0.849609 0.375977 0.855469 0.363281 0.866211 0.362305 0.869141 0.353516
1 0.886719 0.419922 0.892578 0.426758 0.888672 0.433594 0.879883 0.435547 0.875000 0.425781 0.875000 0.425781 0.877930 0.418945
1 0.983398 0.453125 0.983398 0.465820 0.977539 0.466797 0.969727 0.462891 0.969727 0.454102 0.975586 0.452148
1 0.943359 0.437500 0.946289 0.444336 0.935547 0.452148 0.928711 0.443359 0.927734 0.437500 0.934570 0.432617
1 0.960938 0.469727 0.958008 0.463867 0.945312 0.466797 0.942383 0.475586 0.948242 0.476562 0.957031 0.473633
1 0.941406 0.474609 0.938477 0.485352 0.926758 0.484375 0.926758 0.475586 0.933594 0.470703
1 0.913086 0.460938 0.912109 0.468750 0.905273 0.471680 0.898438 0.463867 0.907227 0.458008
1 0.921875 0.479492 0.921875 0.473633 0.914062 0.470703 0.908203 0.477539 0.914062 0.482422
1 0.924805 0.479492 0.928711 0.486328 0.923828 0.491211 0.915039 0.485352 0.918945 0.480469
1 0.911133 0.486328 0.910156 0.495117 0.901367 0.495117 0.898438 0.488281 0.905273 0.483398
1 0.801758 0.424805 0.802734 0.431641 0.806641 0.431641 0.809570 0.426758 0.814453 0.428711 0.812500 0.438477 0.803711 0.440430 0.792969 0.436523 0.791992 0.427734 0.794922 0.422852
1 0.691406 0.429688 0.696289 0.438477 0.688477 0.442383 0.680664 0.437500 0.685547 0.430664
1 0.712891 0.417969 0.728516 0.419922 0.730469 0.425781 0.720703 0.429688 0.720703 0.437500 0.709961 0.437500 0.701172 0.434570 0.701172 0.424805
1 0.735352 0.435547 0.742188 0.447266 0.740234 0.455078 0.729492 0.453125 0.722656 0.446289 0.725586 0.436523
1 0.743164 0.455078 0.751953 0.463867 0.748047 0.469727 0.738281 0.470703 0.730469 0.458984 0.730469 0.454102
1 0.745117 0.466797 0.751953 0.476562 0.750977 0.484375 0.743164 0.484375 0.743164 0.484375 0.734375 0.475586 0.735352 0.469727
1 0.760742 0.478516 0.769531 0.487305 0.769531 0.487305 0.774414 0.493164 0.767578 0.498047 0.755859 0.494141 0.755859 0.494141 0.751953 0.487305 0.753906 0.479492
0 0.782227 0.483398 0.786133 0.493164 0.790039 0.505859 0.783203 0.515625 0.783203 0.515625 0.776367 0.519531 0.769531 0.527344 0.770508 0.536133 0.774414 0.540039 0.773438 0.546875 0.761719 0.550781 0.748047 0.554688 0.743164 0.544922 0.742188 0.535156 0.742188 0.535156 0.743164 0.522461 0.747070 0.509766 0.753906 0.500977 0.753906 0.500977 0.764648 0.500000 0.772461 0.497070 0.772461 0.497070 0.776367 0.487305
1 0.723633 0.527344 0.722656 0.539062 0.714844 0.540039 0.710938 0.536133 0.712891 0.527344 0.712891 0.527344 0.721680 0.524414
1 0.728516 0.536133 0.735352 0.543945 0.735352 0.543945 0.730469 0.551758 0.720703 0.550781 0.720703 0.540039 0.720703 0.540039
1 0.708008 0.479492 0.711914 0.489258 0.702148 0.495117 0.695312 0.490234 0.695312 0.482422 0.695312 0.482422
1 0.692383 0.467773 0.698242 0.468750 0.702148 0.476562 0.700195 0.482422 0.692383 0.483398 0.687500 0.472656
1 0.665039 0.458984 0.668945 0.469727 0.666992 0.477539 0.655273 0.482422 0.649414 0.473633 0.650391 0.464844 0.656250 0.461914 0.661133 0.459961
0 0.636719 0.449219 0.647461 0.459961 0.647461 0.459961 0.652344 0.473633 0.651367 0.491211 0.651367 0.499023 0.663086 0.500977 0.673828 0.511719 0.682617 0.514648 0.682617 0.514648 0.686523 0.520508 0.686523 0.529297 0.688477 0.539062 0.685547 0.547852 0.694336 0.552734 0.693359 0.561523 0.683594 0.561523 0.667969 0.568359 0.658203 0.562500 0.658203 0.552734 0.658203 0.552734 0.659180 0.541992 0.655273 0.526367 0.655273 0.519531 0.644531 0.517578 0.643555 0.509766 0.642578 0.502930 0.643555 0.495117 0.636719 0.493164 0.632812 0.486328 0.632812 0.486328 0.627930 0.484375 0.620117 0.492188 0.610352 0.490234 0.601562 0.483398 0.601562 0.483398 0.611328 0.478516 0.623047 0.472656 0.623047 0.472656 0.627930 0.463867 0.630859 0.452148
1 0.601562 0.473633 0.605469 0.480469 0.599609 0.485352 0.593750 0.478516
1 0.594727 0.488281 0.588867 0.498047 0.580078 0.498047 0.580078 0.498047 0.578125 0.491211 0.584961 0.487305
1 0.577148 0.493164 0.576172 0.501953 0.567383 0.502930 0.566406 0.495117 0.570312 0.491211 0.573242 0.492188
1 0.582031 0.474609 0.590820 0.478516 0.590820 0.484375 0.584961 0.486328 0.584961 0.486328 0.579102 0.479492
1 0.597656 0.498047 0.596680 0.505859 0.591797 0.506836 0.588867 0.500977 0.589844 0.498047
1 0.602539 0.526367 0.609375 0.527344 0.609375 0.527344 0.609375 0.534180 0.602539 0.535156 0.598633 0.529297
1 0.616211 0.547852 0.622070 0.559570 0.616211 0.562500 0.608398 0.554688
1 0.629883 0.581055 0.633789 0.587891 0.628906 0.592773 0.622070 0.587891 0.622070 0.581055 0.622070 0.581055
1 0.621094 0.598633 0.625977 0.603516 0.621094 0.611328 0.613281 0.603516 0.617188 0.597656
0 0.572266 0.504883 0.583984 0.512695 0.583008 0.526367 0.583008 0.534180 0.586914 0.543945 0.589844 0.550781 0.582031 0.558594 0.569336 0.558594 0.561523 0.559570 0.555664 0.554688 0.564453 0.547852 0.560547 0.540039 0.556641 0.529297 0.554688 0.513672 0.554688 0.513672 0.564453 0.505859
1 0.523438 0.507812 0.525391 0.514648 0.525391 0.514648 0.515625 0.518555 0.515625 0.518555 0.510742 0.512695 0.516602 0.505859
1 0.545898 0.578125 0.550781 0.585938 0.543945 0.589844 0.539062 0.583984 0.539062 0.583984
1 0.587891 0.612305 0.594727 0.616211 0.592773 0.623047 0.583984 0.623047 0.583984 0.623047 0.576172 0.617188
1 0.563477 0.618164 0.561523 0.625000 0.561523 0.625000 0.555664 0.626953 0.555664 0.626953 0.550781 0.620117 0.550781 0.620117 0.553711 0.616211
1 0.549805 0.631836 0.545898 0.638672 0.538086 0.635742 0.541992 0.628906
1 0.507812 0.620117 0.511719 0.625000 0.510742 0.631836 0.503906 0.630859 0.501953 0.624023
1 0.512695 0.576172 0.512695 0.585938 0.504883 0.587891 0.500000 0.583008 0.503906 0.574219
1 0.443359 0.524414 0.453125 0.525391 0.453125 0.532227 0.446289 0.536133 0.437500 0.528320 0.437500 0.528320
1 0.387695 0.553711 0.390625 0.560547 0.384766 0.569336 0.384766 0.569336 0.375000 0.570312 0.369141 0.562500 0.369141 0.562500 0.374023 0.552734 0.374023 0.552734
1 0.432617 0.576172 0.438477 0.580078 0.441406 0.591797 0.441406 0.591797 0.436523 0.598633 0.427734 0.595703 0.421875 0.583984 0.421875 0.577148
0 0.383789 0.580078 0.393555 0.580078 0.402344 0.575195 0.406250 0.585938 0.412109 0.594727 0.416016 0.601562 0.417969 0.612305 0.413086 0.622070 0.404297 0.626953 0.395508 0.621094 0.388672 0.609375 0.384766 0.613281 0.378906 0.611328 0.377930 0.603516 0.375977 0.598633 0.369141 0.592773 0.365234 0.595703 0.363281 0.604492 0.363281 0.604492 0.363281 0.614258 0.354492 0.611328 0.353516 0.603516 0.350586 0.595703 0.350586 0.595703 0.347656 0.583984 0.357422 0.583008 0.368164 0.586914 0.374023 0.586914 0.378906 0.585938
1 0.438477 0.600586 0.437500 0.607422 0.431641 0.610352 0.427734 0.607422 0.427734 0.607422 0.427734 0.601562
1 0.459961 0.637695 0.461914 0.645508 0.455078 0.649414 0.448242 0.645508 0.448242 0.645508 0.448242 0.637695
1 0.452148 0.663086 0.457031 0.671875 0.457031 0.679688 0.457031 0.679688 0.445312 0.682617 0.445312 0.682617 0.438477 0.673828 0.439453 0.666992
1 0.416016 0.632812 0.418945 0.639648 0.415039 0.648438 0.406250 0.645508 0.403320 0.639648 0.403320 0.639648 0.409180 0.632812
1 0.367188 0.612305 0.370117 0.617188 0.367188 0.624023 0.359375 0.620117 0.359375 0.614258
1 0.376953 0.628906 0.379883 0.632812 0.377930 0.637695 0.369141 0.637695 0.364258 0.633789 0.367188 0.627930
1 0.452148 0.615234 0.457031 0.623047 0.455078 0.631836 0.448242 0.629883 0.445312 0.622070 0.445312 0.617188
1 0.427734 0.672852 0.424805 0.678711 0.418945 0.678711 0.415039 0.671875 0.416016 0.666992 0.423828 0.665039
1 0.415039 0.693359 0.415039 0.686523 0.410156 0.683594 0.404297 0.684570 0.401367 0.690430 0.404297 0.695312
1 0.392578 0.667969 0.390625 0.676758 0.384766 0.676758 0.382812 0.669922 0.390625 0.664062
1 0.379883 0.680664 0.385742 0.687500 0.379883 0.694336 0.372070 0.690430 0.372070 0.690430 0.372070 0.682617
1 0.383789 0.694336 0.380859 0.705078 0.375977 0.705078 0.373047 0.702148 0.373047 0.696289
1 0.371094 0.705078 0.365234 0.710938 0.358398 0.707031 0.364258 0.701172 0.372070 0.700195
1 0.349609 0.675781 0.352539 0.684570 0.348633 0.694336 0.339844 0.690430 0.338867 0.679688
1 0.309570 0.705078 0.314453 0.714844 0.311523 0.722656 0.302734 0.723633 0.300781 0.716797 0.302734 0.709961 0.302734 0.709961
1 0.301758 0.693359 0.304688 0.698242 0.304688 0.698242 0.303711 0.702148 0.295898 0.701172 0.294922 0.695312
1 0.337891 0.645508 0.342773 0.649414 0.337891 0.657227 0.331055 0.658203 0.331055 0.650391
0 0.335938 0.599609 0.339844 0.612305 0.335938 0.618164 0.324219 0.621094 0.326172 0.625000 0.331055 0.625977 0.331055 0.631836 0.328125 0.640625 0.319336 0.640625 0.318359 0.630859 0.317383 0.620117 0.312500 0.617188 0.312500 0.606445 0.315430 0.600586 0.321289 0.602539
1 0.285156 0.594727 0.285156 0.601562 0.278320 0.604492 0.273438 0.598633 0.276367 0.593750
1 0.320312 0.575195 0.329102 0.577148 0.326172 0.584961 0.317383 0.589844 0.310547 0.583008
1 0.268555 0.606445 0.272461 0.611328 0.266602 0.615234 0.262695 0.610352 0.263672 0.605469
1 0.231445 0.610352 0.241211 0.615234 0.235352 0.624023 0.226562 0.624023 0.224609 0.614258
1 0.251953 0.623047 0.249023 0.619141 0.245117 0.620117 0.244141 0.624023 0.248047 0.626953
1 0.240234 0.625000 0.243164 0.626953 0.241211 0.629883 0.237305 0.631836 0.234375 0.626953
1 0.226562 0.651367 0.232422 0.653320 0.232422 0.659180 0.226562 0.659180 0.221680 0.655273
1 0.215820 0.646484 0.219727 0.648438 0.217773 0.653320 0.217773 0.653320 0.210938 0.650391
0 0.249023 0.709961 0.260742 0.711914 0.264648 0.717773 0.264648 0.717773 0.261719 0.727539 0.267578 0.731445 0.268555 0.742188 0.260742 0.744141 0.257812 0.735352 0.251953 0.731445 0.247070 0.729492 0.238281 0.734375 0.232422 0.733398 0.225586 0.739258 0.228516 0.746094 0.234375 0.746094 0.236328 0.749023 0.239258 0.751953 0.241211 0.755859 0.236328 0.761719 0.236328 0.761719 0.225586 0.758789 0.220703 0.752930 0.220703 0.752930 0.217773 0.744141 0.217773 0.736328 0.225586 0.730469 0.236328 0.726562 0.235352 0.715820 0.242188 0.712891
1 0.227539 0.805664 0.228516 0.812500 0.224609 0.816406 0.220703 0.812500 0.220703 0.805664
0 0.224609 0.772461 0.232422 0.783203 0.241211 0.793945 0.246094 0.802734 0.244141 0.806641 0.235352 0.802734 0.229492 0.792969 0.221680 0.788086 0.218750 0.776367 0.218750 0.776367
1 0.254883 0.814453 0.261719 0.824219 0.257812 0.829102 0.251953 0.826172 0.247070 0.817383
1 0.271484 0.835938 0.281250 0.844727 0.280273 0.849609 0.272461 0.850586 0.264648 0.839844 0.266602 0.835938
1 0.233398 0.828125 0.239258 0.833984 0.237305 0.844727 0.231445 0.839844 0.227539 0.837891 0.226562 0.831055
1 0.225586 0.837891 0.234375 0.842773 0.237305 0.847656 0.237305 0.850586 0.230469 0.851562 0.223633 0.851562 0.220703 0.843750
1 0.288086 0.861328 0.295898 0.868164 0.297852 0.874023 0.292969 0.875977 0.284180 0.869141 0.284180 0.869141
0 0.224609 0.905273 0.235352 0.913086 0.239258 0.925781 0.245117 0.933594 0.245117 0.933594 0.245117 0.944336 0.241211 0.948242 0.241211 0.948242 0.240234 0.952148 0.234375 0.952148 0.233398 0.949219 0.225586 0.945312 0.225586 0.945312 0.222656 0.936523 0.223633 0.927734 0.216797 0.922852 0.216797 0.922852 0.216797 0.911133
0 0.283203 0.910156 0.301758 0.907227 0.307617 0.911133 0.309570 0.922852 0.310547 0.929688 0.315430 0.930664 0.319336 0.938477 0.312500 0.945312 0.304688 0.939453 0.297852 0.933594 0.297852 0.926758 0.297852 0.926758 0.294922 0.928711 0.289062 0.930664 0.289062 0.930664 0.278320 0.929688 0.265625 0.924805 0.269531 0.916016 0.279297 0.912109
1 0.349609 0.931641 0.350586 0.938477 0.350586 0.938477 0.343750 0.941406 0.342773 0.933594
1 0.335938 0.914062 0.337891 0.918945 0.333984 0.921875 0.329102 0.916016
1 0.348633 0.945312 0.353516 0.954102 0.349609 0.960938 0.341797 0.959961 0.337891 0.952148 0.337891 0.952148 0.343750 0.946289
0 0.344727 0.962891 0.352539 0.957031 0.360352 0.956055 0.368164 0.958008 0.368164 0.958008 0.375000 0.963867 0.375000 0.971680 0.368164 0.971680 0.363281 0.964844 0.361328 0.959961 0.353516 0.966797 0.345703 0.968750
0 0.438477 0.948242 0.447266 0.950195 0.447266 0.958008 0.451172 0.964844 0.451172 0.964844 0.451172 0.970703 0.454102 0.971680 0.457031 0.975586 0.451172 0.977539 0.448242 0.983398 0.438477 0.978516 0.430664 0.971680 0.430664 0.961914 0.430664 0.952148
1 0.403320 0.934570 0.407227 0.942383 0.400391 0.945312 0.394531 0.942383 0.394531 0.935547
1 0.375000 0.945312 0.377930 0.951172 0.375977 0.957031 0.371094 0.957031 0.367188 0.951172 0.370117 0.946289
0 0.355469 0.890625 0.367188 0.893555 0.372070 0.905273 0.378906 0.903320 0.388672 0.901367 0.399414 0.898438 0.399414 0.898438 0.406250 0.895508 0.412109 0.890625 0.419922 0.892578 0.427734 0.904297 0.427734 0.904297 0.435547 0.912109 0.433594 0.920898 0.436523 0.926758 0.429688 0.931641 0.421875 0.933594 0.409180 0.925781 0.403320 0.921875 0.402344 0.914062 0.389648 0.917969 0.383789 0.920898 0.371094 0.924805 0.362305 0.923828 0.362305 0.923828 0.355469 0.923828 0.349609 0.925781 0.345703 0.920898 0.345703 0.920898 0.349609 0.912109 0.350586 0.902344 0.350586 0.902344
1 0.423828 0.863281 0.427734 0.868164 0.427734 0.873047 0.420898 0.874023 0.416992 0.867188 0.416992 0.867188
1 0.384766 0.875000 0.389648 0.881836 0.382812 0.888672 0.377930 0.883789 0.377930 0.877930
1 0.369141 0.852539 0.375000 0.856445 0.376953 0.863281 0.370117 0.869141 0.362305 0.866211 0.359375 0.858398
1 0.403320 0.833984 0.408203 0.840820 0.408203 0.845703 0.402344 0.850586 0.395508 0.849609 0.395508 0.849609 0.391602 0.840820 0.395508 0.836914
1 0.418945 0.823242 0.426758 0.832031 0.426758 0.832031 0.424805 0.840820 0.424805 0.840820 0.417969 0.844727 0.417969 0.844727 0.407227 0.839844 0.406250 0.830078
1 0.295898 0.797852 0.305664 0.801758 0.313477 0.802734 0.316406 0.812500 0.314453 0.820312 0.303711 0.821289 0.297852 0.812500 0.291016 0.804688
1 0.307617 0.818359 0.318359 0.822266 0.326172 0.832031 0.326172 0.832031 0.325195 0.841797 0.318359 0.840820 0.312500 0.835938 0.306641 0.838867 0.300781 0.830078 0.303711 0.821289
1 0.327148 0.825195 0.335938 0.829102 0.338867 0.836914 0.334961 0.838867 0.332031 0.845703 0.325195 0.843750 0.323242 0.839844 0.323242 0.831055
0 0.235352 0.765625 0.245117 0.771484 0.250977 0.782227 0.253906 0.785156 0.255859 0.789062 0.250000 0.794922 0.241211 0.787109 0.241211 0.787109 0.238281 0.781250 0.231445 0.769531
1 0.266602 0.769531 0.270508 0.777344 0.264648 0.785156 0.255859 0.780273 0.251953 0.772461
1 0.333008 0.753906 0.340820 0.757812 0.341797 0.766602 0.334961 0.770508 0.322266 0.767578 0.324219 0.758789
0 0.371094 0.713867 0.378906 0.709961 0.389648 0.709961 0.392578 0.714844 0.394531 0.726562 0.395508 0.734375 0.387695 0.740234 0.380859 0.732422 0.377930 0.726562 0.371094 0.729492 0.362305 0.722656
0 0.380859 0.776367 0.389648 0.789062 0.389648 0.800781 0.378906 0.805664 0.368164 0.810547 0.362305 0.808594 0.363281 0.801758 0.366211 0.792969 0.366211 0.781250 0.373047 0.776367
1 0.394531 0.823242 0.396484 0.829102 0.391602 0.838867 0.383789 0.833008 0.383789 0.833008 0.384766 0.827148
1 0.410156 0.855469 0.403320 0.850586 0.394531 0.851562 0.393555 0.860352 0.400391 0.862305
1 0.455078 0.686523 0.458008 0.694336 0.453125 0.697266 0.447266 0.695312 0.447266 0.689453
1 0.460938 0.680664 0.462891 0.685547 0.458984 0.687500 0.453125 0.684570 0.453125 0.684570 0.456055 0.680664
1 0.465820 0.673828 0.470703 0.676758 0.469727 0.681641 0.463867 0.684570 0.459961 0.677734 0.459961 0.677734
1 0.477539 0.680664 0.477539 0.688477 0.471680 0.689453 0.467773 0.683594 0.472656 0.676758
1 0.482422 0.688477 0.485352 0.695312 0.480469 0.699219 0.475586 0.699219 0.471680 0.692383 0.476562 0.690430
0 0.455078 0.708008 0.466797 0.713867 0.466797 0.713867 0.469727 0.708008 0.474609 0.712891 0.474609 0.712891 0.475586 0.718750 0.484375 0.718750 0.493164 0.723633 0.494141 0.731445 0.499023 0.741211 0.492188 0.745117 0.486328 0.739258 0.476562 0.743164 0.475586 0.750977 0.475586 0.750977 0.477539 0.762695 0.470703 0.766602 0.467773 0.774414 0.453125 0.773438 0.446289 0.764648 0.440430 0.755859 0.440430 0.745117 0.445312 0.738281 0.445312 0.724609 0.448242 0.711914
1 0.432617 0.784180 0.432617 0.790039 0.426758 0.791016 0.422852 0.786133 0.426758 0.782227
1 0.443359 0.819336 0.446289 0.827148 0.441406 0.830078 0.432617 0.828125 0.433594 0.820312
1 0.478516 0.812500 0.488281 0.815430 0.483398 0.821289 0.476562 0.820312 0.471680 0.813477 0.471680 0.813477
1 0.515625 0.800781 0.525391 0.811523 0.524414 0.819336 0.519531 0.821289 0.508789 0.812500 0.506836 0.803711
1 0.512695 0.778320 0.512695 0.786133 0.508789 0.788086 0.502930 0.783203
1 0.487305 0.838867 0.492188 0.839844 0.497070 0.848633 0.489258 0.852539 0.480469 0.848633 0.480469 0.848633 0.481445 0.842773
1 0.530273 0.844727 0.536133 0.854492 0.534180 0.860352 0.527344 0.859375 0.521484 0.852539
1 0.500000 0.858398 0.508789 0.866211 0.511719 0.875977 0.504883 0.884766 0.497070 0.881836 0.491211 0.870117 0.492188 0.861328
1 0.490234 0.872070 0.498047 0.883789 0.498047 0.883789 0.492188 0.886719 0.481445 0.883789 0.482422 0.876953
1 0.546875 0.874023 0.549805 0.885742 0.544922 0.887695 0.537109 0.884766 0.538086 0.878906
1 0.554688 0.903320 0.551758 0.887695 0.547852 0.891602 0.543945 0.898438 0.548828 0.903320
1 0.560547 0.911133 0.566406 0.917969 0.566406 0.926758 0.558594 0.930664 0.551758 0.924805 0.552734 0.914062
0 0.510742 0.900391 0.522461 0.897461 0.531250 0.906250 0.537109 0.916992 0.538086 0.927734 0.536133 0.936523 0.525391 0.942383 0.515625 0.936523 0.514648 0.927734 0.506836 0.919922 0.501953 0.909180
1 0.541992 0.942383 0.550781 0.951172 0.545898 0.958984 0.532227 0.952148 0.532227 0.943359
1 0.529297 0.975586 0.530273 0.981445 0.523438 0.984375 0.520508 0.979492 0.522461 0.975586
1 0.549805 0.963867 0.556641 0.967773 0.553711 0.975586 0.548828 0.975586 0.543945 0.969727
1 0.547852 0.975586 0.557617 0.976562 0.557617 0.984375 0.548828 0.987305 0.546875 0.991211 0.541016 0.989258 0.541016 0.979492
1 0.561523 0.973633 0.574219 0.971680 0.577148 0.978516 0.570312 0.985352 0.560547 0.983398 0.557617 0.976562
1 0.588867 0.967773 0.593750 0.971680 0.591797 0.982422 0.585938 0.983398 0.580078 0.975586
1 0.696289 0.991211 0.700195 1.000000 0.690430 1.000000 0.689453 0.992188
1 0.689453 0.977539 0.695312 0.980469 0.694336 0.988281 0.688477 0.989258 0.684570 0.984375 0.684570 0.979492
1 0.679688 0.982422 0.684570 0.987305 0.686523 0.993164 0.684570 1.000000 0.677734 1.000000 0.671875 0.989258 0.671875 0.989258 0.675781 0.983398
1 0.673828 0.969727 0.679688 0.971680 0.679688 0.978516 0.672852 0.982422 0.666992 0.977539 0.666992 0.971680
1 0.676758 0.960938 0.667969 0.957031 0.662109 0.959961 0.664062 0.967773 0.668945 0.967773
1 0.655273 0.940430 0.662109 0.942383 0.667969 0.947266 0.667969 0.953125 0.663086 0.956055 0.657227 0.950195 0.652344 0.952148 0.647461 0.946289
1 0.556641 0.818359 0.561523 0.826172 0.558594 0.831055 0.551758 0.832031 0.545898 0.826172 0.549805 0.820312
1 0.593750 0.796875 0.601562 0.798828 0.600586 0.807617 0.593750 0.814453 0.585938 0.809570 0.586914 0.800781
1 0.628906 0.841797 0.639648 0.848633 0.639648 0.857422 0.632812 0.862305 0.621094 0.858398 0.621094 0.851562 0.615234 0.846680 0.624023 0.840820
1 0.530273 0.791992 0.536133 0.800781 0.536133 0.805664 0.527344 0.804688 0.522461 0.798828 0.522461 0.794922
1 0.551758 0.803711 0.546875 0.815430 0.540039 0.813477 0.539062 0.808594 0.543945 0.804688
1 0.548828 0.784180 0.557617 0.792969 0.554688 0.796875 0.548828 0.798828 0.543945 0.793945 0.542969 0.787109
0 0.568359 0.772461 0.577148 0.771484 0.582031 0.759766 0.589844 0.757812 0.591797 0.766602 0.584961 0.771484 0.584961 0.771484 0.578125 0.776367 0.574219 0.781250 0.568359 0.787109 0.555664 0.786133 0.546875 0.779297 0.548828 0.771484 0.548828 0.771484 0.552734 0.765625 0.560547 0.762695
0 0.527344 0.693359 0.540039 0.693359 0.550781 0.701172 0.553711 0.712891 0.553711 0.720703 0.551758 0.727539 0.552734 0.734375 0.560547 0.733398 0.560547 0.730469 0.570312 0.726562 0.572266 0.715820 0.581055 0.715820 0.588867 0.729492 0.593750 0.741211 0.590820 0.749023 0.580078 0.751953 0.571289 0.750000 0.561523 0.750000 0.561523 0.750000 0.551758 0.750000 0.540039 0.749023 0.535156 0.742188 0.531250 0.739258 0.531250 0.739258 0.523438 0.737305 0.521484 0.731445 0.523438 0.724609 0.523438 0.724609 0.520508 0.713867 0.528320 0.712891 0.526367 0.704102
1 0.569336 0.640625 0.575195 0.643555 0.576172 0.648438 0.571289 0.654297 0.563477 0.648438 0.563477 0.643555
1 0.579102 0.657227 0.575195 0.655273 0.570312 0.657227 0.569336 0.662109 0.573242 0.664062 0.576172 0.663086
1 0.578125 0.667969 0.583984 0.670898 0.583984 0.677734 0.580078 0.679688 0.575195 0.673828
1 0.618164 0.617188 0.620117 0.625000 0.612305 0.636719 0.605469 0.637695 0.601562 0.628906 0.606445 0.618164
1 0.614258 0.666016 0.624023 0.672852 0.623047 0.681641 0.614258 0.683594 0.614258 0.683594 0.607422 0.675781 0.607422 0.669922
1 0.626953 0.688477 0.631836 0.694336 0.628906 0.700195 0.628906 0.700195 0.624023 0.698242 0.621094 0.691406
1 0.597656 0.715820 0.605469 0.719727 0.605469 0.725586 0.592773 0.730469 0.587891 0.722656
1 0.604492 0.727539 0.608398 0.739258 0.602539 0.742188 0.594727 0.736328 0.594727 0.728516
1 0.631836 0.712891 0.647461 0.709961 0.654297 0.708008 0.654297 0.708008 0.660156 0.719727 0.655273 0.728516 0.649414 0.732422 0.642578 0.728516 0.642578 0.720703 0.638672 0.717773 0.636719 0.722656 0.629883 0.717773
1 0.635742 0.728516 0.639648 0.732422 0.638672 0.738281 0.630859 0.740234 0.627930 0.732422 0.627930 0.732422
1 0.623047 0.794922 0.629883 0.796875 0.633789 0.802734 0.625000 0.809570 0.617188 0.807617 0.617188 0.807617 0.617188 0.799805
1 0.642578 0.802734 0.646484 0.813477 0.642578 0.820312 0.635742 0.820312 0.631836 0.815430 0.631836 0.806641 0.635742 0.800781
1 0.674805 0.783203 0.679688 0.790039 0.676758 0.795898 0.666016 0.798828 0.663086 0.789062
0 0.695312 0.764648 0.705078 0.769531 0.705078 0.769531 0.714844 0.779297 0.714844 0.779297 0.720703 0.792969 0.725586 0.805664 0.725586 0.810547 0.729492 0.816406 0.732422 0.824219 0.739258 0.829102 0.735352 0.836914 0.729492 0.842773 0.730469 0.856445 0.722656 0.860352 0.714844 0.854492 0.715820 0.842773 0.709961 0.833008 0.713867 0.826172 0.708008 0.819336 0.708008 0.819336 0.704102 0.810547 0.696289 0.802734 0.689453 0.794922 0.682617 0.781250 0.682617 0.781250 0.689453 0.766602
0 0.634766 0.824219 0.643555 0.829102 0.648438 0.838867 0.648438 0.852539 0.652344 0.858398 0.652344 0.858398 0.647461 0.864258 0.639648 0.858398 0.640625 0.849609 0.632812 0.844727 0.626953 0.829102 0.626953 0.829102
1 0.656250 0.867188 0.657227 0.876953 0.649414 0.879883 0.644531 0.873047 0.648438 0.868164
1 0.665039 0.901367 0.659180 0.898438 0.657227 0.903320 0.659180 0.907227 0.664062 0.908203
1 0.665039 0.909180 0.670898 0.913086 0.669922 0.919922 0.662109 0.918945 0.659180 0.913086
1 0.727539 0.854492 0.733398 0.858398 0.733398 0.866211 0.726562 0.869141 0.721680 0.862305
1 0.736328 0.870117 0.730469 0.868164 0.726562 0.870117 0.725586 0.875000 0.730469 0.877930
0 0.729492 0.882812 0.736328 0.889648 0.744141 0.889648 0.746094 0.898438 0.736328 0.899414 0.724609 0.894531
0 0.673828 0.863281 0.687500 0.863281 0.687500 0.863281 0.699219 0.865234 0.703125 0.871094 0.699219 0.877930 0.706055 0.883789 0.705078 0.890625 0.701172 0.898438 0.701172 0.898438 0.691406 0.894531 0.686523 0.886719 0.677734 0.884766 0.676758 0.876953 0.672852 0.870117 0.672852 0.870117
1 0.710938 0.909180 0.714844 0.916016 0.709961 0.920898 0.703125 0.916992 0.704102 0.912109
0 0.694336 0.929688 0.683594 0.933594 0.675781 0.938477 0.673828 0.949219 0.677734 0.953125 0.683594 0.953125 0.687500 0.945312 0.690430 0.938477 0.697266 0.934570
1 0.740234 0.972656 0.745117 0.980469 0.744141 0.989258 0.737305 0.988281 0.730469 0.978516 0.733398 0.971680 0.733398 0.971680
1 0.812500 0.964844 0.815430 0.972656 0.809570 0.977539 0.800781 0.974609 0.800781 0.974609 0.801758 0.965820 0.808594 0.964844
1 0.766602 0.910156 0.768555 0.916992 0.768555 0.916992 0.764648 0.920898 0.757812 0.917969 0.757812 0.911133 0.757812 0.911133
1 0.766602 0.918945 0.772461 0.923828 0.771484 0.930664 0.763672 0.932617 0.763672 0.932617 0.760742 0.925781
1 0.770508 0.930664 0.775391 0.942383 0.776367 0.949219 0.770508 0.953125 0.763672 0.943359 0.763672 0.933594
1 0.826172 0.881836 0.826172 0.888672 0.819336 0.893555 0.816406 0.886719 0.821289 0.881836
1 0.833984 0.883789 0.838867 0.892578 0.838867 0.892578 0.835938 0.897461 0.831055 0.896484 0.827148 0.888672
1 0.824219 0.856445 0.828125 0.866211 0.828125 0.872070 0.823242 0.875977 0.823242 0.875977 0.817383 0.870117 0.814453 0.862305 0.817383 0.854492 0.817383 0.854492
1 0.835938 0.841797 0.846680 0.847656 0.848633 0.857422 0.840820 0.865234 0.831055 0.865234 0.825195 0.854492 0.825195 0.842773
1 0.776367 0.899414 0.782227 0.902344 0.779297 0.908203 0.774414 0.907227 0.771484 0.904297
1 0.755859 0.885742 0.756836 0.894531 0.752930 0.896484 0.748047 0.889648 0.748047 0.881836
1 0.761719 0.889648 0.778320 0.882812 0.781250 0.886719 0.777344 0.894531 0.771484 0.895508 0.769531 0.898438 0.761719 0.896484
1 0.816406 0.865234 0.817383 0.872070 0.808594 0.875977 0.802734 0.870117 0.806641 0.863281
0 0.651367 0.601562 0.667969 0.593750 0.667969 0.593750 0.681641 0.588867 0.696289 0.585938 0.710938 0.588867 0.714844 0.601562 0.710938 0.611328 0.719727 0.610352 0.726562 0.616211 0.726562 0.616211 0.719727 0.622070 0.724609 0.633789 0.720703 0.639648 0.727539 0.660156 0.732422 0.674805 0.718750 0.682617 0.706055 0.679688 0.707031 0.666016 0.697266 0.655273 0.694336 0.643555 0.694336 0.643555 0.688477 0.629883 0.688477 0.629883 0.684570 0.617188 0.677734 0.603516 0.665039 0.606445 0.656250 0.609375 0.648438 0.606445
1 0.737305 0.617188 0.745117 0.623047 0.742188 0.630859 0.733398 0.630859 0.731445 0.621094
1 0.743164 0.628906 0.747070 0.638672 0.745117 0.647461 0.745117 0.647461 0.734375 0.642578 0.732422 0.631836
1 0.717773 0.692383 0.726562 0.696289 0.731445 0.706055 0.731445 0.706055 0.724609 0.710938 0.713867 0.710938 0.708984 0.697266
1 0.738281 0.708008 0.743164 0.718750 0.739258 0.725586 0.732422 0.724609 0.728516 0.710938
1 0.767578 0.713867 0.773438 0.717773 0.773438 0.725586 0.766602 0.725586 0.766602 0.725586 0.761719 0.719727
1 0.779297 0.745117 0.786133 0.747070 0.787109 0.754883 0.780273 0.755859 0.774414 0.750977
1 0.794922 0.781250 0.803711 0.791016 0.800781 0.798828 0.794922 0.798828 0.787109 0.792969 0.788086 0.783203
1 0.806641 0.781250 0.818359 0.787109 0.819336 0.797852 0.809570 0.798828 0.804688 0.791992 0.802734 0.781250
0 0.821289 0.818359 0.834961 0.821289 0.841797 0.814453 0.842773 0.799805 0.839844 0.784180 0.833008 0.769531 0.830078 0.753906 0.827148 0.746094 0.827148 0.746094 0.822266 0.738281 0.822266 0.738281 0.812500 0.730469 0.812500 0.725586 0.837891 0.714844 0.856445 0.713867 0.856445 0.713867 0.861328 0.706055 0.867188 0.711914 0.859375 0.720703 0.853516 0.727539 0.860352 0.743164 0.859375 0.750977 0.861328 0.761719 0.861328 0.761719 0.868164 0.769531 0.877930 0.773438 0.889648 0.768555 0.888672 0.755859 0.892578 0.751953 0.904297 0.754883 0.912109 0.768555 0.909180 0.772461 0.916992 0.776367 0.919922 0.786133 0.919922 0.786133 0.913086 0.796875 0.903320 0.794922 0.896484 0.796875 0.895508 0.807617 0.890625 0.812500 0.880859 0.813477 0.874023 0.827148 0.873047 0.837891 0.863281 0.837891 0.853516 0.838867 0.842773 0.844727 0.833008 0.842773 0.824219 0.837891 0.817383 0.849609 0.808594 0.844727 0.808594 0.834961 0.817383 0.833008 0.814453 0.824219
1 0.897461 0.815430 0.899414 0.823242 0.888672 0.828125 0.884766 0.821289 0.890625 0.812500
1 0.807617 0.753906 0.808594 0.759766 0.804688 0.764648 0.798828 0.767578 0.791992 0.761719 0.797852 0.756836
1 0.795898 0.739258 0.802734 0.743164 0.805664 0.750977 0.798828 0.756836 0.789062 0.753906 0.789062 0.743164
1 0.798828 0.726562 0.809570 0.730469 0.809570 0.736328 0.805664 0.741211 0.796875 0.738281 0.795898 0.730469
1 0.767578 0.663086 0.777344 0.666016 0.777344 0.671875 0.768555 0.675781 0.763672 0.670898 0.763672 0.670898
1 0.773438 0.673828 0.782227 0.678711 0.780273 0.685547 0.772461 0.688477 0.765625 0.683594 0.765625 0.683594 0.766602 0.675781
1 0.788086 0.675781 0.791992 0.681641 0.787109 0.683594 0.783203 0.676758 0.783203 0.676758
1 0.780273 0.687500 0.787109 0.696289 0.779297 0.700195 0.771484 0.697266 0.775391 0.688477
1 0.782227 0.684570 0.795898 0.686523 0.792969 0.695312 0.789062 0.697266 0.782227 0.689453
1 0.784180 0.701172 0.797852 0.703125 0.806641 0.711914 0.801758 0.722656 0.790039 0.725586 0.781250 0.718750 0.781250 0.718750 0.780273 0.708008
1 0.805664 0.700195 0.817383 0.702148 0.820312 0.709961 0.814453 0.714844 0.806641 0.708984 0.803711 0.703125
1 0.822266 0.702148 0.828125 0.708008 0.829102 0.711914 0.823242 0.712891 0.819336 0.707031
1 0.832031 0.703125 0.836914 0.706055 0.833984 0.709961 0.829102 0.708008 0.826172 0.703125
1 0.848633 0.698242 0.847656 0.705078 0.841797 0.704102 0.837891 0.698242 0.841797 0.695312
1 0.853516 0.692383 0.858398 0.697266 0.855469 0.701172 0.851562 0.703125 0.847656 0.697266
1 0.748047 0.605469 0.753906 0.607422 0.753906 0.615234 0.748047 0.618164 0.742188 0.615234 0.742188 0.607422
1 0.755859 0.619141 0.758789 0.628906 0.752930 0.632812 0.747070 0.629883 0.747070 0.621094
1 0.746094 0.584961 0.746094 0.594727 0.739258 0.597656 0.739258 0.597656 0.732422 0.591797 0.739258 0.585938
1 0.732422 0.574219 0.741211 0.575195 0.740234 0.583984 0.734375 0.586914 0.728516 0.583008
0 0.745117 0.567383 0.759766 0.567383 0.770508 0.563477 0.784180 0.567383 0.794922 0.581055 0.798828 0.594727 0.806641 0.605469 0.805664 0.614258 0.810547 0.627930 0.816406 0.633789 0.833008 0.626953 0.840820 0.636719 0.843750 0.651367 0.845703 0.659180 0.834961 0.665039 0.824219 0.669922 0.824219 0.669922 0.812500 0.671875 0.805664 0.661133 0.804688 0.651367 0.798828 0.646484 0.797852 0.639648 0.788086 0.636719 0.776367 0.632812 0.773438 0.619141 0.768555 0.619141 0.757812 0.618164 0.757812 0.618164 0.756836 0.609375 0.764648 0.605469 0.770508 0.595703 0.770508 0.595703 0.772461 0.588867 0.765625 0.592773 0.758789 0.588867 0.755859 0.580078 0.751953 0.576172 0.743164 0.576172 0.743164 0.576172 0.739258 0.569336
1 0.970703 0.482422 0.980469 0.482422 0.984375 0.487305 0.980469 0.495117 0.970703 0.495117 0.962891 0.487305
1 0.993164 0.491211 1.000000 0.494141 1.000000 0.504883 0.992188 0.503906 0.989258 0.496094
1 0.916016 0.521484 0.904297 0.513672 0.894531 0.517578 0.894531 0.526367 0.902344 0.531250 0.911133 0.533203
1 0.853516 0.547852 0.862305 0.548828 0.871094 0.549805 0.875977 0.562500 0.864258 0.571289 0.855469 0.577148 0.844727 0.573242 0.841797 0.559570
0 0.879883 0.583008 0.891602 0.593750 0.894531 0.610352 0.892578 0.617188 0.888672 0.618164 0.887695 0.627930 0.875000 0.631836 0.863281 0.625977 0.860352 0.618164 0.861328 0.604492 0.861328 0.589844 0.870117 0.583984
1 0.918945 0.535156 0.917969 0.541992 0.910156 0.542969 0.909180 0.537109
1 0.929688 0.557617 0.940430 0.555664 0.941406 0.548828 0.950195 0.561523 0.938477 0.563477 0.937500 0.570312 0.923828 0.571289 0.920898 0.564453 0.920898 0.564453
0 0.977539 0.537109 0.992188 0.546875 1.000000 0.550781 1.000000 0.617188 0.992188 0.618164 0.984375 0.620117 0.975586 0.612305 0.964844 0.614258 0.962891 0.603516 0.969727 0.605469 0.970703 0.598633 0.968750 0.590820 0.963867 0.582031 0.964844 0.574219 0.958008 0.582031 0.950195 0.586914 0.950195 0.586914 0.940430 0.591797 0.931641 0.585938 0.931641 0.578125 0.943359 0.578125 0.952148 0.572266 0.961914 0.568359 0.957031 0.556641 0.962891 0.547852 0.962891 0.547852 0.972656 0.545898
1 0.973633 0.621094 0.972656 0.627930 0.966797 0.629883 0.960938 0.625000 0.963867 0.620117
1 0.891602 0.638672 0.885742 0.649414 0.875000 0.650391 0.870117 0.643555 0.872070 0.636719 0.882812 0.632812
1 0.881836 0.681641 0.872070 0.684570 0.869141 0.674805 0.872070 0.670898 0.878906 0.666992 0.884766 0.673828
1 0.884766 0.683594 0.890625 0.683594 0.889648 0.690430 0.883789 0.693359 0.875000 0.691406 0.872070 0.684570 0.876953 0.680664
1 0.940430 0.686523 0.941406 0.701172 0.935547 0.704102 0.923828 0.695312 0.923828 0.695312 0.924805 0.682617
1 0.915039 0.739258 0.912109 0.750977 0.901367 0.751953 0.899414 0.744141 0.902344 0.737305
1 0.957031 0.754883 0.953125 0.760742 0.948242 0.757812 0.948242 0.751953
1 0.965820 0.767578 0.970703 0.774414 0.964844 0.780273 0.958008 0.782227 0.952148 0.774414 0.954102 0.765625
1 0.943359 0.807617 0.950195 0.814453 0.946289 0.818359 0.939453 0.816406 0.936523 0.808594
1 0.971680 0.813477 0.973633 0.819336 0.966797 0.823242 0.964844 0.814453 0.966797 0.810547
1 0.980469 0.807617 0.986328 0.812500 0.981445 0.817383 0.974609 0.816406 0.971680 0.809570
1 0.982422 0.818359 0.991211 0.821289 0.989258 0.829102 0.979492 0.831055 0.979492 0.831055 0.975586 0.821289
1 0.971680 0.824219 0.978516 0.833008 0.974609 0.837891 0.963867 0.840820 0.958984 0.834961 0.961914 0.830078
0 0.879883 0.888672 0.890625 0.888672 0.900391 0.882812 0.912109 0.876953 0.920898 0.871094 0.940430 0.868164 0.952148 0.866211 0.959961 0.874023 0.967773 0.887695 0.960938 0.894531 0.951172 0.890625 0.940430 0.899414 0.929688 0.910156 0.915039 0.904297 0.908203 0.901367 0.899414 0.906250 0.897461 0.915039 0.887695 0.919922 0.880859 0.916992 0.878906 0.908203 0.873047 0.907227 0.868164 0.898438 0.876953 0.893555
1 0.896484 0.935547 0.904297 0.938477 0.902344 0.947266 0.893555 0.948242 0.891602 0.940430
1 0.880859 0.968750 0.883789 0.979492 0.880859 0.986328 0.875000 0.983398 0.873047 0.970703 0.876953 0.969727
0 0.916992 0.978516 0.928711 0.970703 0.935547 0.963867 0.940430 0.958008 0.949219 0.958008 0.945312 0.965820 0.952148 0.973633 0.963867 0.969727 0.956055 0.959961 0.956055 0.959961 0.957031 0.948242 0.957031 0.948242 0.963867 0.944336 0.974609 0.942383 0.972656 0.934570 0.972656 0.934570 0.959961 0.930664 0.951172 0.940430 0.942383 0.943359 0.937500 0.936523 0.930664 0.931641 0.922852 0.934570 0.927734 0.944336 0.933594 0.948242 0.930664 0.953125 0.921875 0.958008 0.912109 0.963867 0.906250 0.969727 0.906250 0.975586
1 0.981445 0.884766 0.978516 0.889648 0.972656 0.886719 0.972656 0.880859 0.976562 0.878906