1 0.000000 0.010742 0.010742 0.012695 0.009766 0.022461 0.007812 0.027344 0.000000 0.027344
1 0.000000 0.000000 0.006836 0.001953 0.008789 0.008789 0.004883 0.009766 0.000000 0.008789
1 0.007812 0.000000 0.016602 0.000000 0.021484 0.005859 0.019531 0.011719 0.013672 0.013672 0.007812 0.008789
1 0.022461 0.000977 0.029297 0.000000 0.031250 0.005859 0.028320 0.008789 0.022461 0.008789
1 0.046875 0.003906 0.054688 0.000977 0.057617 0.004883 0.053711 0.008789 0.053711 0.008789 0.046875 0.006836
1 0.077148 0.000000 0.083984 0.000000 0.083984 0.006836 0.077148 0.008789 0.074219 0.003906
1 0.093750 0.000000 0.097656 0.000977 0.097656 0.006836 0.090820 0.006836 0.086914 0.000977
1 0.105469 0.000000 0.113281 0.001953 0.112305 0.008789 0.102539 0.007812 0.102539 0.007812 0.099609 0.002930
1 0.102539 0.011719 0.105469 0.013672 0.104492 0.019531 0.097656 0.020508 0.093750 0.013672
1 0.071289 0.009766 0.077148 0.011719 0.077148 0.018555 0.071289 0.019531 0.067383 0.014648
1 0.048828 0.011719 0.051758 0.013672 0.051758 0.017578 0.044922 0.021484 0.040039 0.017578 0.041016 0.013672
1 0.029297 0.011719 0.036133 0.011719 0.036133 0.018555 0.031250 0.019531 0.026367 0.016602
1 0.021484 0.013672 0.024414 0.017578 0.024414 0.022461 0.016602 0.024414 0.012695 0.019531 0.012695 0.014648
1 0.086914 0.015625 0.093750 0.021484 0.093750 0.030273 0.087891 0.029297 0.084961 0.031250 0.080078 0.033203 0.072266 0.033203 0.069336 0.029297 0.073242 0.020508 0.078125 0.021484 0.081055 0.016602
1 0.107422 0.025391 0.118164 0.035156 0.119141 0.044922 0.114258 0.048828 0.104492 0.052734 0.096680 0.048828 0.097656 0.041016 0.102539 0.039062 0.102539 0.033203 0.103516 0.029297
1 0.089844 0.041992 0.094727 0.044922 0.092773 0.051758 0.088867 0.051758 0.084961 0.047852
1 0.098633 0.049805 0.104492 0.054688 0.104492 0.060547 0.103516 0.068359 0.102539 0.074219 0.102539 0.074219 0.093750 0.076172 0.087891 0.069336 0.091797 0.062500 0.091797 0.053711
1 0.084961 0.050781 0.090820 0.053711 0.090820 0.062500 0.084961 0.066406 0.075195 0.067383 0.073242 0.059570 0.079102 0.055664
0 0.078125 0.033203 0.083984 0.039062 0.083008 0.045898 0.080078 0.048828 0.074219 0.051758 0.069336 0.049805 0.061523 0.048828 0.058594 0.045898 0.050781 0.045898 0.043945 0.042969 0.042969 0.038086 0.048828 0.034180 0.055664 0.035156 0.061523 0.037109 0.065430 0.034180 0.068359 0.037109 0.077148 0.036133
1 0.063477 0.019531 0.070312 0.022461 0.070312 0.029297 0.068359 0.034180 0.065430 0.033203 0.063477 0.028320 0.059570 0.025391
0 0.010742 0.049805 0.017578 0.050781 0.025391 0.050781 0.031250 0.053711 0.034180 0.048828 0.029297 0.043945 0.034180 0.040039 0.039062 0.043945 0.044922 0.043945 0.046875 0.047852 0.043945 0.052734 0.040039 0.056641 0.034180 0.058594 0.028320 0.060547 0.030273 0.066406 0.025391 0.072266 0.016602 0.072266 0.008789 0.070312 0.009766 0.064453 0.004883 0.061523 0.000977 0.063477 0.000000 0.055664 0.000000 0.046875 0.004883 0.043945
1 0.053711 0.054688 0.055664 0.060547 0.048828 0.066406 0.043945 0.063477 0.043945 0.057617
1 0.062500 0.054688 0.070312 0.059570 0.073242 0.068359 0.065430 0.075195 0.059570 0.078125 0.049805 0.075195 0.051758 0.065430 0.057617 0.059570
1 0.152344 0.006836 0.160156 0.011719 0.161133 0.024414 0.153320 0.033203 0.142578 0.032227 0.135742 0.029297 0.135742 0.021484 0.138672 0.013672
1 0.133789 0.035156 0.141602 0.036133 0.143555 0.042969 0.137695 0.046875 0.127930 0.044922 0.125977 0.039062 0.125977 0.039062 0.129883 0.034180
1 0.129883 0.051758 0.141602 0.052734 0.146484 0.050781 0.151367 0.056641 0.151367 0.064453 0.146484 0.070312 0.139648 0.071289 0.131836 0.071289 0.126953 0.066406 0.125977 0.056641 0.125977 0.056641
1 0.159180 0.057617 0.164062 0.060547 0.164062 0.065430 0.159180 0.067383 0.154297 0.063477
1 0.171875 0.039062 0.179688 0.041992 0.179688 0.050781 0.170898 0.054688 0.157227 0.050781 0.157227 0.042969 0.163086 0.039062
1 0.202148 0.000000 0.204102 0.007812 0.210938 0.010742 0.216797 0.010742 0.220703 0.004883 0.218750 0.000000
1 0.234375 0.011719 0.240234 0.017578 0.239258 0.023438 0.229492 0.026367 0.222656 0.024414 0.222656 0.015625 0.229492 0.011719
1 0.242188 0.012695 0.250000 0.014648 0.256836 0.020508 0.256836 0.029297 0.249023 0.029297 0.239258 0.029297 0.235352 0.025391
1 0.249023 0.000000 0.248047 0.004883 0.257812 0.007812 0.258789 0.000000
1 0.215820 0.033203 0.226562 0.033203 0.228516 0.041016 0.223633 0.047852 0.213867 0.043945 0.211914 0.038086
1 0.244141 0.036133 0.250977 0.041016 0.251953 0.048828 0.250000 0.057617 0.244141 0.058594 0.243164 0.051758 0.233398 0.050781 0.230469 0.043945 0.230469 0.043945 0.237305 0.040039
1 0.260742 0.031250 0.264648 0.035156 0.262695 0.044922 0.255859 0.041992 0.255859 0.035156 0.255859 0.035156
1 0.263672 0.043945 0.268555 0.044922 0.268555 0.050781 0.263672 0.053711 0.258789 0.047852
1 0.297852 0.011719 0.305664 0.012695 0.307617 0.018555 0.307617 0.024414 0.300781 0.027344 0.291016 0.023438 0.290039 0.014648
1 0.330078 0.006836 0.337891 0.008789 0.337891 0.016602 0.331055 0.020508 0.323242 0.016602 0.323242 0.011719
0 0.291016 0.037109 0.300781 0.040039 0.308594 0.035156 0.318359 0.036133 0.316406 0.043945 0.324219 0.042969 0.330078 0.041992 0.331055 0.037109 0.333984 0.032227 0.337891 0.032227 0.336914 0.041992 0.339844 0.049805 0.338867 0.059570 0.326172 0.056641 0.326172 0.056641 0.315430 0.057617 0.302734 0.052734 0.293945 0.054688 0.286133 0.051758 0.284180 0.044922 0.285156 0.040039
0 0.340820 0.053711 0.351562 0.056641 0.357422 0.066406 0.358398 0.074219 0.359375 0.080078 0.356445 0.085938 0.350586 0.087891 0.342773 0.083984 0.337891 0.079102 0.333008 0.073242 0.334961 0.065430 0.334961 0.058594
1 0.217773 0.076172 0.221680 0.078125 0.221680 0.082031 0.215820 0.084961 0.214844 0.078125
1 0.392578 0.008789 0.393555 0.014648 0.393555 0.022461 0.384766 0.023438 0.383789 0.013672 0.385742 0.009766
1 0.392578 0.000000 0.394531 0.002930 0.400391 0.006836 0.409180 0.005859 0.415039 0.000000
1 0.392578 0.029297 0.394531 0.034180 0.392578 0.038086 0.386719 0.036133 0.386719 0.032227
1 0.393555 0.037109 0.394531 0.043945 0.391602 0.046875 0.385742 0.045898 0.385742 0.038086 0.389648 0.038086
1 0.405273 0.031250 0.407227 0.036133 0.405273 0.041016 0.398438 0.040039 0.395508 0.036133 0.397461 0.031250
1 0.415039 0.031250 0.422852 0.035156 0.427734 0.037109 0.427734 0.041992 0.420898 0.043945 0.419922 0.050781 0.416992 0.055664 0.410156 0.057617 0.403320 0.053711 0.398438 0.050781 0.399414 0.043945 0.406250 0.041016 0.407227 0.032227
1 0.435547 0.074219 0.439453 0.079102 0.437500 0.085938 0.430664 0.085938 0.426758 0.081055 0.427734 0.077148
1 0.448242 0.084961 0.450195 0.090820 0.445312 0.094727 0.438477 0.093750 0.438477 0.087891 0.442383 0.084961
1 0.450195 0.028320 0.456055 0.028320 0.457031 0.036133 0.451172 0.036133 0.447266 0.030273
1 0.450195 0.036133 0.455078 0.040039 0.460938 0.045898 0.458984 0.049805 0.451172 0.050781 0.445312 0.044922 0.448242 0.039062
1 0.473633 0.052734 0.476562 0.053711 0.477539 0.058594 0.474609 0.060547 0.469727 0.056641
1 0.495117 0.041992 0.492188 0.048828 0.487305 0.048828 0.487305 0.041992 0.491211 0.039062
1 0.505859 0.007812 0.502930 0.011719 0.499023 0.010742 0.497070 0.004883 0.500977 0.005859
1 0.540039 0.003906 0.543945 0.005859 0.541992 0.009766 0.538086 0.011719 0.533203 0.010742 0.533203 0.003906
1 0.563477 0.001953 0.566406 0.002930 0.565430 0.009766 0.558594 0.012695 0.555664 0.006836
1 0.590820 0.007812 0.586914 0.011719 0.579102 0.010742 0.580078 0.003906 0.585938 0.001953
1 0.515625 0.073242 0.518555 0.078125 0.514648 0.082031 0.508789 0.081055 0.508789 0.076172
0 0.500000 0.039062 0.505859 0.040039 0.505859 0.032227 0.510742 0.028320 0.519531 0.029297 0.521484 0.035156 0.528320 0.037109 0.530273 0.032227 0.535156 0.033203 0.540039 0.037109 0.546875 0.033203 0.551758 0.035156 0.561523 0.033203 0.567383 0.033203 0.571289 0.028320 0.578125 0.031250 0.578125 0.038086 0.583008 0.039062 0.585938 0.046875 0.579102 0.045898 0.575195 0.050781 0.573242 0.054688 0.569336 0.058594 0.566406 0.054688 0.559570 0.052734 0.558594 0.049805 0.553711 0.048828 0.549805 0.045898 0.545898 0.048828 0.540039 0.049805 0.533203 0.047852 0.526367 0.051758 0.519531 0.048828 0.514648 0.049805 0.505859 0.048828 0.498047 0.045898
1 0.646484 0.002930 0.648438 0.007812 0.643555 0.010742 0.639648 0.006836
0 0.606445 0.041016 0.612305 0.044922 0.610352 0.051758 0.608398 0.055664 0.600586 0.052734 0.595703 0.050781 0.598633 0.054688 0.598633 0.059570 0.590820 0.060547 0.590820 0.053711 0.585938 0.047852 0.588867 0.042969 0.596680 0.041992
1 0.641602 0.052734 0.646484 0.057617 0.642578 0.062500 0.634766 0.061523 0.634766 0.061523 0.634766 0.053711
1 0.667969 0.040039 0.677734 0.041992 0.681641 0.051758 0.679688 0.056641 0.672852 0.060547 0.663086 0.061523 0.656250 0.055664 0.660156 0.043945
1 0.648438 0.063477 0.656250 0.066406 0.661133 0.072266 0.658203 0.082031 0.651367 0.080078 0.641602 0.080078 0.633789 0.078125 0.634766 0.069336 0.641602 0.064453
1 0.692383 0.002930 0.697266 0.006836 0.696289 0.013672 0.691406 0.013672 0.688477 0.009766
1 0.706055 0.007812 0.713867 0.013672 0.713867 0.021484 0.709961 0.026367 0.703125 0.029297 0.694336 0.026367 0.693359 0.015625 0.699219 0.006836
1 0.726562 0.006836 0.734375 0.011719 0.734375 0.021484 0.728516 0.027344 0.720703 0.026367 0.714844 0.021484 0.714844 0.014648
1 0.752930 0.059570 0.752930 0.070312 0.747070 0.076172 0.736328 0.073242 0.736328 0.064453 0.743164 0.058594
1 0.702148 0.074219 0.707031 0.079102 0.707031 0.085938 0.698242 0.084961 0.695312 0.078125 0.697266 0.073242
0 0.842773 0.007812 0.849609 0.009766 0.850586 0.018555 0.855469 0.020508 0.857422 0.026367 0.857422 0.026367 0.851562 0.028320 0.851562 0.036133 0.844727 0.039062 0.838867 0.036133 0.834961 0.027344 0.835938 0.019531 0.835938 0.011719
1 0.781250 0.047852 0.786133 0.048828 0.784180 0.054688 0.778320 0.054688
1 0.979492 0.194336 0.986328 0.196289 0.986328 0.203125 0.975586 0.202148
1 0.715820 0.135742 0.719727 0.141602 0.714844 0.144531 0.707031 0.141602 0.708008 0.137695
1 0.708984 0.169922 0.713867 0.176758 0.709961 0.179688 0.704102 0.178711 0.703125 0.174805
1 0.720703 0.169922 0.723633 0.171875 0.723633 0.175781 0.718750 0.176758 0.715820 0.172852
1 0.712891 0.188477 0.713867 0.182617 0.708984 0.180664 0.703125 0.180664 0.701172 0.182617 0.701172 0.185547 0.706055 0.188477
1 0.666016 0.130859 0.670898 0.133789 0.670898 0.137695 0.666992 0.137695 0.661133 0.132812
1 0.607422 0.089844 0.613281 0.090820 0.614258 0.096680 0.609375 0.098633 0.606445 0.094727
1 0.607422 0.107422 0.616211 0.115234 0.615234 0.124023 0.606445 0.124023 0.600586 0.115234
1 0.597656 0.157227 0.600586 0.162109 0.596680 0.165039 0.591797 0.159180
1 0.550781 0.156250 0.557617 0.156250 0.557617 0.164062 0.549805 0.167969 0.542969 0.162109 0.543945 0.155273
1 0.548828 0.121094 0.551758 0.123047 0.551758 0.126953 0.544922 0.127930 0.544922 0.124023
1 0.536133 0.083984 0.539062 0.085938 0.539062 0.094727 0.531250 0.095703 0.531250 0.087891 0.534180 0.086914
1 0.504883 0.156250 0.507812 0.160156 0.506836 0.166016 0.500000 0.166992 0.497070 0.164062 0.500000 0.158203
1 0.496094 0.156250 0.497070 0.165039 0.491211 0.166992 0.488281 0.161133 0.489258 0.157227
1 0.476562 0.089844 0.479492 0.092773 0.479492 0.097656 0.476562 0.098633 0.473633 0.094727
1 0.476562 0.111328 0.478516 0.115234 0.483398 0.120117 0.477539 0.125000 0.471680 0.124023 0.468750 0.120117 0.462891 0.118164 0.463867 0.112305 0.469727 0.109375 0.473633 0.106445
1 0.466797 0.124023 0.467773 0.131836 0.462891 0.138672 0.452148 0.136719 0.450195 0.127930 0.455078 0.121094 0.460938 0.120117
1 0.447266 0.160156 0.446289 0.166016 0.440430 0.166992 0.438477 0.160156 0.442383 0.160156
1 0.408203 0.158203 0.408203 0.164062 0.402344 0.163086 0.403320 0.157227
1 0.405273 0.105469 0.413086 0.107422 0.418945 0.112305 0.418945 0.122070 0.418945 0.128906 0.410156 0.133789 0.399414 0.131836 0.390625 0.125000 0.393555 0.114258 0.398438 0.109375 0.402344 0.107422
1 0.338867 0.129883 0.343750 0.130859 0.343750 0.136719 0.339844 0.140625 0.339844 0.143555 0.338867 0.148438 0.335938 0.153320 0.333984 0.146484 0.331055 0.139648 0.334961 0.134766
1 0.315430 0.111328 0.321289 0.115234 0.320312 0.121094 0.315430 0.123047 0.308594 0.118164
1 0.285156 0.130859 0.288086 0.135742 0.287109 0.139648 0.280273 0.141602 0.275391 0.136719 0.279297 0.129883
1 0.270508 0.128906 0.275391 0.130859 0.275391 0.135742 0.269531 0.136719 0.265625 0.131836
1 0.260742 0.132812 0.265625 0.136719 0.265625 0.146484 0.260742 0.147461 0.257812 0.142578 0.256836 0.136719
1 0.259766 0.154297 0.264648 0.157227 0.263672 0.164062 0.258789 0.166992 0.253906 0.163086 0.253906 0.156250
1 0.248047 0.131836 0.251953 0.134766 0.250977 0.138672 0.246094 0.140625 0.242188 0.135742
1 0.234375 0.129883 0.239258 0.133789 0.236328 0.137695 0.231445 0.136719 0.229492 0.132812
1 0.188477 0.117188 0.200195 0.118164 0.199219 0.125000 0.196289 0.130859 0.189453 0.126953 0.185547 0.121094
1 0.188477 0.102539 0.193359 0.103516 0.193359 0.112305 0.191406 0.115234 0.185547 0.117188 0.184570 0.109375
1 0.174805 0.092773 0.180664 0.093750 0.181641 0.098633 0.179688 0.102539 0.172852 0.101562 0.169922 0.096680
1 0.186523 0.125977 0.192383 0.131836 0.191406 0.140625 0.183594 0.141602 0.177734 0.135742 0.181641 0.130859
1 0.170898 0.118164 0.178711 0.119141 0.183594 0.125977 0.179688 0.131836 0.175781 0.136719 0.166992 0.134766 0.166992 0.125977
1 0.149414 0.094727 0.161133 0.096680 0.164062 0.102539 0.159180 0.111328 0.149414 0.110352 0.143555 0.106445 0.140625 0.101562 0.144531 0.095703
1 0.154297 0.116211 0.163086 0.120117 0.164062 0.128906 0.159180 0.130859 0.150391 0.129883 0.145508 0.124023 0.147461 0.117188
1 0.142578 0.119141 0.145508 0.125000 0.144531 0.128906 0.138672 0.128906 0.134766 0.125000 0.137695 0.118164
1 0.149414 0.134766 0.152344 0.138672 0.154297 0.143555 0.151367 0.146484 0.145508 0.143555 0.147461 0.136719
1 0.155273 0.165039 0.155273 0.170898 0.149414 0.170898 0.149414 0.166992
1 0.136719 0.147461 0.136719 0.154297 0.129883 0.153320 0.128906 0.146484
1 0.135742 0.156250 0.135742 0.163086 0.130859 0.162109 0.130859 0.157227
1 0.117188 0.116211 0.124023 0.122070 0.125000 0.127930 0.123047 0.133789 0.114258 0.132812 0.111328 0.125977 0.115234 0.120117
1 0.081055 0.092773 0.086914 0.093750 0.088867 0.099609 0.086914 0.104492 0.082031 0.107422 0.076172 0.106445 0.073242 0.097656
1 0.087891 0.128906 0.087891 0.134766 0.083008 0.134766 0.082031 0.129883
1 0.026367 0.124023 0.031250 0.126953 0.036133 0.127930 0.044922 0.131836 0.046875 0.138672 0.041016 0.140625 0.035156 0.143555 0.032227 0.148438 0.032227 0.148438 0.023438 0.147461 0.017578 0.141602 0.017578 0.132812 0.020508 0.127930
1 0.000000 0.135742 0.007812 0.136719 0.011719 0.143555 0.012695 0.150391 0.010742 0.152344 0.000000 0.158203
1 0.005859 0.158203 0.012695 0.162109 0.012695 0.168945 0.007812 0.172852 0.000977 0.171875 0.000000 0.162109 0.000000 0.157227
1 0.009766 0.176758 0.014648 0.178711 0.015625 0.185547 0.009766 0.187500 0.005859 0.185547 0.005859 0.179688
1 0.008789 0.205078 0.015625 0.210938 0.019531 0.219727 0.017578 0.224609 0.011719 0.222656 0.006836 0.225586 0.000000 0.223633 0.000000 0.210938 0.002930 0.208984
1 0.062500 0.188477 0.061523 0.196289 0.057617 0.199219 0.054688 0.193359 0.056641 0.186523
1 0.083984 0.171875 0.088867 0.174805 0.092773 0.179688 0.091797 0.184570 0.083984 0.183594 0.080078 0.177734
1 0.066406 0.200195 0.069336 0.208984 0.074219 0.213867 0.071289 0.219727 0.065430 0.218750 0.059570 0.220703 0.053711 0.216797 0.057617 0.211914 0.060547 0.203125
1 0.082031 0.210938 0.083984 0.216797 0.080078 0.219727 0.076172 0.215820
1 0.124023 0.222656 0.123047 0.227539 0.117188 0.227539 0.115234 0.223633 0.119141 0.223633
1 0.062500 0.250000 0.061523 0.253906 0.055664 0.252930 0.055664 0.250000
1 0.162109 0.246094 0.165039 0.253906 0.162109 0.260742 0.152344 0.259766 0.150391 0.252930 0.154297 0.248047
1 0.165039 0.218750 0.168945 0.222656 0.169922 0.228516 0.161133 0.233398 0.155273 0.229492 0.157227 0.220703
1 0.166992 0.200195 0.169922 0.207031 0.168945 0.213867 0.159180 0.215820 0.156250 0.207031 0.163086 0.199219
1 0.182617 0.211914 0.189453 0.216797 0.187500 0.224609 0.179688 0.227539 0.171875 0.220703 0.172852 0.214844 0.172852 0.214844
1 0.196289 0.211914 0.202148 0.214844 0.202148 0.214844 0.200195 0.218750 0.196289 0.221680 0.188477 0.216797 0.189453 0.212891
1 0.203125 0.220703 0.207031 0.225586 0.208984 0.231445 0.202148 0.230469 0.201172 0.233398 0.197266 0.234375 0.193359 0.229492 0.195312 0.227539 0.193359 0.221680 0.198242 0.218750
1 0.210938 0.213867 0.217773 0.217773 0.218750 0.223633 0.217773 0.228516 0.215820 0.230469 0.209961 0.231445 0.205078 0.226562 0.204102 0.219727
1 0.219727 0.210938 0.222656 0.212891 0.228516 0.216797 0.227539 0.222656 0.220703 0.222656 0.215820 0.220703 0.216797 0.211914 0.216797 0.211914
1 0.245117 0.208008 0.248047 0.214844 0.246094 0.221680 0.239258 0.221680 0.235352 0.216797 0.239258 0.208008
1 0.267578 0.210938 0.269531 0.215820 0.263672 0.218750 0.258789 0.217773 0.257812 0.211914
1 0.256836 0.247070 0.263672 0.248047 0.265625 0.254883 0.262695 0.258789 0.255859 0.259766 0.251953 0.252930
1 0.281250 0.182617 0.287109 0.184570 0.287109 0.188477 0.278320 0.188477
0 0.286133 0.213867 0.292969 0.208984 0.298828 0.210938 0.303711 0.210938 0.304688 0.203125 0.314453 0.206055 0.315430 0.212891 0.308594 0.217773 0.302734 0.217773 0.308594 0.220703 0.311523 0.224609 0.311523 0.233398 0.303711 0.233398 0.293945 0.236328 0.286133 0.235352 0.281250 0.230469 0.282227 0.224609 0.280273 0.216797
1 0.353516 0.241211 0.356445 0.247070 0.355469 0.252930 0.346680 0.256836 0.336914 0.253906 0.336914 0.244141 0.342773 0.240234
1 0.364258 0.178711 0.369141 0.172852 0.378906 0.171875 0.382812 0.174805 0.390625 0.173828 0.392578 0.180664 0.388672 0.186523 0.383789 0.191406 0.374023 0.191406 0.366211 0.189453 0.365234 0.183594
1 0.331055 0.200195 0.337891 0.199219 0.337891 0.205078 0.341797 0.202148 0.341797 0.202148 0.343750 0.195312 0.345703 0.193359 0.352539 0.196289 0.354492 0.201172 0.357422 0.201172 0.364258 0.202148 0.366211 0.207031 0.373047 0.208984 0.376953 0.210938 0.374023 0.216797 0.369141 0.218750 0.373047 0.220703 0.375977 0.222656 0.375000 0.231445 0.369141 0.237305 0.359375 0.241211 0.349609 0.237305 0.340820 0.232422 0.333008 0.228516 0.332031 0.218750 0.326172 0.219727 0.323242 0.213867 0.317383 0.210938 0.317383 0.202148 0.323242 0.198242 0.323242 0.198242
1 0.400391 0.191406 0.409180 0.190430 0.408203 0.199219 0.412109 0.202148 0.412109 0.208008 0.404297 0.208984 0.398438 0.206055 0.394531 0.199219 0.395508 0.193359 0.395508 0.193359
1 0.408203 0.237305 0.412109 0.239258 0.412109 0.245117 0.403320 0.245117 0.398438 0.242188 0.400391 0.237305
1 0.417969 0.238281 0.422852 0.240234 0.420898 0.245117 0.415039 0.244141 0.413086 0.240234
0 0.388672 0.169922 0.395508 0.168945 0.401367 0.170898 0.403320 0.167969 0.407227 0.167969 0.410156 0.166992 0.414062 0.168945 0.420898 0.166992 0.421875 0.171875 0.417969 0.174805 0.410156 0.173828 0.409180 0.178711 0.403320 0.178711 0.400391 0.173828 0.396484 0.174805 0.395508 0.177734 0.390625 0.176758 0.389648 0.172852
1 0.428711 0.179688 0.427734 0.189453 0.421875 0.187500 0.422852 0.179688
1 0.421875 0.193359 0.425781 0.194336 0.424805 0.198242 0.419922 0.198242
1 0.426758 0.203125 0.422852 0.203125 0.422852 0.207031 0.426758 0.208008
1 0.439453 0.184570 0.443359 0.190430 0.440430 0.200195 0.436523 0.199219 0.436523 0.190430
1 0.453125 0.167969 0.458984 0.169922 0.462891 0.175781 0.459961 0.180664 0.450195 0.179688 0.448242 0.172852
1 0.443359 0.239258 0.446289 0.242188 0.444336 0.246094 0.437500 0.245117 0.437500 0.242188
1 0.492188 0.237305 0.496094 0.241211 0.493164 0.246094 0.487305 0.242188
1 0.528320 0.238281 0.531250 0.241211 0.528320 0.244141 0.522461 0.242188
1 0.476562 0.197266 0.482422 0.203125 0.479492 0.211914 0.474609 0.214844 0.467773 0.211914 0.467773 0.205078 0.472656 0.201172 0.472656 0.197266
1 0.487305 0.202148 0.490234 0.206055 0.489258 0.209961 0.485352 0.209961 0.483398 0.205078
1 0.500977 0.193359 0.504883 0.194336 0.503906 0.199219 0.500000 0.202148 0.495117 0.197266
1 0.516602 0.169922 0.515625 0.175781 0.511719 0.175781 0.508789 0.171875 0.511719 0.168945
0 0.516602 0.195312 0.523438 0.194336 0.527344 0.199219 0.525391 0.206055 0.525391 0.213867 0.526367 0.221680 0.521484 0.223633 0.517578 0.220703 0.513672 0.216797 0.507812 0.214844 0.508789 0.207031 0.510742 0.204102 0.515625 0.201172
1 0.541016 0.200195 0.541016 0.205078 0.535156 0.208984 0.530273 0.206055 0.530273 0.200195 0.536133 0.197266
1 0.541992 0.207031 0.540039 0.213867 0.537109 0.217773 0.530273 0.215820 0.531250 0.211914 0.534180 0.208984
1 0.560547 0.190430 0.561523 0.201172 0.558594 0.205078 0.553711 0.200195 0.554688 0.188477
1 0.560547 0.172852 0.564453 0.175781 0.564453 0.180664 0.556641 0.179688 0.554688 0.176758
1 0.570312 0.166992 0.576172 0.169922 0.576172 0.173828 0.569336 0.172852 0.567383 0.168945
1 0.578125 0.193359 0.579102 0.200195 0.573242 0.203125 0.567383 0.200195 0.568359 0.193359 0.572266 0.191406
1 0.641602 0.192383 0.641602 0.198242 0.635742 0.200195 0.633789 0.196289 0.635742 0.191406
1 0.657227 0.188477 0.665039 0.189453 0.665039 0.195312 0.660156 0.198242 0.654297 0.193359
1 0.608398 0.202148 0.608398 0.212891 0.603516 0.212891 0.602539 0.208008 0.596680 0.206055 0.598633 0.201172
1 0.620117 0.200195 0.626953 0.205078 0.627930 0.210938 0.624023 0.211914 0.623047 0.219727 0.618164 0.222656 0.615234 0.217773 0.618164 0.207031
1 0.784180 0.211914 0.795898 0.212891 0.803711 0.215820 0.807617 0.222656 0.802734 0.227539 0.780273 0.227539 0.776367 0.217773
1 0.673828 0.256836 0.673828 0.261719 0.668945 0.260742 0.667969 0.257812
1 0.669922 0.277344 0.672852 0.279297 0.672852 0.284180 0.666992 0.285156 0.662109 0.281250 0.664062 0.276367
1 0.666016 0.289062 0.672852 0.289062 0.675781 0.295898 0.672852 0.300781 0.666992 0.303711 0.660156 0.300781 0.661133 0.291992
1 0.669922 0.308594 0.677734 0.310547 0.682617 0.319336 0.680664 0.325195 0.674805 0.328125 0.664062 0.326172 0.658203 0.323242 0.660156 0.313477
1 0.646484 0.270508 0.653320 0.274414 0.653320 0.280273 0.654297 0.286133 0.651367 0.290039 0.638672 0.289062 0.634766 0.280273 0.638672 0.274414
1 0.610352 0.276367 0.610352 0.282227 0.605469 0.282227 0.604492 0.277344 0.607422 0.275391
1 0.599609 0.293945 0.606445 0.293945 0.611328 0.297852 0.612305 0.303711 0.604492 0.306641 0.601562 0.308594 0.593750 0.305664 0.593750 0.297852
1 0.577148 0.320312 0.578125 0.323242 0.578125 0.327148 0.574219 0.328125 0.571289 0.323242
0 0.571289 0.273438 0.576172 0.275391 0.581055 0.275391 0.583984 0.281250 0.583008 0.291992 0.575195 0.292969 0.568359 0.291016 0.566406 0.280273
1 0.539062 0.289062 0.543945 0.292969 0.551758 0.295898 0.550781 0.303711 0.540039 0.306641 0.532227 0.301758 0.533203 0.292969
1 0.553711 0.250000 0.551758 0.255859 0.546875 0.254883 0.545898 0.249023 0.549805 0.249023
1 0.539062 0.248047 0.542969 0.250000 0.542969 0.255859 0.535156 0.258789 0.530273 0.250977 0.534180 0.247070
1 0.527344 0.271484 0.531250 0.274414 0.531250 0.274414 0.537109 0.280273 0.536133 0.287109 0.531250 0.289062 0.522461 0.287109 0.522461 0.279297 0.521484 0.273438 0.521484 0.273438
0 0.513672 0.282227 0.518555 0.287109 0.521484 0.291992 0.517578 0.294922 0.509766 0.293945 0.502930 0.297852 0.496094 0.298828 0.491211 0.301758 0.486328 0.303711 0.477539 0.303711 0.472656 0.301758 0.472656 0.293945 0.476562 0.289062 0.483398 0.290039 0.484375 0.285156 0.488281 0.285156 0.491211 0.289062 0.498047 0.289062 0.498047 0.281250 0.507812 0.282227
1 0.476562 0.273438 0.476562 0.279297 0.469727 0.285156 0.461914 0.284180 0.460938 0.276367 0.467773 0.275391
1 0.464844 0.307617 0.460938 0.313477 0.454102 0.311523 0.457031 0.306641
1 0.458984 0.251953 0.456055 0.256836 0.450195 0.255859 0.448242 0.250977 0.453125 0.249023
1 0.522461 0.250977 0.521484 0.255859 0.515625 0.254883 0.515625 0.249023
0 0.438477 0.277344 0.445312 0.278320 0.449219 0.274414 0.456055 0.273438 0.456055 0.280273 0.456055 0.280273 0.453125 0.282227 0.456055 0.289062 0.453125 0.292969 0.447266 0.291016 0.445312 0.293945 0.439453 0.291992 0.434570 0.294922 0.434570 0.289062 0.437500 0.287109
1 0.428711 0.289062 0.431641 0.293945 0.431641 0.293945 0.426758 0.297852 0.422852 0.291992
1 0.418945 0.247070 0.424805 0.250977 0.423828 0.255859 0.418945 0.259766 0.413086 0.255859 0.413086 0.250000
1 0.397461 0.253906 0.403320 0.255859 0.404297 0.261719 0.397461 0.262695 0.392578 0.257812
1 0.353516 0.297852 0.353516 0.301758 0.350586 0.302734 0.347656 0.299805 0.347656 0.296875
1 0.324219 0.267578 0.323242 0.275391 0.318359 0.277344 0.311523 0.276367 0.310547 0.268555 0.315430 0.263672
1 0.319336 0.279297 0.321289 0.284180 0.318359 0.287109 0.312500 0.284180 0.313477 0.278320
1 0.306641 0.261719 0.312500 0.265625 0.312500 0.273438 0.307617 0.275391 0.299805 0.272461 0.299805 0.265625
1 0.290039 0.257812 0.298828 0.260742 0.298828 0.266602 0.292969 0.268555 0.286133 0.264648 0.287109 0.261719
1 0.275391 0.258789 0.283203 0.260742 0.285156 0.264648 0.280273 0.268555 0.270508 0.266602 0.270508 0.260742
1 0.294922 0.287109 0.297852 0.290039 0.296875 0.295898 0.292969 0.294922 0.291016 0.291016
1 0.291016 0.293945 0.294922 0.297852 0.294922 0.299805 0.286133 0.298828 0.286133 0.293945
1 0.255859 0.263672 0.254883 0.266602 0.248047 0.266602 0.248047 0.261719
1 0.240234 0.295898 0.243164 0.299805 0.242188 0.305664 0.236328 0.305664 0.227539 0.304688 0.225586 0.298828 0.232422 0.295898 0.233398 0.293945
1 0.217773 0.283203 0.224609 0.287109 0.227539 0.294922 0.223633 0.300781 0.214844 0.301758 0.206055 0.299805 0.206055 0.299805 0.204102 0.291016 0.209961 0.284180
1 0.197266 0.283203 0.200195 0.286133 0.200195 0.291992 0.195312 0.295898 0.192383 0.291992 0.192383 0.283203
0 0.191406 0.285156 0.193359 0.293945 0.189453 0.302734 0.174805 0.305664 0.166016 0.306641 0.160156 0.303711 0.153320 0.301758 0.151367 0.292969 0.155273 0.288086 0.162109 0.284180 0.166992 0.286133 0.169922 0.291016 0.174805 0.293945 0.180664 0.295898 0.185547 0.291016 0.181641 0.288086 0.180664 0.283203 0.180664 0.283203 0.183594 0.280273 0.187500 0.283203
1 0.151367 0.333984 0.155273 0.334961 0.155273 0.338867 0.149414 0.338867
1 0.122070 0.333984 0.125977 0.333984 0.125977 0.339844 0.119141 0.338867
1 0.109375 0.333984 0.112305 0.334961 0.113281 0.338867 0.107422 0.338867
1 0.083008 0.335938 0.087891 0.335938 0.088867 0.337891 0.083008 0.339844
0 0.121094 0.274414 0.126953 0.276367 0.133789 0.277344 0.138672 0.282227 0.138672 0.288086 0.132812 0.291992 0.139648 0.293945 0.145508 0.298828 0.143555 0.305664 0.139648 0.308594 0.133789 0.310547 0.123047 0.310547 0.115234 0.308594 0.109375 0.300781 0.114258 0.290039 0.116211 0.280273
1 0.085938 0.260742 0.094727 0.262695 0.096680 0.266602 0.089844 0.270508 0.086914 0.272461 0.082031 0.269531 0.080078 0.265625
1 0.086914 0.286133 0.096680 0.289062 0.097656 0.301758 0.093750 0.309570 0.088867 0.314453 0.084961 0.313477 0.085938 0.308594 0.082031 0.302734 0.082031 0.302734 0.081055 0.291016
1 0.075195 0.290039 0.077148 0.293945 0.075195 0.300781 0.070312 0.299805 0.069336 0.291992
1 0.058594 0.261719 0.063477 0.264648 0.062500 0.267578 0.055664 0.269531 0.051758 0.265625
0 0.012695 0.279297 0.019531 0.283203 0.022461 0.288086 0.019531 0.293945 0.024414 0.293945 0.032227 0.293945 0.028320 0.289062 0.028320 0.283203 0.035156 0.283203 0.040039 0.286133 0.038086 0.291992 0.042969 0.295898 0.047852 0.302734 0.047852 0.302734 0.045898 0.310547 0.045898 0.310547 0.041016 0.313477 0.029297 0.318359 0.018555 0.319336 0.008789 0.316406 0.008789 0.308594 0.008789 0.299805 0.006836 0.291992 0.008789 0.287109 0.011719 0.281250
1 0.000000 0.295898 0.006836 0.297852 0.007812 0.304688 0.002930 0.308594 0.000000 0.308594
1 0.015625 0.334961 0.018555 0.336914 0.018555 0.340820 0.014648 0.340820 0.011719 0.337891
1 0.032227 0.383789 0.029297 0.390625 0.023438 0.391602 0.023438 0.395508 0.019531 0.393555 0.020508 0.387695 0.025391 0.380859
1 0.072266 0.406250 0.082031 0.411133 0.089844 0.411133 0.088867 0.420898 0.077148 0.421875 0.069336 0.420898 0.069336 0.411133
1 0.066406 0.418945 0.065430 0.423828 0.061523 0.422852 0.061523 0.417969
1 0.137695 0.342773 0.143555 0.344727 0.143555 0.350586 0.136719 0.349609
1 0.151367 0.344727 0.160156 0.344727 0.159180 0.350586 0.148438 0.350586 0.148438 0.345703
1 0.166016 0.343750 0.172852 0.342773 0.172852 0.347656 0.166016 0.351562
1 0.175781 0.343750 0.180664 0.343750 0.180664 0.348633 0.173828 0.349609
1 0.137695 0.388672 0.148438 0.386719 0.149414 0.393555 0.146484 0.398438 0.144531 0.402344 0.135742 0.401367 0.130859 0.394531
1 0.192383 0.383789 0.188477 0.391602 0.180664 0.389648 0.180664 0.383789 0.185547 0.380859
0 0.199219 0.383789 0.206055 0.385742 0.212891 0.381836 0.222656 0.382812 0.227539 0.384766 0.227539 0.390625 0.224609 0.391602 0.222656 0.397461 0.216797 0.398438 0.209961 0.403320 0.209961 0.403320 0.203125 0.398438 0.195312 0.399414 0.189453 0.393555 0.189453 0.387695 0.192383 0.383789
1 0.189453 0.416016 0.190430 0.419922 0.188477 0.421875 0.183594 0.418945
1 0.192383 0.407227 0.200195 0.407227 0.203125 0.410156 0.202148 0.417969 0.197266 0.420898 0.190430 0.416016
1 0.252930 0.344727 0.251953 0.349609 0.246094 0.349609 0.247070 0.343750
1 0.259766 0.342773 0.264648 0.344727 0.264648 0.350586 0.256836 0.349609
1 0.270508 0.343750 0.278320 0.345703 0.277344 0.348633 0.271484 0.348633
1 0.257812 0.382812 0.256836 0.388672 0.250977 0.386719 0.250977 0.381836
1 0.265625 0.388672 0.274414 0.380859 0.275391 0.383789 0.273438 0.389648 0.270508 0.394531 0.270508 0.394531 0.266602 0.393555
1 0.235352 0.413086 0.239258 0.416016 0.239258 0.423828 0.232422 0.421875 0.232422 0.416016
0 0.243164 0.414062 0.256836 0.407227 0.264648 0.407227 0.276367 0.411133 0.274414 0.425781 0.270508 0.428711 0.261719 0.431641 0.254883 0.433594 0.252930 0.437500 0.249023 0.434570 0.242188 0.429688 0.242188 0.423828
1 0.284180 0.414062 0.290039 0.416992 0.289062 0.421875 0.284180 0.419922
1 0.290039 0.366211 0.295898 0.366211 0.296875 0.372070 0.291016 0.374023 0.288086 0.369141
0 0.307617 0.382812 0.317383 0.383789 0.322266 0.380859 0.322266 0.380859 0.329102 0.377930 0.329102 0.382812 0.333008 0.387695 0.333008 0.397461 0.326172 0.400391 0.319336 0.398438 0.311523 0.399414 0.304688 0.392578
1 0.316406 0.414062 0.315430 0.420898 0.306641 0.420898 0.307617 0.414062
1 0.331055 0.349609 0.331055 0.355469 0.324219 0.355469 0.322266 0.349609 0.328125 0.345703
1 0.372070 0.344727 0.372070 0.349609 0.366211 0.350586 0.361328 0.346680 0.366211 0.339844
1 0.361328 0.375977 0.362305 0.381836 0.362305 0.381836 0.358398 0.381836 0.354492 0.378906 0.357422 0.375000
1 0.370117 0.376953 0.373047 0.379883 0.373047 0.384766 0.367188 0.384766 0.365234 0.380859
1 0.371094 0.387695 0.378906 0.386719 0.383789 0.392578 0.380859 0.399414 0.374023 0.401367 0.368164 0.394531 0.368164 0.389648
1 0.370117 0.410156 0.372070 0.416992 0.367188 0.420898 0.360352 0.416992 0.360352 0.411133
1 0.400391 0.336914 0.399414 0.340820 0.393555 0.339844 0.391602 0.335938 0.396484 0.332031
1 0.418945 0.331055 0.421875 0.336914 0.416992 0.338867 0.410156 0.335938
1 0.453125 0.330078 0.456055 0.334961 0.455078 0.340820 0.447266 0.339844 0.445312 0.334961
1 0.482422 0.333008 0.482422 0.338867 0.477539 0.338867 0.475586 0.333984 0.479492 0.331055
1 0.486328 0.333008 0.492188 0.332031 0.496094 0.334961 0.493164 0.339844 0.484375 0.339844
1 0.403320 0.363281 0.415039 0.361328 0.423828 0.361328 0.427734 0.370117 0.422852 0.374023 0.416016 0.375000 0.413086 0.377930 0.409180 0.375000 0.401367 0.372070 0.402344 0.363281
1 0.439453 0.360352 0.448242 0.359375 0.454102 0.355469 0.462891 0.357422 0.467773 0.361328 0.472656 0.366211 0.469727 0.374023 0.457031 0.373047 0.453125 0.377930 0.444336 0.376953 0.438477 0.370117
1 0.427734 0.378906 0.435547 0.379883 0.441406 0.375977 0.443359 0.383789 0.444336 0.390625 0.435547 0.390625 0.430664 0.392578 0.422852 0.388672
1 0.470703 0.405273 0.472656 0.411133 0.467773 0.413086 0.463867 0.408203
1 0.478516 0.403320 0.484375 0.409180 0.482422 0.412109 0.474609 0.411133 0.473633 0.406250
1 0.502930 0.405273 0.504883 0.408203 0.503906 0.411133 0.497070 0.410156 0.498047 0.405273
0 0.505859 0.370117 0.511719 0.369141 0.516602 0.373047 0.524414 0.371094 0.530273 0.374023 0.531250 0.368164 0.536133 0.364258 0.540039 0.358398 0.546875 0.360352 0.548828 0.368164 0.548828 0.374023 0.540039 0.376953 0.536133 0.375977 0.536133 0.379883 0.532227 0.384766 0.532227 0.384766 0.524414 0.385742 0.520508 0.385742 0.515625 0.390625 0.515625 0.390625 0.506836 0.392578 0.501953 0.384766 0.502930 0.377930
1 0.535156 0.403320 0.540039 0.404297 0.540039 0.412109 0.534180 0.413086 0.531250 0.408203
1 0.577148 0.404297 0.581055 0.407227 0.581055 0.411133 0.576172 0.414062 0.571289 0.409180
1 0.522461 0.333984 0.529297 0.333984 0.531250 0.337891 0.525391 0.340820 0.520508 0.337891
1 0.564453 0.362305 0.570312 0.363281 0.577148 0.367188 0.577148 0.375000 0.570312 0.374023 0.564453 0.378906 0.558594 0.371094
1 0.583984 0.363281 0.589844 0.366211 0.592773 0.371094 0.601562 0.372070 0.602539 0.378906 0.598633 0.382812 0.592773 0.387695 0.584961 0.390625 0.580078 0.389648 0.573242 0.384766 0.571289 0.377930 0.578125 0.375000 0.576172 0.367188
1 0.583008 0.331055 0.587891 0.332031 0.588867 0.336914 0.583984 0.338867 0.579102 0.334961
1 0.624023 0.368164 0.624023 0.374023 0.618164 0.374023 0.615234 0.369141 0.618164 0.366211
1 0.630859 0.366211 0.635742 0.369141 0.635742 0.377930 0.638672 0.383789 0.632812 0.386719 0.625977 0.382812 0.625977 0.374023
1 0.644531 0.374023 0.643555 0.377930 0.638672 0.379883 0.634766 0.377930 0.635742 0.372070 0.640625 0.371094
1 0.636719 0.349609 0.639648 0.353516 0.639648 0.358398 0.632812 0.360352 0.625977 0.356445 0.629883 0.351562
1 0.666992 0.350586 0.672852 0.353516 0.674805 0.358398 0.669922 0.360352 0.669922 0.360352 0.664062 0.359375 0.661133 0.353516
1 0.795898 0.360352 0.798828 0.367188 0.797852 0.373047 0.785156 0.372070 0.785156 0.362305
1 0.840820 0.349609 0.847656 0.356445 0.847656 0.361328 0.838867 0.361328 0.835938 0.355469
1 0.641602 0.458008 0.645508 0.464844 0.643555 0.470703 0.635742 0.470703 0.631836 0.467773 0.631836 0.459961
1 0.612305 0.415039 0.615234 0.417969 0.615234 0.421875 0.609375 0.423828 0.605469 0.418945 0.607422 0.416016
1 0.600586 0.415039 0.602539 0.416992 0.602539 0.420898 0.597656 0.421875 0.594727 0.417969 0.597656 0.414062
1 0.595703 0.449219 0.598633 0.454102 0.596680 0.457031 0.592773 0.457031 0.590820 0.450195
1 0.584961 0.453125 0.587891 0.457031 0.587891 0.461914 0.583008 0.463867 0.580078 0.459961 0.581055 0.454102
1 0.571289 0.459961 0.575195 0.465820 0.574219 0.473633 0.564453 0.474609 0.564453 0.474609 0.556641 0.469727 0.557617 0.462891 0.564453 0.461914
1 0.556641 0.416992 0.555664 0.421875 0.549805 0.423828 0.547852 0.418945 0.549805 0.414062 0.554688 0.415039
1 0.557617 0.444336 0.562500 0.447266 0.565430 0.456055 0.564453 0.460938 0.556641 0.460938 0.553711 0.453125 0.556641 0.449219
1 0.546875 0.439453 0.550781 0.442383 0.550781 0.448242 0.550781 0.448242 0.544922 0.447266 0.543945 0.443359
1 0.550781 0.455078 0.552734 0.462891 0.548828 0.463867 0.545898 0.458984
1 0.535156 0.441406 0.541016 0.445312 0.541016 0.453125 0.535156 0.457031 0.527344 0.451172 0.528320 0.443359
1 0.537109 0.417969 0.534180 0.424805 0.529297 0.425781 0.526367 0.419922 0.529297 0.414062
1 0.510742 0.416992 0.513672 0.419922 0.510742 0.423828 0.505859 0.422852 0.504883 0.418945
1 0.492188 0.416992 0.496094 0.420898 0.496094 0.425781 0.491211 0.427734 0.488281 0.419922
1 0.509766 0.442383 0.509766 0.448242 0.515625 0.446289 0.520508 0.452148 0.516602 0.456055 0.513672 0.461914 0.504883 0.462891 0.497070 0.460938 0.498047 0.453125 0.501953 0.444336
1 0.538086 0.458984 0.541016 0.463867 0.540039 0.465820 0.541992 0.473633 0.541016 0.478516 0.535156 0.477539 0.535156 0.465820
1 0.483398 0.450195 0.490234 0.451172 0.492188 0.455078 0.488281 0.458008 0.482422 0.458008
1 0.451172 0.417969 0.450195 0.423828 0.450195 0.423828 0.443359 0.423828 0.443359 0.423828 0.439453 0.417969 0.446289 0.416016
1 0.472656 0.442383 0.476562 0.450195 0.475586 0.458008 0.470703 0.460938 0.465820 0.456055 0.466797 0.445312
1 0.467773 0.458008 0.467773 0.464844 0.470703 0.469727 0.467773 0.474609 0.459961 0.474609 0.459961 0.474609 0.459961 0.468750 0.461914 0.465820 0.462891 0.458984
1 0.456055 0.454102 0.460938 0.458984 0.460938 0.466797 0.458008 0.470703 0.450195 0.472656 0.446289 0.464844 0.449219 0.459961 0.450195 0.456055
1 0.445312 0.451172 0.449219 0.457031 0.449219 0.457031 0.446289 0.463867 0.440430 0.465820 0.435547 0.458984 0.438477 0.451172
1 0.444336 0.468750 0.451172 0.478516 0.450195 0.491211 0.445312 0.499023 0.432617 0.496094 0.426758 0.486328 0.431641 0.479492 0.433594 0.470703
1 0.453125 0.442383 0.451172 0.446289 0.447266 0.444336 0.448242 0.440430
1 0.432617 0.414062 0.437500 0.417969 0.437500 0.422852 0.430664 0.422852 0.428711 0.417969
1 0.420898 0.412109 0.425781 0.417969 0.425781 0.422852 0.419922 0.425781 0.415039 0.422852 0.415039 0.416992 0.415039 0.416992
1 0.408203 0.412109 0.414062 0.413086 0.415039 0.416992 0.415039 0.421875 0.409180 0.422852 0.405273 0.417969
1 0.405273 0.439453 0.409180 0.439453 0.418945 0.446289 0.418945 0.453125 0.416016 0.458984 0.412109 0.461914 0.404297 0.463867 0.401367 0.456055 0.397461 0.452148 0.398438 0.439453
1 0.372070 0.470703 0.375977 0.475586 0.373047 0.480469 0.368164 0.477539 0.367188 0.471680
1 0.357422 0.425781 0.356445 0.430664 0.352539 0.431641 0.349609 0.426758 0.352539 0.424805
0 0.313477 0.450195 0.318359 0.446289 0.322266 0.442383 0.325195 0.447266 0.325195 0.447266 0.330078 0.450195 0.332031 0.458008 0.337891 0.458984 0.341797 0.455078 0.345703 0.458008 0.350586 0.459961 0.351562 0.455078 0.351562 0.451172 0.357422 0.448242 0.357422 0.448242 0.362305 0.448242 0.367188 0.448242 0.369141 0.455078 0.369141 0.458984 0.363281 0.462891 0.363281 0.465820 0.359375 0.468750 0.351562 0.465820 0.345703 0.465820 0.344727 0.470703 0.340820 0.470703 0.338867 0.473633 0.336914 0.471680 0.335938 0.467773 0.332031 0.467773 0.329102 0.464844 0.321289 0.459961 0.319336 0.464844 0.314453 0.464844 0.315430 0.454102
1 0.286133 0.422852 0.292969 0.423828 0.293945 0.428711 0.288086 0.430664
1 0.276367 0.424805 0.280273 0.425781 0.281250 0.430664 0.276367 0.431641 0.272461 0.428711
1 0.291992 0.457031 0.296875 0.458008 0.305664 0.457031 0.305664 0.457031 0.309570 0.461914 0.306641 0.464844 0.298828 0.464844 0.297852 0.468750 0.290039 0.467773 0.289062 0.459961
1 0.273438 0.450195 0.281250 0.450195 0.282227 0.457031 0.271484 0.457031
1 0.277344 0.462891 0.284180 0.462891 0.286133 0.470703 0.286133 0.470703 0.287109 0.474609 0.289062 0.482422 0.282227 0.487305 0.273438 0.484375 0.274414 0.476562 0.275391 0.469727
1 0.272461 0.491211 0.277344 0.498047 0.280273 0.504883 0.274414 0.505859 0.269531 0.502930 0.269531 0.495117
1 0.260742 0.496094 0.262695 0.503906 0.259766 0.506836 0.255859 0.500977
1 0.253906 0.455078 0.260742 0.458984 0.259766 0.464844 0.255859 0.467773 0.248047 0.463867 0.249023 0.457031
1 0.236328 0.497070 0.241211 0.500000 0.241211 0.507812 0.237305 0.509766 0.231445 0.505859 0.231445 0.505859 0.232422 0.500000 0.232422 0.500000
1 0.222656 0.464844 0.227539 0.465820 0.227539 0.473633 0.223633 0.477539 0.217773 0.476562 0.215820 0.468750
1 0.215820 0.500977 0.216797 0.504883 0.210938 0.505859 0.208984 0.500977 0.212891 0.498047
1 0.202148 0.500977 0.201172 0.506836 0.194336 0.507812 0.193359 0.500977 0.198242 0.498047
0 0.202148 0.458008 0.208008 0.458984 0.208008 0.466797 0.201172 0.468750 0.198242 0.471680 0.198242 0.476562 0.201172 0.480469 0.195312 0.483398 0.184570 0.482422 0.182617 0.477539 0.182617 0.472656 0.173828 0.477539 0.170898 0.471680 0.166016 0.472656 0.163086 0.478516 0.161133 0.486328 0.160156 0.492188 0.156250 0.497070 0.147461 0.500977 0.142578 0.494141 0.140625 0.481445 0.143555 0.474609 0.143555 0.474609 0.147461 0.469727 0.146484 0.464844 0.146484 0.464844 0.151367 0.463867 0.156250 0.458984 0.160156 0.458984 0.166016 0.456055 0.169922 0.450195 0.176758 0.450195 0.182617 0.458008 0.185547 0.463867 0.188477 0.459961 0.195312 0.458984 0.200195 0.460938
1 0.135742 0.431641 0.140625 0.434570 0.140625 0.439453 0.136719 0.443359 0.128906 0.442383 0.128906 0.442383 0.127930 0.434570
1 0.194336 0.433594 0.195312 0.437500 0.192383 0.439453 0.188477 0.436523 0.188477 0.436523 0.191406 0.432617
1 0.215820 0.434570 0.220703 0.435547 0.219727 0.438477 0.212891 0.439453
1 0.109375 0.427734 0.114258 0.429688 0.112305 0.432617 0.107422 0.432617
1 0.093750 0.425781 0.100586 0.426758 0.100586 0.432617 0.093750 0.430664
1 0.052734 0.425781 0.056641 0.426758 0.059570 0.431641 0.052734 0.433594 0.047852 0.428711
1 0.100586 0.452148 0.109375 0.448242 0.117188 0.449219 0.122070 0.456055 0.119141 0.461914 0.113281 0.466797 0.109375 0.472656 0.101562 0.474609 0.098633 0.468750 0.103516 0.459961 0.096680 0.457031
1 0.091797 0.455078 0.097656 0.458984 0.097656 0.466797 0.090820 0.468750 0.086914 0.463867
1 0.078125 0.461914 0.082031 0.464844 0.086914 0.465820 0.085938 0.472656 0.079102 0.476562 0.075195 0.479492 0.070312 0.475586 0.070312 0.475586 0.073242 0.465820
1 0.100586 0.499023 0.109375 0.501953 0.108398 0.510742 0.103516 0.513672 0.096680 0.510742 0.095703 0.503906
1 0.027344 0.475586 0.036133 0.478516 0.036133 0.485352 0.030273 0.486328 0.022461 0.484375 0.022461 0.478516
1 0.043945 0.458008 0.047852 0.459961 0.047852 0.464844 0.042969 0.465820 0.040039 0.461914
1 0.000000 0.447266 0.005859 0.446289 0.013672 0.449219 0.019531 0.450195 0.020508 0.460938 0.016602 0.464844 0.007812 0.465820 0.003906 0.462891 0.000000 0.461914
1 0.000000 0.462891 0.005859 0.469727 0.004883 0.477539 0.000000 0.482422 0.000000 0.480469
1 0.025391 0.497070 0.028320 0.500000 0.028320 0.505859 0.024414 0.505859 0.020508 0.501953
1 0.036133 0.498047 0.041992 0.500977 0.040039 0.507812 0.033203 0.506836 0.032227 0.500977
1 0.017578 0.582031 0.023438 0.583008 0.024414 0.587891 0.020508 0.589844 0.016602 0.585938
1 0.033203 0.582031 0.041016 0.582031 0.041992 0.588867 0.037109 0.589844 0.030273 0.588867
1 0.046875 0.583008 0.053711 0.583008 0.057617 0.586914 0.054688 0.590820 0.046875 0.588867 0.046875 0.588867
1 0.080078 0.581055 0.086914 0.582031 0.085938 0.588867 0.077148 0.588867 0.077148 0.582031
1 0.096680 0.551758 0.101562 0.558594 0.101562 0.566406 0.094727 0.565430 0.087891 0.563477 0.089844 0.554688
1 0.112305 0.582031 0.118164 0.584961 0.116211 0.589844 0.111328 0.586914
1 0.183594 0.558594 0.191406 0.562500 0.191406 0.570312 0.187500 0.573242 0.178711 0.569336 0.179688 0.562500
1 0.189453 0.578125 0.191406 0.582031 0.191406 0.585938 0.184570 0.585938 0.181641 0.580078
1 0.204102 0.549805 0.206055 0.554688 0.200195 0.558594 0.193359 0.553711 0.196289 0.548828
1 0.251953 0.541992 0.253906 0.542969 0.252930 0.548828 0.250000 0.553711 0.247070 0.556641 0.244141 0.551758 0.250000 0.543945
1 0.274414 0.534180 0.280273 0.538086 0.280273 0.543945 0.276367 0.545898 0.274414 0.548828 0.268555 0.546875 0.270508 0.539062
1 0.301758 0.508789 0.307617 0.511719 0.307617 0.516602 0.300781 0.515625 0.297852 0.511719
0 0.299805 0.523438 0.299805 0.533203 0.303711 0.533203 0.308594 0.530273 0.312500 0.534180 0.314453 0.539062 0.320312 0.540039 0.323242 0.537109 0.329102 0.539062 0.329102 0.539062 0.333984 0.538086 0.338867 0.538086 0.341797 0.541992 0.344727 0.542969 0.349609 0.541016 0.351562 0.546875 0.350586 0.552734 0.346680 0.560547 0.341797 0.561523 0.338867 0.567383 0.330078 0.566406 0.324219 0.567383 0.321289 0.562500 0.316406 0.560547 0.316406 0.560547 0.309570 0.564453 0.307617 0.555664 0.301758 0.553711 0.308594 0.549805 0.309570 0.543945 0.299805 0.543945 0.299805 0.550781 0.300781 0.556641 0.300781 0.560547 0.292969 0.561523 0.283203 0.557617 0.283203 0.557617 0.280273 0.551758 0.286133 0.550781 0.292969 0.550781 0.294922 0.542969 0.292969 0.533203 0.293945 0.524414
1 0.300781 0.581055 0.302734 0.585938 0.299805 0.587891 0.295898 0.583984
1 0.332031 0.583008 0.332031 0.586914 0.326172 0.586914 0.321289 0.582031 0.326172 0.582031
1 0.375977 0.515625 0.375977 0.524414 0.371094 0.525391 0.366211 0.519531 0.369141 0.514648
1 0.371094 0.532227 0.378906 0.535156 0.380859 0.543945 0.375977 0.546875 0.375977 0.546875 0.366211 0.547852 0.366211 0.547852 0.361328 0.543945 0.361328 0.535156 0.361328 0.535156
1 0.378906 0.561523 0.376953 0.566406 0.371094 0.564453 0.370117 0.558594
1 0.416016 0.584961 0.415039 0.590820 0.409180 0.590820 0.408203 0.585938
1 0.432617 0.590820 0.438477 0.592773 0.437500 0.596680 0.430664 0.596680
1 0.412109 0.551758 0.412109 0.555664 0.403320 0.555664 0.403320 0.549805
1 0.406250 0.561523 0.405273 0.567383 0.399414 0.565430 0.400391 0.560547
1 0.422852 0.541016 0.426758 0.546875 0.421875 0.550781 0.416992 0.545898
1 0.442383 0.542969 0.444336 0.547852 0.440430 0.553711 0.434570 0.554688 0.430664 0.546875 0.430664 0.546875 0.436523 0.542969
1 0.469727 0.579102 0.474609 0.585938 0.469727 0.590820 0.464844 0.590820 0.462891 0.582031
1 0.472656 0.532227 0.476562 0.535156 0.476562 0.538086 0.471680 0.538086 0.470703 0.534180
1 0.490234 0.528320 0.491211 0.538086 0.486328 0.540039 0.483398 0.535156 0.483398 0.529297 0.485352 0.529297
0 0.500977 0.542969 0.507812 0.543945 0.511719 0.546875 0.517578 0.547852 0.522461 0.554688 0.516602 0.559570 0.516602 0.566406 0.517578 0.574219 0.511719 0.576172 0.509766 0.555664 0.500977 0.555664 0.493164 0.554688 0.495117 0.564453 0.491211 0.572266 0.486328 0.566406 0.487305 0.552734 0.486328 0.547852 0.492188 0.543945
1 0.495117 0.528320 0.507812 0.528320 0.507812 0.534180 0.500000 0.534180 0.499023 0.538086 0.494141 0.533203
1 0.528320 0.583008 0.533203 0.586914 0.531250 0.594727 0.525391 0.596680 0.521484 0.591797 0.522461 0.585938
1 0.538086 0.541016 0.546875 0.542969 0.548828 0.553711 0.545898 0.560547 0.541992 0.562500 0.540039 0.567383 0.535156 0.566406 0.536133 0.556641 0.532227 0.547852
1 0.581055 0.587891 0.583984 0.591797 0.583984 0.596680 0.578125 0.597656 0.575195 0.591797
1 0.573242 0.508789 0.583984 0.508789 0.585938 0.512695 0.583008 0.515625 0.578125 0.516602 0.571289 0.515625 0.570312 0.510742
1 0.620117 0.532227 0.625000 0.535156 0.625000 0.541992 0.621094 0.546875 0.621094 0.546875 0.616211 0.545898 0.615234 0.538086
1 0.616211 0.548828 0.616211 0.553711 0.612305 0.555664 0.609375 0.550781 0.613281 0.547852
1 0.648438 0.544922 0.652344 0.547852 0.650391 0.559570 0.640625 0.563477 0.632812 0.553711 0.637695 0.544922
1 0.623047 0.589844 0.629883 0.592773 0.635742 0.591797 0.637695 0.597656 0.633789 0.602539 0.625977 0.606445 0.620117 0.602539 0.623047 0.593750
1 0.674805 0.542969 0.669922 0.547852 0.664062 0.546875 0.664062 0.541992 0.671875 0.540039
1 0.669922 0.549805 0.677734 0.552734 0.674805 0.554688 0.667969 0.552734
1 0.667969 0.557617 0.676758 0.558594 0.676758 0.564453 0.667969 0.565430
1 0.709961 0.517578 0.715820 0.518555 0.715820 0.524414 0.711914 0.527344 0.707031 0.526367
1 0.701172 0.588867 0.701172 0.595703 0.697266 0.597656 0.694336 0.590820
1 0.703125 0.589844 0.708008 0.587891 0.710938 0.590820 0.710938 0.596680 0.705078 0.596680 0.701172 0.592773
1 0.716797 0.588867 0.720703 0.590820 0.720703 0.594727 0.714844 0.595703 0.710938 0.591797 0.710938 0.591797
1 0.729492 0.589844 0.729492 0.594727 0.724609 0.595703 0.721680 0.591797 0.723633 0.589844
1 0.710938 0.578125 0.709961 0.581055 0.705078 0.581055 0.702148 0.577148 0.706055 0.572266
1 0.717773 0.575195 0.722656 0.577148 0.721680 0.580078 0.715820 0.583008 0.711914 0.579102 0.712891 0.576172 0.714844 0.576172
1 0.740234 0.528320 0.739258 0.533203 0.736328 0.534180 0.733398 0.531250 0.734375 0.526367
1 0.745117 0.508789 0.752930 0.508789 0.755859 0.513672 0.753906 0.518555 0.747070 0.519531 0.742188 0.521484 0.736328 0.516602 0.740234 0.510742
0 0.739258 0.538086 0.749023 0.538086 0.754883 0.541992 0.758789 0.543945 0.764648 0.546875 0.765625 0.557617 0.765625 0.565430 0.763672 0.570312 0.758789 0.571289 0.752930 0.567383 0.744141 0.569336 0.737305 0.562500 0.740234 0.555664 0.740234 0.549805 0.731445 0.550781 0.727539 0.543945 0.727539 0.543945 0.729492 0.540039
1 0.754883 0.588867 0.755859 0.593750 0.750977 0.593750 0.747070 0.592773 0.746094 0.588867
1 0.781250 0.584961 0.782227 0.590820 0.782227 0.590820 0.777344 0.593750 0.772461 0.589844
1 0.775391 0.511719 0.774414 0.516602 0.768555 0.517578 0.768555 0.511719
0 0.777344 0.530273 0.788086 0.531250 0.797852 0.530273 0.804688 0.533203 0.813477 0.532227 0.822266 0.537109 0.831055 0.538086 0.836914 0.539062 0.843750 0.537109 0.853516 0.538086 0.856445 0.545898 0.854492 0.558594 0.845703 0.567383 0.836914 0.567383 0.836914 0.567383 0.828125 0.564453 0.820312 0.571289 0.808594 0.572266 0.799805 0.570312 0.792969 0.568359 0.788086 0.568359 0.788086 0.557617 0.777344 0.557617 0.768555 0.552734 0.769531 0.541016
1 0.826172 0.509766 0.833984 0.510742 0.833984 0.510742 0.833008 0.514648 0.827148 0.515625
1 0.806641 0.587891 0.809570 0.589844 0.809570 0.594727 0.802734 0.590820
1 0.825195 0.583008 0.838867 0.582031 0.845703 0.587891 0.841797 0.593750 0.834961 0.596680 0.824219 0.592773
1 0.864258 0.515625 0.870117 0.516602 0.875000 0.521484 0.872070 0.527344 0.866211 0.529297 0.858398 0.524414 0.858398 0.518555
1 0.870117 0.550781 0.869141 0.559570 0.861328 0.562500 0.858398 0.561523 0.855469 0.554688 0.859375 0.549805
1 0.871094 0.564453 0.875977 0.570312 0.873047 0.576172 0.865234 0.576172 0.860352 0.569336 0.863281 0.563477
1 0.890625 0.564453 0.895508 0.571289 0.892578 0.578125 0.884766 0.579102 0.877930 0.575195 0.879883 0.565430
1 0.894531 0.542969 0.893555 0.550781 0.885742 0.550781 0.886719 0.543945 0.886719 0.543945 0.888672 0.543945
1 0.921875 0.561523 0.916992 0.569336 0.905273 0.566406 0.903320 0.556641 0.905273 0.551758 0.915039 0.546875
1 0.913086 0.577148 0.917969 0.583984 0.915039 0.590820 0.904297 0.589844 0.901367 0.583008 0.905273 0.577148
1 0.941406 0.541992 0.941406 0.550781 0.937500 0.552734 0.932617 0.551758 0.932617 0.543945 0.936523 0.541016
1 0.980469 0.557617 0.984375 0.560547 0.983398 0.566406 0.977539 0.566406 0.975586 0.561523
1 0.981445 0.585938 0.985352 0.586914 0.985352 0.591797 0.980469 0.591797 0.977539 0.587891
1 0.990234 0.547852 0.998047 0.548828 0.998047 0.553711 0.988281 0.554688 0.985352 0.549805
1 0.979492 0.533203 0.983398 0.530273 0.987305 0.532227 0.987305 0.537109 0.979492 0.537109
1 0.966797 0.538086 0.970703 0.539062 0.974609 0.541992 0.973633 0.545898 0.969727 0.545898 0.965820 0.542969
1 0.976562 0.506836 0.979492 0.508789 0.979492 0.512695 0.975586 0.513672 0.972656 0.509766
1 0.984375 0.521484 0.985352 0.524414 0.981445 0.525391 0.979492 0.520508
1 0.960938 0.585938 0.962891 0.589844 0.961914 0.591797 0.958984 0.591797 0.957031 0.587891
1 0.986328 0.596680 0.983398 0.603516 0.978516 0.603516 0.975586 0.600586 0.976562 0.596680 0.982422 0.593750
1 0.972656 0.596680 0.972656 0.602539 0.968750 0.604492 0.964844 0.603516 0.964844 0.599609 0.964844 0.594727
1 0.964844 0.597656 0.962891 0.603516 0.958984 0.603516 0.955078 0.600586 0.958008 0.595703
1 0.974609 0.620117 0.980469 0.623047 0.980469 0.630859 0.974609 0.636719 0.967773 0.632812 0.968750 0.625000
1 0.984375 0.623047 0.988281 0.627930 0.988281 0.632812 0.981445 0.634766 0.981445 0.634766 0.979492 0.628906 0.981445 0.623047
0 0.955078 0.632812 0.956055 0.642578 0.961914 0.646484 0.960938 0.653320 0.957031 0.657227 0.952148 0.662109 0.947266 0.657227 0.947266 0.657227 0.939453 0.658203 0.933594 0.661133 0.929688 0.656250 0.924805 0.651367 0.917969 0.647461 0.912109 0.644531 0.914062 0.639648 0.914062 0.639648 0.921875 0.638672 0.929688 0.637695 0.933594 0.639648 0.936523 0.635742 0.943359 0.635742 0.945312 0.641602 0.949219 0.634766
1 0.957031 0.680664 0.960938 0.690430 0.955078 0.696289 0.945312 0.694336 0.942383 0.686523 0.947266 0.681641
1 0.917969 0.662109 0.920898 0.665039 0.925781 0.669922 0.923828 0.673828 0.916016 0.671875 0.913086 0.666992
1 0.909180 0.644531 0.916016 0.648438 0.917969 0.658203 0.917969 0.663086 0.908203 0.666016 0.899414 0.663086 0.893555 0.654297 0.897461 0.645508
1 0.893555 0.630859 0.901367 0.633789 0.903320 0.638672 0.903320 0.643555 0.895508 0.646484 0.890625 0.649414 0.883789 0.646484 0.881836 0.640625 0.885742 0.631836
1 0.899414 0.619141 0.903320 0.624023 0.900391 0.627930 0.896484 0.628906 0.894531 0.624023
1 0.886719 0.649414 0.893555 0.654297 0.892578 0.662109 0.882812 0.664062 0.882812 0.664062 0.875977 0.663086 0.872070 0.656250 0.875000 0.650391
1 0.866211 0.685547 0.865234 0.692383 0.855469 0.690430 0.855469 0.682617 0.862305 0.677734 0.867188 0.679688
0 0.862305 0.623047 0.869141 0.625000 0.871094 0.630859 0.867188 0.635742 0.873047 0.638672 0.872070 0.643555 0.865234 0.646484 0.868164 0.648438 0.871094 0.652344 0.869141 0.656250 0.869141 0.665039 0.863281 0.666992 0.859375 0.661133 0.860352 0.652344 0.860352 0.646484 0.861328 0.639648 0.856445 0.634766 0.857422 0.625000
0 0.840820 0.621094 0.846680 0.622070 0.847656 0.624023 0.841797 0.628906 0.844727 0.632812 0.849609 0.633789 0.854492 0.639648 0.850586 0.647461 0.842773 0.645508 0.835938 0.647461 0.833008 0.648438 0.833984 0.661133 0.834961 0.666992 0.825195 0.668945 0.823242 0.672852 0.817383 0.673828 0.815430 0.677734 0.809570 0.675781 0.803711 0.667969 0.798828 0.665039 0.798828 0.665039 0.802734 0.656250 0.800781 0.646484 0.807617 0.642578 0.816406 0.642578 0.823242 0.638672 0.822266 0.631836 0.826172 0.627930 0.833008 0.627930 0.836914 0.624023
1 0.823242 0.596680 0.830078 0.598633 0.829102 0.603516 0.824219 0.604492 0.819336 0.601562
1 0.769531 0.602539 0.775391 0.606445 0.775391 0.610352 0.769531 0.612305 0.764648 0.606445
0 0.774414 0.627930 0.783203 0.629883 0.787109 0.634766 0.793945 0.638672 0.795898 0.645508 0.793945 0.652344 0.788086 0.652344 0.786133 0.666016 0.784180 0.669922 0.773438 0.669922 0.768555 0.674805 0.768555 0.674805 0.765625 0.668945 0.758789 0.661133 0.754883 0.662109 0.748047 0.666016 0.753906 0.669922 0.752930 0.675781 0.750000 0.682617 0.743164 0.681641 0.741211 0.668945 0.743164 0.662109 0.740234 0.655273 0.746094 0.650391 0.743164 0.645508 0.750000 0.641602 0.755859 0.640625 0.766602 0.638672 0.765625 0.632812 0.769531 0.627930
1 0.762695 0.684570 0.766602 0.689453 0.765625 0.692383 0.761719 0.693359 0.757812 0.688477
0 0.746094 0.625977 0.749023 0.630859 0.745117 0.634766 0.742188 0.635742 0.738281 0.637695 0.735352 0.634766 0.732422 0.635742 0.726562 0.633789 0.726562 0.627930 0.732422 0.629883 0.736328 0.625977 0.741211 0.625977 0.741211 0.618164 0.735352 0.613281 0.737305 0.606445 0.736328 0.601562 0.744141 0.599609 0.750977 0.601562 0.754883 0.604492 0.752930 0.609375 0.750000 0.611328 0.749023 0.616211
1 0.730469 0.598633 0.735352 0.600586 0.735352 0.605469 0.730469 0.606445 0.725586 0.602539
1 0.701172 0.597656 0.707031 0.601562 0.708984 0.606445 0.703125 0.608398 0.699219 0.604492 0.693359 0.604492 0.689453 0.598633 0.689453 0.598633
1 0.670898 0.613281 0.670898 0.623047 0.666992 0.624023 0.665039 0.621094 0.666992 0.618164 0.663086 0.614258
1 0.631836 0.631836 0.640625 0.636719 0.638672 0.646484 0.628906 0.648438 0.623047 0.639648 0.623047 0.634766
1 0.644531 0.636719 0.650391 0.640625 0.649414 0.645508 0.644531 0.646484 0.636719 0.643555 0.637695 0.637695
1 0.636719 0.654297 0.643555 0.660156 0.643555 0.664062 0.636719 0.666992 0.627930 0.666016 0.625977 0.660156 0.630859 0.655273
1 0.644531 0.675781 0.651367 0.678711 0.651367 0.684570 0.643555 0.684570 0.635742 0.682617 0.635742 0.677734
1 0.630859 0.675781 0.628906 0.680664 0.628906 0.680664 0.622070 0.681641 0.622070 0.681641 0.618164 0.676758 0.623047 0.671875
1 0.591797 0.675781 0.595703 0.681641 0.593750 0.685547 0.585938 0.683594 0.584961 0.676758
1 0.581055 0.678711 0.584961 0.681641 0.583984 0.685547 0.579102 0.686523 0.576172 0.682617
1 0.585938 0.654297 0.587891 0.659180 0.584961 0.664062 0.578125 0.663086 0.578125 0.657227
1 0.570312 0.654297 0.577148 0.659180 0.575195 0.664062 0.569336 0.664062 0.564453 0.660156
1 0.587891 0.601562 0.586914 0.607422 0.580078 0.607422 0.577148 0.602539 0.582031 0.599609
1 0.574219 0.601562 0.575195 0.605469 0.570312 0.608398 0.565430 0.604492 0.570312 0.600586
1 0.546875 0.598633 0.551758 0.602539 0.551758 0.605469 0.547852 0.607422 0.542969 0.604492 0.542969 0.600586
0 0.538086 0.626953 0.543945 0.629883 0.552734 0.627930 0.552734 0.633789 0.556641 0.636719 0.557617 0.644531 0.555664 0.648438 0.552734 0.655273 0.552734 0.664062 0.547852 0.664062 0.548828 0.653320 0.546875 0.648438 0.541992 0.651367 0.543945 0.657227 0.542969 0.665039 0.537109 0.665039 0.536133 0.656250 0.536133 0.656250 0.536133 0.649414 0.530273 0.644531 0.530273 0.644531 0.525391 0.642578 0.520508 0.640625 0.518555 0.644531 0.518555 0.651367 0.516602 0.654297 0.519531 0.659180 0.513672 0.664062 0.506836 0.657227 0.502930 0.660156 0.498047 0.659180 0.492188 0.657227 0.487305 0.658203 0.486328 0.664062 0.476562 0.664062 0.472656 0.657227 0.479492 0.651367 0.483398 0.651367 0.484375 0.647461 0.493164 0.642578 0.500000 0.642578 0.498047 0.635742 0.500000 0.627930 0.505859 0.625977 0.511719 0.625977 0.518555 0.627930 0.524414 0.631836 0.529297 0.632812 0.532227 0.627930
1 0.546875 0.677734 0.553711 0.682617 0.551758 0.685547 0.545898 0.689453 0.539062 0.684570 0.540039 0.678711
1 0.511719 0.681641 0.511719 0.687500 0.506836 0.687500 0.501953 0.683594 0.505859 0.680664
1 0.508789 0.597656 0.516602 0.601562 0.518555 0.610352 0.510742 0.615234 0.502930 0.608398 0.502930 0.600586
1 0.500000 0.600586 0.503906 0.604492 0.502930 0.607422 0.497070 0.607422 0.496094 0.603516
1 0.442383 0.602539 0.442383 0.608398 0.434570 0.608398 0.434570 0.601562
1 0.458008 0.625000 0.459961 0.629883 0.456055 0.633789 0.450195 0.631836 0.449219 0.625977 0.455078 0.624023
1 0.461914 0.677734 0.460938 0.685547 0.453125 0.687500 0.449219 0.681641 0.453125 0.674805
1 0.448242 0.677734 0.452148 0.681641 0.451172 0.686523 0.446289 0.687500 0.442383 0.680664
1 0.437500 0.676758 0.443359 0.684570 0.440430 0.690430 0.433594 0.690430 0.429688 0.683594 0.432617 0.677734
1 0.439453 0.689453 0.441406 0.696289 0.440430 0.702148 0.434570 0.703125 0.434570 0.694336 0.434570 0.689453
1 0.430664 0.688477 0.432617 0.697266 0.424805 0.702148 0.414062 0.698242 0.419922 0.688477
1 0.514648 0.695312 0.517578 0.699219 0.514648 0.703125 0.509766 0.698242
1 0.409180 0.680664 0.413086 0.683594 0.412109 0.688477 0.406250 0.689453 0.404297 0.683594
1 0.391602 0.598633 0.395508 0.604492 0.401367 0.607422 0.399414 0.612305 0.393555 0.614258 0.386719 0.609375 0.386719 0.601562
0 0.421875 0.619141 0.426758 0.624023 0.432617 0.622070 0.438477 0.620117 0.445312 0.625000 0.446289 0.630859 0.441406 0.633789 0.446289 0.636719 0.445312 0.642578 0.447266 0.647461 0.442383 0.649414 0.436523 0.649414 0.437500 0.654297 0.434570 0.657227 0.427734 0.657227 0.421875 0.651367 0.421875 0.651367 0.425781 0.647461 0.430664 0.642578 0.434570 0.640625 0.435547 0.631836 0.429688 0.633789 0.427734 0.641602 0.421875 0.646484 0.416992 0.647461 0.416992 0.651367 0.410156 0.651367 0.410156 0.651367 0.410156 0.656250 0.409180 0.661133 0.403320 0.661133 0.402344 0.655273 0.396484 0.654297 0.397461 0.649414 0.404297 0.647461 0.411133 0.641602 0.406250 0.637695 0.404297 0.631836 0.404297 0.625000 0.412109 0.622070
1 0.343750 0.597656 0.344727 0.604492 0.338867 0.606445 0.334961 0.601562 0.335938 0.596680
1 0.339844 0.617188 0.345703 0.617188 0.346680 0.626953 0.346680 0.635742 0.341797 0.638672 0.335938 0.631836 0.335938 0.621094 0.335938 0.621094
1 0.322266 0.620117 0.323242 0.625977 0.318359 0.626953 0.314453 0.628906 0.309570 0.627930 0.310547 0.622070 0.316406 0.621094 0.320312 0.618164
1 0.309570 0.598633 0.312500 0.604492 0.308594 0.607422 0.302734 0.606445 0.302734 0.600586
1 0.291992 0.616211 0.298828 0.618164 0.297852 0.625977 0.291992 0.625000 0.289062 0.631836 0.282227 0.629883 0.278320 0.629883 0.275391 0.632812 0.273438 0.628906 0.267578 0.628906 0.269531 0.624023 0.274414 0.622070 0.287109 0.621094 0.287109 0.616211
1 0.272461 0.599609 0.276367 0.603516 0.276367 0.607422 0.271484 0.608398 0.266602 0.605469 0.266602 0.605469 0.265625 0.599609
1 0.248047 0.626953 0.253906 0.628906 0.254883 0.633789 0.251953 0.635742 0.250977 0.640625 0.245117 0.638672 0.243164 0.633789 0.243164 0.627930
1 0.256836 0.648438 0.263672 0.652344 0.264648 0.659180 0.259766 0.662109 0.253906 0.659180 0.252930 0.653320
1 0.234375 0.613281 0.240234 0.617188 0.242188 0.622070 0.236328 0.627930 0.229492 0.623047 0.228516 0.617188
1 0.265625 0.589844 0.269531 0.592773 0.268555 0.596680 0.263672 0.598633 0.258789 0.594727
1 0.253906 0.593750 0.253906 0.597656 0.250977 0.598633 0.248047 0.594727 0.250000 0.591797
1 0.203125 0.605469 0.204102 0.609375 0.201172 0.612305 0.195312 0.611328 0.194336 0.607422 0.197266 0.603516
1 0.212891 0.622070 0.214844 0.626953 0.211914 0.630859 0.207031 0.628906 0.202148 0.630859 0.199219 0.625977 0.201172 0.621094
1 0.203125 0.644531 0.205078 0.652344 0.208008 0.654297 0.207031 0.659180 0.203125 0.662109 0.194336 0.657227 0.195312 0.645508
1 0.187500 0.630859 0.192383 0.633789 0.189453 0.641602 0.181641 0.639648 0.180664 0.633789
1 0.178711 0.635742 0.181641 0.639648 0.186523 0.642578 0.186523 0.647461 0.181641 0.649414 0.179688 0.645508 0.173828 0.643555 0.172852 0.636719
1 0.156250 0.591797 0.159180 0.595703 0.157227 0.599609 0.153320 0.600586 0.151367 0.594727
1 0.144531 0.588867 0.148438 0.597656 0.144531 0.604492 0.137695 0.605469 0.131836 0.599609 0.131836 0.590820
1 0.111328 0.593750 0.111328 0.599609 0.106445 0.601562 0.103516 0.595703 0.107422 0.592773
0 0.110352 0.619141 0.111328 0.624023 0.115234 0.627930 0.113281 0.631836 0.108398 0.628906 0.102539 0.628906 0.098633 0.631836 0.095703 0.628906 0.087891 0.628906 0.087891 0.631836 0.094727 0.631836 0.091797 0.638672 0.083984 0.640625 0.082031 0.636719 0.078125 0.637695 0.077148 0.640625 0.072266 0.639648 0.067383 0.636719 0.071289 0.629883 0.075195 0.628906 0.075195 0.623047 0.068359 0.622070 0.071289 0.615234 0.079102 0.614258 0.085938 0.618164 0.092773 0.618164 0.098633 0.612305 0.104492 0.615234
1 0.084961 0.592773 0.083984 0.600586 0.079102 0.600586 0.077148 0.595703 0.080078 0.592773
1 0.068359 0.593750 0.072266 0.595703 0.070312 0.600586 0.064453 0.600586 0.063477 0.594727
1 0.052734 0.591797 0.057617 0.595703 0.055664 0.600586 0.049805 0.599609 0.046875 0.594727
1 0.038086 0.593750 0.040039 0.597656 0.037109 0.601562 0.031250 0.600586 0.031250 0.595703
1 0.022461 0.593750 0.025391 0.596680 0.025391 0.600586 0.020508 0.601562 0.016602 0.597656
1 0.007812 0.593750 0.010742 0.596680 0.009766 0.600586 0.003906 0.600586 0.001953 0.595703
1 0.023438 0.614258 0.026367 0.619141 0.026367 0.625000 0.018555 0.625977 0.013672 0.621094 0.017578 0.616211
1 0.053711 0.627930 0.055664 0.634766 0.055664 0.641602 0.050781 0.642578 0.046875 0.635742 0.048828 0.629883
1 0.000000 0.616211 0.005859 0.619141 0.006836 0.625977 0.004883 0.632812 0.000000 0.634766
1 0.039062 0.670898 0.045898 0.671875 0.049805 0.676758 0.047852 0.678711 0.041992 0.677734 0.040039 0.682617 0.035156 0.680664 0.033203 0.672852
1 0.045898 0.692383 0.049805 0.695312 0.049805 0.700195 0.041992 0.703125 0.039062 0.696289 0.039062 0.690430
0 0.080078 0.699219 0.085938 0.706055 0.093750 0.708008 0.094727 0.712891 0.095703 0.717773 0.095703 0.725586 0.085938 0.725586 0.086914 0.716797 0.079102 0.714844 0.079102 0.714844 0.072266 0.715820 0.068359 0.709961 0.068359 0.704102 0.073242 0.698242
1 0.074219 0.717773 0.076172 0.720703 0.075195 0.724609 0.071289 0.724609 0.068359 0.720703
1 0.112305 0.698242 0.115234 0.708008 0.108398 0.711914 0.102539 0.707031 0.102539 0.700195
1 0.139648 0.737305 0.142578 0.748047 0.136719 0.753906 0.128906 0.750977 0.127930 0.743164 0.133789 0.742188 0.134766 0.737305
0 0.155273 0.698242 0.160156 0.702148 0.164062 0.699219 0.171875 0.701172 0.180664 0.701172 0.180664 0.701172 0.189453 0.706055 0.193359 0.708008 0.194336 0.716797 0.198242 0.725586 0.191406 0.727539 0.182617 0.729492 0.177734 0.727539 0.182617 0.737305 0.180664 0.746094 0.170898 0.746094 0.169922 0.751953 0.162109 0.750977 0.157227 0.745117 0.157227 0.745117 0.160156 0.735352 0.159180 0.731445 0.155273 0.730469 0.155273 0.743164 0.148438 0.748047 0.139648 0.745117 0.136719 0.733398 0.140625 0.726562 0.136719 0.720703 0.140625 0.714844 0.144531 0.709961 0.149414 0.708984 0.148438 0.701172
1 0.160156 0.751953 0.166992 0.757812 0.165039 0.761719 0.159180 0.764648 0.152344 0.763672 0.151367 0.758789 0.154297 0.754883
1 0.181641 0.674805 0.184570 0.678711 0.182617 0.681641 0.176758 0.679688 0.174805 0.674805
1 0.227539 0.669922 0.233398 0.674805 0.230469 0.678711 0.223633 0.679688 0.218750 0.675781 0.218750 0.669922
1 0.256836 0.670898 0.259766 0.675781 0.257812 0.679688 0.252930 0.679688 0.250000 0.673828
1 0.223633 0.719727 0.226562 0.726562 0.224609 0.731445 0.219727 0.733398 0.212891 0.731445 0.210938 0.725586 0.213867 0.719727
1 0.206055 0.737305 0.210938 0.739258 0.211914 0.743164 0.207031 0.747070 0.201172 0.743164 0.201172 0.743164 0.201172 0.738281
1 0.236328 0.704102 0.245117 0.709961 0.242188 0.719727 0.239258 0.723633 0.232422 0.723633 0.226562 0.716797 0.229492 0.708984
1 0.241211 0.731445 0.236328 0.738281 0.231445 0.737305 0.228516 0.731445 0.233398 0.728516
1 0.249023 0.739258 0.253906 0.740234 0.253906 0.744141 0.249023 0.748047 0.242188 0.746094 0.233398 0.744141 0.233398 0.740234 0.240234 0.737305
1 0.278320 0.734375 0.282227 0.737305 0.279297 0.746094 0.272461 0.746094 0.266602 0.740234 0.268555 0.736328
1 0.294922 0.736328 0.293945 0.741211 0.290039 0.744141 0.282227 0.742188 0.282227 0.735352 0.289062 0.736328
1 0.316406 0.735352 0.321289 0.737305 0.322266 0.743164 0.318359 0.745117 0.312500 0.744141 0.310547 0.738281
1 0.298828 0.692383 0.299805 0.697266 0.294922 0.698242 0.292969 0.694336 0.295898 0.691406
1 0.303711 0.673828 0.307617 0.674805 0.304688 0.678711 0.299805 0.677734 0.298828 0.673828
1 0.328125 0.666992 0.332031 0.671875 0.332031 0.678711 0.327148 0.679688 0.321289 0.675781 0.322266 0.669922
1 0.355469 0.671875 0.360352 0.674805 0.359375 0.679688 0.353516 0.678711 0.349609 0.675781 0.349609 0.671875
1 0.368164 0.685547 0.369141 0.689453 0.365234 0.691406 0.361328 0.686523 0.366211 0.683594
1 0.361328 0.695312 0.362305 0.700195 0.360352 0.706055 0.356445 0.702148 0.356445 0.702148 0.356445 0.695312
1 0.346680 0.707031 0.349609 0.715820 0.346680 0.718750 0.341797 0.715820 0.341797 0.710938
1 0.316406 0.708008 0.319336 0.711914 0.317383 0.716797 0.311523 0.713867 0.311523 0.709961
1 0.345703 0.734375 0.347656 0.738281 0.341797 0.742188 0.337891 0.737305 0.340820 0.733398
1 0.362305 0.723633 0.368164 0.729492 0.365234 0.735352 0.357422 0.736328 0.353516 0.730469 0.355469 0.725586 0.355469 0.725586
1 0.383789 0.718750 0.386719 0.722656 0.382812 0.726562 0.375000 0.723633 0.375977 0.719727
1 0.426758 0.717773 0.430664 0.719727 0.428711 0.724609 0.423828 0.723633 0.422852 0.720703
1 0.448242 0.721680 0.457031 0.723633 0.464844 0.727539 0.464844 0.734375 0.464844 0.734375 0.458008 0.737305 0.456055 0.739258 0.447266 0.737305 0.447266 0.737305 0.443359 0.727539
1 0.497070 0.735352 0.500977 0.745117 0.497070 0.754883 0.484375 0.753906 0.476562 0.752930 0.474609 0.745117 0.481445 0.742188 0.487305 0.734375
0 0.512695 0.724609 0.520508 0.729492 0.523438 0.732422 0.530273 0.729492 0.533203 0.724609 0.541016 0.728516 0.542969 0.731445 0.546875 0.727539 0.548828 0.718750 0.551758 0.731445 0.556641 0.734375 0.560547 0.739258 0.566406 0.741211 0.566406 0.741211 0.569336 0.744141 0.577148 0.743164 0.580078 0.739258 0.586914 0.741211 0.591797 0.745117 0.584961 0.748047 0.567383 0.748047 0.560547 0.751953 0.554688 0.753906 0.554688 0.753906 0.554688 0.761719 0.559570 0.765625 0.559570 0.771484 0.546875 0.773438 0.547852 0.778320 0.539062 0.781250 0.529297 0.782227 0.524414 0.786133 0.520508 0.795898 0.515625 0.799805 0.505859 0.797852 0.497070 0.800781 0.500977 0.804688 0.499023 0.815430 0.486328 0.815430 0.486328 0.815430 0.475586 0.817383 0.461914 0.818359 0.447266 0.816406 0.438477 0.817383 0.437500 0.820312 0.427734 0.819336 0.415039 0.818359 0.408203 0.819336 0.400391 0.817383 0.395508 0.812500 0.389648 0.808594 0.393555 0.823242 0.392578 0.838867 0.387695 0.840820 0.392578 0.850586 0.390625 0.855469 0.394531 0.859375 0.393555 0.869141 0.401367 0.869141 0.401367 0.881836 0.393555 0.887695 0.395508 0.896484 0.391602 0.902344 0.380859 0.903320 0.373047 0.897461 0.363281 0.898438 0.363281 0.898438 0.364258 0.886719 0.361328 0.877930 0.364258 0.870117 0.356445 0.865234 0.356445 0.865234 0.351562 0.857422 0.352539 0.848633 0.358398 0.848633 0.363281 0.838867 0.362305 0.827148 0.358398 0.818359 0.359375 0.810547 0.351562 0.816406 0.343750 0.822266 0.336914 0.817383 0.337891 0.802734 0.348633 0.797852 0.358398 0.796875 0.364258 0.789062 0.364258 0.789062 0.365234 0.781250 0.361328 0.775391 0.361328 0.775391 0.362305 0.765625 0.362305 0.765625 0.367188 0.758789 0.377930 0.758789 0.387695 0.763672 0.394531 0.767578 0.403320 0.764648 0.411133 0.761719 0.415039 0.756836 0.424805 0.758789 0.424805 0.766602 0.433594 0.762695 0.440430 0.756836 0.452148 0.751953 0.458008 0.757812 0.456055 0.761719 0.464844 0.762695 0.471680 0.770508 0.469727 0.778320 0.469727 0.787109 0.479492 0.787109 0.485352 0.781250 0.488281 0.775391 0.489258 0.768555 0.500000 0.764648 0.498047 0.757812 0.500977 0.746094 0.497070 0.734375 0.497070 0.734375 0.500977 0.723633 0.507812 0.724609
1 0.481445 0.768555 0.487305 0.776367 0.485352 0.782227 0.480469 0.787109 0.473633 0.787109 0.467773 0.780273 0.472656 0.771484
1 0.360352 0.818359 0.365234 0.827148 0.356445 0.834961 0.348633 0.834961 0.344727 0.825195 0.352539 0.817383
1 0.571289 0.691406 0.575195 0.698242 0.573242 0.703125 0.566406 0.702148 0.563477 0.696289
1 0.596680 0.713867 0.597656 0.723633 0.588867 0.726562 0.582031 0.722656 0.583984 0.714844 0.591797 0.710938
1 0.609375 0.742188 0.611328 0.746094 0.608398 0.748047 0.601562 0.748047 0.600586 0.744141
1 0.548828 0.787109 0.551758 0.793945 0.551758 0.798828 0.541992 0.799805 0.532227 0.798828 0.532227 0.792969 0.532227 0.792969 0.539062 0.788086
0 0.557617 0.774414 0.571289 0.774414 0.582031 0.770508 0.595703 0.771484 0.609375 0.775391 0.616211 0.782227 0.616211 0.791992 0.609375 0.794922 0.602539 0.789062 0.599609 0.782227 0.592773 0.786133 0.584961 0.785156 0.585938 0.794922 0.580078 0.798828 0.569336 0.796875 0.559570 0.800781 0.553711 0.797852 0.550781 0.789062 0.550781 0.789062 0.546875 0.784180 0.550781 0.776367
1 0.630859 0.773438 0.640625 0.775391 0.637695 0.782227 0.629883 0.783203 0.624023 0.778320
1 0.650391 0.776367 0.655273 0.781250 0.654297 0.786133 0.647461 0.787109 0.639648 0.782227 0.641602 0.775391
1 0.666016 0.776367 0.671875 0.780273 0.671875 0.788086 0.665039 0.790039 0.656250 0.787109 0.657227 0.780273 0.661133 0.775391
1 0.663086 0.805664 0.667969 0.810547 0.666016 0.816406 0.660156 0.814453 0.657227 0.809570
1 0.696289 0.722656 0.700195 0.728516 0.698242 0.731445 0.692383 0.730469 0.691406 0.726562
0 0.750000 0.711914 0.747070 0.720703 0.756836 0.726562 0.759766 0.735352 0.756836 0.740234 0.755859 0.746094 0.750000 0.751953 0.741211 0.750977 0.731445 0.750000 0.730469 0.741211 0.731445 0.733398 0.736328 0.727539 0.740234 0.724609 0.737305 0.718750 0.737305 0.718750 0.742188 0.711914 0.742188 0.711914
1 0.765625 0.731445 0.772461 0.736328 0.770508 0.742188 0.763672 0.745117 0.756836 0.741211 0.756836 0.733398
1 0.761719 0.748047 0.766602 0.754883 0.765625 0.759766 0.756836 0.762695 0.750000 0.757812 0.748047 0.751953 0.754883 0.750000
1 0.792969 0.740234 0.804688 0.742188 0.805664 0.751953 0.800781 0.758789 0.790039 0.758789 0.783203 0.752930 0.783203 0.744141
1 0.791992 0.770508 0.801758 0.776367 0.798828 0.785156 0.791016 0.786133 0.781250 0.783203 0.782227 0.774414
1 0.838867 0.744141 0.838867 0.750000 0.833984 0.752930 0.828125 0.751953 0.827148 0.745117 0.827148 0.745117
1 0.844727 0.741211 0.854492 0.739258 0.858398 0.745117 0.855469 0.750000 0.844727 0.750000 0.839844 0.750977 0.836914 0.746094 0.838867 0.740234
1 0.852539 0.778320 0.854492 0.785156 0.848633 0.785156 0.843750 0.781250 0.846680 0.776367
1 0.818359 0.778320 0.820312 0.785156 0.815430 0.786133 0.810547 0.783203 0.810547 0.778320
1 0.895508 0.741211 0.899414 0.745117 0.898438 0.750000 0.892578 0.750977 0.888672 0.747070 0.890625 0.742188
1 0.905273 0.743164 0.909180 0.746094 0.909180 0.750000 0.901367 0.751953 0.897461 0.750000 0.897461 0.744141
1 0.907227 0.719727 0.910156 0.723633 0.910156 0.728516 0.904297 0.729492 0.899414 0.726562 0.899414 0.722656
0 0.935547 0.728516 0.947266 0.735352 0.955078 0.736328 0.955078 0.736328 0.962891 0.738281 0.962891 0.747070 0.955078 0.751953 0.955078 0.751953 0.951172 0.754883 0.958008 0.755859 0.958008 0.763672 0.952148 0.763672 0.949219 0.767578 0.944336 0.763672 0.940430 0.765625 0.935547 0.760742 0.939453 0.756836 0.946289 0.756836 0.946289 0.754883 0.937500 0.754883 0.928711 0.751953 0.926758 0.745117 0.929688 0.741211 0.929688 0.734375
1 0.988281 0.709961 0.991211 0.712891 0.991211 0.715820 0.985352 0.714844 0.983398 0.710938
1 0.984375 0.728516 0.989258 0.731445 0.987305 0.735352 0.980469 0.736328 0.976562 0.732422 0.978516 0.729492
1 0.980469 0.749023 0.984375 0.753906 0.980469 0.755859 0.976562 0.755859 0.975586 0.750977
1 0.972656 0.752930 0.978516 0.756836 0.982422 0.756836 0.984375 0.761719 0.977539 0.762695 0.972656 0.765625 0.972656 0.765625 0.967773 0.762695 0.965820 0.756836
1 0.955078 0.766602 0.961914 0.774414 0.960938 0.782227 0.954102 0.786133 0.946289 0.784180 0.943359 0.773438 0.950195 0.769531
1 0.982422 0.737305 0.982422 0.743164 0.982422 0.743164 0.971680 0.745117 0.971680 0.745117 0.969727 0.740234 0.976562 0.737305
1 0.997070 0.850586 0.995117 0.858398 0.990234 0.857422 0.989258 0.852539 0.986328 0.851562 0.989258 0.846680 0.994141 0.847656
1 0.974609 0.866211 0.977539 0.869141 0.977539 0.875000 0.971680 0.876953 0.968750 0.870117 0.968750 0.866211
1 0.961914 0.864258 0.964844 0.870117 0.961914 0.874023 0.955078 0.870117 0.955078 0.864258
1 0.952148 0.862305 0.955078 0.866211 0.953125 0.873047 0.946289 0.873047 0.943359 0.866211 0.945312 0.862305
0 0.953125 0.822266 0.958008 0.824219 0.958984 0.831055 0.953125 0.833008 0.944336 0.834961 0.939453 0.838867 0.939453 0.838867 0.931641 0.834961 0.932617 0.830078 0.935547 0.826172 0.945312 0.826172 0.944336 0.817383 0.937500 0.816406 0.937500 0.808594 0.940430 0.805664 0.944336 0.806641 0.945312 0.810547 0.949219 0.812500 0.953125 0.814453
1 0.936523 0.790039 0.939453 0.798828 0.937500 0.802734 0.929688 0.802734 0.928711 0.791992
1 0.926758 0.789062 0.929688 0.792969 0.924805 0.796875 0.919922 0.794922 0.920898 0.790039
1 0.904297 0.791016 0.903320 0.796875 0.899414 0.799805 0.894531 0.798828 0.892578 0.791992 0.892578 0.791992 0.895508 0.788086
1 0.922852 0.812500 0.928711 0.818359 0.924805 0.827148 0.915039 0.827148 0.915039 0.827148 0.908203 0.822266 0.909180 0.813477
1 0.920898 0.828125 0.923828 0.832031 0.920898 0.834961 0.915039 0.833984 0.915039 0.831055
1 0.912109 0.829102 0.912109 0.834961 0.906250 0.835938 0.906250 0.835938 0.902344 0.830078 0.902344 0.830078 0.905273 0.828125
1 0.915039 0.841797 0.916992 0.847656 0.911133 0.849609 0.907227 0.844727
1 0.923828 0.868164 0.927734 0.871094 0.924805 0.873047 0.917969 0.872070 0.919922 0.868164
1 0.893555 0.809570 0.898438 0.812500 0.900391 0.822266 0.896484 0.823242 0.894531 0.833984 0.883789 0.833984 0.881836 0.825195 0.880859 0.817383 0.885742 0.811523
0 0.856445 0.813477 0.859375 0.818359 0.856445 0.824219 0.855469 0.827148 0.861328 0.827148 0.871094 0.828125 0.874023 0.832031 0.869141 0.834961 0.868164 0.839844 0.866211 0.848633 0.862305 0.854492 0.854492 0.851562 0.850586 0.854492 0.843750 0.854492 0.839844 0.849609 0.845703 0.843750 0.841797 0.838867 0.833984 0.844727 0.831055 0.843750 0.829102 0.838867 0.820312 0.842773 0.814453 0.838867 0.814453 0.830078 0.827148 0.829102 0.832031 0.821289 0.836914 0.819336 0.840820 0.828125 0.847656 0.828125 0.851562 0.822266 0.849609 0.816406
1 0.849609 0.857422 0.853516 0.860352 0.851562 0.866211 0.841797 0.867188 0.841797 0.860352
1 0.841797 0.791992 0.841797 0.798828 0.835938 0.800781 0.833984 0.795898 0.833984 0.791016
1 0.818359 0.813477 0.821289 0.818359 0.817383 0.823242 0.810547 0.823242 0.808594 0.814453
1 0.808594 0.791016 0.806641 0.796875 0.801758 0.797852 0.795898 0.795898 0.796875 0.788086 0.802734 0.789062
1 0.809570 0.829102 0.811523 0.835938 0.808594 0.838867 0.804688 0.833984
1 0.800781 0.831055 0.800781 0.834961 0.794922 0.834961 0.793945 0.830078
0 0.780273 0.813477 0.782227 0.823242 0.782227 0.829102 0.774414 0.834961 0.770508 0.834961 0.763672 0.838867 0.758789 0.844727 0.749023 0.843750 0.739258 0.845703 0.736328 0.837891 0.729492 0.837891 0.723633 0.837891 0.719727 0.833984 0.722656 0.828125 0.720703 0.822266 0.722656 0.812500 0.731445 0.810547 0.735352 0.814453 0.745117 0.811523 0.749023 0.815430 0.761719 0.814453 0.768555 0.810547 0.773438 0.811523
1 0.751953 0.792969 0.753906 0.797852 0.750977 0.800781 0.746094 0.801758 0.743164 0.794922 0.747070 0.791016
1 0.724609 0.843750 0.730469 0.849609 0.724609 0.853516 0.715820 0.850586 0.715820 0.843750
1 0.732422 0.802734 0.726562 0.807617 0.722656 0.807617 0.722656 0.802734
1 0.995117 0.884766 1.000000 0.887695 1.000000 0.897461 0.993164 0.898438 0.990234 0.889648
1 1.000000 0.901367 1.000000 0.911133 0.991211 0.911133 0.989258 0.907227 0.993164 0.902344
0 1.000000 0.926758 1.000000 0.951172 0.992188 0.952148 0.993164 0.962891 0.982422 0.966797 0.982422 0.966797 0.977539 0.960938 0.970703 0.961914 0.966797 0.955078 0.967773 0.947266 0.976562 0.943359 0.975586 0.938477 0.969727 0.940430 0.969727 0.940430 0.967773 0.936523 0.963867 0.934570 0.962891 0.943359 0.962891 0.943359 0.959961 0.949219 0.959961 0.949219 0.956055 0.951172 0.956055 0.955078 0.951172 0.954102 0.947266 0.949219 0.943359 0.942383 0.945312 0.932617 0.941406 0.926758 0.948242 0.917969 0.956055 0.913086 0.962891 0.915039 0.966797 0.922852 0.966797 0.922852 0.972656 0.923828 0.986328 0.923828 0.987305 0.916992 0.993164 0.919922 0.989258 0.923828 0.990234 0.928711
1 0.985352 0.895508 0.988281 0.899414 0.987305 0.904297 0.982422 0.905273 0.979492 0.898438
1 0.963867 0.958984 0.962891 0.963867 0.957031 0.964844 0.953125 0.960938 0.958984 0.957031
1 0.957031 0.967773 0.956055 0.976562 0.949219 0.981445 0.945312 0.979492 0.945312 0.969727 0.949219 0.964844
1 0.957031 0.979492 0.958984 0.984375 0.957031 0.988281 0.949219 0.987305 0.948242 0.982422 0.953125 0.978516
1 0.946289 0.983398 0.949219 0.989258 0.943359 0.994141 0.943359 1.000000 0.927734 1.000000 0.928711 0.986328 0.936523 0.985352 0.943359 0.981445
1 0.945312 0.947266 0.947266 0.953125 0.946289 0.957031 0.940430 0.959961 0.933594 0.955078 0.933594 0.947266 0.942383 0.944336
1 0.955078 0.882812 0.954102 0.889648 0.951172 0.891602 0.948242 0.888672 0.949219 0.882812 0.953125 0.880859
1 0.870117 0.902344 0.873047 0.907227 0.869141 0.911133 0.865234 0.907227 0.865234 0.903320
1 0.869141 0.911133 0.872070 0.914062 0.871094 0.918945 0.866211 0.917969 0.862305 0.914062 0.862305 0.914062 0.864258 0.913086
1 0.903320 0.947266 0.911133 0.955078 0.907227 0.960938 0.904297 0.962891 0.896484 0.960938 0.894531 0.952148
1 0.891602 0.952148 0.891602 0.959961 0.887695 0.963867 0.883789 0.961914 0.882812 0.952148 0.882812 0.952148 0.888672 0.950195
0 0.905273 0.961914 0.912109 0.973633 0.920898 0.981445 0.918945 0.986328 0.915039 0.991211 0.920898 1.000000 0.888672 1.000000 0.889648 0.991211 0.897461 0.982422 0.893555 0.973633 0.894531 0.964844 0.894531 0.964844 0.898438 0.963867
1 0.916992 0.960938 0.921875 0.963867 0.920898 0.972656 0.916016 0.972656 0.910156 0.968750 0.910156 0.968750 0.911133 0.961914
1 0.873047 0.956055 0.878906 0.959961 0.883789 0.967773 0.877930 0.973633 0.871094 0.975586 0.866211 0.971680 0.865234 0.961914
1 0.872070 0.937500 0.874023 0.941406 0.871094 0.946289 0.867188 0.944336 0.867188 0.939453 0.867188 0.939453
1 0.904297 0.905273 0.908203 0.908203 0.908203 0.914062 0.900391 0.913086 0.898438 0.907227
1 0.902344 0.891602 0.907227 0.894531 0.907227 0.898438 0.895508 0.898438 0.897461 0.893555
1 0.892578 0.884766 0.891602 0.889648 0.887695 0.889648 0.885742 0.885742 0.890625 0.882812
1 0.867188 0.926758 0.870117 0.929688 0.869141 0.933594 0.865234 0.935547 0.862305 0.929688
1 0.853516 0.936523 0.856445 0.939453 0.856445 0.945312 0.848633 0.948242 0.845703 0.941406 0.847656 0.940430
1 0.856445 0.946289 0.860352 0.954102 0.857422 0.959961 0.848633 0.960938 0.848633 0.960938 0.845703 0.955078 0.848633 0.949219
1 0.854492 0.961914 0.854492 0.967773 0.849609 0.969727 0.845703 0.965820 0.846680 0.961914
1 0.823242 0.916016 0.826172 0.918945 0.824219 0.922852 0.815430 0.922852 0.815430 0.916992 0.819336 0.916016
1 0.815430 0.906250 0.816406 0.916016 0.812500 0.917969 0.808594 0.914062 0.808594 0.906250 0.813477 0.904297
1 0.802734 0.885742 0.804688 0.891602 0.800781 0.895508 0.795898 0.891602 0.795898 0.887695
1 0.786133 0.882812 0.790039 0.888672 0.790039 0.895508 0.785156 0.901367 0.775391 0.901367 0.771484 0.892578 0.775391 0.882812
1 0.802734 0.928711 0.800781 0.935547 0.792969 0.935547 0.792969 0.927734 0.798828 0.924805
0 0.805664 0.943359 0.809570 0.946289 0.814453 0.948242 0.814453 0.958984 0.808594 0.960938 0.801758 0.962891 0.793945 0.960938 0.793945 0.954102 0.799805 0.951172 0.794922 0.949219 0.794922 0.942383 0.800781 0.941406
1 0.789062 0.947266 0.791992 0.952148 0.791016 0.958984 0.780273 0.960938 0.774414 0.956055 0.776367 0.947266 0.782227 0.945312
1 0.789062 0.973633 0.788086 0.982422 0.783203 0.983398 0.776367 0.980469 0.776367 0.980469 0.777344 0.974609 0.783203 0.974609
1 0.768555 0.966797 0.768555 0.973633 0.763672 0.975586 0.758789 0.971680 0.760742 0.967773
1 0.767578 0.946289 0.768555 0.955078 0.766602 0.958008 0.760742 0.957031 0.757812 0.951172 0.760742 0.946289
0 0.739258 0.961914 0.741211 0.970703 0.738281 0.974609 0.741211 0.976562 0.741211 0.980469 0.740234 0.986328 0.733398 0.988281 0.734375 0.993164 0.742188 0.995117 0.745117 0.997070 0.744141 1.000000 0.723633 1.000000 0.723633 0.990234 0.720703 0.984375 0.723633 0.980469 0.729492 0.977539 0.726562 0.968750 0.730469 0.961914
0 0.729492 0.936523 0.731445 0.940430 0.727539 0.945312 0.723633 0.937500 0.717773 0.933594 0.720703 0.925781 0.727539 0.925781 0.732422 0.930664
1 0.727539 0.908203 0.728516 0.912109 0.726562 0.913086 0.722656 0.912109 0.722656 0.908203
1 0.727539 0.914062 0.729492 0.916992 0.728516 0.919922 0.721680 0.917969 0.721680 0.914062
1 0.732422 0.880859 0.730469 0.887695 0.724609 0.889648 0.722656 0.884766 0.727539 0.880859
1 0.715820 0.878906 0.719727 0.885742 0.717773 0.889648 0.709961 0.889648 0.705078 0.886719 0.706055 0.878906
1 0.719727 0.894531 0.721680 0.901367 0.715820 0.905273 0.709961 0.903320 0.709961 0.903320 0.710938 0.895508
0 0.696289 0.879883 0.699219 0.885742 0.704102 0.894531 0.704102 0.894531 0.707031 0.898438 0.708984 0.905273 0.707031 0.908203 0.700195 0.911133 0.692383 0.909180 0.689453 0.903320 0.691406 0.896484 0.691406 0.886719 0.686523 0.884766 0.686523 0.884766 0.686523 0.878906
1 0.673828 0.915039 0.676758 0.918945 0.674805 0.924805 0.666992 0.923828 0.664062 0.917969 0.664062 0.917969 0.668945 0.915039
1 0.665039 0.880859 0.670898 0.880859 0.673828 0.883789 0.672852 0.888672 0.667969 0.891602 0.663086 0.886719
1 0.663086 0.891602 0.666016 0.895508 0.666016 0.901367 0.657227 0.901367 0.655273 0.893555
1 0.669922 0.863281 0.669922 0.868164 0.666016 0.868164 0.666016 0.861328
1 0.666016 0.854492 0.669922 0.855469 0.668945 0.858398 0.666016 0.857422
0 0.625977 0.901367 0.632812 0.901367 0.638672 0.908203 0.636719 0.916016 0.632812 0.922852 0.626953 0.922852 0.626953 0.924805 0.619141 0.925781 0.619141 0.925781 0.617188 0.918945 0.611328 0.916992 0.611328 0.909180 0.617188 0.909180 0.618164 0.903320 0.618164 0.903320
0 0.626953 0.952148 0.633789 0.949219 0.636719 0.954102 0.645508 0.955078 0.644531 0.958984 0.635742 0.959961 0.638672 0.969727 0.635742 0.972656 0.628906 0.972656 0.627930 0.978516 0.622070 0.980469 0.619141 0.977539 0.619141 0.974609 0.612305 0.974609 0.610352 0.966797 0.615234 0.961914 0.616211 0.955078 0.612305 0.959961 0.604492 0.960938 0.602539 0.964844 0.597656 0.963867 0.593750 0.958984 0.592773 0.953125 0.596680 0.951172 0.600586 0.948242 0.606445 0.947266 0.610352 0.943359 0.611328 0.946289 0.609375 0.950195 0.616211 0.951172 0.622070 0.948242
1 0.583008 0.915039 0.585938 0.919922 0.585938 0.927734 0.580078 0.928711 0.575195 0.926758 0.574219 0.917969 0.577148 0.914062 0.577148 0.914062
1 0.545898 0.922852 0.545898 0.927734 0.541992 0.928711 0.538086 0.925781 0.541016 0.922852
0 0.542969 0.968750 0.548828 0.973633 0.548828 0.980469 0.543945 0.985352 0.543945 0.991211 0.540039 0.994141 0.533203 0.993164 0.532227 0.987305 0.530273 0.981445 0.532227 0.975586 0.538086 0.971680 0.539062 0.968750
1 0.508789 0.965820 0.513672 0.971680 0.514648 0.978516 0.509766 0.983398 0.502930 0.981445 0.502930 0.968750
1 0.490234 0.904297 0.494141 0.907227 0.494141 0.912109 0.489258 0.915039 0.485352 0.911133 0.485352 0.905273
1 0.467773 0.918945 0.469727 0.924805 0.471680 0.928711 0.466797 0.931641 0.461914 0.933594 0.457031 0.936523 0.452148 0.929688 0.455078 0.920898 0.460938 0.921875
1 0.458984 0.939453 0.460938 0.950195 0.459961 0.957031 0.453125 0.958984 0.447266 0.956055 0.447266 0.949219 0.449219 0.941406 0.449219 0.941406
1 0.458984 0.957031 0.464844 0.960938 0.458984 0.965820 0.449219 0.966797 0.444336 0.961914 0.445312 0.956055 0.452148 0.956055
1 0.457031 0.980469 0.458984 0.987305 0.454102 0.989258 0.449219 0.986328 0.449219 0.986328 0.450195 0.980469 0.455078 0.977539
0 0.363281 0.901367 0.368164 0.903320 0.367188 0.910156 0.372070 0.914062 0.371094 0.918945 0.363281 0.921875 0.362305 0.927734 0.365234 0.931641 0.372070 0.935547 0.374023 0.938477 0.366211 0.940430 0.359375 0.940430 0.357422 0.945312 0.346680 0.946289 0.349609 0.939453 0.355469 0.934570 0.355469 0.920898 0.354492 0.912109 0.356445 0.903320
1 0.401367 0.946289 0.403320 0.949219 0.401367 0.952148 0.404297 0.957031 0.398438 0.958984 0.398438 0.958984 0.394531 0.955078 0.392578 0.950195
1 0.377930 0.950195 0.386719 0.953125 0.387695 0.957031 0.380859 0.958984 0.375977 0.962891 0.369141 0.964844 0.369141 0.958008 0.374023 0.953125
1 0.347656 0.982422 0.359375 0.985352 0.361328 0.994141 0.360352 1.000000 0.342773 1.000000 0.341797 0.988281
1 0.366211 0.964844 0.368164 0.969727 0.366211 0.973633 0.362305 0.971680 0.362305 0.965820
1 0.327148 0.959961 0.331055 0.967773 0.333008 0.977539 0.329102 0.979492 0.322266 0.983398 0.312500 0.979492 0.311523 0.968750 0.316406 0.959961
1 0.312500 0.957031 0.302734 0.957031 0.297852 0.961914 0.296875 0.970703 0.300781 0.975586 0.306641 0.977539 0.312500 0.975586 0.316406 0.964844
1 0.304688 0.990234 0.309570 0.995117 0.309570 1.000000 0.301758 1.000000 0.300781 0.994141
1 0.298828 0.920898 0.306641 0.925781 0.306641 0.930664 0.304688 0.930664 0.305664 0.938477 0.301758 0.943359 0.296875 0.941406 0.296875 0.941406 0.295898 0.932617 0.291992 0.927734
1 0.275391 0.953125 0.278320 0.956055 0.275391 0.958984 0.272461 0.961914 0.267578 0.960938 0.266602 0.955078
1 0.352539 0.865234 0.356445 0.869141 0.357422 0.875000 0.349609 0.873047 0.345703 0.867188
1 0.356445 0.876953 0.360352 0.879883 0.358398 0.886719 0.350586 0.887695 0.348633 0.879883
1 0.336914 0.866211 0.343750 0.866211 0.345703 0.870117 0.344727 0.877930 0.337891 0.877930 0.334961 0.872070
1 0.327148 0.867188 0.332031 0.873047 0.328125 0.875000 0.327148 0.879883 0.318359 0.881836 0.316406 0.875977 0.316406 0.871094 0.323242 0.872070 0.323242 0.867188
1 0.250000 0.894531 0.255859 0.897461 0.254883 0.904297 0.249023 0.906250 0.245117 0.900391 0.248047 0.900391
0 0.230469 0.771484 0.237305 0.773438 0.237305 0.782227 0.231445 0.790039 0.220703 0.789062 0.220703 0.775391 0.226562 0.767578
1 0.226562 0.798828 0.229492 0.802734 0.228516 0.806641 0.223633 0.807617 0.218750 0.802734 0.219727 0.798828
1 0.210938 0.795898 0.212891 0.804688 0.207031 0.808594 0.204102 0.811523 0.197266 0.807617 0.203125 0.798828
0 0.184570 0.789062 0.196289 0.789062 0.201172 0.797852 0.194336 0.807617 0.186523 0.815430 0.174805 0.816406 0.166992 0.810547 0.164062 0.805664 0.158203 0.805664 0.152344 0.800781 0.158203 0.795898 0.169922 0.798828 0.169922 0.789062 0.175781 0.786133
0 0.149414 0.772461 0.156250 0.770508 0.160156 0.775391 0.154297 0.782227 0.162109 0.784180 0.163086 0.790039 0.157227 0.797852 0.152344 0.801758 0.145508 0.798828 0.145508 0.791992 0.148438 0.787109 0.145508 0.779297
1 0.133789 0.800781 0.135742 0.803711 0.134766 0.808594 0.128906 0.805664 0.128906 0.800781
1 0.125000 0.786133 0.130859 0.787109 0.132812 0.790039 0.131836 0.792969 0.125977 0.792969 0.122070 0.789062
1 0.125977 0.768555 0.131836 0.769531 0.131836 0.775391 0.125000 0.776367 0.123047 0.771484
1 0.093750 0.788086 0.100586 0.796875 0.100586 0.806641 0.096680 0.808594 0.088867 0.809570 0.083008 0.805664 0.083008 0.793945
1 0.074219 0.751953 0.079102 0.756836 0.077148 0.760742 0.073242 0.761719 0.068359 0.756836
1 0.118164 0.757812 0.121094 0.759766 0.121094 0.764648 0.115234 0.765625 0.112305 0.760742
1 0.163086 0.882812 0.162109 0.890625 0.157227 0.891602 0.155273 0.886719
1 0.157227 0.874023 0.162109 0.876953 0.161133 0.879883 0.157227 0.881836 0.153320 0.876953
1 0.110352 0.852539 0.113281 0.855469 0.112305 0.859375 0.106445 0.857422
0 0.088867 0.869141 0.094727 0.874023 0.102539 0.874023 0.108398 0.870117 0.114258 0.872070 0.115234 0.878906 0.117188 0.883789 0.117188 0.890625 0.113281 0.891602 0.113281 0.894531 0.107422 0.894531 0.108398 0.885742 0.099609 0.885742 0.096680 0.890625 0.094727 0.898438 0.097656 0.904297 0.098633 0.912109 0.089844 0.914062 0.086914 0.906250 0.082031 0.903320 0.089844 0.897461 0.080078 0.893555 0.080078 0.887695 0.087891 0.886719 0.092773 0.887695 0.092773 0.882812 0.084961 0.883789 0.084961 0.876953
1 0.250977 0.943359 0.256836 0.946289 0.256836 0.949219 0.251953 0.952148 0.248047 0.948242
1 0.249023 0.958984 0.249023 0.962891 0.245117 0.962891 0.243164 0.958984
1 0.250977 0.971680 0.254883 0.976562 0.253906 0.981445 0.245117 0.980469 0.243164 0.973633
1 0.185547 0.987305 0.190430 0.992188 0.189453 0.997070 0.185547 1.000000 0.180664 0.998047 0.180664 0.991211
1 0.174805 0.991211 0.177734 0.995117 0.178711 1.000000 0.166016 1.000000 0.166016 0.994141
1 0.162109 0.952148 0.168945 0.955078 0.169922 0.963867 0.165039 0.960938 0.160156 0.963867 0.157227 0.958984
1 0.169922 0.962891 0.170898 0.971680 0.164062 0.974609 0.156250 0.971680 0.156250 0.963867 0.163086 0.960938
1 0.211914 0.924805 0.213867 0.929688 0.211914 0.932617 0.206055 0.932617 0.203125 0.927734 0.208008 0.923828
1 0.108398 0.954102 0.111328 0.958008 0.107422 0.959961 0.101562 0.959961 0.102539 0.955078
1 0.000000 0.952148 0.008789 0.955078 0.011719 0.958984 0.011719 0.962891 0.004883 0.965820 0.000000 0.964844
1 0.035156 0.938477 0.044922 0.945312 0.043945 0.956055 0.032227 0.957031 0.025391 0.949219 0.027344 0.943359 0.027344 0.943359
1 0.038086 0.956055 0.041992 0.961914 0.039062 0.965820 0.036133 0.969727 0.029297 0.970703 0.026367 0.966797 0.029297 0.957031
0 0.076172 0.942383 0.084961 0.944336 0.083984 0.952148 0.087891 0.957031 0.087891 0.959961 0.094727 0.960938 0.095703 0.969727 0.090820 0.975586 0.090820 0.975586 0.085938 0.975586 0.085938 0.984375 0.081055 0.984375 0.079102 0.988281 0.076172 0.987305 0.075195 0.973633 0.071289 0.971680 0.071289 0.966797 0.064453 0.966797 0.057617 0.958008 0.060547 0.946289 0.060547 0.946289 0.070312 0.946289 0.067383 0.938477 0.072266 0.937500
1 0.251953 0.992188 0.255859 0.994141 0.255859 0.999023 0.252930 1.000000 0.247070 0.996094 0.248047 0.992188
1 0.094727 0.923828 0.096680 0.927734 0.096680 0.931641 0.091797 0.931641 0.091797 0.926758
1 0.051758 0.916992 0.064453 0.917969 0.066406 0.925781 0.069336 0.931641 0.068359 0.936523 0.065430 0.937500 0.063477 0.941406 0.053711 0.941406 0.051758 0.929688 0.044922 0.926758
1 0.070312 0.916992 0.077148 0.918945 0.084961 0.925781 0.084961 0.931641 0.080078 0.933594 0.075195 0.936523 0.069336 0.934570 0.067383 0.925781 0.067383 0.925781
1 0.038086 0.914062 0.044922 0.919922 0.044922 0.924805 0.040039 0.929688 0.033203 0.927734 0.030273 0.918945
1 0.019531 0.921875 0.030273 0.921875 0.034180 0.926758 0.031250 0.934570 0.021484 0.935547 0.013672 0.929688 0.014648 0.923828
1 0.041992 0.902344 0.041992 0.908203 0.037109 0.910156 0.034180 0.905273
1 0.000000 0.868164 0.005859 0.871094 0.008789 0.878906 0.004883 0.882812 0.004883 0.882812 0.000000 0.883789 0.000000 0.883789
1 0.014648 0.862305 0.020508 0.866211 0.021484 0.872070 0.017578 0.876953 0.007812 0.877930 0.005859 0.870117 0.011719 0.867188
1 0.073242 0.852539 0.071289 0.863281 0.060547 0.864258 0.056641 0.855469 0.062500 0.849609
1 0.061523 0.860352 0.065430 0.865234 0.062500 0.872070 0.052734 0.872070 0.050781 0.864258
1 0.034180 0.824219 0.040039 0.827148 0.040039 0.832031 0.033203 0.832031 0.030273 0.827148
0 0.075195 0.799805 0.080078 0.803711 0.083008 0.807617 0.083008 0.807617 0.080078 0.809570 0.075195 0.815430 0.076172 0.832031 0.083984 0.833984 0.083984 0.838867 0.078125 0.841797 0.077148 0.846680 0.065430 0.846680 0.059570 0.838867 0.060547 0.828125 0.064453 0.827148 0.064453 0.822266 0.057617 0.817383 0.059570 0.811523 0.064453 0.812500 0.063477 0.803711 0.071289 0.798828
1 0.080078 0.780273 0.083008 0.784180 0.081055 0.791016 0.073242 0.790039 0.071289 0.781250
0 0.061523 0.758789 0.070312 0.766602 0.071289 0.780273 0.061523 0.782227 0.061523 0.782227 0.058594 0.785156 0.062500 0.790039 0.065430 0.797852 0.063477 0.803711 0.063477 0.803711 0.061523 0.810547 0.056641 0.815430 0.045898 0.817383 0.042969 0.810547 0.047852 0.805664 0.039062 0.804688 0.037109 0.795898 0.040039 0.791016 0.041992 0.777344 0.048828 0.775391 0.049805 0.765625 0.046875 0.757812 0.052734 0.755859