1 0.109440 0.964253 0.104545 0.963605 0.100844 0.958617 0.101810 0.951375 0.105471 0.949886 0.110741 0.950329 0.113478 0.953024 0.113638 0.960387
1 0.117018 0.965617 0.114886 0.963445 0.114926 0.958657 0.117300 0.956283 0.119754 0.958456 0.120599 0.962600
1 0.112182 0.949675 0.104510 0.948837 0.103414 0.942132 0.106380 0.936587 0.112504 0.936136 0.117340 0.939811 0.120112 0.945098 0.115405 0.950319
1 0.107502 0.889048 0.103499 0.888703 0.101855 0.885708 0.104056 0.883640 0.107077 0.882182 0.108933 0.883242 0.109569 0.886450 0.109702 0.888862
1 0.110842 0.845763 0.105860 0.844018 0.105533 0.840381 0.108406 0.836999 0.112442 0.836563 0.114479 0.838235 0.115715 0.842199 0.114187 0.846490
1 0.115434 0.833691 0.113426 0.832213 0.113646 0.830271 0.116140 0.829940 0.117419 0.830823 0.117684 0.832896
0 0.106254 0.934445 0.103740 0.934951 0.099834 0.927433 0.097931 0.922330 0.099276 0.910056 0.101014 0.900919 0.110026 0.895679 0.121063 0.898226 0.128534 0.909432 0.130402 0.912488 0.124969 0.921912 0.119026 0.929213 0.112658 0.933373
1 0.146069 0.682427 0.138370 0.677606 0.134554 0.672585 0.134353 0.664350 0.141450 0.662542 0.146806 0.664282 0.148279 0.672384 0.148948 0.680887
1 0.102636 0.584462 0.096672 0.580164 0.096936 0.573499 0.102899 0.570779 0.106057 0.573762 0.107284 0.578849 0.104565 0.583146
1 0.108349 0.597310 0.102686 0.595504 0.101167 0.590990 0.101782 0.586846 0.104860 0.583357 0.108472 0.584589 0.111344 0.588897 0.112739 0.593903 0.110072 0.596489
1 0.112506 0.611328 0.106808 0.609959 0.104254 0.606740 0.105771 0.601670 0.109842 0.601597 0.113099 0.604002 0.115097 0.606555 0.113986 0.610773
1 0.104574 0.495946 0.101601 0.494093 0.099862 0.492548 0.103686 0.490191 0.105810 0.491505 0.107161 0.494131
0 0.131212 0.711655 0.116694 0.703804 0.113835 0.693199 0.113928 0.675034 0.114204 0.659358 0.104723 0.634472 0.094343 0.631522 0.093905 0.618848 0.105050 0.613931 0.121768 0.612510 0.134274 0.612666 0.144026 0.613875 0.141854 0.645454 0.140178 0.659862 0.138697 0.674271 0.148664 0.681968 0.150539 0.694106 0.146888 0.702790
0 0.255859 0.310547 0.258830 0.324572 0.253130 0.344443 0.238188 0.355843 0.226943 0.361080 0.200441 0.363229 0.193979 0.384032 0.183859 0.390457 0.167584 0.403252 0.161668 0.408203 0.161287 0.422314 0.155565 0.434424 0.152801 0.451396 0.154297 0.482422 0.134766 0.488281 0.139648 0.497070 0.138672 0.511719 0.139648 0.520508 0.136729 0.527372 0.138672 0.533203 0.129883 0.539062 0.134766 0.543945 0.140625 0.546875 0.140625 0.558594 0.150391 0.562500 0.150391 0.571289 0.152344 0.584961 0.149302 0.593134 0.148438 0.604492 0.146962 0.611579 0.134849 0.613781 0.118469 0.612817 0.111449 0.603045 0.109521 0.586527 0.103603 0.571661 0.101400 0.547849 0.108625 0.527527 0.112858 0.508756 0.112858 0.477564 0.122154 0.462455 0.121255 0.446719 0.133993 0.434729 0.128354 0.415386 0.140363 0.402432 0.144681 0.385970 0.153683 0.386757 0.161148 0.378287 0.163377 0.365918 0.174743 0.351320 0.185547 0.347656 0.189453 0.336914 0.200252 0.329396 0.230469 0.315430 0.244141 0.316406 0.251953 0.305664
1 0.153274 0.382234 0.150002 0.380632 0.149189 0.376457 0.151649 0.375193 0.155237 0.375125 0.157246 0.376276 0.158262 0.379504 0.157021 0.382121
0 0.246213 0.292842 0.230049 0.291951 0.213248 0.289914 0.195937 0.291823 0.182573 0.281896 0.189573 0.265731 0.203701 0.263313 0.230049 0.263186 0.246086 0.267895 0.260341 0.269040 0.260851 0.284060 0.258432 0.291060
1 0.186441 0.266869 0.184004 0.266349 0.182249 0.263749 0.184816 0.262449 0.187871 0.262579 0.189073 0.265374 0.188391 0.266706
1 0.172490 0.285249 0.170334 0.282481 0.170945 0.279230 0.174357 0.278587 0.177318 0.280390 0.176899 0.283189 0.174582 0.284702
1 0.166788 0.284338 0.163648 0.283700 0.163158 0.281346 0.165096 0.280095 0.167230 0.278795 0.168751 0.278721 0.169732 0.279678 0.170100 0.280904 0.169806 0.282253 0.168800 0.283872
1 0.157703 0.270817 0.152835 0.268627 0.151191 0.264731 0.154722 0.262479 0.157825 0.262357 0.161416 0.263088 0.163425 0.263636 0.164033 0.266375 0.161295 0.269904
0 0.000000 0.277500 0.007111 0.274452 0.014821 0.277052 0.019304 0.278218 0.027642 0.275618 0.040192 0.277142 0.052654 0.275438 0.065833 0.275887 0.075044 0.272525 0.085535 0.272325 0.099799 0.276193 0.115212 0.275723 0.126257 0.274971 0.139530 0.274439 0.147686 0.270845 0.152596 0.278123 0.152069 0.288031 0.145143 0.292152 0.135146 0.293994 0.115241 0.294257 0.098739 0.295602 0.079653 0.293520 0.065057 0.297649 0.043415 0.295937 0.037884 0.291360 0.031484 0.292022 0.017757 0.293278 0.005898 0.294819 0.000000 0.294356
1 0.010059 0.152183 0.008401 0.152217 0.007333 0.149588 0.007804 0.147558 0.010325 0.145998 0.011992 0.147088 0.013316 0.149332 0.013210 0.151298 0.011692 0.152451
0 0.000000 0.130769 0.004605 0.131013 0.009484 0.134916 0.010217 0.142195 0.008875 0.145936 0.003467 0.145977 0.000000 0.145082
0 0.000016 0.117606 0.004577 0.114988 0.008306 0.115623 0.009654 0.119153 0.007394 0.125896 0.005529 0.128515 0.000000 0.128236
1 0.009291 0.090718 0.006146 0.090199 0.004530 0.087083 0.006060 0.083678 0.009118 0.082523 0.011917 0.082870 0.013562 0.084572 0.014081 0.087833 0.011282 0.090920
0 0.000375 0.107297 0.005871 0.107560 0.009409 0.106394 0.011366 0.103043 0.010124 0.098865 0.008092 0.093858 0.005457 0.090509 0.002370 0.089681 0.000000 0.089794
1 0.000000 0.078516 0.003044 0.078983 0.005291 0.081044 0.005136 0.082948 0.003231 0.085165 0.001982 0.086132 0.000000 0.086382
1 0.008106 0.073729 0.004356 0.072420 0.002588 0.069130 0.004356 0.065662 0.008213 0.064035 0.011291 0.064636 0.012989 0.066830 0.013379 0.069767 0.013061 0.072632 0.010937 0.073410
1 0.004681 0.062511 0.001150 0.062077 0.000035 0.059135 0.001986 0.057185 0.004681 0.056968 0.007158 0.057122 0.007716 0.058330 0.008335 0.059352 0.006663 0.061334
1 0.057521 0.088017 0.053069 0.086943 0.052792 0.083366 0.055653 0.081021 0.059429 0.079789 0.062251 0.080742 0.063245 0.083127 0.062569 0.085909 0.060383 0.088453
1 0.069299 0.080595 0.065595 0.079987 0.064228 0.077163 0.066323 0.073763 0.069238 0.073793 0.071668 0.073914 0.073155 0.076222 0.072730 0.080230
1 0.070902 0.068418 0.065730 0.068624 0.064406 0.064611 0.066434 0.060226 0.071357 0.059563 0.074088 0.059854 0.075619 0.061302 0.077190 0.064487 0.075991 0.068128
1 0.054698 0.079693 0.052111 0.078463 0.050565 0.075781 0.052932 0.074330 0.056023 0.073951 0.057947 0.074394 0.058547 0.076917 0.056434 0.079125
1 0.050453 0.074769 0.046790 0.072768 0.045298 0.068901 0.047197 0.065272 0.050928 0.063475 0.054082 0.063949 0.056897 0.065103 0.058491 0.067918 0.058729 0.071207 0.054692 0.073751
0 0.089934 0.092352 0.082387 0.093201 0.077657 0.090278 0.074894 0.084911 0.079039 0.080234 0.083981 0.076620 0.089562 0.074282 0.093920 0.073910 0.100351 0.075610 0.101094 0.083848 0.096099 0.090544 0.092591 0.091714
0 0.083880 0.047124 0.076426 0.045919 0.069575 0.043359 0.067392 0.037110 0.070854 0.032066 0.076050 0.028000 0.082826 0.023257 0.092086 0.024086 0.097206 0.032819 0.096679 0.042004 0.091258 0.047500
0 0.051069 0.044818 0.042284 0.043383 0.033330 0.043214 0.027079 0.038736 0.029191 0.031726 0.034682 0.028178 0.041608 0.026488 0.048620 0.026910 0.051576 0.030881 0.057827 0.032147 0.065092 0.032316 0.065261 0.041102 0.060277 0.045832
0 0.000000 0.015662 0.006355 0.018864 0.009065 0.013609 0.018015 0.015991 0.020561 0.022396 0.025732 0.029457 0.026472 0.037750 0.026883 0.040787 0.029616 0.045726 0.043609 0.050127 0.051232 0.055072 0.050494 0.061538 0.046337 0.065048 0.047723 0.073638 0.048092 0.080195 0.039687 0.082043 0.029157 0.076316 0.022599 0.071421 0.015302 0.062554 0.013455 0.052578 0.009483 0.052209 0.005142 0.055257 0.000000 0.056088
1 0.012495 0.061056 0.009803 0.059651 0.008319 0.057192 0.008710 0.053954 0.011676 0.053642 0.013821 0.053642 0.015266 0.054969 0.015968 0.057934 0.014563 0.059690
1 0.134446 0.017729 0.131928 0.016766 0.130598 0.013964 0.131928 0.012521 0.134956 0.012323 0.136767 0.012408 0.136626 0.015464 0.136088 0.017417
0 0.177084 0.000000 0.179453 0.008300 0.183285 0.012132 0.188650 0.010878 0.192971 0.007115 0.193737 0.000000
1 0.184457 0.025839 0.182529 0.026078 0.181035 0.023194 0.181297 0.020285 0.183893 0.019079 0.186435 0.019263 0.187588 0.020442 0.187510 0.022617 0.186146 0.025868
1 0.167180 0.060179 0.163601 0.060271 0.163264 0.057212 0.164151 0.054733 0.167639 0.054366 0.170087 0.054672 0.170546 0.057486 0.169016 0.059996
1 0.186334 0.121760 0.183455 0.120967 0.182104 0.118617 0.184072 0.116385 0.186805 0.116825 0.189184 0.118059 0.189419 0.120057
1 0.381062 0.068266 0.375479 0.062854 0.374275 0.056068 0.379858 0.050228 0.388190 0.049540 0.392142 0.052461 0.391454 0.061050 0.387245 0.066719
1 0.387725 0.077890 0.380721 0.078833 0.377959 0.074590 0.382270 0.070481 0.387725 0.070145 0.390688 0.072569 0.390486 0.076678
1 0.386715 0.090147 0.377757 0.089608 0.375534 0.083749 0.379104 0.079843 0.385367 0.077890 0.389813 0.077418 0.392574 0.080045 0.393651 0.083547 0.390015 0.089069
0 0.385300 0.119322 0.376080 0.114712 0.373775 0.104236 0.379118 0.095751 0.385823 0.092294 0.394309 0.092398 0.399232 0.096170 0.402271 0.098475 0.395880 0.110521
1 0.382253 0.176301 0.378897 0.174623 0.380482 0.171920 0.383744 0.170709 0.386820 0.171361 0.387659 0.173878 0.387519 0.176348
1 0.381386 0.163704 0.377182 0.163161 0.377096 0.159647 0.379838 0.157719 0.382495 0.157719 0.384466 0.159562 0.384852 0.162604 0.384295 0.163461
0 0.383955 0.156495 0.377108 0.155420 0.374732 0.147667 0.375960 0.129510 0.378049 0.124226 0.382411 0.120478 0.388863 0.120907 0.394824 0.126499 0.393472 0.141001 0.391383 0.153290 0.388557 0.155810
1 0.344268 0.235302 0.340318 0.233740 0.338279 0.230355 0.340449 0.226970 0.343399 0.225364 0.346480 0.225061 0.348434 0.226970 0.350387 0.229140 0.349128 0.233046 0.346654 0.235302
1 0.323849 0.245713 0.315380 0.247457 0.310813 0.243140 0.312724 0.237743 0.317041 0.232679 0.322521 0.232512 0.327087 0.233841 0.328664 0.237743 0.327917 0.243638
1 0.340866 0.251053 0.335341 0.249168 0.331742 0.247112 0.329087 0.243771 0.329814 0.240172 0.333370 0.237902 0.337696 0.237217 0.339582 0.237260 0.341852 0.238845 0.344551 0.240772 0.345021 0.249039
1 0.329579 0.262695 0.322149 0.260354 0.315738 0.256386 0.313499 0.250585 0.317621 0.246616 0.323269 0.243817 0.328205 0.243105 0.333751 0.244581 0.340519 0.250840 0.339959 0.256895
1 0.316044 0.269473 0.309849 0.266094 0.305555 0.260954 0.307948 0.255886 0.313088 0.253633 0.318016 0.252999 0.322873 0.255252 0.324492 0.260321 0.319635 0.267572
1 0.279543 0.296972 0.275867 0.294766 0.273662 0.290723 0.277567 0.287691 0.281196 0.287553 0.284091 0.292239 0.283310 0.295363
1 0.285285 0.293525 0.280691 0.291229 0.278072 0.286681 0.278440 0.282638 0.281932 0.279973 0.284826 0.279191 0.288042 0.280570 0.291533 0.283786 0.291120 0.287875
1 0.272423 0.322236 0.264193 0.319383 0.260345 0.315467 0.260278 0.308830 0.263597 0.303919 0.269437 0.304317 0.274680 0.308034 0.277799 0.311617 0.277666 0.320976
1 0.390836 0.200997 0.387658 0.199629 0.386599 0.195789 0.388762 0.193494 0.392381 0.193405 0.394632 0.195922 0.394059 0.200070
1 0.338573 0.316032 0.334479 0.314643 0.333578 0.311826 0.335306 0.310061 0.339399 0.309761 0.341014 0.311676 0.340450 0.314943
1 0.360935 0.322915 0.354070 0.321760 0.351895 0.317546 0.356517 0.314216 0.361682 0.312652 0.366235 0.314964 0.366100 0.320537
1 0.429649 0.177366 0.424328 0.174859 0.421393 0.171251 0.424084 0.166603 0.428182 0.163667 0.432707 0.165991 0.434420 0.170456 0.432585 0.174247
1 0.444901 0.169831 0.439434 0.168354 0.435989 0.164145 0.438559 0.159059 0.441238 0.155613 0.445613 0.156215 0.447637 0.158730 0.449277 0.161027 0.449004 0.165730
1 0.454545 0.156496 0.450752 0.154311 0.450546 0.150684 0.453638 0.148787 0.457101 0.149405 0.458667 0.151632 0.458172 0.155506
1 0.469864 0.154177 0.461378 0.151565 0.458686 0.145201 0.461949 0.138265 0.467824 0.135245 0.473536 0.136715 0.477535 0.141202 0.479330 0.149281 0.473944 0.153116
1 0.479729 0.143979 0.473624 0.141884 0.472367 0.135300 0.475720 0.132067 0.480508 0.131529 0.484159 0.133983 0.485775 0.138771
1 0.487653 0.139771 0.481585 0.136645 0.478919 0.129381 0.483792 0.125611 0.490136 0.127175 0.493906 0.131680 0.490779 0.138852
0 0.402640 0.199981 0.397008 0.199043 0.392210 0.195602 0.389394 0.191168 0.391644 0.185212 0.401923 0.177563 0.412459 0.173303 0.421264 0.169451 0.424564 0.174349 0.431112 0.176329 0.435734 0.180621 0.433974 0.185519 0.424564 0.189590 0.417632 0.194872 0.413120 0.198559 0.406462 0.199164
0 0.343275 0.220283 0.345149 0.211004 0.353395 0.205081 0.362199 0.199798 0.374606 0.194194 0.384292 0.193555 0.390526 0.197964 0.394185 0.206150 0.388000 0.210244 0.398626 0.217822 0.398309 0.224567 0.393958 0.232570 0.390663 0.234853 0.395154 0.237450 0.392341 0.243565 0.389851 0.250385 0.386712 0.254715 0.394012 0.262285 0.407906 0.260953 0.423072 0.266953 0.431233 0.270818 0.437867 0.272756 0.451816 0.273106 0.456652 0.282779 0.455951 0.288316 0.447322 0.288704 0.431804 0.290949 0.420775 0.289388 0.405005 0.291161 0.386464 0.291045 0.366792 0.289463 0.345251 0.290181 0.328737 0.288865 0.317221 0.293353 0.303012 0.302311 0.298070 0.307768 0.296835 0.329903 0.288701 0.335464 0.278714 0.328462 0.275007 0.321770 0.270991 0.309518 0.274080 0.298913 0.284667 0.293807 0.290274 0.288324 0.297239 0.280919 0.296710 0.273866 0.303763 0.271397 0.311521 0.271662 0.312245 0.272474 0.314930 0.265263 0.318251 0.262135 0.329064 0.261001 0.334468 0.260976 0.342818 0.255729 0.349543 0.245678 0.351062 0.237592 0.346283 0.224373
1 0.465601 0.287440 0.459152 0.286836 0.455373 0.283310 0.455575 0.278775 0.460311 0.275551 0.466104 0.275601 0.469229 0.277213 0.473561 0.280941 0.472604 0.287340
1 0.493844 0.286032 0.488053 0.284355 0.484319 0.279175 0.486148 0.276051 0.493387 0.276051 0.497272 0.279556
1 0.504313 0.285686 0.499487 0.284964 0.497052 0.281852 0.498044 0.277928 0.502374 0.277883 0.505396 0.278334 0.506794 0.281852 0.507516 0.285279
1 0.518513 0.281993 0.512672 0.281229 0.509888 0.276480 0.512290 0.271949 0.517694 0.270147 0.520915 0.271730 0.522825 0.273914 0.522661 0.280028
0 0.521859 0.286070 0.514899 0.286160 0.508966 0.285268 0.506021 0.279066 0.508743 0.277059 0.515658 0.281520 0.522262 0.280360 0.524938 0.282501 0.524402 0.285268
0 0.482600 0.287253 0.472645 0.283876 0.467312 0.277210 0.466867 0.268055 0.473889 0.262812 0.483044 0.262367 0.488820 0.265833 0.492287 0.271966 0.490154 0.286098
1 0.527630 0.241083 0.523481 0.238891 0.524312 0.232430 0.529290 0.230118 0.531127 0.237527 0.530534 0.240313
1 0.539309 0.242729 0.535979 0.241091 0.536507 0.237126 0.540313 0.235012 0.543696 0.237073 0.542163 0.241620
1 0.543940 0.247488 0.540876 0.246682 0.539585 0.244235 0.540177 0.241924 0.542945 0.241386 0.545096 0.242972 0.545526 0.245714
1 0.537290 0.192919 0.531215 0.191190 0.527480 0.187512 0.529599 0.183388 0.536622 0.182328 0.541861 0.184502 0.543422 0.189296 0.540523 0.192027
1 0.620205 0.107719 0.616187 0.106592 0.615451 0.103259 0.619176 0.102229 0.622215 0.102132 0.623881 0.104876 0.622509 0.107425
1 0.621337 0.101268 0.618646 0.100078 0.619439 0.097671 0.621563 0.097303 0.623318 0.098747 0.623007 0.100645
1 0.626910 0.091499 0.624111 0.093765 0.624200 0.098429 0.627354 0.101938 0.631353 0.101850 0.634729 0.098740 0.634773 0.095586 0.633263 0.091810 0.630508 0.090477
1 0.565211 0.123573 0.563147 0.123274 0.562713 0.120613 0.564233 0.118768 0.566243 0.119065 0.567709 0.119744 0.568171 0.120993 0.567085 0.122759
1 0.531275 0.220614 0.529037 0.220060 0.529070 0.218191 0.531258 0.217568 0.532756 0.217652 0.533412 0.218208 0.532487 0.220093 0.532032 0.220732
1 0.535214 0.221456 0.533412 0.220698 0.533312 0.218864 0.534338 0.217989 0.535819 0.218225 0.536594 0.219167 0.536543 0.220009 0.535719 0.221321
0 0.551272 0.236442 0.544645 0.236655 0.537803 0.236103 0.531684 0.233808 0.528412 0.229134 0.527104 0.224762 0.528531 0.221907 0.533151 0.221944 0.537096 0.221719 0.536645 0.217137 0.540191 0.213372 0.545842 0.206012 0.549950 0.201273 0.553085 0.190910 0.553341 0.178504 0.555957 0.177501 0.552167 0.170980 0.551053 0.161785 0.556080 0.158749 0.562181 0.147234 0.568081 0.148754 0.574796 0.142563 0.575425 0.131757 0.580061 0.129626 0.585484 0.121358 0.593126 0.121358 0.599647 0.116569 0.606651 0.112166 0.613859 0.106093 0.619389 0.108745 0.619140 0.120266 0.614363 0.126140 0.618692 0.132245 0.614419 0.140182 0.609201 0.143900 0.607546 0.156765 0.599778 0.167087 0.594545 0.171354 0.587148 0.184277 0.582190 0.199721 0.574683 0.211845 0.568004 0.228350 0.563425 0.234837
1 0.514515 0.065708 0.507922 0.063883 0.504685 0.059351 0.505626 0.051934 0.509511 0.047695 0.515574 0.048460 0.519460 0.049402 0.520225 0.054405 0.518047 0.063118
1 0.516356 0.036577 0.509174 0.033472 0.508786 0.027519 0.510403 0.021501 0.515386 0.019689 0.520691 0.021307 0.524639 0.024606 0.524510 0.029460
1 0.519010 0.023377 0.513380 0.020142 0.512215 0.012183 0.516292 0.007719 0.521080 0.008106 0.524769 0.010307 0.524315 0.019818
1 0.521520 0.004215 0.517663 0.003132 0.516852 0.000000 0.524497 0.000000 0.523617 0.003099
1 0.531744 0.007945 0.526296 0.006654 0.524667 0.001037 0.529329 0.000000 0.534103 0.000139 0.535451 0.005980
1 0.547043 0.045606 0.539810 0.043510 0.537916 0.036817 0.541499 0.032828 0.548666 0.032220 0.554210 0.036547 0.553804 0.043442 0.552857 0.044862
1 0.538990 0.000000 0.545133 0.005840 0.552422 0.008339 0.556159 0.006543 0.559404 0.000000
1 0.563073 0.000000 0.566610 0.004940 0.570920 0.005584 0.576133 0.004985 0.578640 0.000000
1 0.595775 0.000000 0.593393 0.006522 0.599696 0.012902 0.606768 0.012518 0.609073 0.005523 0.608612 0.000000
1 0.643316 0.041491 0.639144 0.039157 0.636676 0.035164 0.637797 0.031934 0.641656 0.029645 0.645246 0.031260 0.646727 0.034984 0.646861 0.040100
1 0.639144 0.044362 0.633265 0.042747 0.629496 0.040234 0.628733 0.035119 0.631784 0.031619 0.635778 0.032337 0.638604 0.033414 0.641028 0.037452 0.640444 0.043869
1 0.610842 0.043010 0.608476 0.041992 0.604826 0.039843 0.604866 0.035665 0.607989 0.031609 0.611071 0.031690 0.613991 0.033556 0.615005 0.037166 0.614072 0.041424
1 0.625878 0.047705 0.619337 0.045499 0.616027 0.040612 0.618549 0.034938 0.623202 0.031563 0.626930 0.033260 0.629911 0.036903 0.630780 0.042369
1 0.657515 0.081721 0.651507 0.080418 0.648397 0.076931 0.650457 0.073149 0.654784 0.071301 0.658271 0.071848 0.661842 0.076091 0.660288 0.081090
1 0.685157 0.130045 0.680691 0.128172 0.678562 0.124286 0.679416 0.121099 0.683949 0.118315 0.688080 0.119842 0.689606 0.124645 0.687586 0.128371
1 0.686323 0.148901 0.677765 0.147088 0.675226 0.140271 0.677402 0.133524 0.684220 0.130913 0.690022 0.132944 0.694810 0.137441 0.695753 0.144404
1 0.684190 0.171688 0.672015 0.168674 0.669464 0.157890 0.674218 0.150120 0.681640 0.146642 0.692771 0.146758 0.698338 0.155106 0.701121 0.159513 0.696482 0.169138
1 0.685896 0.191010 0.672335 0.190400 0.668830 0.172116 0.679801 0.166479 0.694733 0.169373 0.702810 0.172573 0.701499 0.181080 0.696969 0.186854
1 0.642809 0.227225 0.636021 0.223627 0.636564 0.216771 0.640501 0.212291 0.646203 0.213038 0.649868 0.216771 0.650615 0.220029 0.649665 0.226546
0 0.687741 0.318386 0.683203 0.311091 0.675463 0.304240 0.677776 0.295165 0.681335 0.290005 0.678222 0.278528 0.677144 0.260634 0.676277 0.249089 0.673103 0.237929 0.671467 0.224845 0.669887 0.212555 0.669201 0.194958 0.673771 0.189702 0.690454 0.189474 0.696007 0.195462 0.696016 0.245571 0.694271 0.269162 0.695128 0.285151 0.697516 0.293275 0.701985 0.298563 0.702585 0.305540 0.699423 0.306794 0.700786 0.313717 0.698660 0.317150
1 0.663068 0.294460 0.658519 0.293810 0.655640 0.290978 0.657821 0.286984 0.661908 0.285638 0.664647 0.285498 0.666737 0.287448 0.665529 0.294042
1 0.661338 0.296452 0.663906 0.298014 0.666093 0.301831 0.665295 0.304747 0.663490 0.307593 0.659812 0.307939 0.654744 0.307454 0.650024 0.307801 0.650163 0.300513 0.651586 0.298117 0.655369 0.296278
1 0.625288 0.298319 0.619937 0.297998 0.617281 0.294819 0.616759 0.289991 0.620460 0.287135 0.623437 0.286974 0.626696 0.288181 0.628708 0.290272 0.629794 0.291963 0.628306 0.296066
1 0.626897 0.307734 0.622874 0.307614 0.619454 0.306005 0.617885 0.303671 0.617563 0.300733 0.619615 0.298239 0.622552 0.296791 0.625730 0.296469 0.628507 0.296751 0.632731 0.300774 0.631041 0.305481
1 0.630881 0.316184 0.625892 0.314494 0.623558 0.313247 0.622351 0.310913 0.623196 0.307976 0.625932 0.306165 0.629312 0.305200 0.631766 0.306085 0.634220 0.306567 0.635186 0.308981 0.635508 0.310752 0.635186 0.314253 0.633134 0.315781
1 0.590731 0.324542 0.585214 0.324050 0.581272 0.319665 0.581026 0.312915 0.582308 0.308137 0.587382 0.307200 0.591569 0.307397 0.595461 0.308334 0.597875 0.311635 0.598959 0.315379 0.598516 0.320108 0.596299 0.324147
1 0.559155 0.308783 0.552816 0.306721 0.548614 0.300231 0.548247 0.294062 0.553225 0.291154 0.557956 0.289577 0.564510 0.291548 0.569438 0.299630 0.565150 0.307121
1 0.587059 0.366553 0.579887 0.364787 0.574095 0.359878 0.573929 0.352871 0.577350 0.348514 0.582700 0.346748 0.587113 0.348183 0.590479 0.350609 0.592023 0.356733 0.592961 0.360870 0.591526 0.366828
1 0.603342 0.378984 0.597889 0.378659 0.593969 0.372649 0.592357 0.366813 0.595101 0.360281 0.598847 0.358932 0.603681 0.359977 0.607513 0.361675 0.610866 0.369296 0.611520 0.376743
1 0.572863 0.382413 0.568237 0.382363 0.565038 0.379263 0.564939 0.373063 0.568975 0.372078 0.573011 0.371881 0.575176 0.374391 0.575471 0.380100
1 0.572912 0.390631 0.566908 0.390729 0.564300 0.386842 0.565924 0.382954 0.567893 0.380887 0.570943 0.379755 0.575077 0.380887 0.577637 0.382659 0.578228 0.386694 0.575176 0.390483
1 0.573306 0.398505 0.568335 0.397373 0.565481 0.395503 0.565678 0.391419 0.568139 0.389155 0.570845 0.388466 0.574241 0.388466 0.576259 0.389549 0.577439 0.392452 0.576800 0.395896
1 0.549580 0.379956 0.545076 0.378684 0.544194 0.374768 0.546055 0.372156 0.548404 0.371373 0.550983 0.372352 0.551930 0.375452 0.551896 0.378553
1 0.556956 0.381915 0.552550 0.381066 0.551962 0.377704 0.552093 0.375289 0.553659 0.373625 0.556042 0.372711 0.557837 0.373592 0.559306 0.375191 0.559926 0.378487
1 0.533863 0.339022 0.531130 0.338028 0.530540 0.335668 0.533429 0.335171 0.536007 0.336289 0.535883 0.338060
1 0.541256 0.347129 0.538522 0.346850 0.537746 0.343774 0.540293 0.342905 0.542002 0.344645 0.542002 0.346850
1 0.638102 0.363157 0.628755 0.364164 0.623578 0.358700 0.624514 0.350001 0.630983 0.346406 0.635872 0.348275 0.640546 0.357550
0 0.636281 0.414674 0.624648 0.410077 0.620802 0.398162 0.622960 0.386153 0.629902 0.378461 0.641910 0.382119 0.648196 0.396286 0.644162 0.410733
1 0.291804 0.423195 0.286096 0.420497 0.285214 0.413544 0.288327 0.409704 0.294502 0.409341 0.299743 0.414114 0.298705 0.421224
1 0.296493 0.445975 0.288588 0.443340 0.285137 0.438571 0.288463 0.432485 0.292917 0.430665 0.297937 0.432171 0.300133 0.433301 0.302078 0.439638 0.299003 0.444155
1 0.297985 0.523380 0.290861 0.518828 0.291125 0.510912 0.295545 0.506624 0.299239 0.507680 0.301944 0.508999 0.304385 0.513287 0.302010 0.520808
1 0.294615 0.596680 0.286902 0.592920 0.285488 0.588703 0.284912 0.580848 0.288421 0.577182 0.293814 0.577182 0.298947 0.580481 0.299785 0.586766 0.298580 0.593312
1 0.347070 0.393520 0.341746 0.392214 0.342098 0.388598 0.345263 0.385985 0.348879 0.386990 0.350437 0.391209
1 0.345798 0.408873 0.342157 0.407715 0.341744 0.403081 0.344558 0.399979 0.347205 0.401013 0.348487 0.403495 0.347246 0.406598
1 0.336965 0.429770 0.332872 0.427573 0.332722 0.422083 0.335667 0.418639 0.339610 0.418639 0.341407 0.420535 0.342355 0.423230 0.341906 0.429819
1 0.345899 0.454345 0.340800 0.452985 0.338647 0.448680 0.342727 0.444601 0.346749 0.444544 0.349298 0.446866 0.347655 0.452702
1 0.345905 0.472441 0.341067 0.471720 0.338469 0.467026 0.339516 0.462152 0.343486 0.459444 0.347061 0.460203 0.349047 0.461431 0.350852 0.464427 0.351104 0.467929 0.349047 0.471142
1 0.344100 0.503145 0.339216 0.500803 0.337271 0.494373 0.339714 0.490186 0.345695 0.489339 0.347738 0.489937 0.350479 0.493625 0.350081 0.498261
1 0.348302 0.561503 0.340021 0.558675 0.336855 0.553154 0.342040 0.548374 0.347022 0.548711 0.350792 0.549989 0.353957 0.555443 0.351937 0.559685
1 0.349357 0.587246 0.344952 0.586351 0.342600 0.582767 0.346520 0.579930 0.350216 0.579668 0.351896 0.581311 0.353538 0.583476 0.351634 0.586500
1 0.347410 0.604434 0.343600 0.603370 0.342004 0.599471 0.343112 0.596900 0.345062 0.593933 0.349670 0.593090 0.352417 0.593888 0.354056 0.598009 0.350821 0.602307
1 0.345417 0.633640 0.340597 0.630392 0.341697 0.625309 0.345784 0.623317 0.348771 0.622794 0.350237 0.624837 0.348718 0.630863
1 0.328140 0.703159 0.323354 0.701563 0.321559 0.695847 0.325880 0.691725 0.330533 0.692190 0.332527 0.694982 0.330799 0.701830
1 0.325854 0.724222 0.322333 0.723947 0.321099 0.720426 0.322287 0.717453 0.325306 0.716492 0.328325 0.717498 0.329423 0.721203 0.327685 0.724176
1 0.322814 0.740238 0.318533 0.738277 0.317252 0.734156 0.320533 0.731476 0.323614 0.730995 0.326015 0.731956 0.327415 0.734076 0.327815 0.736237 0.324614 0.739758
1 0.319745 0.703427 0.316480 0.702720 0.314603 0.699427 0.316235 0.696814 0.319419 0.695808 0.321215 0.696080 0.322766 0.697468 0.323800 0.700134 0.323065 0.702202
1 0.338451 0.727710 0.334501 0.726907 0.331354 0.724113 0.332188 0.720388 0.335433 0.718975 0.337616 0.718750 0.339511 0.719810 0.340699 0.724370
1 0.358118 0.725583 0.353310 0.725464 0.351339 0.723015 0.351249 0.718236 0.354415 0.716594 0.358268 0.716474 0.359940 0.718177 0.361105 0.720477 0.362419 0.723254 0.360478 0.725464
1 0.364630 0.722148 0.361075 0.721133 0.359701 0.717669 0.360389 0.714532 0.363375 0.713936 0.366123 0.714593 0.367915 0.715787 0.369199 0.717997 0.367228 0.721999
1 0.379985 0.716979 0.376837 0.715728 0.375728 0.710860 0.377302 0.708391 0.380021 0.708569 0.382133 0.710574 0.382956 0.713688 0.382276 0.715906
1 0.353877 0.688707 0.347245 0.686813 0.346771 0.681946 0.353059 0.678071 0.357537 0.676736 0.360293 0.676995 0.363522 0.680999 0.365633 0.685306 0.362618 0.689439
1 0.357000 0.717138 0.352517 0.715856 0.350476 0.712415 0.352116 0.707411 0.356479 0.705290 0.359842 0.707171 0.362083 0.708452 0.363363 0.712095 0.360481 0.715777
1 0.396133 0.681106 0.384262 0.682303 0.380028 0.674572 0.382974 0.664909 0.390979 0.661413 0.396409 0.662241 0.401286 0.665277 0.403219 0.671352 0.403403 0.676689 0.399078 0.680923
0 0.401087 0.325659 0.385154 0.327321 0.373424 0.327027 0.365799 0.318914 0.369318 0.309628 0.381830 0.310410 0.389748 0.307966 0.400012 0.309628 0.401674 0.314711
1 0.381822 0.382145 0.377485 0.381472 0.376391 0.377850 0.379296 0.375197 0.382496 0.375871 0.383465 0.377766 0.382917 0.382061
0 0.364033 0.366802 0.355982 0.363499 0.352783 0.353901 0.355570 0.345852 0.363311 0.344303 0.364646 0.347042 0.372508 0.347787 0.380844 0.342501 0.381318 0.348059 0.379014 0.356666 0.369661 0.358496
1 0.442997 0.336966 0.435153 0.336010 0.433657 0.330978 0.433854 0.323591 0.440115 0.321390 0.444566 0.320460 0.448676 0.322710 0.450730 0.330488 0.448432 0.336114
1 0.485281 0.345912 0.478834 0.343480 0.474818 0.337203 0.476232 0.331435 0.480418 0.327646 0.487317 0.327362 0.489297 0.330643 0.491389 0.333923 0.492351 0.338504 0.490541 0.344328
1 0.472443 0.337712 0.462659 0.338277 0.461189 0.331151 0.462886 0.326231 0.469276 0.324082 0.473009 0.324987 0.475497 0.326118 0.477646 0.329851 0.478664 0.333470 0.475724 0.337429
1 0.471086 0.354621 0.464243 0.355356 0.459719 0.352020 0.459153 0.347722 0.460059 0.341105 0.462490 0.336977 0.466279 0.335846 0.472330 0.336807 0.476062 0.339183 0.478438 0.342010 0.479569 0.347100 0.477590 0.351624
1 0.502197 0.391891 0.494871 0.391900 0.490676 0.388317 0.489978 0.381501 0.492380 0.376521 0.499372 0.375165 0.504135 0.378617 0.508591 0.382769 0.506057 0.389804
1 0.494392 0.440881 0.487815 0.440300 0.483657 0.437786 0.485979 0.432370 0.491539 0.431064 0.495021 0.431645 0.496906 0.437689
1 0.397256 0.357843 0.387533 0.356812 0.384071 0.349077 0.383261 0.338618 0.392763 0.334641 0.399171 0.336776 0.405433 0.341270 0.405064 0.351877
1 0.421838 0.376579 0.418001 0.376031 0.417370 0.371701 0.417974 0.367699 0.420687 0.366576 0.423071 0.368221 0.425647 0.372879 0.423482 0.376387
1 0.437625 0.395965 0.433931 0.396479 0.432492 0.393210 0.434454 0.391183 0.438082 0.390235 0.439422 0.391607 0.439717 0.395890
1 0.421430 0.490098 0.412151 0.486619 0.410670 0.480885 0.414793 0.474377 0.422138 0.473218 0.427099 0.477856 0.429161 0.485523
1 0.416344 0.517595 0.405904 0.517756 0.400954 0.513236 0.401600 0.504572 0.407357 0.496984 0.412631 0.494940 0.419627 0.495801 0.423716 0.501774 0.426461 0.509522 0.421726 0.515927
1 0.408686 0.634398 0.402256 0.633123 0.397847 0.628714 0.397899 0.620425 0.401778 0.617343 0.407410 0.615218 0.411607 0.614846 0.415486 0.619149 0.418993 0.623932 0.416708 0.630520 0.412563 0.633336
1 0.405763 0.617662 0.398962 0.617290 0.396093 0.607566 0.397952 0.602413 0.403054 0.600659 0.407357 0.601723 0.410758 0.603688 0.412192 0.607089 0.412139 0.611817 0.409907 0.615165
1 0.408296 0.601718 0.402528 0.602091 0.398524 0.598867 0.398729 0.594321 0.401578 0.591505 0.406905 0.590656 0.410909 0.591811 0.413725 0.595848 0.411282 0.600768
1 0.404157 0.590829 0.398491 0.589715 0.396479 0.586494 0.396510 0.579343 0.398801 0.575473 0.403477 0.574172 0.407130 0.575875 0.411186 0.579591 0.412393 0.583461 0.410813 0.588477 0.408739 0.590024
1 0.405104 0.576308 0.399272 0.574642 0.395551 0.567810 0.395439 0.560422 0.401883 0.557756 0.409104 0.557867 0.413215 0.559366 0.415825 0.563532 0.416325 0.569920 0.412326 0.574309
1 0.412274 0.546187 0.402464 0.547696 0.394013 0.544526 0.388882 0.536000 0.393334 0.528529 0.402540 0.524907 0.410388 0.526492 0.416726 0.527851 0.419971 0.531170 0.422084 0.536452 0.417556 0.545356
1 0.409153 0.527561 0.399055 0.529243 0.391145 0.524194 0.393080 0.516873 0.400401 0.515105 0.410983 0.516831 0.413623 0.524540
1 0.401433 0.516139 0.395087 0.515259 0.392511 0.508599 0.392636 0.503069 0.397537 0.500179 0.401936 0.500870 0.404889 0.502881
1 0.405785 0.503061 0.395302 0.501475 0.390369 0.494780 0.390546 0.487292 0.401997 0.486764 0.409837 0.485090 0.419601 0.489295 0.420052 0.496319 0.412511 0.496771 0.407548 0.497479
1 0.406550 0.487215 0.394084 0.487757 0.391296 0.480865 0.392689 0.473432 0.398032 0.469792 0.407169 0.467160 0.414061 0.468940 0.419559 0.473122 0.411815 0.481407 0.411893 0.485743
1 0.406716 0.458336 0.392169 0.456165 0.388370 0.445961 0.397163 0.434889 0.410731 0.435323 0.415157 0.441920 0.414205 0.457793
0 0.408994 0.439838 0.396507 0.437318 0.385991 0.427132 0.384129 0.412345 0.389496 0.403253 0.384677 0.394490 0.388819 0.389524 0.385352 0.382256 0.382444 0.367493 0.385799 0.355861 0.396313 0.352506 0.408838 0.352282 0.413535 0.361118 0.414766 0.383821 0.408055 0.388854 0.413424 0.404287 0.420581 0.418044 0.420021 0.433030
1 0.455750 0.600986 0.449250 0.598374 0.446701 0.591556 0.447849 0.587159 0.454985 0.585247 0.461039 0.586713 0.464353 0.589135 0.466582 0.593595 0.462632 0.599903
1 0.456451 0.587987 0.448422 0.585502 0.446064 0.577601 0.448805 0.571547 0.455304 0.570974 0.461931 0.569891 0.464607 0.573714 0.467028 0.577537 0.467348 0.583526
1 0.457476 0.574046 0.448667 0.570842 0.446709 0.560787 0.449823 0.556071 0.458899 0.555537 0.465218 0.557584 0.468866 0.561943 0.468684 0.565306 0.466196 0.573512
1 0.460503 0.557679 0.451290 0.554763 0.448771 0.548797 0.449832 0.540115 0.454206 0.536337 0.460172 0.535939 0.464546 0.536403 0.468323 0.541308 0.470644 0.546080 0.470113 0.552178 0.466998 0.557148
1 0.534135 0.444231 0.525333 0.441730 0.523665 0.434967 0.529687 0.429964 0.535524 0.428390 0.539045 0.429594 0.544233 0.433670 0.543214 0.442472 0.538118 0.445158
1 0.545494 0.475575 0.540879 0.476080 0.537677 0.471407 0.541509 0.468257 0.544869 0.467574 0.547600 0.468310 0.549647 0.472300 0.547600 0.475450
1 0.543031 0.491831 0.537938 0.491148 0.535471 0.485426 0.537414 0.481278 0.542087 0.478232 0.546182 0.478075 0.548545 0.479283 0.550225 0.483273 0.549699 0.488523
1 0.548156 0.518241 0.541860 0.518402 0.540084 0.512053 0.544390 0.507909 0.548641 0.507641 0.551653 0.509470 0.553269 0.515120
1 0.551354 0.542314 0.546164 0.539307 0.545868 0.534174 0.549703 0.530340 0.555484 0.531756 0.557431 0.534233 0.558197 0.539896
1 0.549359 0.563317 0.542076 0.561404 0.544725 0.555004 0.551493 0.553974 0.553848 0.555887 0.553554 0.561698
1 0.552255 0.575371 0.547419 0.573690 0.549017 0.569388 0.552951 0.567666 0.555451 0.568568 0.554877 0.574101
1 0.567541 0.623808 0.562788 0.620413 0.563520 0.615608 0.567070 0.614564 0.570360 0.615295 0.571144 0.621145
1 0.597156 0.624409 0.592365 0.621694 0.594335 0.617010 0.598221 0.617595 0.601202 0.618234 0.600138 0.623451
1 0.562633 0.447596 0.553688 0.444563 0.550267 0.435541 0.557655 0.430019 0.563565 0.427530 0.567065 0.434141 0.568466 0.441685
1 0.580599 0.449462 0.575154 0.447674 0.571032 0.442773 0.568699 0.435618 0.572433 0.428930 0.578965 0.426597 0.582543 0.431963
1 0.591409 0.448685 0.585576 0.446740 0.580287 0.440285 0.582620 0.429475 0.585731 0.426752 0.592575 0.426130 0.596153 0.430485 0.598798 0.436396 0.598020 0.447906
1 0.605700 0.448453 0.601673 0.447736 0.598749 0.441337 0.599742 0.433394 0.601121 0.429753 0.604928 0.428263 0.609010 0.430249 0.609064 0.438248 0.608072 0.447019
1 0.629405 0.482721 0.620710 0.484044 0.616269 0.474971 0.619009 0.469017 0.623734 0.464574 0.632430 0.467504 0.637345 0.471190 0.638951 0.481870
1 0.628637 0.467104 0.619581 0.467755 0.616110 0.463525 0.616924 0.454145 0.622672 0.453331 0.631456 0.454036 0.635686 0.454253 0.639372 0.460001 0.635089 0.468677
0 0.638408 0.452412 0.620991 0.453370 0.613721 0.450656 0.608486 0.442610 0.612461 0.432819 0.617502 0.427876 0.622445 0.420702 0.632430 0.418667 0.641833 0.421284 0.644159 0.432916 0.639797 0.450559
1 0.626869 0.513581 0.616588 0.511546 0.612210 0.500551 0.618420 0.496886 0.624833 0.495868 0.631247 0.500042 0.631043 0.510120
1 0.623858 0.527282 0.616397 0.526024 0.613966 0.517474 0.617403 0.513449 0.624445 0.509594 0.630397 0.513282 0.630062 0.519569 0.628301 0.526359
1 0.623188 0.542958 0.616984 0.541784 0.611116 0.534910 0.612206 0.525772 0.620840 0.524683 0.630480 0.526359 0.632912 0.535078 0.629643 0.541952
0 0.620099 0.566688 0.614435 0.563082 0.609742 0.556903 0.607054 0.549121 0.608770 0.542427 0.613462 0.539166 0.621129 0.541684 0.629368 0.541912 0.635490 0.541684 0.638236 0.553527 0.635776 0.561538 0.629024 0.566286 0.623703 0.568519
1 0.633785 0.583265 0.637182 0.582468 0.639614 0.584606 0.639362 0.590226 0.635924 0.590478 0.631772 0.591609 0.628712 0.589345 0.628921 0.584858 0.631940 0.583475
1 0.642835 0.593896 0.640050 0.593758 0.639787 0.589864 0.638893 0.585313 0.640813 0.582577 0.643917 0.584103 0.645838 0.587444 0.646864 0.591127 0.645049 0.594205
1 0.648705 0.593758 0.645549 0.590838 0.644312 0.586154 0.645680 0.583313 0.648311 0.582472 0.650441 0.582866 0.651679 0.585129 0.652047 0.588681 0.650521 0.592890
1 0.659972 0.639329 0.651827 0.637368 0.647704 0.633698 0.649413 0.627413 0.653637 0.623692 0.658865 0.624245 0.662084 0.627062 0.664598 0.632189 0.660877 0.634754 0.662033 0.638223
1 0.650729 0.652816 0.644744 0.650284 0.642165 0.646048 0.641659 0.639233 0.644744 0.637023 0.650131 0.637575 0.658234 0.639003 0.660859 0.646324 0.658419 0.651021
1 0.671077 0.665344 0.660661 0.661896 0.656186 0.657421 0.657760 0.653748 0.661229 0.646566 0.668459 0.647348 0.674126 0.648472 0.678767 0.656532 0.677154 0.662687
1 0.688771 0.666164 0.682279 0.664690 0.679970 0.659115 0.680965 0.653103 0.683951 0.650514 0.689129 0.652823 0.693469 0.654974 0.693629 0.662938
1 0.693702 0.696751 0.685941 0.697527 0.679296 0.692579 0.674833 0.685497 0.676337 0.679628 0.682497 0.674099 0.688270 0.670849 0.692247 0.671382 0.701221 0.671043 0.703646 0.678416 0.704276 0.690640 0.703063 0.695927 0.696370 0.697236
1 0.710979 0.606173 0.706031 0.604313 0.704506 0.599848 0.705957 0.597132 0.710310 0.597765 0.712951 0.600146 0.714960 0.604424
1 0.708521 0.624246 0.704908 0.622591 0.704874 0.618269 0.707306 0.616377 0.709974 0.617153 0.710920 0.618336 0.711933 0.619855 0.710684 0.623030
1 0.708299 0.634564 0.703631 0.631159 0.703521 0.627150 0.706377 0.625118 0.709837 0.625393 0.711924 0.626985 0.711869 0.631818
0 0.670111 0.724956 0.662771 0.723029 0.656714 0.710824 0.653612 0.707123 0.648242 0.701443 0.650928 0.699532 0.657847 0.698345 0.662597 0.697983 0.665746 0.698448 0.663784 0.706245 0.669154 0.709033 0.673233 0.715693 0.672665 0.723594
1 0.561651 0.728102 0.550149 0.727973 0.546144 0.720864 0.546272 0.714080 0.553962 0.709104 0.559906 0.708329 0.564494 0.708588 0.567919 0.712465 0.570245 0.720154 0.571925 0.727132
1 0.527539 0.677792 0.520244 0.674083 0.516103 0.668024 0.516968 0.661348 0.522841 0.658071 0.527477 0.657824 0.532299 0.658257 0.535946 0.662646 0.537925 0.666603 0.535081 0.673959 0.535390 0.676617
1 0.484753 0.717500 0.478319 0.714854 0.475673 0.709821 0.477645 0.705358 0.481899 0.703075 0.486103 0.703075 0.488853 0.704477 0.490979 0.707693 0.490928 0.712935 0.489112 0.715685
1 0.452734 0.703739 0.446175 0.702241 0.443695 0.695320 0.443901 0.689896 0.449584 0.684369 0.454336 0.683956 0.457693 0.683336 0.462756 0.686745 0.464925 0.689432 0.465958 0.692943 0.467198 0.697283 0.464306 0.701519
1 0.450582 0.720114 0.443906 0.718273 0.441451 0.713209 0.440900 0.709241 0.441578 0.702689 0.445419 0.699662 0.450389 0.700204 0.454546 0.701560 0.461956 0.705039 0.463583 0.713760 0.460872 0.719589 0.456037 0.721170
1 0.437080 0.705701 0.431138 0.703883 0.428591 0.699273 0.430652 0.695393 0.434836 0.694665 0.438475 0.696120 0.441143 0.699152 0.441386 0.704064
1 0.423898 0.699131 0.417257 0.698756 0.414473 0.693187 0.415275 0.688259 0.420257 0.686706 0.423523 0.688045 0.426522 0.689116 0.428504 0.692650 0.427486 0.697310
1 0.426362 0.709093 0.420846 0.707860 0.418971 0.705022 0.418979 0.702029 0.420529 0.697709 0.424322 0.698171 0.427357 0.699984 0.429731 0.702689 0.429930 0.708132 0.428215 0.709385
1 0.411942 0.711339 0.409441 0.710555 0.409590 0.708839 0.410459 0.707779 0.411963 0.707207 0.413446 0.707207 0.414230 0.707716 0.415607 0.708352 0.415883 0.709283 0.414399 0.710936
1 0.474617 0.644468 0.463060 0.639556 0.461037 0.632260 0.464721 0.625976 0.471944 0.621857 0.479891 0.625325 0.485308 0.634788 0.484152 0.641145
1 0.463197 0.638805 0.457978 0.637650 0.453561 0.634438 0.453159 0.629771 0.457677 0.624100 0.462344 0.623196 0.467162 0.621941 0.469771 0.623246 0.466459 0.627462 0.463549 0.629369 0.461893 0.637500
0 0.480130 0.687479 0.470700 0.688108 0.458546 0.680146 0.446602 0.670716 0.446078 0.661285 0.450793 0.650703 0.454146 0.646617 0.461585 0.643893 0.467976 0.645778 0.473844 0.648712 0.479711 0.661705 0.484531 0.671868 0.492599 0.682660 0.485998 0.688946
1 0.369266 0.762953 0.363899 0.762818 0.360126 0.760135 0.358570 0.756828 0.363899 0.754455 0.366622 0.754222 0.369346 0.754571 0.371602 0.758072
1 0.390289 0.843237 0.385970 0.842483 0.383961 0.839169 0.387226 0.836758 0.391997 0.836708 0.396769 0.838817 0.393052 0.843237
1 0.380984 0.873753 0.374840 0.871612 0.374701 0.866089 0.380156 0.862430 0.385266 0.862844 0.386785 0.867056 0.383954 0.873132
1 0.390514 0.883144 0.384022 0.883903 0.380984 0.879484 0.384437 0.874443 0.388580 0.870854 0.393759 0.874306 0.396658 0.876308
1 0.399178 0.873037 0.394362 0.871514 0.392741 0.867534 0.394657 0.865912 0.398981 0.864782 0.400799 0.866846 0.402912 0.870040 0.401635 0.873135
1 0.393275 0.868293 0.389083 0.868025 0.387300 0.864146 0.388638 0.862006 0.392428 0.860400 0.396932 0.860802 0.399607 0.861113 0.399964 0.864904
1 0.401903 0.858800 0.395530 0.857171 0.392990 0.855109 0.392176 0.849312 0.397975 0.847586 0.401951 0.847826 0.406456 0.850365 0.407894 0.853433 0.406313 0.857793
1 0.392803 0.860595 0.388061 0.859646 0.385792 0.856265 0.388308 0.851480 0.390947 0.850614 0.393628 0.850696 0.395484 0.852429 0.396969 0.856265 0.397093 0.858326
1 0.479090 0.821046 0.472382 0.820134 0.468869 0.815114 0.468595 0.809821 0.475257 0.808681 0.480777 0.808544 0.486070 0.814612 0.483150 0.820179
1 0.458028 0.849146 0.452079 0.847201 0.448632 0.843364 0.448632 0.837137 0.453636 0.835079 0.459029 0.838249 0.463255 0.841641 0.460753 0.846923
1 0.466002 0.850626 0.463044 0.850181 0.461104 0.847922 0.462567 0.844741 0.465620 0.844487 0.466733 0.844423 0.467783 0.846269 0.466829 0.849958
1 0.435086 0.898266 0.432119 0.897386 0.430119 0.895343 0.430098 0.893079 0.432537 0.891672 0.433943 0.891408 0.435569 0.892728 0.436559 0.893584 0.437504 0.895563 0.436339 0.898155
1 0.435305 0.886732 0.430495 0.885313 0.429628 0.881687 0.431678 0.878415 0.435856 0.878454 0.437670 0.879637 0.438971 0.881056 0.439641 0.883342 0.437473 0.886102
1 0.444968 0.980239 0.440702 0.980239 0.438653 0.975389 0.439824 0.972043 0.443295 0.970663 0.445554 0.970830 0.447352 0.973925 0.447979 0.975514 0.447143 0.979528
1 0.404903 0.992357 0.400467 0.991773 0.399416 0.988505 0.400739 0.986053 0.404553 0.985236 0.405876 0.986248 0.407043 0.990062 0.405759 0.992085
1 0.413036 0.994848 0.408872 0.992630 0.408211 0.989828 0.409689 0.986715 0.412491 0.986442 0.414748 0.987143 0.416071 0.989050 0.416499 0.991307 0.414632 0.994030
1 0.378027 0.960560 0.374008 0.958976 0.372506 0.955159 0.373805 0.951586 0.377540 0.951829 0.380302 0.952763 0.382535 0.953859 0.382169 0.957758 0.380748 0.960519
1 0.362059 0.971390 0.357077 0.971390 0.354653 0.968125 0.354653 0.965027 0.357918 0.963243 0.360847 0.962604 0.363641 0.963748 0.365357 0.965499 0.365156 0.970683
1 0.436445 0.916101 0.432729 0.915356 0.429822 0.912552 0.429855 0.909206 0.431883 0.907482 0.434147 0.907077 0.435364 0.907348 0.437054 0.910051 0.437459 0.915492
1 0.494911 0.928377 0.489486 0.928477 0.485842 0.924884 0.487792 0.920623 0.491231 0.917595 0.494978 0.917595 0.498520 0.917646 0.500008 0.919546 0.498314 0.927398
1 0.494413 0.949059 0.488613 0.946184 0.487997 0.941308 0.488973 0.936996 0.492720 0.936791 0.497031 0.936945 0.500727 0.938793 0.502112 0.940795 0.499443 0.945824
1 0.563633 0.977124 0.556466 0.974492 0.555290 0.967828 0.561729 0.966765 0.565201 0.966541 0.568337 0.969284 0.567217 0.976396
1 0.578940 0.988529 0.573878 0.987394 0.572019 0.983209 0.573981 0.978973 0.577442 0.978560 0.580180 0.979437 0.583228 0.980213 0.584416 0.986050
1 0.568092 0.996227 0.562513 0.995142 0.560602 0.990647 0.563494 0.987083 0.566594 0.987342 0.570934 0.989149 0.573154 0.991371 0.571088 0.995658
1 0.580729 1.000000 0.580166 0.997399 0.581175 0.995966 0.583828 0.994507 0.586694 0.995303 0.588844 0.996284 0.589905 0.998115 0.588393 1.000000
1 0.571330 0.920664 0.563930 0.918293 0.562779 0.912544 0.568240 0.909958 0.573055 0.910820 0.575642 0.913047 0.573701 0.921023
1 0.582065 0.923214 0.577806 0.921571 0.576778 0.914539 0.579396 0.911665 0.585915 0.913153 0.587558 0.916027 0.584786 0.921314
1 0.626029 0.923508 0.615772 0.920669 0.615772 0.911511 0.619253 0.909680 0.625021 0.909680 0.629875 0.915540 0.630059 0.922226
0 0.610826 0.920874 0.602224 0.915630 0.599521 0.906045 0.600831 0.899081 0.605747 0.893264 0.612956 0.890643 0.621313 0.890643 0.624017 0.901375 0.619511 0.907684 0.615005 0.917597
0 0.537372 0.948259 0.534054 0.961402 0.527765 0.968755 0.518818 0.971500 0.514390 0.966806 0.514213 0.957328 0.515187 0.947673 0.515630 0.940587 0.515148 0.934239 0.518545 0.922618 0.522210 0.918596 0.525135 0.917760 0.529314 0.923134 0.533793 0.926956 0.538093 0.922835 0.542870 0.918655 0.549736 0.917999 0.555532 0.918749 0.560976 0.922142 0.568630 0.924903 0.576914 0.932478 0.587657 0.930246 0.599650 0.926557 0.614042 0.927294 0.627327 0.928309 0.632112 0.931669 0.627203 0.938938 0.612946 0.942810 0.606054 0.949891 0.593780 0.954895 0.580185 0.956027 0.570990 0.951890 0.565515 0.955668 0.551093 0.953586 0.543534 0.949576
0 0.650218 0.935568 0.642975 0.935644 0.636516 0.936428 0.633453 0.934411 0.637411 0.932992 0.641257 0.932134 0.643050 0.928811 0.640996 0.926421 0.640249 0.923620 0.643311 0.921529 0.646634 0.920260 0.651487 0.923509 0.655109 0.926197 0.661232 0.926309 0.666574 0.927729 0.673572 0.929158 0.674809 0.931598 0.672095 0.933625 0.667560 0.934243 0.660240 0.935454 0.654461 0.935171
0 0.684382 0.922394 0.675811 0.921608 0.667299 0.921910 0.661322 0.919495 0.660719 0.913882 0.665186 0.911226 0.670559 0.909776 0.675327 0.912131 0.680338 0.914123 0.684503 0.912614 0.686978 0.917745
1 0.691928 0.958020 0.687974 0.958560 0.685169 0.955856 0.685979 0.951937 0.688548 0.950213 0.690981 0.950280 0.693110 0.950449 0.694529 0.951937 0.696118 0.954167 0.693955 0.957816
1 0.693134 0.997608 0.689766 0.996365 0.687842 0.991073 0.691650 0.988105 0.693936 0.988105 0.695780 0.988988 0.697184 0.990872 0.698187 0.993960 0.695379 0.997809
1 0.692678 0.976928 0.689138 0.974828 0.689138 0.971647 0.691478 0.970387 0.693248 0.970537 0.694389 0.971707 0.695169 0.974048 0.693519 0.976838
1 0.690837 0.929380 0.687542 0.927807 0.687245 0.924868 0.688699 0.922880 0.690807 0.922523 0.692351 0.923177 0.693538 0.923681 0.693627 0.926827 0.692054 0.928964
1 0.692095 0.984669 0.690064 0.982545 0.690158 0.980077 0.691532 0.978828 0.694000 0.979921 0.694406 0.981233 0.694750 0.983076 0.692970 0.984326
1 0.677093 0.906737 0.671038 0.905575 0.669633 0.899714 0.671765 0.895742 0.676463 0.893610 0.680048 0.893368 0.683342 0.897534 0.682809 0.902185 0.681017 0.905721
1 0.689582 0.906821 0.686458 0.905259 0.686922 0.901121 0.689498 0.900699 0.691482 0.900783 0.693087 0.902768 0.691609 0.906314
0 0.695082 0.893792 0.686760 0.895528 0.681611 0.893972 0.681191 0.888883 0.685023 0.886607 0.687479 0.881518 0.690472 0.878824 0.696759 0.878704 0.701369 0.879243
0 0.691628 0.876966 0.684782 0.875926 0.682009 0.872243 0.683309 0.866957 0.685240 0.861374 0.691799 0.860928 0.696975 0.863427 0.700366 0.866996 0.698313 0.874225
1 0.661587 0.884835 0.658253 0.883674 0.656006 0.879890 0.658440 0.877268 0.661438 0.876481 0.663685 0.877380 0.664959 0.880077 0.663348 0.884272
0 0.655923 0.911115 0.649527 0.910484 0.644773 0.910063 0.640608 0.904131 0.645909 0.902785 0.650874 0.902995 0.655039 0.902280 0.659877 0.903248 0.660004 0.909222
0 0.635857 0.898674 0.631937 0.897457 0.628773 0.895270 0.626788 0.892207 0.627865 0.888034 0.630826 0.886856 0.634730 0.888203 0.637894 0.887429 0.640014 0.888640 0.639441 0.894899
1 0.595711 0.871355 0.589470 0.869806 0.589925 0.863291 0.594663 0.861970 0.597716 0.866024 0.597989 0.869351
1 0.586169 0.872857 0.580537 0.873357 0.577676 0.868951 0.582035 0.864683 0.584488 0.862956 0.587895 0.864773 0.590074 0.868043
1 0.580354 0.842170 0.576158 0.842070 0.573020 0.839561 0.573416 0.834605 0.576488 0.831962 0.580815 0.831500 0.583821 0.832920 0.585011 0.837908 0.582368 0.840716
0 0.588705 0.830354 0.581865 0.828853 0.574024 0.830299 0.570918 0.828151 0.571603 0.824316 0.575529 0.820436 0.580232 0.818518 0.584159 0.817376 0.588360 0.819567 0.592059 0.824088 0.591190 0.830023
0 0.601619 0.840231 0.596872 0.837602 0.593280 0.831060 0.596809 0.826120 0.598732 0.821502 0.598797 0.815602 0.602901 0.813677 0.603837 0.811452 0.607597 0.811240 0.610175 0.814916 0.610259 0.819648 0.607048 0.823789 0.607259 0.832070 0.603287 0.839296
0 0.520070 0.838267 0.531659 0.844313 0.537369 0.850191 0.544087 0.845993 0.555928 0.839946 0.566012 0.841907 0.574529 0.842798 0.589108 0.841756 0.602379 0.844330 0.607961 0.848538 0.617794 0.846141 0.630042 0.845805 0.635626 0.847781 0.643212 0.852164 0.641385 0.857850 0.638491 0.861453 0.626918 0.862215 0.614583 0.863382 0.607922 0.862997 0.603893 0.862220 0.599775 0.855047 0.594286 0.852738 0.586801 0.856730 0.585616 0.860599 0.584197 0.864641 0.581660 0.870021 0.576740 0.872174 0.582506 0.880554 0.585441 0.888397 0.582590 0.898569 0.577118 0.906353 0.564712 0.903193 0.560186 0.892980 0.554160 0.892980 0.551697 0.895840 0.550025 0.899490 0.546902 0.900282 0.541185 0.897863 0.536445 0.897995 0.532016 0.901458 0.523881 0.907821 0.517920 0.905646 0.514054 0.899525 0.517840 0.892276 0.518587 0.875838 0.515427 0.864133 0.515895 0.845638
0 0.602840 0.887301 0.595995 0.888072 0.591011 0.887166 0.592188 0.880642 0.591872 0.876609 0.596539 0.875567 0.600163 0.875612 0.604196 0.876246 0.607504 0.876292 0.609679 0.878240 0.611310 0.882137 0.608728 0.886668
0 0.677638 0.859350 0.670502 0.858972 0.666248 0.856939 0.665823 0.853018 0.671684 0.847347 0.675322 0.846117 0.678157 0.846307 0.681749 0.850560 0.683262 0.853868 0.682316 0.857460
0 0.350020 0.954286 0.356175 0.953379 0.362589 0.957331 0.359868 0.961802 0.354166 0.964847 0.357341 0.974242 0.354943 0.980722 0.345159 0.982536 0.339458 0.977417 0.332590 0.981758 0.321834 0.984933 0.313545 0.986473 0.299126 0.985500 0.295234 0.974531 0.291961 0.962235 0.292403 0.947552 0.299126 0.930744 0.295516 0.926271 0.293956 0.907484 0.292396 0.895946 0.292039 0.882576 0.292039 0.857126 0.290641 0.830956 0.291318 0.801689 0.294299 0.774050 0.306304 0.769311 0.318034 0.769407 0.333546 0.769213 0.340234 0.773091 0.351740 0.768135 0.379100 0.769686 0.398626 0.765925 0.420527 0.767262 0.433735 0.770306 0.440721 0.772840 0.438717 0.783354 0.432201 0.787639 0.432870 0.795179 0.425869 0.795646 0.422269 0.794312 0.415935 0.790912 0.412534 0.786511 0.405601 0.785511 0.395610 0.786870 0.385688 0.793176 0.379104 0.797813 0.374155 0.790110 0.367098 0.785810 0.362467 0.792095 0.369737 0.793685 0.376939 0.796538 0.378569 0.802313 0.386866 0.801312 0.391456 0.807931 0.385436 0.811626 0.380966 0.817327 0.383399 0.822370 0.387343 0.833849 0.386385 0.836330 0.381684 0.840423 0.384781 0.844461 0.386054 0.850323 0.378476 0.853089 0.376789 0.851827 0.373126 0.842969 0.372530 0.835388 0.368186 0.832236 0.362649 0.825848 0.362138 0.818097 0.359705 0.816756 0.355298 0.820737 0.353449 0.824387 0.360369 0.824434 0.363022 0.829979 0.365771 0.832870 0.369042 0.835809 0.370085 0.842965 0.370561 0.852288 0.373232 0.861075 0.370280 0.869933 0.364774 0.874291 0.360677 0.873924 0.356273 0.868236 0.350097 0.871355 0.346550 0.876677 0.353985 0.883452 0.360808 0.885081 0.356633 0.893634 0.348284 0.896586 0.342685 0.892819 0.336575 0.900964 0.337324 0.904019 0.343427 0.906627 0.344476 0.909125 0.346121 0.913289 0.349179 0.910640 0.356994 0.907378 0.362566 0.907445 0.365148 0.910367 0.366100 0.915804 0.362974 0.923619 0.358488 0.921240 0.359168 0.930482 0.355091 0.933880 0.350674 0.936190 0.344626 0.935579 0.348601 0.942838 0.354161 0.944117 0.353278 0.950252
1 0.312295 0.902260 0.308447 0.899790 0.308319 0.896103 0.310179 0.893024 0.313258 0.892286 0.315759 0.892318 0.317073 0.894339 0.318356 0.896135 0.318517 0.898411 0.317843 0.900656 0.314572 0.902997
1 0.376760 0.893854 0.372404 0.893450 0.372323 0.889942 0.374703 0.888087 0.377283 0.887159 0.379945 0.889579 0.379340 0.893128
1 0.363220 0.901484 0.359811 0.900067 0.359014 0.897058 0.361448 0.895552 0.363928 0.895906 0.365079 0.898474 0.364149 0.901794
1 0.373332 0.911049 0.369771 0.908660 0.369119 0.904751 0.370161 0.902231 0.373983 0.901363 0.376155 0.903057 0.376937 0.905055 0.374592 0.910527
1 0.378567 0.903072 0.375819 0.902397 0.374108 0.900116 0.373409 0.895632 0.375742 0.893869 0.377894 0.893791 0.378956 0.895347 0.380745 0.898820
1 0.370856 0.901591 0.366661 0.899410 0.366430 0.895182 0.368907 0.894157 0.371253 0.893761 0.372773 0.895578 0.372806 0.900401
0 0.369247 0.960251 0.363562 0.956930 0.360291 0.951194 0.365121 0.947521 0.370656 0.945308 0.376190 0.946414 0.380165 0.947823 0.380568 0.951798 0.374077 0.952805 0.372266 0.959647
0 0.388021 0.947641 0.379436 0.943391 0.371978 0.942697 0.370417 0.936453 0.375100 0.930816 0.380997 0.927174 0.377788 0.924139 0.373625 0.918936 0.373585 0.914791 0.375697 0.908437 0.379005 0.901066 0.384692 0.896191 0.391889 0.894973 0.399839 0.890330 0.407345 0.888048 0.411906 0.895671 0.412156 0.906920 0.409611 0.907999 0.411331 0.922772 0.406938 0.931368 0.399486 0.936526 0.392674 0.942894
1 0.397551 0.945551 0.394844 0.944751 0.394467 0.942066 0.395220 0.940042 0.397362 0.939688 0.398398 0.939665 0.400022 0.940419 0.400258 0.942302 0.400258 0.943433 0.398492 0.945057
0 0.440213 0.932740 0.432379 0.930984 0.425220 0.927923 0.424049 0.923285 0.430263 0.920269 0.435216 0.918557 0.442960 0.919188 0.443320 0.924230 0.443905 0.930804
1 0.441594 0.858653 0.435546 0.855016 0.433182 0.850059 0.437273 0.846648 0.441548 0.845739 0.444049 0.847013 0.447005 0.849149 0.448188 0.853333
1 0.441628 0.878340 0.432821 0.875057 0.432661 0.867451 0.436344 0.862246 0.443790 0.862646 0.446111 0.869212 0.442188 0.875297
0 0.453268 0.835791 0.445684 0.835190 0.440727 0.829183 0.441553 0.823551 0.436672 0.819346 0.438174 0.810710 0.438474 0.802824 0.437857 0.794160 0.442962 0.781455 0.451308 0.770213 0.468827 0.768009 0.491484 0.768191 0.518181 0.766861 0.549524 0.766166 0.564210 0.769445 0.584748 0.768162 0.600459 0.767340 0.627370 0.770242 0.645102 0.772122 0.650367 0.768657 0.653189 0.758368 0.665209 0.759643 0.671580 0.761575 0.675488 0.768665 0.687024 0.769908 0.698386 0.771012 0.704298 0.781855 0.701904 0.786134 0.702761 0.801352 0.705427 0.806302 0.701628 0.822026 0.695823 0.831314 0.682525 0.831631 0.680203 0.821077 0.681259 0.810312 0.678620 0.801975 0.682736 0.795114 0.672077 0.792687 0.668011 0.787398 0.656896 0.784071 0.630886 0.788871 0.604721 0.790109 0.581373 0.790220 0.565898 0.787489 0.552648 0.788905 0.539437 0.785916 0.523932 0.789399 0.510854 0.787251 0.495430 0.789624 0.479413 0.791106 0.466955 0.787548 0.460273 0.808434 0.453545 0.815163 0.455170 0.825845
1 0.563479 0.798367 0.558261 0.797601 0.554978 0.794937 0.557568 0.789610 0.561946 0.788553 0.566143 0.789756 0.569863 0.793478 0.566252 0.798148
1 0.673494 0.821920 0.669050 0.819526 0.668854 0.814837 0.672908 0.813714 0.675351 0.814349 0.677451 0.818013 0.675644 0.822164
1 0.677666 0.809444 0.674938 0.807909 0.675494 0.804651 0.678116 0.804069 0.679916 0.804970 0.681002 0.806797 0.679678 0.809656
1 0.689708 0.839338 0.687687 0.837541 0.686980 0.835136 0.689066 0.834270 0.690799 0.834237 0.692082 0.836002 0.691280 0.838151
1 0.707526 0.769745 0.705021 0.768708 0.704999 0.765707 0.706353 0.764285 0.708293 0.764917 0.709421 0.765729 0.708880 0.769633
1 0.707913 0.796607 0.705429 0.794770 0.705081 0.791614 0.706845 0.790521 0.708584 0.790720 0.709429 0.791341 0.710746 0.793577 0.709329 0.796533
0 0.797515 0.432018 0.786199 0.424979 0.775062 0.424444 0.769806 0.413396 0.777290 0.405467 0.784773 0.400121 0.792258 0.392637 0.800989 0.388093 0.810345 0.387559 0.820412 0.385955 0.823798 0.392280 0.817562 0.399676 0.810077 0.405378 0.803306 0.413842 0.806780 0.424623 0.805801 0.429612
0 1.000000 0.329247 0.985829 0.332300 0.974254 0.333572 0.962298 0.327849 0.962044 0.317800 0.969167 0.313348 0.976289 0.308388 0.980996 0.302409 0.983794 0.288800 0.979597 0.284475 0.985565 0.230133 0.981597 0.211333 0.985467 0.208753 0.995896 0.207462 0.992493 0.203803 0.987812 0.200800 0.986399 0.185609 0.984934 0.157570 0.992326 0.154824 0.999401 0.154191
1 0.964585 0.152744 0.956965 0.149112 0.953127 0.142971 0.956407 0.136620 0.961990 0.135015 0.965131 0.134456 0.968689 0.135084 0.972389 0.138364 0.973436 0.144994 0.969179 0.150508
1 0.901917 0.897729 0.896402 0.896421 0.894673 0.891701 0.898739 0.887495 0.902244 0.887729 0.905234 0.888010 0.906263 0.890019 0.904534 0.896608
1 0.903770 0.886971 0.899727 0.885554 0.898894 0.880928 0.900394 0.878803 0.903728 0.879428 0.905395 0.880719 0.906478 0.882303 0.904853 0.886220
1 0.905756 0.874938 0.901911 0.873573 0.901982 0.869764 0.903815 0.867464 0.907301 0.868219 0.909134 0.869656 0.909637 0.873069 0.907014 0.875549
0 0.900192 0.879441 0.891079 0.875225 0.888972 0.868561 0.890808 0.858563 0.893731 0.850539 0.900668 0.841154 0.905225 0.834830 0.913752 0.831609 0.919117 0.832641 0.922694 0.837938 0.923176 0.847018 0.917604 0.851833 0.911206 0.854929 0.906941 0.862358 0.901507 0.870750
0 0.842156 0.441043 0.825226 0.440646 0.815027 0.436390 0.817403 0.427082 0.828183 0.423104 0.840481 0.423262 0.845203 0.417552 0.853417 0.418921 0.854206 0.419186 0.878908 0.421748 0.894802 0.423375 0.916379 0.423373 0.923600 0.426933 0.926176 0.436456
0 0.856861 0.407779 0.846284 0.406596 0.842660 0.399052 0.841846 0.392616 0.850353 0.389731 0.855604 0.387364 0.861670 0.388474 0.864851 0.389657 0.867365 0.391654 0.865812 0.399125 0.860930 0.404895
1 0.828053 0.398771 0.823614 0.395990 0.824202 0.392087 0.827999 0.389520 0.830513 0.390750 0.832331 0.391819 0.832812 0.393905 0.829604 0.399253
1 0.954465 0.436855 0.946658 0.436382 0.943937 0.431769 0.944943 0.426683 0.952336 0.423726 0.955885 0.426209 0.958428 0.427451 0.960024 0.434785
0 0.987970 0.439479 0.976042 0.438492 0.968368 0.435833 0.967608 0.430363 0.974066 0.427780 0.981968 0.424969 0.987361 0.425957 0.992907 0.428160 0.991996 0.437885
1 0.736513 0.249883 0.726025 0.246617 0.721943 0.240212 0.726842 0.233681 0.731301 0.232048 0.735948 0.231168 0.742228 0.231608 0.745619 0.234686 0.746750 0.239332 0.742668 0.247434
1 0.742132 0.204726 0.733067 0.205049 0.728924 0.198315 0.731967 0.190353 0.735657 0.186727 0.742067 0.184720 0.745239 0.187244 0.747635 0.191582 0.747182 0.202200
1 0.734262 0.185012 0.725118 0.181639 0.722120 0.175043 0.724968 0.166724 0.730890 0.165824 0.736136 0.168897 0.739059 0.172570 0.740033 0.176692 0.736886 0.183213
1 0.724173 0.194225 0.718720 0.190258 0.715140 0.182105 0.719105 0.177203 0.722300 0.178745 0.725660 0.180013 0.728029 0.184033 0.726102 0.193397
1 0.866544 0.225220 0.863822 0.223248 0.863729 0.219243 0.866481 0.218461 0.868641 0.219838 0.869924 0.221027 0.867983 0.225282
0 0.959146 0.198180 0.947058 0.198074 0.936861 0.189770 0.936336 0.179469 0.941802 0.172741 0.951578 0.172005 0.959462 0.173687 0.962441 0.175640 0.966132 0.185109 0.965227 0.193325 0.962581 0.196946
0 1.000000 0.128292 0.987077 0.121529 0.983932 0.106744 0.983460 0.089914 0.986793 0.032077 1.000000 0.030905
1 0.954605 0.882476 0.949632 0.881062 0.949915 0.876089 0.951667 0.875015 0.954437 0.874563 0.956075 0.875862 0.957206 0.878575 0.954662 0.884171
1 0.945860 0.822630 0.941587 0.821194 0.940361 0.817026 0.940922 0.814574 0.943584 0.813174 0.945650 0.812788 0.947821 0.813629 0.948382 0.814715 0.950028 0.816781 0.948347 0.819898
1 0.936997 0.747511 0.930505 0.745447 0.929247 0.739963 0.933474 0.739208 0.936191 0.738755 0.938657 0.740113 0.940569 0.742780 0.938305 0.748014
1 0.940469 0.739560 0.933776 0.739057 0.932115 0.735534 0.934229 0.732264 0.936393 0.731105 0.941727 0.731911 0.943740 0.732968 0.943035 0.739157
1 0.945272 0.732276 0.938388 0.731917 0.934292 0.727776 0.935417 0.723321 0.938072 0.720847 0.941987 0.719361 0.945678 0.719856 0.947343 0.720802 0.950898 0.724807 0.950898 0.726831
1 0.982381 0.670495 0.978225 0.669655 0.976797 0.666002 0.979483 0.664364 0.982339 0.663482 0.984354 0.666338 0.983053 0.670453
1 0.993657 0.659787 0.987473 0.657233 0.990820 0.652921 0.992579 0.652580 0.995644 0.653602 0.997232 0.658312
1 0.980137 0.655821 0.977929 0.653044 0.978819 0.650195 0.981454 0.650230 0.982949 0.651121 0.982629 0.654396
1 0.995085 0.638180 0.991579 0.636759 0.990513 0.632542 0.990134 0.628017 0.992811 0.626287 0.996909 0.625813 0.999775 0.627306 1.000000 0.631760 1.000000 0.636900 0.996861 0.638844
1 0.683042 0.460420 0.676328 0.460029 0.674047 0.455206 0.677241 0.450903 0.682130 0.450903 0.686627 0.456900
1 0.681265 0.474108 0.677651 0.472769 0.675533 0.468314 0.677900 0.465013 0.680579 0.465044 0.683445 0.465511 0.684598 0.466633 0.685813 0.468844 0.683632 0.473891
1 0.682666 0.487004 0.678711 0.486599 0.676032 0.484543 0.677745 0.480244 0.680953 0.479809 0.684161 0.479621 0.685719 0.480774 0.685470 0.485602
0 0.719465 0.092125 0.708854 0.093468 0.701266 0.090514 0.702340 0.078426 0.703146 0.071911 0.704221 0.058145 0.705508 0.047356 0.712700 0.039318 0.709992 0.035764 0.704831 0.028148 0.703900 0.016471 0.708216 0.009617 0.718370 0.011817 0.724886 0.007671 0.733004 0.006358 0.741132 0.000000 0.770312 0.000000 0.765545 0.015479 0.758313 0.019588 0.753219 0.029285 0.748863 0.041118 0.752216 0.060267 0.744399 0.069209 0.737886 0.081293 0.725423 0.090451
0 0.689073 0.083785 0.678670 0.082338 0.670885 0.077584 0.663720 0.072349 0.664271 0.066148 0.672056 0.062565 0.679979 0.059947 0.687006 0.061463 0.693896 0.058156 0.698098 0.075862
0 0.692044 0.118742 0.683851 0.116477 0.677122 0.110481 0.673658 0.104152 0.676522 0.099756 0.681719 0.100156 0.686049 0.099756 0.690379 0.100822 0.692910 0.101954 0.695774 0.104553 0.697840 0.109149 0.695042 0.117210
1 0.972086 0.611763 0.965072 0.607802 0.962267 0.602108 0.965732 0.596497 0.971921 0.595837 0.976129 0.597899 0.978274 0.599715 0.975799 0.608627
1 0.754883 0.892578 0.747070 0.886719 0.750000 0.877930 0.760742 0.875000 0.760742 0.875000 0.765625 0.882812 0.763672 0.889648
1 0.612305 0.639648 0.600586 0.639648 0.593750 0.631836 0.604492 0.625977 0.614258 0.625977
1 0.712891 0.479492 0.706055 0.479492 0.705078 0.473633 0.709961 0.468750 0.709961 0.468750 0.712891 0.472656
1 0.713867 0.463867 0.708984 0.464844 0.705078 0.458008 0.707031 0.453125 0.712891 0.453125 0.715820 0.458008
1 0.748047 0.492188 0.740234 0.493164 0.731445 0.488281 0.734375 0.480469 0.743164 0.478516 0.748047 0.482422
1 0.756836 0.473633 0.747070 0.472656 0.747070 0.464844 0.750000 0.457031 0.756836 0.462891 0.759766 0.471680
0 0.709961 0.220703 0.711914 0.226562 0.710938 0.231445 0.708008 0.236328 0.704102 0.239258 0.702148 0.234375 0.702148 0.229492 0.701172 0.223633 0.703125 0.218750 0.704102 0.208984 0.703125 0.204102 0.703125 0.198242 0.704102 0.193359 0.704102 0.188477 0.706055 0.183594 0.706055 0.178711 0.708984 0.174805 0.714844 0.173828 0.714844 0.178711 0.713867 0.189453 0.714844 0.194336 0.713867 0.199219 0.710938 0.204102 0.713867 0.208008 0.713867 0.213867
0 0.737305 0.290039 0.731445 0.291992 0.728516 0.295898 0.723633 0.295898 0.718750 0.294922 0.715820 0.290039 0.715820 0.285156 0.716797 0.280273 0.721680 0.277344 0.727539 0.277344 0.730469 0.273438 0.736328 0.272461 0.741211 0.274414 0.745117 0.271484 0.750000 0.273438 0.757812 0.279297 0.762695 0.282227 0.766602 0.278320 0.771484 0.278320 0.779297 0.278320 0.773438 0.285156 0.775391 0.289062 0.764648 0.289062 0.754883 0.289062 0.749023 0.289062
1 0.787109 0.290039 0.775391 0.288086 0.773438 0.283203 0.781250 0.278320 0.785156 0.279297 0.791016 0.275391 0.795898 0.275391 0.798828 0.277344 0.800781 0.281250 0.793945 0.285156
0 0.812500 0.288086 0.806641 0.289062 0.798828 0.287109 0.794922 0.289062 0.789062 0.290039 0.791992 0.284180 0.801758 0.280273 0.804688 0.282227 0.809570 0.282227
1 0.824219 0.287109 0.815430 0.287109 0.808594 0.283203 0.809570 0.283203 0.815430 0.279297 0.815430 0.279297 0.823242 0.278320 0.827148 0.283203 0.833008 0.282227 0.833984 0.287109
1 0.837891 0.288086 0.833008 0.283203 0.838867 0.281250 0.846680 0.273438 0.857422 0.274414 0.852539 0.280273 0.851562 0.288086 0.845703 0.288086 0.841797 0.290039
1 0.864258 0.288086 0.851562 0.288086 0.851562 0.279297 0.860352 0.276367 0.860352 0.276367 0.864258 0.276367 0.868164 0.274414 0.875000 0.275391 0.877930 0.279297 0.888672 0.280273 0.891602 0.282227 0.898438 0.281250 0.900391 0.285156 0.900391 0.288086
1 0.923828 0.290039 0.916016 0.282227 0.919922 0.277344 0.927734 0.276367 0.930664 0.279297 0.935547 0.281250 0.936523 0.284180 0.930664 0.289062
1 0.915039 0.287109 0.902344 0.288086 0.899414 0.284180 0.904297 0.277344 0.905273 0.277344 0.910156 0.276367 0.914062 0.280273
1 0.936523 0.281250 0.931641 0.281250 0.926758 0.279297 0.920898 0.281250 0.916992 0.276367 0.917969 0.271484 0.925781 0.268555 0.928711 0.263672 0.935547 0.260742 0.941406 0.264648 0.943359 0.272461 0.945312 0.277344
1 0.949219 0.278320 0.943359 0.272461 0.941406 0.265625 0.944336 0.261719 0.949219 0.259766 0.953125 0.263672 0.953125 0.263672 0.953125 0.269531 0.958008 0.272461 0.958984 0.277344
1 0.986328 0.225586 0.977539 0.230469 0.970703 0.227539 0.968750 0.220703 0.971680 0.216797 0.972656 0.212891 0.977539 0.210938 0.984375 0.212891 0.987305 0.216797