1 0.087436 0.057396 0.084059 0.056508 0.081836 0.051441 0.083170 0.049042 0.085658 0.047176 0.087969 0.047087 0.090546 0.048687 0.090635 0.052419 0.090279 0.054729
1 0.036698 0.113619 0.031423 0.113830 0.026359 0.107816 0.028785 0.098428 0.031528 0.094841 0.035643 0.095579 0.038597 0.098850 0.038597 0.104862 0.036909 0.110032
1 0.026570 0.121531 0.020768 0.121320 0.016442 0.116890 0.017603 0.111298 0.021929 0.110032 0.026570 0.111192 0.030685 0.113619 0.031001 0.118050
1 0.000201 0.097360 0.003946 0.099754 0.007900 0.103604 0.007276 0.109222 0.006860 0.114425 0.004675 0.116817 0.002074 0.117338 0.000000 0.118274
1 0.000835 0.128640 0.005033 0.129296 0.008182 0.132707 0.011330 0.138741 0.012248 0.145038 0.012117 0.150941 0.009624 0.153565 0.003983 0.153827 0.001622 0.155140 0.000000 0.156189 0.000000 0.129952
1 0.023672 0.176409 0.020005 0.176156 0.016337 0.172109 0.015578 0.166924 0.018487 0.159463 0.023925 0.160601 0.028352 0.164647 0.029869 0.169959 0.028099 0.174259
1 0.045700 0.195186 0.044124 0.191676 0.045771 0.188381 0.049497 0.188166 0.051072 0.190816 0.050356 0.193467 0.048924 0.194828
1 0.032578 0.195565 0.030999 0.195135 0.029993 0.192933 0.030376 0.190061 0.032674 0.189295 0.034637 0.189678 0.035977 0.191209 0.036121 0.193268 0.034685 0.194848
1 0.075571 0.226229 0.070643 0.225388 0.068479 0.218415 0.069681 0.210361 0.077855 0.207477 0.081462 0.209760 0.085309 0.215050 0.085067 0.220819 0.081221 0.226470
1 0.006956 0.240981 0.004188 0.239842 0.003537 0.235528 0.005328 0.233005 0.005328 0.233005 0.009398 0.233412 0.011188 0.236342 0.009398 0.239435
0 0.028444 0.244237 0.023724 0.244156 0.023643 0.236423 0.022096 0.230563 0.019572 0.227958 0.017782 0.223237 0.020061 0.220226 0.026816 0.222261 0.026816 0.222261 0.031375 0.231621 0.030805 0.238784 0.030316 0.243505
1 0.020565 0.272156 0.014953 0.271519 0.011893 0.267819 0.011255 0.261570 0.014570 0.257999 0.019417 0.258126 0.023498 0.259657 0.024009 0.265651
1 0.007826 0.302870 0.002396 0.303742 0.000000 0.300445 0.002881 0.294628 0.006274 0.294821 0.009571 0.298312 0.010250 0.301415
1 0.019186 0.282656 0.016286 0.281630 0.016286 0.277402 0.018943 0.275650 0.021722 0.276858 0.022326 0.279818 0.021541 0.281812
1 0.045869 0.282059 0.043699 0.281413 0.043402 0.279019 0.044464 0.277269 0.046328 0.277297 0.047963 0.278129 0.048078 0.280538 0.047562 0.281801
1 0.088492 0.266288 0.086122 0.264742 0.085194 0.260208 0.089626 0.256910 0.093438 0.257322 0.093851 0.261650 0.091996 0.265258
1 0.093833 0.274012 0.091126 0.274449 0.090210 0.271583 0.090608 0.268677 0.092957 0.267244 0.095425 0.268677 0.095704 0.271583 0.095545 0.273454
1 0.072762 0.267918 0.067053 0.267170 0.065274 0.262304 0.065930 0.257063 0.069767 0.255378 0.073416 0.256313 0.075101 0.259870 0.074914 0.264175
0 0.021205 0.426262 0.021913 0.431567 0.024979 0.435576 0.030166 0.436874 0.033114 0.444892 0.034058 0.450786 0.041485 0.447957 0.042192 0.441000 0.039363 0.432394 0.037830 0.425790 0.035826 0.423314 0.026982 0.424729
1 0.094679 0.145318 0.088592 0.145040 0.084843 0.139999 0.086006 0.133794 0.092341 0.131855 0.097898 0.134440 0.099579 0.141937
1 0.148634 0.142271 0.140017 0.139193 0.139708 0.129345 0.147557 0.128422 0.151403 0.131807 0.154481 0.135962 0.152788 0.139809
1 0.150905 0.181421 0.147378 0.181667 0.146804 0.177401 0.149101 0.174449 0.151808 0.174613 0.153201 0.177155 0.152054 0.179370
1 0.126698 0.158243 0.120465 0.156295 0.117320 0.149144 0.119871 0.145705 0.125749 0.145483 0.129408 0.147479 0.131072 0.152692 0.128188 0.156906
1 0.114080 0.235398 0.108872 0.235167 0.107021 0.229495 0.111997 0.225098 0.119288 0.226834 0.121024 0.231000 0.118594 0.233546
1 0.116277 0.256128 0.112344 0.255358 0.108924 0.251682 0.111660 0.244499 0.115765 0.243729 0.118929 0.247663 0.119271 0.252794
1 0.128677 0.251169 0.123632 0.251426 0.120639 0.247321 0.121237 0.241934 0.124315 0.240138 0.128934 0.241079 0.131841 0.244157 0.131156 0.248433
1 0.148607 0.252073 0.144791 0.251388 0.142442 0.244832 0.146553 0.241604 0.150662 0.243169 0.152325 0.247181 0.151934 0.249822
1 0.124801 0.286720 0.121951 0.285928 0.120289 0.281338 0.124325 0.277301 0.126779 0.278646 0.127966 0.281971 0.127491 0.284028
1 0.195909 0.285708 0.191656 0.285080 0.190819 0.280757 0.192842 0.275598 0.196397 0.272530 0.200999 0.273367 0.202603 0.276155 0.201139 0.281176 0.198559 0.284801
1 0.154160 0.273536 0.150790 0.273813 0.149109 0.270803 0.149880 0.266321 0.153451 0.264851 0.156393 0.266601 0.156603 0.270242
1 0.222333 0.255791 0.217421 0.255357 0.216554 0.251312 0.215977 0.246617 0.218722 0.244521 0.222116 0.246400 0.223200 0.251457
1 0.330833 0.241489 0.327170 0.241199 0.325917 0.235802 0.328905 0.232331 0.332086 0.233488 0.334110 0.238115
1 0.359076 0.236573 0.352907 0.234645 0.351365 0.228187 0.354546 0.222018 0.360233 0.223271 0.365053 0.225198 0.364956 0.231656 0.363414 0.235994
1 0.339807 0.174774 0.332071 0.174270 0.330222 0.166198 0.336443 0.160145 0.342665 0.162667 0.343506 0.169394
1 0.335098 0.191589 0.331311 0.192039 0.328965 0.190450 0.327149 0.186516 0.329495 0.183035 0.332370 0.181899 0.335699 0.184019 0.337742 0.187121 0.337062 0.190450
1 0.326607 0.182555 0.323710 0.181640 0.320736 0.178360 0.321574 0.174319 0.324930 0.172565 0.324930 0.172565 0.330115 0.177141 0.328667 0.181563
1 0.311731 0.208573 0.307369 0.207373 0.304098 0.201812 0.307587 0.195487 0.314784 0.193852 0.320892 0.197668 0.317511 0.206283
1 0.288613 0.209228 0.286342 0.206311 0.284762 0.203215 0.287479 0.200055 0.290512 0.200624 0.291713 0.203151 0.291207 0.206311 0.289880 0.208396
1 0.282434 0.182981 0.279232 0.182114 0.278766 0.177580 0.279899 0.173379 0.284634 0.172979 0.287234 0.175246 0.285834 0.180780 0.283567 0.182581
1 0.299055 0.196431 0.293210 0.194196 0.289256 0.186116 0.291146 0.178208 0.297680 0.175630 0.303181 0.179412 0.303353 0.186460 0.302837 0.193165
1 0.503597 0.157951 0.496123 0.158467 0.490324 0.154343 0.488906 0.145064 0.497025 0.141456 0.504241 0.144678 0.504886 0.153440 0.504499 0.157951
1 0.494705 0.142229 0.489809 0.138750 0.491741 0.130374 0.498571 0.127152 0.502566 0.132179 0.502309 0.137720 0.501406 0.141456
1 0.528515 0.143918 0.522814 0.143795 0.517485 0.142679 0.513520 0.137970 0.520088 0.133633 0.528515 0.133014 0.534463 0.133633 0.532604 0.140448
1 0.473246 0.159128 0.468394 0.156640 0.468639 0.150023 0.472202 0.149086 0.475108 0.152556 0.475952 0.157900
1 0.368005 0.342132 0.362891 0.340938 0.358116 0.336164 0.361526 0.327979 0.367664 0.324229 0.375849 0.326445 0.375167 0.335312 0.371927 0.340427
1 0.337881 0.338903 0.333914 0.338281 0.331037 0.335403 0.329870 0.330427 0.329793 0.325761 0.334069 0.323894 0.338347 0.325449 0.340991 0.328171 0.342391 0.331671 0.340758 0.336726 0.339592 0.338825
1 0.382334 0.255212 0.377035 0.251519 0.369487 0.252481 0.364991 0.248788 0.368203 0.242526 0.375911 0.240438 0.381691 0.242687 0.386188 0.245898 0.386027 0.252964
1 0.355909 0.258242 0.350816 0.258155 0.346069 0.255221 0.348399 0.250128 0.352370 0.249352 0.357204 0.251423 0.360397 0.254271 0.357980 0.257811
1 0.372509 0.367119 0.367590 0.366707 0.364886 0.362200 0.369506 0.355438 0.376380 0.355325 0.378747 0.358819 0.377169 0.364792
1 0.439082 0.347006 0.435279 0.346845 0.432043 0.343122 0.431639 0.336973 0.435604 0.333655 0.441348 0.332847 0.444989 0.335274 0.444019 0.341181 0.441267 0.344660
0 0.717217 0.157119 0.704297 0.160995 0.695253 0.155458 0.686578 0.146414 0.690085 0.134786 0.698021 0.128695 0.712049 0.125004 0.726814 0.125742 0.732352 0.134602 0.726999 0.143830 0.721093 0.146599 0.719063 0.153428
0 0.670940 0.147571 0.680629 0.144277 0.685280 0.153966 0.689931 0.163461 0.697294 0.172375 0.708727 0.172375 0.707564 0.181095 0.693612 0.182451 0.676560 0.176638 0.669584 0.170824 0.679660 0.158616
1 0.771362 0.182885 0.766771 0.183268 0.764021 0.178937 0.762778 0.173457 0.766065 0.169146 0.772057 0.169073 0.775345 0.170826 0.777244 0.175575 0.774029 0.181056
1 0.756343 0.136644 0.752885 0.136732 0.750080 0.134075 0.749416 0.129869 0.751556 0.127212 0.755099 0.126917 0.758346 0.128319 0.759969 0.130606 0.759526 0.134887
1 0.776942 0.127434 0.772515 0.127139 0.769784 0.122858 0.770891 0.119390 0.773031 0.117545 0.775319 0.117471 0.778714 0.119021 0.780633 0.122342 0.780559 0.125736
1 0.786515 0.146007 0.782321 0.145551 0.780315 0.140811 0.781045 0.135706 0.785603 0.133153 0.788793 0.136891 0.788976 0.141631
1 0.123690 0.048934 0.121580 0.046924 0.122484 0.041298 0.126303 0.041398 0.128011 0.044714 0.127207 0.047828
1 0.124394 0.072445 0.120776 0.070938 0.120978 0.065713 0.124594 0.062699 0.128211 0.064005 0.131326 0.066416 0.130724 0.070938
1 0.193437 0.061153 0.190563 0.060020 0.191168 0.056314 0.193663 0.055634 0.195629 0.056617 0.195251 0.059792
1 0.194722 0.050190 0.191849 0.049359 0.192288 0.046648 0.194143 0.045468 0.195871 0.046396 0.195871 0.048883
0 0.234663 0.077629 0.229318 0.077218 0.222056 0.077354 0.216711 0.076532 0.211504 0.075024 0.216300 0.068584 0.225481 0.068310 0.235211 0.065158 0.235349 0.058718 0.240556 0.055154 0.245900 0.061458 0.246448 0.069681 0.243434 0.074888
1 0.237645 0.051859 0.233141 0.048089 0.230940 0.041385 0.234083 0.035204 0.242254 0.036043 0.246758 0.039499 0.246653 0.044317 0.241625 0.050079
0 0.262371 0.048455 0.265428 0.051640 0.269376 0.056861 0.273197 0.060300 0.279438 0.059790 0.281857 0.062338 0.280202 0.070234 0.272051 0.072018 0.265300 0.072018 0.259696 0.067178 0.254220 0.063738 0.253838 0.057753 0.255748 0.051894 0.259823 0.048965
1 0.278628 0.048125 0.276756 0.048668 0.274858 0.048411 0.273114 0.045385 0.274346 0.042563 0.276705 0.042153 0.278552 0.043128 0.279526 0.045847
1 0.105185 0.117807 0.101527 0.115537 0.100956 0.110016 0.105716 0.106969 0.106668 0.110587 0.106478 0.115918
1 0.134354 0.116831 0.131940 0.116214 0.131042 0.113015 0.133512 0.110658 0.135925 0.110209 0.136935 0.113127 0.135813 0.115989
1 0.137761 0.103757 0.135269 0.103267 0.132554 0.102159 0.132332 0.099500 0.134326 0.098115 0.136708 0.098559 0.138868 0.099168 0.139146 0.102159
1 0.125645 0.090151 0.122674 0.089497 0.121485 0.086051 0.122377 0.082962 0.124991 0.081535 0.127902 0.082248 0.129270 0.084149 0.128913 0.088131
1 0.100556 0.093258 0.097405 0.091804 0.097163 0.087927 0.100475 0.085907 0.103625 0.088088 0.103545 0.092127
1 0.174663 0.120501 0.168620 0.121016 0.162835 0.118701 0.158078 0.111888 0.165534 0.106359 0.172478 0.108159 0.177105 0.111888 0.178905 0.117930
1 0.166625 0.101477 0.167158 0.097916 0.168823 0.096436 0.171970 0.096620 0.174190 0.098841 0.173589 0.102959 0.171554 0.104485 0.168777 0.104115 0.166232 0.102080
1 0.172840 0.090631 0.172195 0.087598 0.173744 0.085017 0.177874 0.084564 0.181165 0.086823 0.180391 0.092244 0.177293 0.093535 0.174324 0.092890
1 0.244045 0.097736 0.240558 0.095469 0.238203 0.088319 0.243348 0.083350 0.249016 0.084396 0.252328 0.088406 0.250062 0.095469
1 0.261317 0.099049 0.258676 0.096911 0.257858 0.091628 0.261506 0.089679 0.264462 0.092257 0.265594 0.096219 0.263581 0.099112
1 0.264053 0.118443 0.261039 0.116968 0.260485 0.113894 0.262761 0.111187 0.265098 0.111803 0.265713 0.115369 0.265159 0.117583
1 0.311453 0.121762 0.308456 0.121106 0.306677 0.117173 0.307145 0.110805 0.310891 0.107526 0.313045 0.111554 0.313232 0.116985 0.313513 0.119701
1 0.310517 0.101346 0.306302 0.099753 0.302931 0.094415 0.304990 0.087672 0.310423 0.084394 0.314075 0.087109 0.316323 0.092636 0.314263 0.098161
1 0.322504 0.092354 0.320069 0.090013 0.321192 0.083457 0.325032 0.083083 0.326062 0.087297 0.324939 0.091886
0 0.355607 0.084842 0.365520 0.083576 0.374166 0.089060 0.375221 0.100869 0.375642 0.112046 0.384499 0.117107 0.403479 0.115210 0.405799 0.123435 0.396520 0.128285 0.382391 0.126598 0.368683 0.120903 0.362146 0.125754 0.354132 0.116264 0.354132 0.100658 0.354554 0.087162
1 0.432412 0.079470 0.427620 0.079143 0.422176 0.075113 0.423700 0.068798 0.429798 0.066729 0.438619 0.067927 0.438184 0.073371
1 0.406989 0.079744 0.401957 0.078626 0.397933 0.070575 0.403858 0.066886 0.411462 0.068339 0.415375 0.074041 0.413362 0.078290
1 0.416046 0.065655 0.410679 0.062748 0.409113 0.052686 0.413027 0.046535 0.419288 0.045417 0.424320 0.047430 0.424768 0.054362 0.421972 0.060959
1 0.471340 0.070757 0.465252 0.065310 0.466586 0.055518 0.474979 0.055229 0.480046 0.059715 0.477585 0.069412 0.475993 0.071438
0 0.494953 0.075780 0.490321 0.070570 0.494084 0.058268 0.489309 0.053781 0.484098 0.049150 0.483519 0.039309 0.489453 0.030046 0.497992 0.030335 0.508413 0.034532 0.515938 0.037716 0.517965 0.041624 0.510149 0.045966 0.506676 0.047124 0.506241 0.055084 0.504360 0.061741 0.502623 0.067820 0.501176 0.075346
1 0.524739 0.076397 0.518408 0.072045 0.519595 0.063471 0.525795 0.053709 0.533313 0.055160 0.535424 0.063998 0.531730 0.070989
0 0.532659 0.126069 0.519842 0.129385 0.510782 0.122313 0.508352 0.108392 0.507688 0.096238 0.507247 0.082096 0.513434 0.078119 0.525146 0.079444 0.531774 0.087620 0.528019 0.101320 0.525146 0.112369 0.532438 0.120987
0 0.548790 0.101763 0.539067 0.101100 0.531774 0.091377 0.530449 0.077897 0.541939 0.075909 0.548790 0.084969 0.551884 0.094912
1 0.558416 0.043177 0.559570 0.040696 0.563551 0.040177 0.566262 0.042831 0.564704 0.047965 0.560839 0.049754 0.557896 0.049062 0.557436 0.046004
1 0.606993 0.052978 0.603517 0.050782 0.604065 0.044104 0.611476 0.040811 0.616507 0.043189 0.616964 0.047488 0.610378 0.050416
1 0.651211 0.052629 0.646063 0.051316 0.641118 0.044655 0.646164 0.040013 0.652522 0.041526 0.653835 0.048390
1 0.645007 0.100394 0.640073 0.098600 0.638504 0.090304 0.642540 0.086043 0.649827 0.086828 0.652069 0.090752 0.649827 0.098824
1 0.629423 0.097254 0.625724 0.092882 0.627854 0.087052 0.634692 0.085595 0.637495 0.089854 0.637271 0.095236 0.635028 0.097143
1 0.648883 0.034558 0.643338 0.032629 0.643218 0.026120 0.647798 0.024191 0.651294 0.027084 0.652018 0.031785 0.650812 0.034679
1 0.690866 0.000021 0.693550 0.006058 0.705457 0.008909 0.711495 0.000000
1 0.686942 0.031777 0.681809 0.030027 0.682858 0.023143 0.691844 0.019292 0.700012 0.019992 0.702112 0.026410 0.697678 0.028977 0.690910 0.030377
1 0.713021 0.000000 0.715941 0.009852 0.721613 0.015180 0.731065 0.015523 0.740003 0.008648 0.742581 0.000000
0 0.783216 0.025395 0.777245 0.032633 0.770368 0.026118 0.767473 0.013632 0.774530 0.004765 0.792988 0.002594 0.808369 0.005670 0.808731 0.010736 0.794074 0.014718 0.784845 0.017070
1 0.786340 0.093069 0.781395 0.092451 0.777893 0.088021 0.779953 0.080707 0.786752 0.079780 0.790255 0.084725 0.790461 0.090597
1 0.815906 0.082974 0.810756 0.081428 0.808386 0.074629 0.813537 0.072672 0.820852 0.076174 0.818585 0.080604
1 0.820748 0.069993 0.814361 0.068035 0.812301 0.062575 0.813846 0.055982 0.819615 0.055261 0.825281 0.057939 0.827238 0.064121 0.825178 0.067623
1 0.805192 0.050625 0.799012 0.051037 0.795303 0.046505 0.798084 0.040427 0.802308 0.040529 0.806325 0.043826 0.807355 0.048462
1 0.851450 0.064637 0.846466 0.070214 0.840769 0.071282 0.835547 0.065823 0.837209 0.059533 0.842312 0.057634 0.846347 0.062145
1 0.853468 0.065467 0.849788 0.063449 0.845754 0.059533 0.845278 0.052887 0.852874 0.050276 0.860707 0.051700 0.863437 0.059414 0.861182 0.064280
1 0.884069 0.035832 0.880346 0.034980 0.877898 0.030086 0.880771 0.021894 0.885984 0.020085 0.890027 0.022639 0.892475 0.026788 0.888645 0.032533
0 0.897901 0.000000 0.895479 0.006195 0.891327 0.015710 0.898247 0.018305 0.907243 0.009309 0.915201 0.000486 0.920045 0.000000
1 0.942362 0.021592 0.938378 0.021418 0.935569 0.019211 0.934099 0.015198 0.935369 0.012791 0.938512 0.010919 0.941722 0.011053 0.944731 0.013995 0.943460 0.019010
1 0.919945 0.044356 0.921409 0.043754 0.923777 0.044228 0.924982 0.045476 0.925111 0.048016 0.924337 0.050341 0.922442 0.051460 0.920204 0.050686 0.918740 0.048532 0.918051 0.046208
1 0.943184 0.047576 0.940664 0.046008 0.939768 0.042704 0.942512 0.040913 0.945199 0.041809 0.946432 0.044216 0.945312 0.046456
1 0.954774 0.044272 0.952479 0.043880 0.949959 0.039513 0.952814 0.037553 0.954999 0.038673 0.955895 0.041473
1 0.971342 0.037806 0.968993 0.036956 0.967414 0.033596 0.969803 0.031773 0.972597 0.032259 0.973812 0.034486 0.972840 0.036713
1 0.980965 0.034930 0.978624 0.033960 0.977312 0.029678 0.979652 0.028821 0.982222 0.029506 0.983478 0.031732 0.982222 0.033731
1 0.989611 0.032348 0.987979 0.031927 0.986831 0.029782 0.987872 0.028685 0.989757 0.028572 0.990883 0.029388 0.990854 0.031076
1 0.251081 0.294052 0.246786 0.293547 0.244513 0.288915 0.245944 0.283188 0.253187 0.283694 0.256892 0.287988 0.254702 0.292367
0 0.253944 0.309800 0.252260 0.306347 0.251418 0.300957 0.254955 0.298178 0.260176 0.299357 0.263123 0.303146 0.265481 0.309800 0.265313 0.314347 0.260934 0.317715 0.255039 0.318642 0.250070 0.321168 0.245775 0.322179 0.245944 0.316031 0.253187 0.313084
1 0.446604 0.171606 0.444042 0.171510 0.442158 0.169142 0.443221 0.165422 0.447376 0.164068 0.449551 0.166340 0.449502 0.169771
1 0.468019 0.124296 0.462657 0.124481 0.459052 0.119858 0.461178 0.113479 0.466447 0.111815 0.470700 0.114959 0.471717 0.120229
1 0.444134 0.061221 0.441447 0.060360 0.440026 0.056913 0.441117 0.053755 0.443931 0.052605 0.446803 0.053180 0.448009 0.055707 0.447491 0.058464
1 0.435626 0.056458 0.433507 0.055751 0.432094 0.054501 0.432638 0.052056 0.434811 0.050915 0.437311 0.051676 0.438452 0.053632 0.437691 0.056132
1 0.452597 0.048857 0.447851 0.048774 0.446019 0.044943 0.447268 0.040030 0.450932 0.037781 0.454513 0.039530 0.455262 0.044277
1 0.494826 0.115364 0.496688 0.111240 0.501079 0.111839 0.503074 0.113835 0.501013 0.117826 0.498086 0.120088 0.495758 0.119954 0.494826 0.116495
1 0.466704 0.104722 0.460298 0.102587 0.459841 0.094504 0.467771 0.091759 0.471736 0.098927 0.471584 0.103197
1 0.492724 0.102864 0.487259 0.101531 0.486588 0.095151 0.486360 0.089990 0.491597 0.089687 0.496455 0.092040 0.497896 0.095455 0.495924 0.100692
1 0.457058 0.092204 0.452354 0.091473 0.451413 0.084574 0.457895 0.081438 0.464166 0.083737 0.465002 0.088650 0.461971 0.092623
0 0.357455 0.025665 0.361946 0.023295 0.367062 0.022921 0.372925 0.026913 0.379412 0.031653 0.386398 0.028285 0.386023 0.016933 0.380285 0.011443 0.372800 0.009572 0.366812 0.012067 0.358952 0.019678
1 0.358185 0.012165 0.353692 0.012155 0.351118 0.010194 0.349524 0.003637 0.354979 0.001309 0.360739 0.002534 0.363926 0.005966 0.362148 0.010623
1 0.413587 0.020998 0.410081 0.020105 0.408551 0.014112 0.412376 0.010223 0.417413 0.009713 0.420091 0.012772 0.419262 0.017555 0.417030 0.019914
1 0.414479 0.032410 0.411420 0.031900 0.408104 0.025397 0.411675 0.022592 0.416647 0.022592 0.420537 0.025333 0.420282 0.029605
1 0.426122 0.027288 0.423333 0.025647 0.421938 0.020070 0.424646 0.018431 0.429402 0.018267 0.431617 0.021301 0.429566 0.026058
1 0.452285 0.027403 0.447887 0.025204 0.447117 0.017177 0.451735 0.013769 0.457674 0.014978 0.460423 0.018167 0.456464 0.024435
1 0.474388 0.023335 0.469439 0.023115 0.467460 0.017617 0.468890 0.012009 0.474058 0.011898 0.477906 0.014428 0.478676 0.019376
1 0.494873 0.014378 0.489147 0.012987 0.486530 0.008733 0.485467 0.003417 0.485385 0.000000 0.495282 0.000000 0.500354 0.000000 0.501335 0.005135 0.499781 0.009797 0.497654 0.013069
1 0.523161 0.027473 0.519801 0.025744 0.521049 0.020463 0.525946 0.018062 0.529307 0.021231 0.528539 0.025456 0.526426 0.027089
1 0.540157 0.026225 0.536604 0.025648 0.535549 0.020943 0.537085 0.015565 0.541406 0.014989 0.543423 0.020175 0.542559 0.023728
1 0.285207 0.097577 0.277888 0.097577 0.277729 0.089621 0.283298 0.085961 0.283298 0.085961 0.289504 0.090258 0.289504 0.095668
1 0.087572 0.288982 0.085125 0.288521 0.082969 0.285587 0.085644 0.282137 0.088835 0.282913 0.090561 0.285328 0.089525 0.287485
1 0.102897 0.314402 0.100654 0.312505 0.099706 0.307155 0.104192 0.305085 0.107815 0.307155 0.107643 0.312159
1 0.062125 0.318588 0.057526 0.317620 0.055469 0.312296 0.057890 0.307697 0.063456 0.307818 0.065029 0.313748 0.064303 0.316168
1 0.050763 0.333692 0.048314 0.332427 0.047639 0.327529 0.051016 0.326095 0.053802 0.327614 0.053802 0.332004
1 0.218268 0.226515 0.212824 0.224397 0.213883 0.216686 0.219780 0.214417 0.219780 0.214417 0.222049 0.224095
1 0.048090 0.598361 0.041715 0.595587 0.037873 0.590669 0.041562 0.585442 0.049555 0.584674 0.054473 0.587748 0.053551 0.594818
1 0.051796 0.571830 0.046263 0.569063 0.044325 0.562838 0.048753 0.556336 0.055255 0.558272 0.058298 0.562977 0.055255 0.568787
1 0.085288 0.620859 0.081815 0.619589 0.080193 0.616731 0.081043 0.613333 0.084441 0.611789 0.088380 0.612407 0.089924 0.615728 0.089615 0.619048
1 0.085478 0.633660 0.082311 0.631021 0.083605 0.624876 0.088545 0.624811 0.092694 0.626193 0.096119 0.628696 0.094736 0.632450 0.089862 0.632121
1 0.071319 0.601646 0.074860 0.597167 0.080357 0.595946 0.083182 0.597778 0.084556 0.601214 0.083945 0.606176 0.081273 0.609077 0.075089 0.609306 0.071883 0.607092
0 0.088526 0.569839 0.084146 0.565297 0.082849 0.553779 0.080577 0.542747 0.088688 0.537557 0.094204 0.542099 0.096313 0.551670 0.096476 0.562377
1 0.094516 0.579242 0.096074 0.575501 0.100189 0.575501 0.102186 0.577746 0.101437 0.582173 0.098257 0.583919 0.095825 0.583545 0.094204 0.581237
1 0.161869 0.605965 0.158633 0.605854 0.156221 0.602071 0.157152 0.597958 0.161211 0.597465 0.163623 0.598616 0.164336 0.602235 0.163185 0.604429
1 0.161005 0.582054 0.157783 0.582915 0.154869 0.582231 0.153776 0.579135 0.155097 0.576722 0.158876 0.575766 0.162245 0.576858 0.163430 0.579500 0.162473 0.581185
1 0.020723 0.718326 0.015797 0.716566 0.015445 0.710586 0.022364 0.707185 0.025883 0.712462 0.022716 0.716566
1 0.029401 0.722079 0.026704 0.720906 0.024662 0.717700 0.026337 0.713972 0.029903 0.712405 0.033901 0.713810 0.034063 0.718187 0.032010 0.721158
1 0.017311 0.739745 0.015405 0.738495 0.015369 0.734432 0.017060 0.733521 0.019229 0.733521 0.020746 0.735212 0.020659 0.736946 0.019532 0.738941
1 0.016063 0.728924 0.014284 0.727189 0.013461 0.722896 0.015889 0.720468 0.019012 0.720685 0.020963 0.722029 0.021137 0.725498 0.019142 0.728403
1 0.015717 0.751699 0.013564 0.750326 0.013473 0.746479 0.016083 0.745150 0.018373 0.746616 0.019105 0.749410 0.017503 0.751059
1 0.022036 0.748769 0.019105 0.747486 0.019060 0.744738 0.020342 0.742815 0.022815 0.743273 0.022815 0.743273 0.024280 0.745426 0.023868 0.747624
0 0.044130 0.743648 0.036493 0.744204 0.032606 0.735735 0.038159 0.730599 0.045656 0.727683 0.050377 0.721713 0.054819 0.726850 0.055791 0.734485 0.053709 0.740039 0.047462 0.742677
1 0.046940 0.717086 0.043131 0.715415 0.042396 0.710670 0.047476 0.707930 0.050750 0.710603 0.048679 0.715215
0 0.000000 0.762748 0.010411 0.757926 0.016346 0.765344 0.018386 0.779067 0.018757 0.792049 0.017273 0.803547 0.007259 0.802063 0.004663 0.790194 0.002437 0.782405 0.000000 0.775358
0 0.038414 0.781663 0.032665 0.774802 0.028400 0.766457 0.024320 0.757185 0.034149 0.754031 0.046018 0.757369 0.047872 0.767384 0.041382 0.773689
1 0.030284 0.800479 0.025697 0.798684 0.023304 0.792500 0.025198 0.786217 0.031183 0.784721 0.036667 0.790904 0.035071 0.797686
1 0.051428 0.791901 0.047737 0.789309 0.048100 0.784029 0.050756 0.782883 0.053714 0.783607 0.055465 0.786565 0.053774 0.790006
1 0.068686 0.792360 0.065063 0.790730 0.063555 0.786203 0.065970 0.782581 0.069592 0.782219 0.072368 0.784936 0.072368 0.789342 0.070678 0.791334
1 0.085152 0.773198 0.079555 0.772452 0.076071 0.767103 0.074702 0.760634 0.078933 0.755657 0.086521 0.756031 0.090751 0.761629 0.090253 0.770213
0 0.074454 0.757274 0.069976 0.755906 0.071593 0.749188 0.072588 0.741600 0.080177 0.734136 0.088760 0.736375 0.094731 0.739858 0.098464 0.743839 0.091621 0.750931 0.081420 0.752921
1 0.065044 0.764455 0.060354 0.763323 0.058898 0.757905 0.061971 0.753053 0.066823 0.753619 0.069896 0.759199 0.068521 0.762919
1 0.069147 0.880481 0.064314 0.879229 0.062077 0.876364 0.062883 0.871979 0.066820 0.868309 0.071653 0.869204 0.073443 0.874127 0.072102 0.879139
1 0.058225 0.889429 0.054669 0.888472 0.054122 0.884437 0.057199 0.882317 0.061507 0.882386 0.062464 0.885258
1 0.044466 0.876466 0.042622 0.874656 0.042257 0.872421 0.043720 0.870388 0.045874 0.870632 0.047338 0.872380 0.046729 0.875022
1 0.033534 0.873877 0.030512 0.872466 0.029638 0.867158 0.032863 0.865344 0.038237 0.866285 0.038104 0.870921 0.035886 0.872937
1 0.018517 0.868787 0.015641 0.869664 0.013597 0.868043 0.013949 0.865437 0.015006 0.863675 0.017966 0.862688 0.020607 0.863569 0.021911 0.865753 0.019833 0.868255
1 0.069018 0.917351 0.065875 0.916208 0.063304 0.911638 0.063875 0.906020 0.067779 0.905639 0.071493 0.909828 0.071493 0.909828
1 0.041560 0.908949 0.035431 0.908924 0.032966 0.905927 0.032566 0.901530 0.034764 0.898800 0.038628 0.897001 0.042491 0.897268 0.045422 0.899399 0.045422 0.899399 0.046288 0.906060 0.044356 0.907858
1 0.049021 0.932826 0.045137 0.932111 0.045853 0.927307 0.050248 0.925467 0.053008 0.926897 0.052088 0.931702
1 0.058630 0.928737 0.055768 0.929556 0.053212 0.924854 0.056688 0.921685 0.060163 0.921479 0.061186 0.925773
1 0.018223 0.942689 0.013234 0.942357 0.013124 0.936926 0.017226 0.933268 0.022324 0.933489 0.025539 0.935484 0.024874 0.939364
1 0.013965 0.965031 0.009923 0.964417 0.009045 0.958705 0.011856 0.954575 0.017743 0.954399 0.020467 0.957914 0.017743 0.963274
1 0.037017 0.982163 0.032294 0.980682 0.031646 0.973828 0.036924 0.971791 0.041740 0.974569 0.041833 0.979570
1 0.039425 1.000000 0.041369 0.995777 0.044703 0.993740 0.049427 0.995222 0.052575 0.997167 0.051742 1.000000
1 0.051963 0.982073 0.047989 0.980087 0.048210 0.974678 0.052847 0.972249 0.056600 0.974126 0.058255 0.978541 0.056269 0.981742
1 0.062892 0.973905 0.058476 0.973795 0.056820 0.966840 0.061125 0.965736 0.065651 0.967061 0.067086 0.971918
1 0.055258 0.956748 0.050102 0.956085 0.047744 0.952328 0.048039 0.945698 0.050396 0.943193 0.054301 0.942015 0.058794 0.944520 0.061299 0.948939 0.059531 0.953802
1 0.079180 0.944855 0.076439 0.943127 0.076081 0.939970 0.078346 0.936216 0.082755 0.936514 0.084900 0.939552 0.083112 0.943306
1 0.082338 0.951707 0.079954 0.950635 0.079120 0.946523 0.081266 0.944141 0.085079 0.944677 0.085556 0.949146 0.083470 0.951290
1 0.085377 0.960347 0.083291 0.959394 0.081980 0.955878 0.083231 0.952840 0.086509 0.952124 0.089190 0.955282 0.088475 0.959096
1 0.105813 0.972546 0.102170 0.971517 0.102645 0.966526 0.106605 0.963357 0.111991 0.964704 0.111754 0.969536
1 0.103278 0.982051 0.101446 0.979587 0.101404 0.977194 0.103209 0.976061 0.105602 0.976480 0.105854 0.978915 0.104637 0.981056
0 0.064907 0.999508 0.068505 0.995099 0.077323 0.990573 0.082312 0.981871 0.088579 0.980479 0.091479 0.987208 0.096353 0.988021 0.095657 0.996143 0.094496 1.000000 0.065952 1.000000
1 0.155319 0.950399 0.151710 0.949497 0.151169 0.942729 0.156222 0.941917 0.158839 0.945617 0.157034 0.949587
1 0.101513 0.675957 0.097722 0.673889 0.095567 0.670098 0.096886 0.667496 0.099526 0.663674 0.103349 0.664369 0.105364 0.666523 0.105643 0.670276 0.103696 0.673194
1 0.099040 0.702015 0.093489 0.698599 0.091847 0.690706 0.095120 0.685979 0.105850 0.684796 0.109123 0.691434 0.107486 0.696890 0.104940 0.699708
1 0.096282 0.711824 0.091733 0.710308 0.089409 0.704547 0.090978 0.700189 0.094538 0.699723 0.101426 0.700715 0.103469 0.704858 0.102126 0.709120 0.099967 0.712038
1 0.088144 0.702996 0.085343 0.702341 0.084151 0.700018 0.085402 0.696681 0.088203 0.694833 0.090526 0.695906 0.090407 0.698825 0.088739 0.701983
1 0.132441 0.669887 0.127491 0.668547 0.124463 0.664179 0.125395 0.658762 0.129529 0.656781 0.132441 0.658471 0.134946 0.661616 0.134771 0.666217
1 0.116150 0.860910 0.106775 0.857354 0.100634 0.846363 0.100311 0.834402 0.112109 0.829553 0.122131 0.834402 0.126495 0.845394 0.123424 0.855576
1 0.119868 0.900188 0.108230 0.898086 0.103220 0.887580 0.108393 0.879983 0.118252 0.875457 0.126657 0.880145 0.131991 0.892752
1 0.146463 0.887973 0.140618 0.886229 0.135285 0.882538 0.133645 0.875053 0.136413 0.870540 0.141028 0.869412 0.143899 0.871976 0.145232 0.875463 0.148411 0.881000 0.148104 0.886332
1 0.164491 0.881851 0.161665 0.881551 0.160466 0.877954 0.163720 0.875770 0.166290 0.876198 0.167104 0.878938 0.166332 0.881251
1 0.160684 0.901632 0.157058 0.900050 0.156398 0.895435 0.160486 0.894182 0.163189 0.897347 0.162859 0.899918
1 0.197464 0.883945 0.193410 0.884402 0.192154 0.880121 0.195922 0.877096 0.199861 0.878694 0.199519 0.881662
1 0.194607 0.868125 0.192138 0.866700 0.191947 0.862664 0.194227 0.859102 0.196507 0.861097 0.197694 0.863281 0.197029 0.865751
1 0.195890 0.876722 0.193229 0.874869 0.192422 0.871165 0.194369 0.868125 0.197504 0.867223 0.199831 0.869266 0.201351 0.871830 0.198882 0.877196
1 0.176704 0.868717 0.173699 0.867352 0.171516 0.862146 0.174484 0.858583 0.178864 0.859474 0.182650 0.860364 0.182502 0.864967 0.181313 0.867490
1 0.156471 0.866812 0.154583 0.865305 0.154245 0.863703 0.154709 0.861864 0.155897 0.861359 0.156997 0.861594 0.158275 0.862008 0.158834 0.862981 0.158727 0.864801 0.158294 0.865701
1 0.176277 0.971884 0.172688 0.971618 0.171300 0.969461 0.171358 0.966506 0.173899 0.964645 0.176529 0.964940 0.178185 0.966536 0.178392 0.969166 0.177534 0.970880
1 0.177773 0.978597 0.175244 0.977681 0.173924 0.974601 0.175354 0.971961 0.178873 0.971045 0.181220 0.972401 0.181587 0.975187 0.180670 0.977534
1 0.180193 0.984866 0.177261 0.983804 0.176527 0.980210 0.178250 0.978193 0.181220 0.977204 0.184116 0.978561 0.183786 0.981530 0.182979 0.983767
1 0.185638 0.981938 0.183921 0.979913 0.183173 0.976656 0.186034 0.974455 0.188675 0.976040 0.188939 0.978461 0.187971 0.981233
1 0.181542 0.940918 0.177761 0.940104 0.173351 0.937729 0.172196 0.932706 0.177150 0.929585 0.181900 0.929856 0.185837 0.932639 0.185294 0.935760 0.184479 0.938746
1 0.203212 0.936832 0.199887 0.935204 0.199887 0.929912 0.204025 0.927537 0.207011 0.928895 0.208504 0.931812 0.206672 0.935407
1 0.203382 0.919910 0.200507 0.916099 0.202313 0.911352 0.207394 0.910550 0.210670 0.915564 0.207995 0.918238
1 0.191230 0.932397 0.186833 0.931220 0.185105 0.927058 0.187933 0.922346 0.191702 0.921403 0.194765 0.923995 0.195942 0.927686 0.194371 0.930748
1 0.200464 0.905995 0.197661 0.904994 0.196860 0.901725 0.200530 0.898121 0.204801 0.899723 0.204868 0.903060 0.203066 0.904861
1 0.225393 0.907893 0.218676 0.906952 0.215241 0.900900 0.215896 0.894498 0.222080 0.891879 0.226518 0.893989 0.229064 0.897772 0.229137 0.903302
1 0.227384 0.920375 0.222805 0.918981 0.222008 0.913074 0.225990 0.910817 0.229177 0.911017 0.230305 0.915331 0.229574 0.918716
0 0.243731 0.905492 0.238554 0.905433 0.239223 0.896623 0.245134 0.887590 0.252271 0.887701 0.251155 0.894950 0.248145 0.903537
1 0.258741 0.890261 0.254023 0.887441 0.253736 0.882149 0.259028 0.878870 0.263285 0.882149 0.263918 0.887959 0.262480 0.890548
1 0.271932 0.885597 0.266690 0.883367 0.267354 0.877162 0.272475 0.872222 0.280246 0.873487 0.280246 0.878608 0.276812 0.882162
1 0.283483 0.889376 0.279057 0.889440 0.276844 0.884755 0.281465 0.880914 0.286151 0.880523 0.287258 0.886512 0.286151 0.889050
1 0.247771 0.999074 0.241649 0.995771 0.242038 0.986443 0.248937 0.982849 0.254572 0.985472 0.255738 0.991885 0.252921 0.997326
1 0.280797 0.976926 0.278241 0.974470 0.277145 0.971551 0.277561 0.968862 0.280526 0.968086 0.284407 0.969278 0.285017 0.973935 0.283548 0.976014
1 0.271566 0.981304 0.269270 0.979501 0.268209 0.975932 0.271637 0.974519 0.274677 0.976355 0.274889 0.979854
1 0.216187 0.999424 0.221124 0.992978 0.225734 0.991092 0.230862 0.991266 0.237207 0.995264 0.239641 1.000000 0.215131 1.000000
1 0.207761 1.000000 0.208825 0.995329 0.212021 0.992963 0.215925 0.993495 0.216694 0.997518 0.216221 0.999885
1 0.269386 0.999271 0.274137 0.993857 0.280212 0.994410 0.284741 0.997061 0.285625 1.000000 0.270270 0.999933
1 0.336472 0.972334 0.331403 0.969927 0.329096 0.962333 0.331644 0.957859 0.338100 0.955255 0.344271 0.958199 0.345801 0.963692 0.345518 0.967656 0.342687 0.970374
1 0.350568 0.951596 0.346987 0.950304 0.345779 0.946216 0.347925 0.943563 0.351279 0.943485 0.353229 0.945553 0.353112 0.948479 0.352060 0.950429
1 0.375682 0.942792 0.371963 0.942090 0.369929 0.937109 0.373507 0.933741 0.378066 0.933602 0.380172 0.935285 0.380172 0.940126 0.379119 0.941599
1 0.377884 0.990635 0.373049 0.987734 0.375176 0.980385 0.380978 0.975453 0.387747 0.973133 0.388521 0.981449 0.384556 0.987831
0 0.511015 0.892421 0.516197 0.905293 0.522884 0.922178 0.539267 0.926356 0.553811 0.920840 0.568021 0.906965 0.568856 0.893257 0.545452 0.891418 0.541440 0.900111 0.548796 0.904290 0.538599 0.909306 0.531577 0.896935 0.531911 0.885567 0.520210 0.883562
1 0.554074 0.890864 0.547000 0.889728 0.545357 0.881642 0.550663 0.873430 0.559254 0.873304 0.561781 0.882526 0.561907 0.887706
1 0.502708 0.912776 0.495266 0.910012 0.492927 0.901506 0.501326 0.895765 0.508024 0.897359 0.509194 0.906609 0.508344 0.910331
1 0.472892 0.922046 0.467081 0.919904 0.467311 0.913405 0.472127 0.910041 0.478168 0.910729 0.479773 0.917152 0.477021 0.922122
1 0.476180 0.935427 0.470904 0.931680 0.470980 0.925486 0.476944 0.920746 0.482756 0.921969 0.484438 0.928239 0.482144 0.932521
1 0.464354 0.943587 0.460093 0.938341 0.464573 0.932659 0.471786 0.934735 0.473972 0.939325 0.470256 0.943040
1 0.463918 0.960197 0.457252 0.957028 0.456924 0.950362 0.460748 0.945444 0.467852 0.945116 0.470693 0.950689 0.468398 0.957247
1 0.460421 0.973201 0.453427 0.973201 0.450148 0.968502 0.453755 0.963038 0.461841 0.959869 0.467306 0.965114 0.465557 0.969377
1 0.441843 0.938014 0.432008 0.934407 0.428620 0.927741 0.433866 0.920311 0.440859 0.918125 0.444575 0.921075 0.447089 0.930801
1 0.253950 0.866222 0.250959 0.863306 0.249725 0.858061 0.253967 0.855284 0.258518 0.855361 0.259905 0.859218 0.258826 0.862071 0.257129 0.864386
1 0.279153 0.854923 0.273398 0.852621 0.273015 0.844468 0.276947 0.840439 0.284333 0.840535 0.285005 0.848976 0.282127 0.854252
1 0.277243 0.840008 0.274142 0.838487 0.274932 0.834107 0.278460 0.831918 0.282170 0.833438 0.280893 0.838365 0.281197 0.840068
1 0.257656 0.841491 0.254533 0.838193 0.254880 0.831338 0.257743 0.827954 0.261648 0.829256 0.262689 0.833941 0.260954 0.838280
1 0.209146 0.866061 0.204475 0.865165 0.203842 0.861507 0.205952 0.858553 0.209328 0.856654 0.212071 0.858412 0.213408 0.860874 0.212635 0.863406
1 0.211720 0.874450 0.207219 0.873605 0.205108 0.869245 0.208344 0.865024 0.211649 0.864321 0.214956 0.865728 0.215448 0.868541 0.215167 0.871637
1 0.275744 0.832617 0.273554 0.831616 0.274249 0.828876 0.277729 0.828180 0.278904 0.830877 0.277643 0.832313
0 0.176904 0.766247 0.184646 0.766098 0.189559 0.774435 0.197896 0.777114 0.203106 0.778604 0.201469 0.786195 0.191940 0.789769 0.178244 0.785451 0.171694 0.776519 0.174820 0.766842
1 0.189861 0.748758 0.186552 0.748390 0.183043 0.747104 0.180883 0.742871 0.181853 0.738196 0.185160 0.735154 0.188996 0.735463 0.192655 0.736478 0.194066 0.739784 0.193626 0.744062
1 0.197839 0.712469 0.194291 0.708244 0.198093 0.702668 0.205949 0.700557 0.209497 0.706808 0.208652 0.713145 0.203499 0.714327
1 0.184000 0.724667 0.179903 0.720247 0.182490 0.713563 0.191869 0.711839 0.192300 0.718199 0.190144 0.721972
0 0.199361 0.675644 0.209521 0.674743 0.220969 0.677315 0.223798 0.687219 0.217882 0.692234 0.206820 0.691206 0.198332 0.687090 0.196402 0.678730
1 0.153209 0.695379 0.147806 0.690916 0.148393 0.681520 0.149685 0.675411 0.156380 0.672357 0.161313 0.676586 0.161431 0.684338 0.158611 0.692795
1 0.139243 0.642543 0.133466 0.641477 0.133021 0.635788 0.135954 0.629566 0.140754 0.629300 0.143598 0.632588 0.142620 0.638722
1 0.149643 0.635610 0.145554 0.634277 0.145554 0.629300 0.150176 0.625655 0.154976 0.628233 0.152309 0.633655
1 0.128133 0.636766 0.123600 0.633744 0.123688 0.627878 0.128311 0.625033 0.132487 0.624322 0.134354 0.629033 0.131510 0.634366
1 0.179941 0.618191 0.175919 0.618125 0.173035 0.613900 0.176254 0.609743 0.179674 0.610480 0.181618 0.614437
0 0.184489 0.652149 0.177497 0.650231 0.169150 0.645833 0.168361 0.635908 0.176030 0.632187 0.187196 0.635119 0.195203 0.638503 0.195316 0.644705 0.192158 0.650570
1 0.163287 0.649369 0.160010 0.649837 0.158137 0.646443 0.160829 0.642405 0.165511 0.642405 0.166974 0.645624 0.165394 0.648433
1 0.198979 0.632102 0.192482 0.633785 0.186467 0.630016 0.187350 0.624803 0.194889 0.622396 0.201465 0.627209 0.201625 0.631219
1 0.376502 0.922782 0.371580 0.921103 0.367683 0.915771 0.371628 0.910376 0.377505 0.910135 0.382416 0.912792 0.382014 0.918347 0.379760 0.920440
1 0.392783 0.910926 0.388766 0.911083 0.386323 0.905726 0.390893 0.902575 0.395462 0.903835 0.394989 0.908956
1 0.378576 0.900835 0.375748 0.899765 0.375240 0.895191 0.378003 0.894677 0.380672 0.896269 0.379454 0.899547
1 0.362056 0.885875 0.358432 0.881820 0.359640 0.876385 0.364902 0.873969 0.368698 0.876988 0.367146 0.884063
0 0.358436 0.869378 0.367739 0.864303 0.376456 0.864856 0.381228 0.860325 0.378629 0.851059 0.383939 0.845860 0.391624 0.853432 0.401116 0.853545 0.397161 0.843375 0.389251 0.836707 0.382309 0.835771 0.371353 0.840715 0.349441 0.847930 0.350376 0.859554
1 0.405286 0.876974 0.398083 0.876541 0.394626 0.864729 0.401973 0.854358 0.411191 0.855943 0.418105 0.866603 0.413064 0.875821
1 0.451804 0.906091 0.443770 0.904546 0.439238 0.899088 0.439342 0.891672 0.446859 0.884669 0.453143 0.883536 0.457776 0.888273 0.459425 0.894762 0.455820 0.904237
1 0.452925 0.869467 0.449948 0.867075 0.447947 0.863171 0.451314 0.859511 0.456244 0.858632 0.458636 0.861561 0.457659 0.865514 0.456879 0.868296
1 0.448483 0.856854 0.441490 0.855105 0.438103 0.847456 0.443129 0.839479 0.451324 0.836966 0.456679 0.844068 0.457226 0.851827 0.454057 0.856308
1 0.424271 0.841343 0.418227 0.838583 0.415063 0.833635 0.415955 0.829497 0.422039 0.826009 0.428854 0.828280 0.431449 0.832337 0.429016 0.838016
1 0.443695 0.829654 0.438747 0.829502 0.435931 0.825392 0.437682 0.820672 0.442325 0.818540 0.446360 0.820672 0.447807 0.824326
0 0.476687 0.896956 0.470364 0.892214 0.465136 0.884432 0.462217 0.872516 0.465743 0.859262 0.471622 0.858760 0.474930 0.876435 0.479148 0.880197 0.484850 0.887039 0.483709 0.895705
1 0.491552 0.889690 0.486172 0.889349 0.483780 0.882772 0.488904 0.878161 0.494541 0.881150 0.495310 0.886615
1 0.487828 0.874159 0.484720 0.873464 0.481637 0.870936 0.483428 0.867303 0.487880 0.866177 0.490796 0.869708 0.490796 0.872112
1 0.530800 0.851682 0.525673 0.846205 0.529401 0.837117 0.536626 0.840030 0.537791 0.849584
0 0.489665 0.822990 0.498958 0.818617 0.507840 0.824630 0.511393 0.831326 0.518908 0.833922 0.520548 0.844991 0.516722 0.850320 0.512486 0.858109 0.522871 0.862346 0.531542 0.858832 0.535643 0.862011 0.538121 0.870390 0.534580 0.876881 0.527499 0.877825 0.521126 0.873576 0.519120 0.882074 0.511921 0.884316 0.507790 0.877471 0.505548 0.870390 0.498703 0.861066 0.491293 0.835867 0.489066 0.823345
1 0.532911 0.802533 0.529114 0.800734 0.527115 0.795737 0.531912 0.791341 0.538008 0.790441 0.541205 0.795038 0.536809 0.799835
1 0.562070 0.806027 0.559139 0.803914 0.558798 0.798597 0.563297 0.796415 0.567046 0.799278 0.565138 0.804732
1 0.528406 0.830710 0.522572 0.829061 0.519340 0.824229 0.522945 0.818540 0.529677 0.819822 0.533442 0.823748 0.532642 0.828717
1 0.542257 0.823107 0.538219 0.822485 0.535827 0.819443 0.536969 0.815150 0.541424 0.813304 0.545064 0.817161 0.544956 0.820802
1 0.561097 0.852881 0.557775 0.851929 0.556883 0.848550 0.559019 0.845404 0.562824 0.845443 0.563718 0.849560 0.563097 0.851852
1 0.493730 0.782381 0.490668 0.780366 0.489741 0.776216 0.491997 0.772952 0.495946 0.771904 0.499009 0.775007 0.499693 0.778109 0.498082 0.781293
0 0.542467 0.772369 0.536451 0.766230 0.535223 0.757513 0.530926 0.752110 0.524050 0.752847 0.515823 0.748059 0.516561 0.741551 0.521227 0.735903 0.532891 0.735167 0.541977 0.736148 0.547010 0.747444 0.548852 0.756530 0.547992 0.766967
0 0.515826 0.729683 0.509020 0.728894 0.504088 0.723271 0.502213 0.714293 0.502016 0.706007 0.507244 0.699595 0.513656 0.701765 0.517800 0.706204 0.518885 0.714194 0.520266 0.720015 0.518687 0.728795
1 0.484229 0.720237 0.480560 0.720012 0.476946 0.716624 0.477285 0.711770 0.480673 0.709342 0.485076 0.709567 0.488294 0.714705 0.486826 0.718375
1 0.463744 0.746604 0.459438 0.746962 0.454415 0.743195 0.458541 0.736827 0.465269 0.736827 0.466793 0.741312
1 0.383365 0.784875 0.378089 0.781943 0.378479 0.776373 0.384343 0.772758 0.388643 0.774810 0.386786 0.783703
1 0.379705 0.774656 0.376053 0.771839 0.377514 0.766203 0.382836 0.762863 0.385862 0.767873 0.384506 0.772778
1 0.377931 0.764638 0.373443 0.760255 0.375113 0.753784 0.380540 0.750967 0.383880 0.754828 0.380227 0.764116
1 0.377723 0.752323 0.374487 0.750340 0.374904 0.744810 0.380436 0.743348 0.382419 0.746479 0.380957 0.750862
1 0.313751 0.806425 0.307913 0.803562 0.310116 0.795521 0.319147 0.794530 0.320469 0.803562 0.318376 0.806425
1 0.299543 0.807416 0.294257 0.803562 0.296350 0.797725 0.303618 0.793979 0.309015 0.797174 0.307693 0.804883
1 0.270687 0.699628 0.264879 0.698934 0.262937 0.693794 0.268077 0.686142 0.274245 0.688540 0.275615 0.695278
1 0.260195 0.707614 0.256146 0.706396 0.255063 0.702832 0.258472 0.700508 0.261338 0.702987 0.261726 0.705698
1 0.297132 0.709853 0.288823 0.706688 0.285361 0.698280 0.292483 0.692445 0.299406 0.697688 0.303857 0.702336 0.301780 0.707380
1 0.296951 0.739822 0.292634 0.735978 0.292338 0.731542 0.296182 0.727521 0.303397 0.726751 0.306118 0.731068 0.304580 0.735505 0.301623 0.738521
1 0.303165 0.752015 0.300748 0.751037 0.299925 0.747540 0.300799 0.744763 0.303269 0.743220 0.305531 0.745328 0.305942 0.748209 0.305377 0.750832
1 0.332887 0.742283 0.328854 0.741646 0.327104 0.737562 0.329597 0.733688 0.333630 0.732680 0.336017 0.736288 0.336017 0.740161
1 0.323774 0.700618 0.315829 0.700388 0.313526 0.692442 0.318132 0.686685 0.325041 0.688297 0.329302 0.693363 0.326538 0.697624
1 0.345145 0.694097 0.341160 0.692670 0.340618 0.687800 0.343521 0.684455 0.348784 0.683324 0.350310 0.689178 0.349129 0.692326
0 0.351211 0.662636 0.354973 0.671772 0.345970 0.677686 0.335086 0.672848 0.332130 0.662099 0.334146 0.653768 0.346508 0.649602 0.358735 0.650677 0.362767 0.658604 0.356048 0.663039
1 0.367929 0.655386 0.365239 0.654260 0.364426 0.651258 0.366428 0.648318 0.368241 0.648694 0.371181 0.650695 0.371368 0.654135
1 0.379832 0.658314 0.376363 0.656021 0.376252 0.650986 0.380615 0.648805 0.384923 0.649644 0.384531 0.655069 0.382965 0.656916
1 0.291146 0.662210 0.286865 0.662065 0.284836 0.658008 0.287155 0.653080 0.292083 0.653442 0.294691 0.659167
1 0.286556 0.619795 0.278315 0.616437 0.277298 0.608197 0.282689 0.599854 0.288590 0.598634 0.295508 0.603009 0.291846 0.617149
1 0.293192 0.577244 0.297179 0.581143 0.294256 0.586812 0.286370 0.589116 0.276447 0.588230 0.274498 0.581940 0.279814 0.577864 0.287788 0.576093
1 0.304621 0.584243 0.300812 0.582028 0.299128 0.575384 0.306305 0.572017 0.309760 0.577244 0.308785 0.581674
1 0.375445 0.717455 0.368682 0.715876 0.366089 0.709563 0.367441 0.702800 0.374544 0.702574 0.377813 0.709676
1 0.351998 0.728615 0.345233 0.725120 0.342979 0.716778 0.350307 0.710240 0.355718 0.713960 0.357296 0.726586
1 0.382175 0.605285 0.378881 0.602321 0.377278 0.597945 0.379683 0.593384 0.385600 0.593445 0.386154 0.600226 0.384305 0.604047
1 0.388254 0.620285 0.383186 0.617439 0.382207 0.611481 0.385142 0.605968 0.391011 0.606413 0.393945 0.615661
1 0.390757 0.628279 0.388191 0.626705 0.387608 0.622391 0.390232 0.619183 0.392915 0.619416 0.394897 0.623323 0.394022 0.624548
1 0.399031 0.607710 0.394896 0.606353 0.393600 0.602155 0.395637 0.597649 0.399896 0.596045 0.403599 0.598081 0.404833 0.601105 0.401438 0.606723
1 0.422955 0.624269 0.416450 0.620257 0.415908 0.611366 0.422955 0.605945 0.430979 0.607681 0.431195 0.616354 0.430002 0.621016
1 0.429441 0.599760 0.422721 0.599844 0.420620 0.592870 0.423309 0.587997 0.432635 0.588417 0.435155 0.592618 0.433643 0.597071
1 0.465294 0.589835 0.461580 0.587501 0.462217 0.580393 0.469538 0.582302 0.471872 0.586864 0.469750 0.589623
1 0.471129 0.580923 0.464021 0.578695 0.462535 0.570844 0.467416 0.564796 0.476752 0.565327 0.482375 0.570102 0.481845 0.577315 0.478980 0.579756
1 0.491567 0.598326 0.487296 0.597602 0.484637 0.593975 0.484637 0.589864 0.487779 0.587043 0.491406 0.585432 0.494711 0.586318 0.496161 0.589864 0.496081 0.593410 0.493421 0.598246
1 0.488586 0.584787 0.485120 0.582853 0.485361 0.578581 0.486651 0.575034 0.490117 0.572697 0.492132 0.578822 0.491406 0.582530
1 0.475241 0.601167 0.472676 0.601364 0.470801 0.599095 0.472330 0.595838 0.476179 0.595986 0.478942 0.597910 0.477659 0.599884
1 0.493433 0.619070 0.488750 0.618749 0.486437 0.615774 0.487263 0.611645 0.491669 0.608726 0.496846 0.610487 0.495139 0.617647
1 0.433706 0.642750 0.426730 0.641037 0.425874 0.633693 0.429423 0.626474 0.436153 0.627208 0.439580 0.630022 0.440070 0.637854
1 0.435606 0.655581 0.432725 0.655789 0.431732 0.653907 0.433374 0.651889 0.435428 0.651581 0.436488 0.653292 0.436077 0.654729
1 0.434711 0.662673 0.432729 0.661551 0.432841 0.658670 0.434860 0.657697 0.437592 0.658521 0.437292 0.662037
1 0.444178 0.694579 0.440911 0.694178 0.439708 0.690053 0.442000 0.687703 0.445095 0.688505 0.445896 0.691886
1 0.456125 0.673064 0.452609 0.671966 0.451456 0.668835 0.453708 0.664661 0.458156 0.665211 0.460134 0.668176 0.458432 0.671637
1 0.462454 0.677626 0.459450 0.676886 0.458013 0.674535 0.458797 0.672053 0.461627 0.670354 0.463804 0.671617 0.464675 0.674622
1 0.477831 0.696793 0.472771 0.694520 0.471011 0.688506 0.472771 0.682419 0.477538 0.679852 0.483479 0.686379 0.481791 0.693126
1 0.493107 0.671865 0.488305 0.670650 0.486924 0.666730 0.490127 0.662977 0.493329 0.662700 0.495482 0.665405 0.494543 0.670319
1 0.505834 0.626681 0.502830 0.625179 0.502963 0.621998 0.505657 0.620099 0.508220 0.619878 0.509280 0.623633 0.508794 0.625047
1 0.508776 0.643291 0.505855 0.642123 0.504646 0.640454 0.505688 0.637325 0.507733 0.635906 0.510737 0.635489 0.512364 0.637074 0.511196 0.640412
1 0.538321 0.680217 0.531336 0.677160 0.527188 0.670175 0.526534 0.663845 0.530245 0.660243 0.534829 0.661226 0.538758 0.666464 0.544761 0.667883 0.544543 0.673777
1 0.567206 0.675251 0.563457 0.675822 0.558501 0.674298 0.556468 0.670230 0.557738 0.666164 0.560979 0.662605 0.568032 0.659937 0.572036 0.664003 0.571591 0.668770 0.569748 0.672582
1 0.585338 0.670451 0.578986 0.669771 0.575205 0.666746 0.575129 0.660998 0.578229 0.657974 0.584204 0.658200 0.588061 0.661149 0.589648 0.662208 0.587229 0.667805
1 0.574878 0.639486 0.570177 0.637987 0.569018 0.633354 0.573379 0.629129 0.578285 0.629470 0.578489 0.636011
1 0.552051 0.653397 0.546752 0.651980 0.545150 0.647359 0.547676 0.642800 0.552174 0.640213 0.556918 0.643478 0.557226 0.648407 0.556548 0.651980
1 0.640691 0.627646 0.634209 0.624833 0.629757 0.617043 0.631538 0.607917 0.639439 0.607138 0.643891 0.614372 0.644670 0.622830
1 0.623695 0.597771 0.617108 0.595107 0.614075 0.590371 0.615703 0.584969 0.621475 0.583119 0.625989 0.586375 0.628579 0.590520
1 0.605426 0.584766 0.600819 0.581507 0.598934 0.576319 0.602065 0.571512 0.608985 0.572969 0.608476 0.581928
1 0.583085 0.591700 0.578190 0.589828 0.578479 0.586085 0.581430 0.583422 0.584740 0.582198 0.586396 0.586157 0.585101 0.590477
1 0.646534 0.579826 0.642320 0.582477 0.636544 0.580166 0.636544 0.574253 0.642864 0.571738 0.647077 0.574865
0 0.666249 0.590728 0.657318 0.584201 0.651308 0.575099 0.642892 0.562390 0.654570 0.553802 0.667795 0.552943 0.672089 0.567198 0.675180 0.575614 0.673463 0.588151
1 0.673937 0.637664 0.668412 0.634723 0.670818 0.629108 0.677592 0.627147 0.679819 0.632940
1 0.699337 0.628752 0.694346 0.627415 0.691851 0.622246 0.695772 0.618504 0.700495 0.619306 0.703169 0.621890 0.702100 0.627059
1 0.690247 0.655934 0.682137 0.653884 0.678305 0.648180 0.680354 0.641140 0.686949 0.636595 0.692920 0.636238 0.699693 0.638555 0.698445 0.647913 0.695060 0.653616
1 0.669936 0.662892 0.666951 0.662708 0.665757 0.660733 0.665986 0.658483 0.668007 0.656279 0.670396 0.657151 0.670763 0.660825
1 0.636650 0.673451 0.633534 0.670519 0.633492 0.667005 0.636783 0.665732 0.641216 0.666522 0.641786 0.669989 0.639021 0.672842
1 0.648787 0.724960 0.641673 0.722304 0.638827 0.713293 0.643285 0.707791 0.651917 0.709594 0.653909 0.713009 0.655806 0.722114 0.651063 0.724106
1 0.658066 0.743747 0.652686 0.741700 0.650866 0.736547 0.652686 0.731849 0.656551 0.729196 0.660794 0.729802 0.663144 0.736168 0.664205 0.741019
1 0.723118 0.718044 0.719748 0.717437 0.716748 0.715786 0.717298 0.712286 0.720147 0.709036 0.723248 0.707986 0.726798 0.710687 0.726898 0.714137 0.726148 0.716236
1 0.710969 0.721100 0.707218 0.720018 0.706497 0.716556 0.707939 0.713598 0.710969 0.711723 0.712989 0.713814 0.713638 0.717204 0.712628 0.720090
0 0.675965 0.731101 0.671815 0.724698 0.668259 0.718415 0.665888 0.712962 0.673594 0.706797 0.679759 0.705256 0.679641 0.712843 0.679166 0.717348 0.682367 0.725173 0.681063 0.729915
1 0.697400 0.701527 0.693701 0.702160 0.690377 0.698651 0.691670 0.693357 0.698317 0.690342 0.700902 0.696189 0.701702 0.700006
1 0.710354 0.696248 0.706116 0.693091 0.706947 0.686359 0.712183 0.684116 0.716919 0.688521 0.716420 0.692094 0.714177 0.694669
0 0.779859 0.701613 0.773953 0.695162 0.767515 0.687185 0.762756 0.676408 0.766535 0.668570 0.775912 0.672909 0.777872 0.684246 0.782351 0.689145 0.789349 0.693623 0.784590 0.700201
0 0.798484 0.689446 0.790938 0.688981 0.785830 0.681784 0.784554 0.671568 0.794421 0.669015 0.798252 0.677257 0.801967 0.684454
1 0.762590 0.701336 0.758620 0.700130 0.757916 0.695307 0.761836 0.691738 0.765604 0.692492 0.766459 0.697165 0.765152 0.700582
1 0.743460 0.699162 0.738424 0.696951 0.737318 0.690870 0.741311 0.686142 0.745180 0.688782 0.747268 0.691239 0.744995 0.696582
1 0.798031 0.636072 0.793975 0.634922 0.791189 0.630744 0.792158 0.625840 0.797305 0.623963 0.801906 0.626627 0.802027 0.632924
1 0.786588 0.637707 0.780715 0.635891 0.780412 0.631531 0.782895 0.627475 0.788283 0.625779 0.791129 0.631955 0.791008 0.634861
1 0.771404 0.647180 0.763974 0.646711 0.759124 0.641392 0.759202 0.635447 0.762097 0.629972 0.768119 0.626218 0.774689 0.628095 0.777114 0.637012 0.777818 0.641313
1 0.784232 0.621759 0.779852 0.618083 0.780008 0.612607 0.784623 0.608696 0.790255 0.609557 0.790411 0.618708
1 0.761627 0.629737 0.756309 0.627860 0.755057 0.622150 0.757716 0.617301 0.762565 0.615893 0.765616 0.619334 0.765304 0.624027 0.765146 0.627234
1 0.852751 0.678653 0.843107 0.674708 0.843253 0.665503 0.854650 0.659950 0.868093 0.663604 0.867654 0.673247
1 0.865755 0.653375 0.855089 0.650599 0.850705 0.644608 0.852166 0.632188 0.860934 0.629704 0.870723 0.637303 0.871308 0.646946 0.869700 0.648407
1 0.877979 0.664184 0.872950 0.663302 0.870480 0.659508 0.870745 0.654833 0.874186 0.653245 0.879390 0.653687 0.882036 0.657744 0.880536 0.662508
1 0.838426 0.628987 0.833015 0.626197 0.830985 0.621717 0.831746 0.617066 0.836734 0.612585 0.841639 0.617658 0.844767 0.622815 0.842230 0.626028
1 0.853136 0.618301 0.849473 0.616036 0.849072 0.612039 0.852137 0.608442 0.852137 0.608442 0.856800 0.609241 0.859064 0.613105 0.856001 0.616969
1 0.874846 0.616461 0.867838 0.614915 0.865158 0.607805 0.869494 0.602473 0.876039 0.600953 0.879370 0.601771 0.882234 0.609484 0.880480 0.611939 0.878845 0.615621
1 0.584640 0.770561 0.578512 0.768603 0.575447 0.763837 0.576128 0.757879 0.580725 0.753793 0.585320 0.760347 0.589406 0.762049 0.587704 0.769028
1 0.592133 0.758213 0.589010 0.757042 0.588904 0.752494 0.591852 0.751904 0.594369 0.752547 0.593941 0.755977
1 0.610656 0.750564 0.604839 0.750035 0.602347 0.746938 0.605973 0.742858 0.610808 0.739762 0.614358 0.740517 0.615340 0.746787
1 0.574469 0.784053 0.570747 0.783537 0.569659 0.779357 0.572007 0.776266 0.574869 0.775292 0.576931 0.778155 0.576129 0.780961
1 0.585573 0.811479 0.582628 0.810356 0.581552 0.807887 0.583583 0.805497 0.586531 0.805497 0.587407 0.808962
0 0.615593 0.802338 0.609287 0.805193 0.602981 0.802338 0.600721 0.790797 0.613095 0.787465 0.620471 0.788893 0.627609 0.792819 0.630822 0.800314 0.621423 0.802457
1 0.629412 0.820238 0.623513 0.818795 0.622384 0.814276 0.626023 0.809319 0.631859 0.812331 0.632549 0.817477
1 0.628624 0.830648 0.624254 0.829556 0.622645 0.825474 0.624082 0.821794 0.627589 0.819839 0.631557 0.820874 0.631844 0.824554 0.631097 0.827486
1 0.630821 0.837978 0.628100 0.838051 0.626938 0.835909 0.628317 0.834022 0.630494 0.833769 0.631003 0.836309
1 0.627047 0.843059 0.625196 0.841606 0.625378 0.838958 0.628027 0.838631 0.629442 0.839974 0.628390 0.842731
1 0.639156 0.837855 0.637410 0.837809 0.637343 0.835167 0.638341 0.834246 0.639953 0.834271 0.640005 0.836703
1 0.610898 0.837638 0.607040 0.836922 0.605883 0.833615 0.608583 0.830418 0.613653 0.831962 0.613268 0.836591
1 0.684577 0.807267 0.680511 0.806785 0.678584 0.803093 0.682705 0.800096 0.685701 0.801647 0.686932 0.804484
0 0.690941 0.823432 0.685750 0.823281 0.679957 0.820873 0.677398 0.815982 0.680784 0.812597 0.685524 0.812597 0.692747 0.814327 0.694854 0.819067
0 0.682356 0.795078 0.672912 0.796613 0.666892 0.793189 0.665659 0.784320 0.669560 0.778763 0.680187 0.783735 0.683698 0.791829
1 0.685604 0.781148 0.682360 0.780067 0.680619 0.777005 0.682181 0.772681 0.686204 0.773161 0.688546 0.775684 0.687525 0.778626
1 0.692810 0.772621 0.690824 0.771522 0.689048 0.769947 0.689752 0.766898 0.691829 0.766463 0.694107 0.767100 0.695348 0.769311 0.694543 0.772024
1 0.680468 0.762970 0.678754 0.762102 0.677854 0.760228 0.678511 0.758501 0.680847 0.757625 0.682063 0.758695 0.682282 0.760593 0.681479 0.762442
1 0.740840 0.746591 0.738428 0.746628 0.737092 0.744661 0.737908 0.742212 0.740506 0.741062 0.742361 0.742583 0.741693 0.745366
0 0.731881 0.790934 0.719932 0.801497 0.705731 0.800285 0.703134 0.786085 0.709542 0.772577 0.722356 0.763918 0.743311 0.767729 0.750064 0.775348 0.739154 0.777426 0.725474 0.776387 0.717161 0.787297 0.729110 0.787989
1 0.737378 0.848574 0.729751 0.846729 0.727168 0.840456 0.732703 0.829016 0.740453 0.831230 0.743282 0.840456
1 0.699337 0.936291 0.695252 0.935096 0.694342 0.930584 0.696063 0.927821 0.700457 0.927051 0.703537 0.928273 0.704171 0.932668 0.702948 0.934208
1 0.715990 0.925866 0.708273 0.924227 0.704127 0.915836 0.705573 0.908120 0.714157 0.904358 0.721391 0.910628 0.723995 0.914003 0.720233 0.922298
1 0.701787 0.918547 0.693571 0.916461 0.689529 0.908897 0.690964 0.902768 0.698657 0.896378 0.706352 0.899377 0.708699 0.907593
0 0.673833 0.907349 0.668821 0.904843 0.667017 0.898127 0.663709 0.892413 0.667217 0.886098 0.676139 0.889406 0.678144 0.894418 0.676640 0.901535
0 0.765064 0.723525 0.771785 0.721285 0.776516 0.727011 0.783112 0.733731 0.796679 0.737217 0.800611 0.743233 0.799808 0.754325 0.792734 0.749984 0.777142 0.756736 0.763960 0.757701 0.765407 0.743394
1 0.806644 0.775501 0.802402 0.774693 0.801038 0.771158 0.803463 0.767926 0.807755 0.768330 0.808765 0.770805 0.807604 0.774643
1 0.802442 0.768979 0.799644 0.768804 0.797899 0.766081 0.798841 0.762627 0.801808 0.761196 0.804773 0.763674 0.804006 0.766779
1 0.855751 0.749364 0.850940 0.748814 0.848741 0.744278 0.850321 0.740086 0.854033 0.739536 0.856507 0.742767 0.857400 0.747439
1 0.863379 0.740224 0.858225 0.740018 0.855819 0.735895 0.856438 0.730946 0.861180 0.727647 0.863517 0.726616 0.865166 0.729640 0.866403 0.735895
1 0.880206 0.752846 0.876219 0.752015 0.874281 0.747585 0.876274 0.742989 0.880704 0.741605 0.883417 0.742823 0.885466 0.745481 0.882531 0.751019
1 0.887257 0.756561 0.883235 0.756333 0.881793 0.753752 0.883083 0.750186 0.885986 0.744923 0.891070 0.747303 0.892909 0.752387
1 0.896107 0.733708 0.889663 0.730990 0.887178 0.725633 0.891682 0.720740 0.895952 0.719032 0.899369 0.723226 0.896962 0.731301
0 0.877116 0.732257 0.870600 0.729438 0.866989 0.723450 0.864084 0.717903 0.862234 0.713676 0.864524 0.709009 0.869720 0.709978 0.873065 0.717022 0.878261 0.722746 0.881255 0.727501
1 0.901441 0.715090 0.892025 0.717332 0.887691 0.707916 0.886943 0.697454 0.892175 0.691027 0.901740 0.697902 0.904431 0.711055
1 0.984636 0.877056 0.979101 0.871662 0.973139 0.860733 0.975410 0.849804 0.987617 0.849094 0.992159 0.858604 0.993011 0.868397 0.989462 0.875778
1 0.973423 0.848526 0.965616 0.840861 0.964765 0.830500 0.974700 0.820422 0.981229 0.830642 0.981514 0.840010 0.980945 0.847958
1 0.994132 0.781911 0.987750 0.779957 0.986875 0.771619 0.992694 0.766668 0.998340 0.770838 1.000000 0.780652
0 0.954973 0.757624 0.950776 0.757883 0.948290 0.748229 0.943024 0.739747 0.939660 0.730094 0.945949 0.720295 0.959698 0.723513 0.968766 0.730679 0.971252 0.740479 0.967742 0.745451 0.966279 0.749692
0 0.971768 0.784124 0.965716 0.782611 0.960798 0.779080 0.951594 0.782106 0.946424 0.777819 0.947559 0.771389 0.956763 0.764580 0.968615 0.759284 0.977694 0.763823 0.976181 0.772271
1 0.968157 0.696879 0.965690 0.696241 0.963515 0.693270 0.963891 0.688540 0.967448 0.685987 0.971299 0.687201 0.972429 0.690926 0.971257 0.693939
1 0.997119 0.684726 0.988313 0.686272 0.980695 0.679727 0.978553 0.669372 0.984146 0.666278 0.994382 0.671276 1.000000 0.679488 1.000000 0.677703 1.000000 0.683178
1 1.000000 0.666181 0.992843 0.663090 0.989215 0.656505 0.991230 0.648710 0.999159 0.644410 1.000000 0.643738
1 0.976037 0.614917 0.973236 0.614546 0.969400 0.611541 0.970648 0.606919 0.975594 0.605578 0.977905 0.608537 0.977721 0.612466
1 0.986840 0.601117 0.982082 0.600214 0.980938 0.596118 0.982744 0.591963 0.985695 0.591602 0.989370 0.597323
1 0.999454 0.595628 0.994819 0.592932 0.992376 0.586190 0.997516 0.582482 1.000000 0.581893 1.000000 0.595122
0 0.999923 0.630571 0.990618 0.630446 0.987852 0.623656 0.983199 0.613597 0.985211 0.606555 1.000000 0.607561 1.000000 0.609069
1 0.893789 0.588578 0.889312 0.586808 0.887676 0.580173 0.895765 0.574538 0.901854 0.579991 0.901491 0.586263
1 0.908552 0.579282 0.901202 0.578717 0.897169 0.573421 0.896188 0.567147 0.901351 0.561724 0.906514 0.560285 0.909128 0.561135 0.912003 0.562572 0.914159 0.566494 0.915009 0.571722 0.912853 0.577473
1 0.924840 0.572604 0.916488 0.570662 0.912604 0.561729 0.919013 0.554736 0.926102 0.555319 0.929403 0.559980 0.931248 0.565127 0.930957 0.568331
1 0.944066 0.568525 0.936783 0.566486 0.933288 0.556970 0.940183 0.550464 0.947757 0.550658 0.951544 0.557358 0.951737 0.563670
1 0.992506 0.454586 0.988686 0.454204 0.985502 0.449619 0.988558 0.445162 0.992442 0.444972 0.994289 0.449492 0.993206 0.452549
0 0.965465 0.461827 0.959170 0.467911 0.945113 0.469590 0.936721 0.464765 0.942910 0.455952 0.959065 0.448295 0.976060 0.452176 0.977738 0.459938
1 0.989374 0.437104 0.986569 0.436865 0.984039 0.435127 0.982545 0.432658 0.983673 0.430157 0.986661 0.429700 0.990290 0.430676 0.991601 0.433969 0.991509 0.435798
1 0.978302 0.440265 0.975779 0.439784 0.972816 0.437741 0.973097 0.434898 0.975619 0.433137 0.978742 0.433657 0.980664 0.435699 0.981265 0.437981
1 0.966250 0.445531 0.962615 0.445039 0.960548 0.442937 0.960927 0.440112 0.963786 0.438010 0.966577 0.439802 0.967576 0.442559
1 0.948890 0.447778 0.945113 0.446575 0.943910 0.443173 0.945487 0.440020 0.948931 0.439355 0.951462 0.442094 0.951794 0.445994
1 0.922491 0.458685 0.918956 0.457607 0.919640 0.452347 0.924007 0.451084 0.925690 0.454293 0.925270 0.457187
1 0.913055 0.461418 0.909565 0.460271 0.909516 0.456134 0.913554 0.454488 0.916396 0.456932 0.914401 0.461020
1 0.902519 0.465968 0.900405 0.464738 0.899330 0.462356 0.900598 0.459514 0.903939 0.458438 0.905783 0.461281 0.905591 0.464085
1 0.892206 0.468581 0.888761 0.467502 0.887599 0.464306 0.889550 0.461773 0.892995 0.461275 0.894364 0.462812 0.894406 0.466132
1 0.879273 0.471595 0.875706 0.470906 0.874460 0.467210 0.876953 0.464417 0.879918 0.464073 0.882239 0.465749 0.883056 0.469059 0.881294 0.470863
1 0.866509 0.475936 0.863156 0.473614 0.863758 0.469746 0.867454 0.467555 0.870764 0.468801 0.871881 0.471896 0.870893 0.474860
1 0.930401 0.455549 0.926832 0.455291 0.925327 0.452840 0.927047 0.450088 0.928810 0.449443 0.932078 0.450088 0.932379 0.454087
1 0.935772 0.423688 0.933059 0.424272 0.930430 0.423317 0.929395 0.420131 0.930430 0.416984 0.933338 0.415710 0.936205 0.417184 0.936843 0.420409
0 0.480422 0.999701 0.489823 0.978378 0.510001 0.970811 0.523300 0.975167 0.530866 1.000000
1 0.596525 0.842052 0.592893 0.841590 0.591571 0.836504 0.593157 0.831616 0.598705 0.831353 0.597847 0.837892
1 0.601545 0.852884 0.597714 0.850902 0.595337 0.846939 0.596327 0.843109 0.599695 0.842646 0.602602 0.845091 0.603064 0.849846
1 0.632461 0.791293 0.625717 0.789647 0.621769 0.783726 0.626375 0.777805 0.633036 0.777476 0.638547 0.781670 0.635093 0.788003
1 0.791028 0.467817 0.787899 0.471377 0.781726 0.468503 0.779490 0.460199 0.785451 0.454132 0.791945 0.455941 0.793116 0.464777
1 0.780930 0.485879 0.776889 0.484119 0.775194 0.479687 0.777605 0.474212 0.781646 0.474408 0.785557 0.476885 0.784905 0.482815
1 0.792529 0.499826 0.789012 0.499885 0.786900 0.497364 0.787663 0.494080 0.791005 0.492674 0.793291 0.493846 0.793819 0.496895
1 0.799265 0.480125 0.794221 0.479667 0.791673 0.476150 0.791928 0.471412 0.794934 0.468711 0.799570 0.468609 0.801660 0.471208 0.802322 0.476508
1 0.809515 0.469198 0.805032 0.468047 0.804184 0.463079 0.807455 0.458838 0.811999 0.456718 0.815089 0.457323 0.815815 0.462170 0.814180 0.467017
1 0.833081 0.457869 0.829675 0.456389 0.827929 0.453992 0.828785 0.451185 0.831250 0.449918 0.834810 0.449850 0.836282 0.453719 0.835803 0.455020
1 0.816982 0.442535 0.812928 0.442535 0.810068 0.438147 0.808872 0.433162 0.810136 0.429306 0.814390 0.427245 0.817647 0.427644 0.818180 0.432630 0.817980 0.436686
0 0.940391 0.188327 0.919776 0.193636 0.906594 0.197607 0.888010 0.203802 0.869902 0.198560 0.875938 0.187282 0.893887 0.181724 0.907070 0.173781 0.924542 0.171399 0.939154 0.176323 0.942967 0.185059
0 0.975545 0.172566 0.963085 0.179643 0.949702 0.181488 0.946318 0.172259 0.957701 0.160414 0.976314 0.155184 0.987235 0.152415 0.997695 0.155799 0.996004 0.167028
0 0.056641 0.041992 0.058594 0.044922 0.062500 0.041992 0.064453 0.045898 0.062500 0.049805 0.060547 0.051758 0.059570 0.054688 0.054688 0.054688 0.053711 0.048828 0.049805 0.047852 0.049805 0.041992
1 0.153320 0.100586 0.158203 0.101562 0.162109 0.105469 0.162109 0.105469 0.160156 0.109375 0.156250 0.110352 0.150391 0.104492
1 0.059570 0.060547 0.059570 0.065430 0.055664 0.065430 0.055664 0.059570
1 0.053711 0.032227 0.058594 0.030273 0.058594 0.030273 0.061523 0.034180 0.056641 0.037109
1 0.233398 0.097656 0.237305 0.101562 0.237305 0.105469 0.234375 0.109375 0.227539 0.107422 0.228516 0.098633
1 0.218750 0.094727 0.218750 0.100586 0.214844 0.100586 0.214844 0.095703
1 0.245117 0.015625 0.247070 0.020508 0.242188 0.024414 0.237305 0.022461 0.236328 0.016602 0.240234 0.013672
1 0.129883 0.167969 0.133789 0.168945 0.133789 0.173828 0.127930 0.172852
0 0.239258 0.241211 0.244141 0.244141 0.247070 0.249023 0.247070 0.251953 0.242188 0.252930 0.247070 0.256836 0.249023 0.261719 0.249023 0.270508 0.240234 0.269531 0.235352 0.263672 0.230469 0.255859 0.230469 0.247070 0.234375 0.241211
1 0.266602 0.239258 0.269531 0.241211 0.270508 0.246094 0.265625 0.246094 0.262695 0.242188
1 0.259766 0.257812 0.262695 0.260742 0.263672 0.266602 0.258789 0.268555 0.254883 0.263672
1 0.223633 0.291992 0.226562 0.294922 0.226562 0.299805 0.221680 0.299805 0.220703 0.294922
1 0.187500 0.307617 0.191406 0.310547 0.191406 0.314453 0.185547 0.312500
1 0.237305 0.347656 0.241211 0.353516 0.241211 0.354492 0.237305 0.357422 0.232422 0.353516
1 0.202148 0.414062 0.203125 0.419922 0.203125 0.419922 0.198242 0.419922 0.197266 0.415039
1 0.206055 0.412109 0.209961 0.413086 0.209961 0.416992 0.207031 0.416992
1 0.211914 0.410156 0.215820 0.409180 0.216797 0.413086 0.212891 0.415039
1 0.221680 0.406250 0.224609 0.406250 0.224609 0.412109 0.220703 0.412109
1 0.244141 0.396484 0.252930 0.398438 0.253906 0.404297 0.248047 0.408203 0.248047 0.408203 0.241211 0.406250 0.241211 0.398438
1 0.260742 0.394531 0.263672 0.393555 0.265625 0.398438 0.261719 0.400391
1 0.271484 0.391602 0.273438 0.391602 0.274414 0.395508 0.268555 0.396484
1 0.309570 0.378906 0.314453 0.377930 0.314453 0.383789 0.310547 0.383789
1 0.317383 0.375000 0.324219 0.375000 0.324219 0.379883 0.319336 0.380859
1 0.337891 0.369141 0.343750 0.368164 0.343750 0.373047 0.343750 0.373047 0.340820 0.375000 0.337891 0.374023
1 0.345703 0.367188 0.350586 0.366211 0.350586 0.370117 0.347656 0.373047
1 0.208008 0.505859 0.208008 0.513672 0.200195 0.513672 0.197266 0.505859 0.202148 0.505859
1 0.219727 0.527344 0.223633 0.530273 0.223633 0.535156 0.217773 0.532227
1 0.208008 0.539062 0.213867 0.538086 0.213867 0.541992 0.208984 0.543945
1 0.290039 0.640625 0.295898 0.640625 0.297852 0.645508 0.296875 0.648438 0.291992 0.651367 0.287109 0.650391 0.283203 0.646484 0.282227 0.641602 0.287109 0.643555
1 0.303711 0.766602 0.307617 0.766602 0.310547 0.772461 0.305664 0.776367 0.301758 0.775391 0.300781 0.771484
1 0.439453 0.732422 0.446289 0.733398 0.449219 0.739258 0.447266 0.745117 0.441406 0.745117 0.434570 0.743164 0.431641 0.736328
0 0.400391 0.744141 0.409180 0.743164 0.416992 0.739258 0.424805 0.742188 0.426758 0.748047 0.427734 0.754883 0.426758 0.757812 0.429688 0.762695 0.427734 0.770508 0.418945 0.773438 0.411133 0.777344 0.405273 0.774414 0.404297 0.768555 0.408203 0.762695 0.401367 0.758789 0.396484 0.750977 0.396484 0.750977
0 0.301758 0.776367 0.299805 0.779297 0.302734 0.787109 0.303711 0.793945 0.297852 0.797852 0.293945 0.793945 0.290039 0.787109 0.291016 0.787109 0.291016 0.778320 0.294922 0.774414
1 0.304688 0.710938 0.309570 0.710938 0.313477 0.714844 0.313477 0.720703 0.309570 0.722656 0.302734 0.721680 0.297852 0.713867
1 0.383789 0.739258 0.387695 0.738281 0.387695 0.742188 0.384766 0.743164
1 0.394531 0.735352 0.399414 0.735352 0.399414 0.740234 0.394531 0.740234
1 0.388672 0.750000 0.393555 0.749023 0.394531 0.755859 0.390625 0.758789 0.386719 0.754883
1 0.268555 0.725586 0.274414 0.723633 0.278320 0.729492 0.276367 0.733398 0.271484 0.737305 0.266602 0.732422
0 0.428711 0.766602 0.439453 0.761719 0.446289 0.762695 0.453125 0.760742 0.458008 0.764648 0.462891 0.765625 0.462891 0.772461 0.460938 0.779297 0.454102 0.776367 0.451172 0.771484 0.442383 0.773438 0.443359 0.779297 0.450195 0.779297 0.458984 0.780273 0.465820 0.784180 0.469727 0.790039 0.468750 0.794922 0.460938 0.796875 0.458008 0.789062 0.451172 0.787109 0.450195 0.791016 0.445312 0.791992 0.440430 0.783203 0.434570 0.783203 0.426758 0.783203 0.427734 0.783203 0.425781 0.774414 0.422852 0.771484
1 0.365234 0.750977 0.369141 0.747070 0.373047 0.750000 0.374023 0.754883 0.369141 0.756836
1 0.322266 0.859375 0.326172 0.860352 0.325195 0.867188 0.320312 0.865234
1 0.157227 0.004883 0.157227 0.010742 0.149414 0.012695 0.149414 0.003906
0 0.105469 0.093750 0.106445 0.105469 0.102539 0.109375 0.099609 0.104492 0.099609 0.094727
1 0.052734 0.149414 0.056641 0.150391 0.056641 0.154297 0.050781 0.154297
1 0.038086 0.155273 0.042969 0.154297 0.042969 0.158203 0.038086 0.159180
1 0.057617 0.208008 0.061523 0.207031 0.062500 0.211914 0.057617 0.213867
1 0.088867 0.346680 0.089844 0.351562 0.085938 0.352539 0.083984 0.346680
1 0.000977 0.363281 0.005859 0.360352 0.009766 0.363281 0.009766 0.370117 0.003906 0.371094
1 0.008789 0.371094 0.011719 0.374023 0.011719 0.379883 0.007812 0.379883 0.005859 0.373047
0 0.012695 0.379883 0.015625 0.383789 0.016602 0.390625 0.018555 0.395508 0.016602 0.400391 0.009766 0.403320 0.000000 0.401367 0.000000 0.388672 0.004883 0.387695 0.005859 0.382812
1 0.097656 0.329102 0.100586 0.329102 0.101562 0.333008 0.097656 0.333008
1 0.124023 0.353516 0.126953 0.353516 0.126953 0.357422 0.124023 0.358398
1 0.125977 0.364258 0.129883 0.364258 0.131836 0.368164 0.126953 0.368164
1 0.122070 0.374023 0.126953 0.374023 0.129883 0.378906 0.123047 0.379883 0.120117 0.377930
1 0.135742 0.390625 0.138672 0.389648 0.139648 0.393555 0.136719 0.394531
1 0.139648 0.403320 0.142578 0.402344 0.143555 0.406250 0.141602 0.407227
1 0.046875 0.423828 0.049805 0.422852 0.051758 0.427734 0.047852 0.427734
1 0.005859 0.452148 0.008789 0.450195 0.011719 0.453125 0.012695 0.457031 0.005859 0.458008
1 0.109375 0.516602 0.107422 0.524414 0.102539 0.525391 0.099609 0.520508 0.101562 0.516602
0 0.000000 0.588867 0.004883 0.587891 0.006836 0.595703 0.004883 0.602539 0.008789 0.606445 0.008789 0.613281 0.005859 0.615234 0.005859 0.620117 0.006836 0.620117 0.000000 0.623047
0 0.146484 0.570312 0.151367 0.570312 0.156250 0.574219 0.154297 0.581055 0.148438 0.582031 0.139648 0.583008 0.133789 0.581055 0.130859 0.574219 0.137695 0.569336
1 0.171875 0.592773 0.173828 0.597656 0.169922 0.600586 0.165039 0.597656 0.166992 0.592773
1 0.198242 0.605469 0.205078 0.606445 0.208008 0.611328 0.204102 0.615234 0.198242 0.614258 0.195312 0.620117 0.191406 0.620117 0.187500 0.613281 0.192383 0.606445
1 0.038086 0.629883 0.043945 0.632812 0.043945 0.632812 0.041992 0.639648 0.038086 0.639648 0.033203 0.637695 0.033203 0.637695
1 0.048828 0.639648 0.052734 0.639648 0.052734 0.643555 0.048828 0.643555
1 0.041992 0.643555 0.046875 0.644531 0.046875 0.648438 0.041992 0.648438
0 0.039062 0.655273 0.045898 0.656250 0.046875 0.661133 0.049805 0.666992 0.051758 0.671875 0.050781 0.678711 0.044922 0.679688 0.041992 0.671875 0.039062 0.666016 0.037109 0.661133
1 0.054688 0.671875 0.059570 0.672852 0.060547 0.678711 0.054688 0.677734
1 0.062500 0.684570 0.066406 0.681641 0.067383 0.684570 0.064453 0.687500
0 0.069336 0.651367 0.074219 0.649414 0.075195 0.644531 0.081055 0.645508 0.082031 0.650391 0.076172 0.654297 0.079102 0.661133 0.083008 0.670898 0.082031 0.675781 0.074219 0.674805 0.071289 0.662109 0.067383 0.654297
1 0.071289 0.621094 0.073242 0.625000 0.073242 0.630859 0.068359 0.628906 0.068359 0.625000
1 0.117188 0.708008 0.123047 0.710938 0.123047 0.717773 0.116211 0.718750 0.112305 0.713867 0.113281 0.709961
1 0.000977 0.721680 0.003906 0.723633 0.003906 0.728516 0.000000 0.728516
1 0.000000 0.743164 0.004883 0.744141 0.004883 0.750000 0.000977 0.752930 0.000977 0.752930 0.000000 0.751953
1 0.121094 0.726562 0.129883 0.727539 0.129883 0.737305 0.125000 0.741211 0.121094 0.744141 0.117188 0.740234 0.117188 0.741211 0.109375 0.737305 0.108398 0.730469 0.108398 0.730469 0.113281 0.726562
1 0.143555 0.721680 0.150391 0.722656 0.151367 0.729492 0.144531 0.729492 0.142578 0.725586
1 0.151367 0.733398 0.154297 0.736328 0.152344 0.742188 0.146484 0.740234 0.147461 0.735352
1 0.155273 0.745117 0.163086 0.750977 0.163086 0.756836 0.154297 0.759766 0.145508 0.757812 0.145508 0.750000 0.149414 0.748047
1 0.077148 0.818359 0.082031 0.819336 0.082031 0.823242 0.077148 0.823242
1 0.063477 0.857422 0.063477 0.863281 0.058594 0.863281 0.058594 0.858398
1 0.175781 0.851562 0.183594 0.850586 0.184570 0.856445 0.177734 0.859375 0.171875 0.854492
1 0.142578 0.895508 0.146484 0.896484 0.146484 0.900391 0.141602 0.899414
1 0.036133 0.929688 0.041992 0.929688 0.043945 0.933594 0.041016 0.935547 0.037109 0.934570
1 0.031250 0.917969 0.036133 0.916992 0.037109 0.921875 0.033203 0.921875
1 0.216797 0.876953 0.220703 0.878906 0.220703 0.884766 0.215820 0.883789 0.214844 0.880859
1 0.216797 0.873047 0.222656 0.870117 0.227539 0.872070 0.229492 0.878906 0.225586 0.881836 0.218750 0.880859 0.218750 0.880859 0.215820 0.875977
1 0.169922 0.671875 0.175781 0.675781 0.175781 0.682617 0.167969 0.682617 0.165039 0.674805 0.165039 0.674805
1 0.350586 0.201172 0.355469 0.203125 0.354492 0.207031 0.348633 0.207031
1 0.354492 0.303711 0.359375 0.303711 0.361328 0.308594 0.354492 0.310547 0.355469 0.310547
1 0.387695 0.352539 0.391602 0.352539 0.393555 0.357422 0.387695 0.359375
1 0.423828 0.574219 0.428711 0.574219 0.430664 0.579102 0.424805 0.580078 0.424805 0.580078
1 0.396484 0.641602 0.400391 0.642578 0.405273 0.639648 0.410156 0.640625 0.413086 0.649414 0.412109 0.653320 0.405273 0.654297 0.403320 0.651367 0.395508 0.652344 0.393555 0.645508
1 0.389648 0.658203 0.389648 0.663086 0.384766 0.663086 0.384766 0.658203
1 0.385742 0.666992 0.390625 0.667969 0.390625 0.671875 0.384766 0.675781 0.384766 0.675781 0.380859 0.670898
1 0.394531 0.672852 0.394531 0.682617 0.388672 0.682617 0.385742 0.676758 0.388672 0.672852
1 0.407227 0.667969 0.411133 0.668945 0.412109 0.674805 0.405273 0.674805
1 0.302734 0.673828 0.308594 0.671875 0.309570 0.675781 0.306641 0.676758
1 0.305664 0.680664 0.309570 0.681641 0.309570 0.687500 0.305664 0.686523
1 0.288086 0.672852 0.291992 0.671875 0.292969 0.674805 0.290039 0.675781
1 0.296875 0.669922 0.299805 0.669922 0.299805 0.673828 0.295898 0.672852
1 0.351562 0.727539 0.356445 0.729492 0.358398 0.734375 0.352539 0.736328 0.350586 0.733398
1 0.421875 0.707031 0.425781 0.708008 0.424805 0.711914 0.418945 0.712891
1 0.394531 0.782227 0.403320 0.782227 0.407227 0.786133 0.409180 0.789062 0.406250 0.793945 0.402344 0.796875 0.398438 0.796875 0.398438 0.791016 0.395508 0.791992 0.389648 0.791992 0.388672 0.787109
1 0.423828 0.801758 0.428711 0.803711 0.428711 0.808594 0.423828 0.809570 0.418945 0.811523 0.416016 0.806641 0.419922 0.803711
1 0.328125 0.876953 0.333984 0.877930 0.338867 0.883789 0.336914 0.888672 0.331055 0.888672 0.326172 0.882812
1 0.425781 0.870117 0.434570 0.870117 0.439453 0.874023 0.439453 0.880859 0.437500 0.885742 0.427734 0.887695 0.419922 0.881836 0.419922 0.881836 0.419922 0.874023
1 0.410156 0.875977 0.413086 0.877930 0.413086 0.881836 0.410156 0.883789 0.407227 0.878906
1 0.415039 0.883789 0.415039 0.883789 0.415039 0.888672 0.411133 0.887695 0.410156 0.883789
1 0.472656 0.856445 0.479492 0.858398 0.479492 0.862305 0.473633 0.865234
1 0.362305 0.899414 0.369141 0.900391 0.375000 0.905273 0.375000 0.910156 0.370117 0.912109 0.364258 0.910156 0.362305 0.903320
1 0.356445 0.924805 0.358398 0.931641 0.356445 0.932617 0.352539 0.930664 0.352539 0.924805
1 0.336914 0.934570 0.338867 0.930664 0.343750 0.928711 0.346680 0.930664 0.347656 0.934570 0.340820 0.936523
1 0.405273 0.984375 0.405273 0.990234 0.400391 0.993164 0.397461 0.989258 0.400391 0.982422
1 0.359375 0.969727 0.364258 0.969727 0.363281 0.974609 0.363281 0.974609 0.359375 0.974609
1 0.545898 0.781250 0.550781 0.784180 0.550781 0.788086 0.546875 0.791992 0.541992 0.787109 0.541992 0.787109
1 0.553711 0.781250 0.558594 0.782227 0.560547 0.788086 0.555664 0.790039 0.552734 0.785156
1 0.539062 0.687500 0.545898 0.686523 0.550781 0.689453 0.549805 0.695312 0.541992 0.697266
1 0.545898 0.699219 0.553711 0.701172 0.555664 0.708008 0.551758 0.710938 0.545898 0.707031
1 0.578125 0.647461 0.582031 0.650391 0.581055 0.653320 0.576172 0.654297 0.574219 0.650391
1 0.576172 0.638672 0.578125 0.643555 0.578125 0.647461 0.574219 0.647461 0.574219 0.641602
1 0.557617 0.618164 0.560547 0.618164 0.560547 0.621094 0.557617 0.621094
1 0.555664 0.613281 0.559570 0.613281 0.559570 0.617188 0.555664 0.617188
1 0.559570 0.592773 0.567383 0.596680 0.566406 0.600586 0.564453 0.601562 0.564453 0.603516 0.567383 0.605469 0.565430 0.607422 0.557617 0.606445 0.554688 0.599609 0.553711 0.595703
1 0.498047 0.610352 0.501953 0.609375 0.502930 0.613281 0.499023 0.615234
0 0.595703 0.484375 0.604492 0.485352 0.604492 0.485352 0.605469 0.493164 0.608398 0.498047 0.609375 0.504883 0.612305 0.510742 0.613281 0.520508 0.617188 0.525391 0.618164 0.535156 0.622070 0.542969 0.622070 0.549805 0.617188 0.548828 0.614258 0.540039 0.608398 0.530273 0.605469 0.521484 0.601562 0.506836 0.596680 0.492188 0.591797 0.490234 0.589844 0.484375
1 0.644531 0.481445 0.651367 0.483398 0.650391 0.489258 0.645508 0.492188 0.641602 0.487305
1 0.656250 0.483398 0.660156 0.489258 0.657227 0.495117 0.652344 0.494141 0.651367 0.486328 0.651367 0.486328
1 0.449219 0.333008 0.452148 0.336914 0.451172 0.340820 0.446289 0.339844 0.445312 0.333984
1 0.454102 0.331055 0.459961 0.330078 0.460938 0.334961 0.456055 0.336914
1 0.461914 0.330078 0.467773 0.328125 0.468750 0.333984 0.461914 0.334961
1 0.504883 0.219727 0.509766 0.220703 0.511719 0.226562 0.504883 0.227539 0.501953 0.223633
1 0.524414 0.223633 0.532227 0.225586 0.534180 0.232422 0.528320 0.234375 0.522461 0.229492 0.523438 0.229492
1 0.622070 0.186523 0.626953 0.192383 0.626953 0.192383 0.625977 0.198242 0.625977 0.198242 0.620117 0.197266 0.616211 0.190430
1 0.580078 0.142578 0.586914 0.147461 0.583008 0.154297 0.583984 0.154297 0.576172 0.151367 0.573242 0.142578
1 0.427734 0.135742 0.432617 0.132812 0.436523 0.135742 0.435547 0.139648 0.431641 0.139648
1 0.394531 0.157227 0.396484 0.164062 0.388672 0.166016 0.385742 0.159180
1 0.399414 0.166016 0.403320 0.166992 0.403320 0.173828 0.398438 0.171875
1 0.418945 0.120117 0.418945 0.125000 0.414062 0.124023 0.414062 0.120117
1 0.433594 0.117188 0.437500 0.117188 0.436523 0.122070 0.432617 0.122070
1 0.539062 0.105469 0.542969 0.111328 0.542969 0.120117 0.536133 0.121094 0.532227 0.115234 0.534180 0.106445
1 0.453125 0.100586 0.453125 0.106445 0.450195 0.105469 0.449219 0.101562
1 0.454102 0.115234 0.455078 0.120117 0.451172 0.120117 0.450195 0.115234
1 0.382812 0.072266 0.386719 0.073242 0.386719 0.078125 0.382812 0.077148
1 0.392578 0.097656 0.397461 0.098633 0.397461 0.102539 0.390625 0.102539
1 0.462891 0.043945 0.467773 0.042969 0.470703 0.048828 0.467773 0.050781 0.461914 0.048828
1 0.424805 0.040039 0.429688 0.040039 0.429688 0.043945 0.423828 0.044922
1 0.399414 0.042969 0.405273 0.041992 0.408203 0.044922 0.408203 0.047852 0.403320 0.047852 0.401367 0.046875
1 0.430664 0.003906 0.433594 0.009766 0.432617 0.015625 0.427734 0.016602 0.424805 0.011719 0.424805 0.011719 0.424805 0.006836
1 0.463867 0.036133 0.470703 0.034180 0.476562 0.037109 0.478516 0.041016 0.483398 0.042969 0.488281 0.050781 0.488281 0.050781 0.485352 0.054688 0.485352 0.054688 0.476562 0.054688 0.474609 0.046875 0.468750 0.044922 0.461914 0.041016 0.461914 0.041016
1 0.620117 0.005859 0.626953 0.008789 0.629883 0.012695 0.634766 0.013672 0.635742 0.021484 0.629883 0.025391 0.623047 0.022461 0.623047 0.029297 0.623047 0.029297 0.617188 0.030273 0.614258 0.022461 0.616211 0.013672 0.617188 0.006836
1 0.645508 0.009766 0.649414 0.019531 0.645508 0.022461 0.639648 0.017578 0.636719 0.011719 0.636719 0.011719 0.639648 0.008789
1 0.663086 0.008789 0.665039 0.012695 0.663086 0.014648 0.658203 0.010742 0.658203 0.010742
1 0.653320 0.041992 0.660156 0.042969 0.662109 0.048828 0.659180 0.052734 0.653320 0.050781 0.652344 0.045898
1 0.641602 0.073242 0.643555 0.080078 0.639648 0.081055 0.634766 0.076172
1 0.659180 0.069336 0.662109 0.075195 0.660156 0.081055 0.654297 0.079102 0.653320 0.072266
1 0.650391 0.072266 0.653320 0.076172 0.653320 0.076172 0.653320 0.080078 0.646484 0.080078 0.646484 0.074219
1 0.590820 0.093750 0.596680 0.091797 0.599609 0.095703 0.600586 0.100586 0.595703 0.102539 0.590820 0.099609
1 0.592773 0.127930 0.596680 0.130859 0.596680 0.133789 0.592773 0.133789 0.588867 0.130859
1 0.726562 0.337891 0.730469 0.338867 0.730469 0.343750 0.725586 0.343750
1 0.754883 0.354492 0.758789 0.357422 0.759766 0.361328 0.753906 0.360352
1 0.752930 0.423828 0.760742 0.423828 0.759766 0.427734 0.756836 0.430664 0.750000 0.428711
1 0.698242 0.460938 0.704102 0.460938 0.704102 0.460938 0.706055 0.465820 0.704102 0.469727 0.698242 0.469727 0.694336 0.464844
1 0.685547 0.477539 0.691406 0.478516 0.690430 0.484375 0.690430 0.484375 0.686523 0.485352 0.683594 0.481445
1 0.727539 0.482422 0.718750 0.482422 0.720703 0.488281 0.724609 0.488281 0.727539 0.486328
1 0.745117 0.506836 0.748047 0.509766 0.747070 0.514648 0.742188 0.513672 0.739258 0.509766
1 0.750000 0.504883 0.754883 0.503906 0.756836 0.507812 0.754883 0.511719 0.750000 0.511719 0.748047 0.508789
1 0.684570 0.519531 0.687500 0.525391 0.684570 0.529297 0.677734 0.527344 0.678711 0.527344 0.677734 0.520508
1 0.693359 0.497070 0.700195 0.498047 0.700195 0.504883 0.696289 0.505859 0.691406 0.500977
1 0.706055 0.518555 0.706055 0.525391 0.703125 0.526367 0.698242 0.524414 0.700195 0.518555
1 0.715820 0.494141 0.720703 0.497070 0.719727 0.501953 0.717773 0.503906 0.712891 0.500000 0.712891 0.500000
1 0.693359 0.537109 0.702148 0.538086 0.706055 0.544922 0.703125 0.554688 0.697266 0.556641 0.688477 0.551758 0.687500 0.542969
1 0.725586 0.555664 0.733398 0.560547 0.735352 0.567383 0.731445 0.571289 0.722656 0.572266 0.714844 0.566406 0.714844 0.560547 0.719727 0.556641
1 0.704102 0.539062 0.708984 0.536133 0.711914 0.541992 0.710938 0.545898 0.705078 0.546875
1 0.747070 0.531250 0.751953 0.534180 0.751953 0.540039 0.749023 0.542969 0.743164 0.541992 0.742188 0.533203
1 0.755859 0.524414 0.756836 0.528320 0.754883 0.532227 0.750977 0.531250 0.749023 0.526367 0.751953 0.523438
1 0.760742 0.521484 0.765625 0.523438 0.763672 0.528320 0.759766 0.530273 0.755859 0.525391
1 0.765625 0.526367 0.769531 0.529297 0.769531 0.529297 0.769531 0.536133 0.764648 0.536133 0.758789 0.533203 0.759766 0.528320
1 0.779297 0.528320 0.789062 0.528320 0.795898 0.534180 0.792969 0.547852 0.785156 0.551758 0.772461 0.548828 0.772461 0.541016 0.773438 0.533203
1 0.785156 0.507812 0.792969 0.510742 0.795898 0.517578 0.792969 0.519531 0.784180 0.519531 0.780273 0.513672 0.780273 0.513672
1 0.822266 0.498047 0.829102 0.500000 0.830078 0.508789 0.824219 0.510742 0.819336 0.504883 0.819336 0.504883
0 0.801758 0.503906 0.813477 0.504883 0.816406 0.512695 0.819336 0.524414 0.819336 0.524414 0.824219 0.535156 0.819336 0.541016 0.810547 0.541016 0.803711 0.539062 0.801758 0.533203 0.801758 0.533203 0.794922 0.531250 0.792969 0.522461 0.799805 0.519531 0.797852 0.510742 0.797852 0.506836
1 0.762695 0.595703 0.766602 0.593750 0.768555 0.596680 0.767578 0.604492 0.763672 0.605469 0.760742 0.599609
1 0.772461 0.591797 0.775391 0.591797 0.776367 0.596680 0.773438 0.598633 0.769531 0.595703
0 0.790039 0.559570 0.794922 0.560547 0.796875 0.565430 0.801758 0.566406 0.808594 0.566406 0.812500 0.561523 0.810547 0.553711 0.811523 0.547852 0.818359 0.549805 0.824219 0.550781 0.829102 0.551758 0.832031 0.556641 0.833008 0.563477 0.834961 0.568359 0.832031 0.573242 0.829102 0.575195 0.830078 0.583984 0.825195 0.586914 0.817383 0.584961 0.812500 0.579102 0.809570 0.588867 0.803711 0.591797 0.797852 0.586914 0.795898 0.578125 0.790039 0.573242 0.790039 0.567383 0.787109 0.563477
1 0.754883 0.014648 0.760742 0.017578 0.758789 0.022461 0.758789 0.022461 0.752930 0.021484 0.751953 0.016602
1 0.747070 0.026367 0.751953 0.027344 0.751953 0.032227 0.747070 0.031250
1 0.821289 0.010742 0.822266 0.014648 0.818359 0.015625 0.817383 0.011719
0 0.825195 0.025391 0.830078 0.022461 0.835938 0.025391 0.837891 0.029297 0.841797 0.033203 0.846680 0.037109 0.845703 0.041016 0.841797 0.040039 0.835938 0.040039
1 0.754883 0.040039 0.755859 0.044922 0.751953 0.045898 0.751953 0.041992
1 0.752930 0.046875 0.756836 0.046875 0.757812 0.049805 0.753906 0.050781
1 0.754883 0.061523 0.759766 0.060547 0.759766 0.063477 0.755859 0.064453
1 0.733398 0.042969 0.734375 0.047852 0.730469 0.047852 0.729492 0.043945
1 0.744141 0.085938 0.743164 0.093750 0.740234 0.094727 0.737305 0.091797 0.738281 0.086914
1 0.758789 0.083984 0.762695 0.084961 0.761719 0.089844 0.756836 0.090820 0.754883 0.086914
1 0.809570 0.076172 0.809570 0.081055 0.805664 0.083008 0.804688 0.077148
1 0.838867 0.085938 0.846680 0.087891 0.848633 0.095703 0.840820 0.097656 0.841797 0.097656 0.834961 0.093750 0.834961 0.087891
1 0.860352 0.080078 0.866211 0.083008 0.867188 0.094727 0.858398 0.092773 0.853516 0.090820 0.853516 0.090820 0.852539 0.083008
1 0.805664 0.105469 0.809570 0.104492 0.811523 0.108398 0.807617 0.108398
1 0.814453 0.101562 0.816406 0.100586 0.818359 0.103516 0.815430 0.104492
1 0.820312 0.106445 0.824219 0.108398 0.823242 0.112305 0.820312 0.111328
1 0.751953 0.119141 0.758789 0.117188 0.760742 0.122070 0.758789 0.125000 0.752930 0.124023
1 0.761719 0.115234 0.767578 0.115234 0.769531 0.118164 0.768555 0.121094 0.764648 0.122070 0.761719 0.119141
1 0.927734 0.062500 0.925781 0.066406 0.917969 0.064453 0.916992 0.060547 0.922852 0.059570
1 0.927734 0.065430 0.929688 0.069336 0.928711 0.072266 0.922852 0.072266 0.922852 0.066406
0 0.945312 0.048828 0.949219 0.050781 0.954102 0.046875 0.958008 0.050781 0.960938 0.045898 0.970703 0.045898 0.974609 0.047852 0.975586 0.043945 0.980469 0.043945 0.985352 0.046875 0.986328 0.050781 0.983398 0.050781 0.976562 0.050781 0.968750 0.052734 0.964844 0.053711 0.964844 0.057617 0.959961 0.058594 0.959961 0.062500 0.952148 0.065430 0.952148 0.066406 0.944336 0.064453 0.943359 0.057617
1 0.838867 0.106445 0.838867 0.109375 0.834961 0.109375 0.833984 0.105469
1 0.835938 0.109375 0.837891 0.111328 0.837891 0.115234 0.833984 0.114258
1 0.839844 0.118164 0.842773 0.122070 0.841797 0.125000 0.836914 0.121094
1 0.859375 0.169922 0.859375 0.177734 0.854492 0.176758 0.854492 0.170898
1 0.856445 0.176758 0.860352 0.177734 0.860352 0.183594 0.855469 0.181641
1 0.784180 0.183594 0.789062 0.184570 0.791016 0.190430 0.788086 0.193359 0.783203 0.193359 0.781250 0.187500
1 0.771484 0.188477 0.775391 0.187500 0.776367 0.191406 0.772461 0.191406
1 0.765625 0.191406 0.768555 0.192383 0.768555 0.196289 0.763672 0.195312
1 0.757812 0.171875 0.761719 0.171875 0.764648 0.177734 0.758789 0.179688 0.755859 0.176758
1 0.873047 0.370117 0.878906 0.371094 0.878906 0.375977 0.873047 0.376953
1 0.839844 0.395508 0.843750 0.402344 0.839844 0.406250 0.834961 0.404297 0.833984 0.397461
0 0.844727 0.492188 0.853516 0.495117 0.851562 0.501953 0.844727 0.503906 0.846680 0.511719 0.844727 0.514648 0.838867 0.513672 0.834961 0.508789 0.833008 0.500000 0.838867 0.493164
1 0.858398 0.511719 0.862305 0.512695 0.862305 0.517578 0.858398 0.517578
1 0.845703 0.517578 0.849609 0.523438 0.848633 0.530273 0.844727 0.530273 0.840820 0.525391 0.840820 0.519531
1 0.858398 0.530273 0.865234 0.535156 0.863281 0.541016 0.855469 0.541992 0.851562 0.536133 0.852539 0.531250
1 0.863281 0.550781 0.865234 0.554688 0.861328 0.555664 0.858398 0.550781
1 0.863281 0.544922 0.870117 0.546875 0.870117 0.553711 0.865234 0.551758
1 0.863281 0.567383 0.867188 0.566406 0.868164 0.572266 0.868164 0.572266 0.862305 0.572266
1 0.868164 0.562500 0.873047 0.560547 0.875977 0.565430 0.872070 0.569336
1 0.874023 0.583008 0.875000 0.589844 0.871094 0.591797 0.868164 0.585938
1 0.876953 0.582031 0.881836 0.583984 0.882812 0.588867 0.876953 0.588867
1 0.913086 0.598633 0.922852 0.601562 0.925781 0.610352 0.925781 0.615234 0.916992 0.618164 0.909180 0.614258 0.909180 0.606445 0.911133 0.601562
1 0.875977 0.620117 0.875977 0.625977 0.871094 0.627930 0.868164 0.623047 0.868164 0.623047 0.869141 0.618164
1 0.857422 0.614258 0.863281 0.616211 0.863281 0.622070 0.857422 0.624023 0.850586 0.620117 0.850586 0.620117
1 0.810547 0.613281 0.815430 0.622070 0.813477 0.626953 0.808594 0.626953 0.804688 0.622070 0.807617 0.617188
1 0.826172 0.615234 0.833008 0.615234 0.834961 0.623047 0.832031 0.627930 0.832031 0.627930 0.826172 0.625977 0.824219 0.620117
1 0.826172 0.643555 0.827148 0.648438 0.823242 0.649414 0.822266 0.644531
0 0.974609 0.642578 0.982422 0.647461 0.984375 0.657227 0.986328 0.665039 0.979492 0.666992 0.974609 0.663086 0.968750 0.657227 0.968750 0.657227 0.959961 0.658203 0.945312 0.661133 0.937500 0.666992 0.932617 0.674805 0.933594 0.682617 0.935547 0.691406 0.937500 0.696289 0.936523 0.704102 0.941406 0.706055 0.942383 0.709961 0.938477 0.713867 0.940430 0.723633 0.940430 0.731445 0.935547 0.733398 0.932617 0.726562 0.927734 0.727539 0.921875 0.721680 0.922852 0.714844 0.930664 0.712891 0.927734 0.705078 0.927734 0.699219 0.927734 0.699219 0.924805 0.694336 0.917969 0.692383 0.917969 0.685547 0.920898 0.681641 0.917969 0.676758 0.917969 0.668945 0.923828 0.663086 0.929688 0.661133 0.937500 0.658203 0.945312 0.655273 0.952148 0.652344 0.959961 0.648438 0.967773 0.646484
1 0.844727 0.693359 0.848633 0.697266 0.845703 0.703125 0.838867 0.702148 0.836914 0.696289
1 0.855469 0.755859 0.858398 0.756836 0.858398 0.761719 0.854492 0.761719
1 0.928711 0.757812 0.932617 0.757812 0.933594 0.761719 0.928711 0.762695
1 0.830078 0.975586 0.834961 0.978516 0.841797 0.975586 0.846680 0.980469 0.846680 0.987305 0.846680 0.987305 0.848633 0.995117 0.841797 1.000000 0.825195 1.000000 0.818359 0.994141 0.819336 0.983398 0.826172 0.983398
1 0.847656 0.979492 0.856445 0.977539 0.862305 0.982422 0.862305 0.988281 0.853516 0.992188 0.853516 0.992188 0.847656 0.993164 0.844727 0.986328
1 0.856445 0.974609 0.866211 0.971680 0.867188 0.978516 0.863281 0.981445 0.858398 0.976562
1 0.875000 0.968750 0.879883 0.969727 0.882812 0.976562 0.877930 0.976562 0.873047 0.974609
1 0.907227 0.949219 0.908203 0.958984 0.902344 0.958008 0.898438 0.958984 0.896484 0.951172 0.900391 0.945312
0 0.919922 0.927734 0.929688 0.919922 0.935547 0.917969 0.939453 0.922852 0.940430 0.930664 0.937500 0.931641 0.935547 0.936523 0.929688 0.939453 0.921875 0.946289 0.921875 0.952148 0.917969 0.955078 0.917969 0.958008 0.912109 0.957031 0.908203 0.953125 0.908203 0.946289 0.913086 0.943359 0.911133 0.935547 0.915039 0.931641
0 1.000000 0.877930 0.992188 0.880859 0.988281 0.875977 0.978516 0.875977 0.974609 0.881836 0.975586 0.886719 0.974609 0.891602 0.969727 0.895508 0.971680 0.900391 0.977539 0.902344 0.983398 0.898438 0.992188 0.892578 0.994141 0.887695 1.000000 0.884766
0 0.952148 0.910156 0.957031 0.902344 0.962891 0.899414 0.967773 0.897461 0.971680 0.899414 0.971680 0.902344 0.966797 0.908203 0.967773 0.911133 0.964844 0.914062 0.959961 0.918945 0.958008 0.923828 0.950195 0.925781 0.943359 0.921875 0.943359 0.914062 0.946289 0.910156 0.946289 0.910156
1 0.760742 0.890625 0.763672 0.901367 0.757812 0.904297 0.751953 0.900391 0.752930 0.893555
1 0.808594 0.765625 0.812500 0.764648 0.817383 0.767578 0.815430 0.772461 0.810547 0.772461
1 0.834961 0.750000 0.839844 0.750977 0.839844 0.757812 0.834961 0.757812
1 0.830078 0.742188 0.834961 0.742188 0.834961 0.747070 0.831055 0.746094
1 0.787109 0.711914 0.792969 0.711914 0.794922 0.716797 0.793945 0.719727 0.787109 0.718750
1 0.696289 0.709961 0.702148 0.713867 0.703125 0.720703 0.701172 0.724609 0.694336 0.721680 0.692383 0.714844 0.692383 0.714844
1 0.608398 0.763672 0.613281 0.770508 0.610352 0.776367 0.603516 0.776367 0.598633 0.771484 0.598633 0.771484 0.602539 0.768555 0.603516 0.762695
0 0.615234 0.761719 0.620117 0.763672 0.625000 0.757812 0.625000 0.757812 0.632812 0.755859 0.640625 0.757812 0.643555 0.760742 0.651367 0.759766 0.653320 0.770508 0.654297 0.780273 0.656250 0.788086 0.645508 0.793945 0.639648 0.791016 0.636719 0.788086 0.641602 0.780273 0.633789 0.774414 0.625000 0.778320 0.618164 0.782227 0.611328 0.783203 0.611328 0.783203 0.606445 0.777344 0.606445 0.778320 0.611328 0.776367 0.613281 0.770508 0.611328 0.764648
1 0.767578 0.791016 0.767578 0.796875 0.761719 0.795898 0.761719 0.790039
1 0.725586 0.649414 0.731445 0.651367 0.731445 0.656250 0.726562 0.659180 0.722656 0.654297
1 0.625000 0.568359 0.629883 0.573242 0.627930 0.578125 0.622070 0.576172 0.619141 0.571289
1 0.636719 0.594727 0.637695 0.600586 0.632812 0.602539 0.626953 0.599609 0.627930 0.594727
1 0.725586 0.509766 0.730469 0.508789 0.733398 0.514648 0.727539 0.517578
1 0.775391 0.484375 0.780273 0.485352 0.780273 0.490234 0.775391 0.490234
1 0.795898 0.429688 0.802734 0.427734 0.802734 0.433594 0.798828 0.436523
1 0.498047 0.013672 0.501953 0.017578 0.501953 0.024414 0.496094 0.025391 0.491211 0.019531
1 0.684570 0.456055 0.685547 0.461914 0.681641 0.462891 0.679688 0.457031
1 0.677734 0.464844 0.682617 0.463867 0.683594 0.467773 0.679688 0.469727
0 0.721680 0.846680 0.723633 0.850586 0.715820 0.856445 0.706055 0.861328 0.698242 0.866211 0.690430 0.867188 0.690430 0.867188 0.689453 0.861328 0.694336 0.859375 0.697266 0.851562 0.707031 0.849609 0.712891 0.844727
1 0.582031 0.902344 0.588867 0.898438 0.591797 0.902344 0.596680 0.908203 0.591797 0.913086 0.583008 0.915039 0.577148 0.916992 0.574219 0.910156 0.576172 0.904297
1 0.654297 0.944336 0.661133 0.946289 0.661133 0.952148 0.656250 0.951172
1 0.511719 0.914062 0.511719 0.925781 0.505859 0.928711 0.499023 0.925781 0.500000 0.916992 0.505859 0.913086
1 0.514648 0.921875 0.519531 0.923828 0.520508 0.928711 0.513672 0.928711
1 0.485352 0.902344 0.493164 0.905273 0.491211 0.912109 0.483398 0.912109 0.481445 0.907227 0.481445 0.907227
1 0.453125 0.939453 0.458984 0.941406 0.457031 0.946289 0.452148 0.945312
1 0.428711 0.919922 0.431641 0.922852 0.430664 0.926758 0.426758 0.924805
1 0.458008 0.845703 0.461914 0.845703 0.463867 0.850586 0.463867 0.850586 0.459961 0.852539 0.458008 0.850586
1 0.416992 0.209961 0.417969 0.215820 0.414062 0.215820 0.413086 0.211914
1 0.407227 0.212891 0.411133 0.211914 0.412109 0.215820
1 0.202148 0.040039 0.207031 0.040039 0.208008 0.043945 0.202148 0.043945
1 0.343750 0.315430 0.346680 0.323242 0.347656 0.323242 0.342773 0.327148 0.335938 0.325195 0.336914 0.317383
1 0.347656 0.300781 0.352539 0.304688 0.351562 0.308594 0.346680 0.305664
0 0.188477 0.800781 0.198242 0.797852 0.200195 0.804688 0.209961 0.806641 0.214844 0.816406 0.223633 0.814453 0.223633 0.807617 0.216797 0.804688 0.218750 0.798828 0.226562 0.796875 0.228516 0.800781 0.229492 0.808594 0.234375 0.824219 0.231445 0.832031 0.220703 0.833008 0.218750 0.838867 0.211914 0.839844 0.208008 0.833008 0.200195 0.836914 0.193359 0.833008 0.196289 0.825195 0.191406 0.818359 0.187500 0.814453 0.186523 0.807617
1 0.206055 0.795898 0.209961 0.794922 0.210938 0.799805 0.208008 0.800781
1 0.211914 0.793945 0.216797 0.792969 0.216797 0.797852 0.212891 0.798828
1 0.218750 0.966797 0.225586 0.964844 0.226562 0.968750 0.223633 0.972656 0.217773 0.971680
1 0.114258 0.826172 0.119141 0.826172 0.123047 0.831055 0.122070 0.834961 0.115234 0.833984
1 0.060547 0.648438 0.068359 0.652344 0.068359 0.657227 0.062500 0.657227
1 0.084961 0.297852 0.086914 0.304688 0.082031 0.306641 0.079102 0.303711 0.079102 0.298828
1 0.039062 0.296875 0.042969 0.295898 0.044922 0.302734 0.040039 0.304688 0.037109 0.300781
1 0.073242 0.226562 0.074219 0.231445 0.070312 0.234375 0.067383 0.228516
1 0.085938 0.059570 0.089844 0.059570 0.089844 0.064453 0.084961 0.064453
1 0.068359 0.322266 0.068359 0.326172 0.063477 0.325195 0.063477 0.321289
1 0.002930 0.815430 0.006836 0.815430 0.008789 0.820312 0.006836 0.823242 0.001953 0.821289 0.000000 0.817383
1 0.000000 0.829102 0.004883 0.827148 0.006836 0.830078 0.005859 0.833984 0.000977 0.833984
1 0.009766 0.840820 0.013672 0.842773 0.013672 0.846680 0.009766 0.846680
1 0.027344 0.837891 0.032227 0.835938 0.034180 0.838867 0.031250 0.841797 0.027344 0.841797
0 0.050781 0.803711 0.051758 0.806641 0.051758 0.808594 0.057617 0.810547 0.057617 0.816406 0.056641 0.818359 0.059570 0.821289 0.058594 0.828125 0.057617 0.833984 0.051758 0.836914 0.048828 0.837891 0.045898 0.833984 0.049805 0.830078 0.053711 0.826172 0.051758 0.816406 0.048828 0.812500 0.047852 0.804688
1 0.080078 0.874023 0.084961 0.873047 0.085938 0.876953 0.083984 0.880859 0.079102 0.879883
1 0.019531 0.870117 0.025391 0.870117 0.027344 0.875000 0.021484 0.877930 0.017578 0.874023
1 0.139648 0.936523 0.146484 0.937500 0.148438 0.943359 0.147461 0.948242 0.140625 0.948242 0.135742 0.941406
1 0.151367 0.958984 0.157227 0.958984 0.157227 0.961914 0.151367 0.962891