1 0.000000 0.109712 0.006260 0.108074 0.013256 0.109712 0.014446 0.114177 0.013106 0.119833 0.008790 0.124001 0.003283 0.126680 0.000000 0.127275
1 0.000865 0.126468 0.004719 0.126397 0.007452 0.127589 0.008783 0.129341 0.009484 0.133405 0.008503 0.136979 0.005771 0.139782 0.004158 0.140974 0.001986 0.141814 0.000000 0.143637 0.000000 0.126818
1 0.015373 0.071963 0.011931 0.070876 0.010752 0.065259 0.012202 0.062178 0.015282 0.060819 0.017638 0.061815 0.018453 0.065077 0.018272 0.067795 0.018635 0.069788
1 0.005059 0.037050 0.002359 0.033901 0.001122 0.032214 0.002810 0.027491 0.005846 0.025130 0.009669 0.025579 0.011693 0.027491 0.011469 0.031765 0.010119 0.034351
1 0.079293 0.122130 0.072740 0.120164 0.074487 0.110116 0.079729 0.104656 0.088030 0.104001 0.089777 0.108806 0.089777 0.116014 0.082788 0.119072
1 0.124003 0.122528 0.121443 0.121012 0.119832 0.115988 0.124003 0.112766 0.127226 0.113334 0.129311 0.115894 0.128458 0.119021 0.126372 0.120728
1 0.128201 0.105673 0.125489 0.104266 0.125389 0.099443 0.128905 0.097636 0.134229 0.099745 0.135435 0.104970
1 0.191778 0.048854 0.188633 0.049290 0.186361 0.048154 0.184789 0.043262 0.188283 0.040204 0.192128 0.040466 0.194312 0.042301 0.194661 0.044747 0.193264 0.047106
1 0.198942 0.047630 0.197282 0.047718 0.195577 0.046602 0.195469 0.041804 0.197949 0.040240 0.201184 0.040779 0.202801 0.042181 0.203609 0.044392 0.202369 0.046871
1 0.200300 0.074521 0.198329 0.073565 0.197732 0.070041 0.199763 0.068728 0.202331 0.069146 0.202809 0.071833 0.201196 0.072788
1 0.313189 0.051031 0.308662 0.047723 0.310403 0.044153 0.314408 0.042324 0.317630 0.045110 0.316721 0.049576
1 0.331595 0.051614 0.328323 0.051865 0.325136 0.048343 0.326478 0.045071 0.330672 0.043562 0.334447 0.044400 0.336209 0.046329 0.335202 0.049517
1 0.342500 0.052201 0.339061 0.049937 0.339647 0.044987 0.344681 0.043310 0.349211 0.043812 0.350218 0.045994 0.349882 0.049098 0.346358 0.051698
1 0.303033 0.005577 0.301377 0.004387 0.301065 0.001383 0.303707 0.000000 0.305984 0.000000 0.306606 0.002937 0.305260 0.004387
1 0.459297 0.004049 0.456368 0.003536 0.454978 0.000000 0.460835 0.000000 0.461787 0.001412
1 0.454967 0.008914 0.452533 0.008229 0.451392 0.004808 0.454434 0.003286 0.457096 0.004503 0.457248 0.006860
1 0.449947 0.013399 0.446139 0.011450 0.447556 0.006225 0.450656 0.006490 0.453313 0.007642 0.452870 0.010653
1 0.415420 0.159985 0.412576 0.158393 0.411552 0.152591 0.414852 0.150429 0.418264 0.150771 0.419971 0.153955 0.419856 0.157710
1 0.487113 0.000000 0.486979 0.002454 0.486577 0.005808 0.487918 0.008424 0.491071 0.008826 0.492681 0.008491 0.493688 0.005942 0.494492 0.000000
1 0.490082 0.021784 0.487526 0.020305 0.486585 0.016204 0.487190 0.011564 0.490216 0.009145 0.493847 0.009749 0.495394 0.012774 0.495259 0.016338 0.494520 0.020104 0.492771 0.021448
1 0.484039 0.026771 0.481643 0.025734 0.482096 0.021589 0.485270 0.020423 0.487926 0.022431 0.487472 0.025734
1 0.484514 0.054377 0.476525 0.052237 0.476953 0.043965 0.488508 0.044107 0.490790 0.050384
1 0.082383 0.288294 0.076076 0.286087 0.073396 0.277257 0.078283 0.273157 0.084591 0.272526 0.087902 0.278045 0.086482 0.283722
1 0.162722 0.553823 0.155350 0.548779 0.152051 0.538108 0.148171 0.528407 0.161170 0.521035 0.167185 0.523751 0.170482 0.532481 0.171841 0.538885 0.169513 0.547228 0.166990 0.551302
1 0.052922 0.522340 0.048264 0.520696 0.044976 0.513983 0.049634 0.506585 0.057031 0.507544 0.061142 0.510558 0.064155 0.515490 0.058265 0.522614
1 0.119436 0.497670 0.115818 0.495905 0.114760 0.490787 0.119436 0.487522 0.123583 0.488229 0.124818 0.492993 0.122524 0.496081
1 0.099418 0.505884 0.096547 0.505101 0.096199 0.498838 0.099939 0.496314 0.102550 0.498576 0.103507 0.502230 0.101680 0.504840
1 0.100162 0.519882 0.097083 0.517008 0.095852 0.510747 0.101394 0.506949 0.104678 0.510131 0.105191 0.515365 0.104165 0.518137
1 0.100470 0.532814 0.095338 0.530146 0.095440 0.523577 0.099957 0.520087 0.105191 0.521627 0.106218 0.526040 0.105602 0.530351
1 0.102522 0.549339 0.098007 0.546157 0.096878 0.539588 0.100983 0.534354 0.106320 0.535585 0.107552 0.539896 0.106730 0.545850
1 0.130029 0.544823 0.129162 0.543379 0.128101 0.539345 0.131072 0.537700 0.133566 0.537753 0.134946 0.539717 0.135105 0.542317 0.134310 0.544016 0.131868 0.545130
1 0.008491 0.506311 0.007844 0.504812 0.007865 0.501782 0.009374 0.501047 0.011252 0.501525 0.012356 0.503182 0.011988 0.505795 0.009779 0.506163
1 0.022937 0.506317 0.021270 0.505038 0.021037 0.501858 0.022976 0.501276 0.024566 0.501703 0.025690 0.502401 0.025846 0.504340 0.024566 0.505813
1 0.020910 0.566052 0.018803 0.564313 0.019329 0.561047 0.022754 0.559044 0.025915 0.559782 0.026021 0.563154 0.024861 0.565104
1 0.014377 0.581700 0.010741 0.580066 0.009266 0.575431 0.011795 0.571479 0.016379 0.570478 0.020488 0.572585 0.022332 0.575167 0.019329 0.579856
1 0.016063 0.639804 0.013642 0.638517 0.013414 0.634960 0.016971 0.632463 0.020981 0.633522 0.021663 0.637004 0.018938 0.639728
1 0.000000 0.696990 0.001459 0.697738 0.002356 0.700431 0.001907 0.702974 0.000000 0.704470
1 0.000000 0.713071 0.001159 0.714268 0.003328 0.716287 0.001907 0.719130 0.000000 0.720925
1 0.015467 0.703496 0.013359 0.702442 0.014132 0.698578 0.017504 0.698508 0.017855 0.702302
1 0.004146 0.624687 0.002500 0.623120 0.004538 0.618966 0.008144 0.618338 0.008928 0.621552 0.007595 0.624296
1 0.017507 0.721328 0.015452 0.719908 0.015106 0.717706 0.017481 0.716930 0.019425 0.717620 0.019122 0.720600
1 0.018616 0.735391 0.016389 0.734746 0.015626 0.731580 0.018030 0.729879 0.019906 0.732166 0.019262 0.734336
1 0.016044 0.772547 0.014182 0.769786 0.015915 0.766255 0.018805 0.766447 0.019832 0.769208 0.019318 0.772290
1 0.010096 0.834735 0.007735 0.830014 0.010411 0.824033 0.017021 0.822932 0.019539 0.827968 0.017650 0.833318
1 0.032910 0.786420 0.027680 0.787897 0.021882 0.779825 0.022678 0.769253 0.024497 0.758452 0.030182 0.752086 0.041095 0.750608 0.044961 0.760612 0.047348 0.769594 0.044051 0.777438 0.038253 0.784373
1 0.063378 0.787784 0.058603 0.785851 0.056329 0.778575 0.061445 0.774482 0.068039 0.774710 0.069744 0.779825 0.068721 0.786761
1 0.061104 0.805860 0.057353 0.804496 0.055902 0.800216 0.057955 0.798536 0.060878 0.798226 0.063365 0.800091 0.063552 0.803822 0.062494 0.805688
1 0.048425 0.796552 0.045817 0.794701 0.045817 0.789992 0.049686 0.788983 0.051536 0.790833 0.052125 0.794112 0.051115 0.795626
1 0.071807 0.622286 0.069486 0.617260 0.073354 0.613006 0.076640 0.614069 0.077510 0.618710 0.074610 0.621803
1 0.073307 0.661640 0.071096 0.660288 0.070728 0.657033 0.070420 0.652734 0.072631 0.649786 0.074903 0.651321 0.076500 0.653962 0.076623 0.657954 0.075271 0.661578
1 0.286541 0.012451 0.281935 0.007845 0.286712 0.000000 0.293877 0.000680 0.295753 0.007333 0.292171 0.011257
1 0.134602 0.343709 0.130517 0.342719 0.126680 0.335417 0.130021 0.329724 0.138066 0.328238 0.141161 0.333685 0.139676 0.342472
1 0.134387 0.370289 0.129447 0.367895 0.127202 0.359063 0.133489 0.356369 0.140523 0.359513 0.139477 0.367745
1 0.224077 0.311545 0.218479 0.310206 0.217261 0.302903 0.224077 0.301077 0.228216 0.305824 0.225659 0.309841
1 0.196059 0.325351 0.194174 0.323122 0.194345 0.319810 0.198001 0.318038 0.200914 0.318324 0.201657 0.321352 0.200914 0.323922 0.198743 0.325293
1 0.196245 0.466453 0.191302 0.463901 0.188111 0.454970 0.195129 0.450664 0.201509 0.456405 0.199914 0.461509
1 0.219218 0.467302 0.216978 0.461143 0.221271 0.456850 0.226963 0.457970 0.227616 0.464782 0.222950 0.468515
1 0.211565 0.475700 0.207366 0.471501 0.207739 0.465248 0.212778 0.462636 0.218471 0.466182 0.218657 0.472061 0.216324 0.474953
1 0.219404 0.488671 0.214365 0.488391 0.212872 0.480553 0.217164 0.473181 0.222577 0.471967 0.226402 0.474580 0.228456 0.480086 0.226123 0.486151
1 0.204287 0.490164 0.197941 0.487737 0.196448 0.481112 0.201394 0.476540 0.206340 0.478873 0.208393 0.485965
1 0.220720 0.516928 0.212416 0.512233 0.211514 0.498695 0.222164 0.493821 0.229204 0.499236 0.228121 0.511512 0.225233 0.514941
1 0.281898 0.518543 0.274043 0.515737 0.270114 0.505076 0.280215 0.498343 0.293401 0.500026 0.295646 0.508162 0.292561 0.517421
1 0.266233 0.496071 0.259049 0.495173 0.254737 0.489065 0.261563 0.481521 0.271802 0.483677 0.274496 0.490144 0.270545 0.494454
1 0.532932 0.312022 0.527521 0.307694 0.531386 0.299192 0.538187 0.297183 0.540660 0.303830 0.537724 0.309240
1 0.534014 0.325935 0.530304 0.321452 0.530922 0.313568 0.536332 0.311250 0.542206 0.314342 0.542206 0.314342 0.540660 0.324698
1 0.532312 0.344021 0.527676 0.340311 0.526594 0.331654 0.532622 0.327480 0.538496 0.329490 0.540351 0.335674 0.534940 0.342630
1 0.517010 0.311404 0.511754 0.306612 0.515000 0.297028 0.522884 0.293937 0.525512 0.297028 0.528294 0.306303 0.523966 0.311095
1 0.516854 0.330882 0.513454 0.324853 0.518400 0.317278 0.523966 0.318979 0.526902 0.324698 0.525202 0.330882
1 0.519482 0.347886 0.512990 0.345566 0.512526 0.335364 0.519482 0.332891 0.525512 0.333818 0.528603 0.340002 0.526902 0.345258
1 0.503715 0.310940 0.498614 0.303675 0.503870 0.299192 0.509744 0.300274 0.511754 0.306303 0.509280 0.310322
1 0.505106 0.330727 0.500314 0.327326 0.498305 0.320370 0.503406 0.315269 0.510208 0.315424 0.512372 0.323771 0.512218 0.329645
1 0.503406 0.345412 0.497378 0.342166 0.497378 0.333664 0.502788 0.330727 0.506807 0.333510 0.506807 0.333510 0.508044 0.342166
1 0.474060 0.371546 0.466232 0.369642 0.462213 0.361392 0.468348 0.353142 0.479560 0.349968 0.484214 0.356949 0.481252 0.366257
1 0.413419 0.423067 0.409067 0.421202 0.405545 0.411672 0.410933 0.406285 0.420049 0.407320 0.422949 0.416022 0.418391 0.420166
1 0.397916 0.442218 0.393590 0.439501 0.393087 0.432559 0.397011 0.428434 0.404657 0.428836 0.408079 0.434269 0.409186 0.435577 0.405563 0.442821
1 0.386849 0.430848 0.383729 0.428031 0.381214 0.421994 0.384333 0.418171 0.390471 0.419177 0.392584 0.423905 0.391478 0.428937
1 0.450100 0.438943 0.442949 0.435709 0.442438 0.426686 0.452313 0.422088 0.455718 0.428218 0.455548 0.435538
1 0.450100 0.482530 0.440735 0.479976 0.440055 0.468058 0.446184 0.462099 0.455037 0.465674 0.458442 0.474187 0.454016 0.481509
1 0.478829 0.435022 0.467211 0.435797 0.461272 0.425211 0.464371 0.411270 0.475214 0.407139 0.486058 0.411270 0.494577 0.419273 0.485800 0.431666
1 0.497100 0.490289 0.493814 0.489787 0.490597 0.486959 0.489622 0.481207 0.494204 0.476332 0.499566 0.478185 0.502882 0.484034 0.500444 0.489592
1 0.367399 0.525821 0.362725 0.526341 0.359798 0.524589 0.358369 0.519669 0.361385 0.515146 0.367336 0.514829 0.371938 0.516099 0.372256 0.519511 0.369558 0.524669
1 0.368115 0.539142 0.364928 0.538079 0.362476 0.533747 0.362721 0.529006 0.367053 0.525736 0.371876 0.526227 0.376208 0.529415 0.375554 0.534810 0.372448 0.538979
1 0.355554 0.533939 0.353180 0.532252 0.353805 0.527440 0.356929 0.525379 0.360553 0.526503 0.362115 0.529878 0.360615 0.533127 0.358054 0.534127
0 0.363580 0.560029 0.360237 0.559870 0.355939 0.551593 0.355462 0.541087 0.367400 0.539973 0.377906 0.539018 0.380931 0.547613 0.377429 0.556368 0.369470 0.559711
1 0.395477 0.598100 0.391419 0.596071 0.387797 0.587956 0.390984 0.584188 0.399679 0.584334 0.403591 0.591724 0.401128 0.596796
1 0.394577 0.547474 0.390660 0.545842 0.388701 0.540618 0.392401 0.536156 0.397733 0.535829 0.400890 0.539203 0.401434 0.545624
1 0.389137 0.538441 0.384565 0.535829 0.384565 0.530062 0.389789 0.528212 0.393707 0.531041 0.393598 0.535829
1 0.395774 0.532456 0.391095 0.529627 0.389245 0.524403 0.392619 0.520376 0.398169 0.520268 0.401324 0.524729 0.399366 0.532238
1 0.397543 0.568464 0.390159 0.565611 0.390327 0.554703 0.398047 0.552187 0.402577 0.558060 0.401906 0.565275
1 0.451629 0.557193 0.447491 0.558763 0.444211 0.555768 0.443641 0.548777 0.450487 0.547493 0.454339 0.551772
1 0.439685 0.537070 0.433082 0.536574 0.431432 0.524856 0.437374 0.520564 0.449918 0.520729 0.457345 0.525682 0.456850 0.533273 0.446946 0.535584
1 0.472956 0.585697 0.469567 0.583512 0.467818 0.578047 0.469130 0.571052 0.474923 0.567882 0.478748 0.571489 0.479404 0.576517 0.477983 0.581981
1 0.466568 0.562775 0.464277 0.561370 0.460582 0.558267 0.463834 0.554496 0.468860 0.553979 0.472556 0.555975 0.471965 0.560854
1 0.484287 0.564483 0.480423 0.564274 0.478585 0.557933 0.483640 0.555268 0.487868 0.556737 0.489338 0.561058 0.487592 0.564643
1 0.503125 0.566664 0.498529 0.566849 0.495221 0.563355 0.495681 0.556554 0.500919 0.553980 0.505239 0.556003 0.508272 0.560874 0.506618 0.564734
1 0.499173 0.553705 0.495772 0.551314 0.493475 0.545341 0.495037 0.540837 0.500460 0.538079 0.504044 0.540929 0.506158 0.545433 0.505791 0.550947 0.503401 0.553153
1 0.523413 0.430900 0.519203 0.429029 0.520256 0.421428 0.524583 0.420024 0.528559 0.424702 0.528091 0.428211
1 0.522360 0.442946 0.518385 0.441310 0.517448 0.435345 0.520957 0.431836 0.525986 0.431953 0.528441 0.436397 0.527506 0.440257
1 0.521893 0.455928 0.517917 0.453354 0.516980 0.447508 0.519788 0.443999 0.524349 0.443414 0.527038 0.444817 0.526687 0.449963 0.526687 0.449963
1 0.520840 0.469961 0.517215 0.465751 0.518735 0.460605 0.524583 0.457097 0.528208 0.461658 0.527038 0.467622 0.523881 0.470195
1 0.330527 0.660376 0.324157 0.657828 0.323976 0.644726 0.332893 0.636536 0.339443 0.642359 0.339990 0.650185 0.334530 0.657828
1 0.314513 0.642724 0.305960 0.640722 0.304504 0.629075 0.312511 0.624344 0.323794 0.624344 0.330527 0.626709 0.329071 0.634171 0.321974 0.638538 0.315423 0.639448
1 0.357801 0.805919 0.354832 0.800723 0.357059 0.792262 0.364927 0.791371 0.368935 0.794191 0.371161 0.800277 0.368786 0.805177 0.364333 0.806216
1 0.380763 0.826729 0.377970 0.823713 0.378528 0.817122 0.383108 0.814776 0.386795 0.815559 0.387576 0.819021 0.385900 0.824048
1 0.393164 0.739241 0.385515 0.737618 0.379024 0.730433 0.386442 0.721855 0.395019 0.723942 0.397337 0.734605
1 0.366507 0.741327 0.361871 0.736691 0.362103 0.725564 0.373693 0.724174 0.379256 0.731823 0.377865 0.739241
1 0.350744 0.742255 0.345876 0.736460 0.345181 0.724405 0.354685 0.720001 0.358626 0.729273 0.359089 0.738777
1 0.377622 0.687488 0.373184 0.685386 0.369212 0.679194 0.372716 0.674756 0.379608 0.675457 0.383696 0.679078 0.381827 0.684802
1 0.393208 0.662265 0.387124 0.661917 0.383646 0.656006 0.385732 0.645401 0.397032 0.645750 0.401205 0.652008 0.398945 0.659657
1 0.369451 0.658510 0.365663 0.654020 0.363138 0.648829 0.367347 0.642516 0.370714 0.642797 0.373238 0.647847 0.374922 0.654581 0.373379 0.658790
1 0.358641 0.669882 0.354746 0.664470 0.351678 0.653345 0.354746 0.645673 0.359094 0.649125 0.364081 0.657820 0.364849 0.666004 0.365743 0.669713
1 0.417615 0.687139 0.408446 0.686959 0.406469 0.676891 0.410424 0.666104 0.419233 0.663587 0.425346 0.670418 0.427504 0.681386 0.421930 0.686959
1 0.446812 0.640261 0.441985 0.636739 0.439115 0.632043 0.443812 0.626825 0.451377 0.626434 0.456726 0.630086 0.452682 0.638043
1 0.418142 0.661680 0.412882 0.661822 0.408617 0.658268 0.408048 0.651444 0.415583 0.647606 0.423117 0.646611 0.423686 0.654714 0.420700 0.660542
1 0.434009 0.684662 0.428817 0.684168 0.427706 0.676630 0.430178 0.671315 0.436356 0.670574 0.440435 0.673416 0.442288 0.679719 0.440063 0.683550
1 0.443878 0.669047 0.440924 0.668543 0.439771 0.664797 0.442364 0.663140 0.445679 0.663283 0.448128 0.664509 0.448057 0.667318
1 0.447477 0.703470 0.443907 0.702429 0.441974 0.694397 0.446733 0.689192 0.452979 0.690085 0.453426 0.696629 0.449707 0.701536
1 0.459415 0.735080 0.456519 0.733825 0.453043 0.729385 0.457483 0.724943 0.462986 0.725233 0.466849 0.727164 0.467041 0.731604 0.462986 0.735177
1 0.475054 0.733632 0.471675 0.734019 0.470710 0.731025 0.470999 0.723785 0.474668 0.723882 0.477371 0.726198 0.478529 0.730350
1 0.481354 0.732804 0.479465 0.731386 0.479263 0.727337 0.483042 0.726258 0.484661 0.728350 0.483852 0.731049
1 0.491833 0.740713 0.495318 0.740237 0.497627 0.742223 0.497841 0.745927 0.495372 0.749846 0.491399 0.749899 0.489091 0.748289 0.488823 0.744800 0.490165 0.742276
1 0.475882 0.815001 0.475583 0.809327 0.480162 0.808133 0.483147 0.810023 0.484044 0.813010 0.483944 0.817788 0.485139 0.820476 0.485139 0.822765 0.483347 0.824954 0.480858 0.824656 0.478470 0.822366 0.477475 0.820376
1 0.493301 0.812413 0.487926 0.811417 0.484939 0.805346 0.486632 0.800468 0.491211 0.799373 0.494595 0.800169 0.497481 0.803952 0.497382 0.810920
0 0.467743 0.809990 0.462136 0.808724 0.457071 0.807639 0.452368 0.802212 0.461231 0.798232 0.471361 0.800222 0.480947 0.802031 0.479501 0.809628
1 0.661383 0.031043 0.669026 0.030877 0.674011 0.036027 0.673014 0.044834 0.666700 0.049818 0.655567 0.048323 0.650583 0.042175 0.654404 0.034864
1 0.648464 0.120856 0.642792 0.119010 0.643451 0.109908 0.649520 0.108062 0.652685 0.111095 0.652685 0.116635
1 0.648596 0.131541 0.643319 0.130222 0.643188 0.122967 0.647145 0.119537 0.652289 0.119933 0.653872 0.122835 0.654268 0.126924
1 0.684343 0.116371 0.679462 0.114524 0.678275 0.105950 0.682760 0.100807 0.687509 0.100410 0.691993 0.104236 0.692917 0.111227 0.689487 0.115185
1 0.681705 0.101334 0.678144 0.098168 0.677507 0.093579 0.678427 0.087847 0.681611 0.087210 0.685716 0.087281 0.688971 0.089050 0.690527 0.093154 0.690386 0.098391 0.688617 0.099664
1 0.726895 0.090606 0.723572 0.089868 0.723203 0.084978 0.726710 0.083593 0.730216 0.084885 0.730124 0.089314
1 0.837543 0.017813 0.832957 0.017285 0.830105 0.011431 0.830916 0.006260 0.834566 0.005854 0.839130 0.005145 0.842577 0.006158 0.843489 0.008389 0.843692 0.013864 0.840042 0.017211
1 0.799177 0.051520 0.797462 0.051367 0.796601 0.047224 0.798754 0.044210 0.802790 0.044371 0.803436 0.047762 0.802306 0.050561
1 0.749032 0.034550 0.744550 0.031889 0.744690 0.021524 0.748611 0.015922 0.755335 0.016202 0.758276 0.021944 0.758276 0.028107 0.754354 0.031048
1 0.970655 0.052590 0.967507 0.049891 0.968856 0.046832 0.971555 0.045482 0.974434 0.047642 0.974164 0.050880
1 0.977493 0.043593 0.974254 0.042424 0.975424 0.038105 0.978842 0.037115 0.980911 0.038645 0.979742 0.041794
1 0.982801 0.035946 0.980012 0.034057 0.979183 0.031734 0.981560 0.030043 0.982611 0.031049 0.983891 0.031963 0.983662 0.034066 0.982794 0.035301
1 0.998033 0.071833 0.994135 0.073782 0.991364 0.070602 0.993520 0.066087 0.996187 0.064855 0.999367 0.066087 0.999880 0.070909
1 0.949736 0.061119 0.946905 0.060201 0.946676 0.055840 0.950731 0.054769 0.953103 0.056758 0.952185 0.059053
1 0.721302 0.381090 0.713444 0.378672 0.711329 0.361750 0.720395 0.354800 0.730669 0.357520 0.736713 0.365376 0.730669 0.377161
1 0.720324 0.355884 0.714721 0.353014 0.716635 0.344130 0.725244 0.340167 0.731121 0.343583 0.729618 0.351510 0.725381 0.355610
1 0.721008 0.342900 0.714721 0.341396 0.715268 0.333333 0.721281 0.329233 0.728388 0.332104 0.726885 0.338663 0.723468 0.342627
1 0.720871 0.331010 0.719231 0.327184 0.721418 0.320350 0.728388 0.321580 0.729345 0.327047 0.727158 0.332104
1 0.790662 0.339344 0.786623 0.338637 0.783896 0.335305 0.787936 0.332274 0.792783 0.332174 0.793489 0.336617
1 0.682890 0.436350 0.679185 0.434291 0.678670 0.427497 0.678154 0.420600 0.681654 0.415967 0.685670 0.417614 0.686493 0.422350 0.685979 0.427806 0.685155 0.433468
1 0.721030 0.434005 0.723184 0.434421 0.725262 0.435214 0.724997 0.438161 0.723600 0.440843 0.721144 0.441372 0.718650 0.441221 0.717706 0.439407 0.717933 0.436649 0.719708 0.434799
1 0.667718 0.494483 0.663386 0.493726 0.662087 0.487770 0.665552 0.480515 0.673240 0.480947 0.675298 0.486795 0.673781 0.492426
1 0.660295 0.487206 0.656900 0.486248 0.657793 0.481403 0.661820 0.482194 0.663402 0.484927
1 0.697969 0.480188 0.695027 0.480385 0.693360 0.478620 0.691792 0.473815 0.698066 0.471168 0.701988 0.472443 0.702871 0.476757 0.700224 0.479208
1 0.708085 0.512976 0.704673 0.510274 0.702114 0.504019 0.707090 0.500322 0.712066 0.502597 0.713772 0.507999
1 0.778093 0.437485 0.781114 0.437435 0.782548 0.439893 0.779987 0.441940 0.776762 0.441992 0.774509 0.440046 0.775584 0.437896
1 0.868338 0.308072 0.866005 0.308072 0.861953 0.304144 0.864163 0.297636 0.870671 0.296530 0.872759 0.301442 0.871776 0.306108
1 0.856422 0.316802 0.849858 0.317713 0.845300 0.314432 0.846200 0.306286 0.848831 0.301788 0.853329 0.298053 0.857658 0.296610 0.859865 0.298987 0.861563 0.302722 0.861732 0.307220 0.859187 0.312228
1 0.849794 0.331313 0.846767 0.330993 0.844855 0.323346 0.851068 0.319362 0.856326 0.324939 0.854415 0.329400
1 0.851001 0.354354 0.846441 0.354777 0.843791 0.347992 0.850683 0.344387 0.857681 0.347462 0.856090 0.352127
1 0.850259 0.368349 0.845699 0.367183 0.843049 0.362199 0.846018 0.357958 0.853545 0.355838 0.856408 0.362093 0.853863 0.367395
1 0.848668 0.381071 0.844957 0.378633 0.843791 0.372166 0.848456 0.368984 0.854394 0.370045 0.856090 0.375982 0.851637 0.380542
1 0.877163 0.305181 0.874776 0.300267 0.877304 0.294650 0.882218 0.296054 0.881938 0.302513
1 0.891625 0.306444 0.886570 0.302934 0.886009 0.295633 0.888817 0.291421 0.892046 0.294650 0.892889 0.300126 0.892608 0.304197
1 0.942387 0.366402 0.937674 0.365556 0.936551 0.360832 0.936551 0.356348 0.941036 0.353987 0.944576 0.355561 0.945285 0.360518 0.943868 0.365789
1 0.940734 0.379469 0.938388 0.378352 0.936600 0.373882 0.936879 0.369523 0.939617 0.367177 0.943473 0.367288 0.946154 0.369858 0.946881 0.373658 0.945986 0.377681
1 0.940939 0.391796 0.937226 0.390132 0.935433 0.383088 0.939530 0.378990 0.944781 0.380398 0.946958 0.386033 0.945422 0.390644
1 0.956837 0.443722 0.951871 0.442439 0.948187 0.436353 0.951391 0.428502 0.958600 0.429624 0.962284 0.434430 0.960041 0.440998
1 0.990076 0.461297 0.983517 0.460922 0.979955 0.450052 0.987077 0.441431 0.997573 0.441618 1.000000 0.447990 1.000000 0.454362
1 0.986823 0.602383 0.983771 0.602723 0.980152 0.599782 0.980266 0.592885 0.985240 0.586439 0.990668 0.588022 0.991912 0.593563 0.989085 0.598426
1 0.956517 0.615656 0.952840 0.615910 0.950051 0.613248 0.946755 0.608558 0.951572 0.604121 0.956517 0.605135 0.960446 0.609191 0.958418 0.613121
1 0.920436 0.519021 0.917551 0.518444 0.914764 0.513926 0.916590 0.509600 0.922166 0.508542 0.925338 0.512580 0.923992 0.518444
1 0.899576 0.514058 0.896712 0.513222 0.894206 0.509761 0.893370 0.503794 0.896474 0.500452 0.900054 0.503436 0.901366 0.507613 0.901725 0.510238
1 0.891886 0.509828 0.895850 0.511353 0.897069 0.516739 0.896764 0.522125 0.895138 0.524361 0.890971 0.521516 0.888837 0.516027 0.890158 0.510946
1 0.907181 0.530810 0.902498 0.530916 0.899199 0.526340 0.898773 0.519741 0.903563 0.517613 0.907500 0.519315 0.909203 0.524211 0.910161 0.527724
1 0.909947 0.489352 0.901650 0.488614 0.896672 0.483451 0.893169 0.474048 0.896118 0.468885 0.905153 0.467226 0.915294 0.467778 0.921379 0.473494 0.917322 0.483636 0.911606 0.486770
1 0.903621 0.439879 0.896691 0.441178 0.891710 0.430566 0.898857 0.422770 0.898857 0.422770 0.909686 0.426668 0.907520 0.437063
1 0.953558 0.541924 0.949726 0.537134 0.944936 0.526595 0.950684 0.519506 0.956624 0.521996 0.956624 0.532151 0.956240 0.540582
1 0.888120 0.455035 0.882018 0.456627 0.877242 0.455831 0.872599 0.452515 0.874721 0.446810 0.880293 0.446412 0.887191 0.447474 0.888916 0.453576
1 0.850765 0.500793 0.846045 0.499960 0.843130 0.492742 0.844379 0.483857 0.852708 0.482470 0.856179 0.487189 0.853958 0.496212
1 0.776482 0.416758 0.774115 0.416826 0.772928 0.417410 0.770913 0.415691 0.772453 0.413263 0.776245 0.413618 0.779563 0.413678 0.780569 0.415751
1 0.984452 0.386071 0.980422 0.385937 0.977466 0.382847 0.984722 0.379892 0.988752 0.381101 0.987543 0.384057
1 0.808442 0.576296 0.804206 0.578111 0.798306 0.574480 0.798154 0.566765 0.802995 0.561923 0.809804 0.562226 0.811771 0.569185
1 0.794315 0.606209 0.790549 0.606344 0.785167 0.605536 0.783417 0.599213 0.790952 0.595580 0.795526 0.598002 0.796064 0.603787
1 0.829405 0.531475 0.824937 0.532312 0.821727 0.527426 0.827450 0.522539 0.833035 0.525331 0.831220 0.528961
1 0.828776 0.520175 0.824784 0.520061 0.823187 0.513673 0.828093 0.512419 0.832313 0.514243 0.832313 0.518920
1 0.832427 0.501468 0.828093 0.501582 0.825469 0.495423 0.831286 0.493142 0.836419 0.494396 0.837218 0.497476
1 0.796866 0.472263 0.788433 0.471597 0.784882 0.457614 0.785770 0.445630 0.794869 0.440969 0.801749 0.448293 0.803524 0.460722
1 0.793083 0.515229 0.789390 0.514042 0.787279 0.507710 0.792160 0.503356 0.799151 0.503885 0.802714 0.507578 0.801263 0.514042
1 0.796325 0.571404 0.792661 0.574628 0.787092 0.575654 0.782842 0.571257 0.782695 0.564369 0.786213 0.559387 0.793394 0.561731 0.796618 0.566128
1 0.870983 0.584980 0.867796 0.584835 0.865911 0.578169 0.868665 0.573242 0.875766 0.569619 0.875621 0.576720 0.874316 0.580343
1 0.870983 0.648438 0.866808 0.646350 0.863756 0.638318 0.871305 0.633339 0.879817 0.636712 0.881585 0.642815 0.875963 0.647312
1 0.869538 0.661769 0.866325 0.657593 0.869217 0.649562 0.875481 0.651489 0.875481 0.659521
1 0.865041 0.653256 0.861668 0.653577 0.855886 0.651328 0.857347 0.644613 0.861161 0.644189 0.865399 0.646478 0.867349 0.647919 0.866162 0.652156
1 0.859599 0.682921 0.853811 0.681669 0.849744 0.678541 0.849587 0.670876 0.855062 0.670094 0.860381 0.675568 0.860537 0.680888
1 0.841353 0.721501 0.837330 0.720160 0.834201 0.715690 0.837330 0.710923 0.842246 0.711816 0.843886 0.716286 0.841800 0.719415
1 0.836714 0.698603 0.834697 0.698160 0.833763 0.695553 0.834845 0.692750 0.837206 0.692012 0.838288 0.693389 0.838238 0.695750 0.837354 0.697815
1 0.839370 0.692110 0.837747 0.691471 0.836615 0.689749 0.836271 0.686896 0.837747 0.685569 0.840846 0.685667 0.842271 0.687635 0.840648 0.690586
1 0.892220 0.650485 0.889828 0.649245 0.889031 0.644107 0.894257 0.642336 0.899749 0.642868 0.898686 0.648271 0.894080 0.650840
1 0.898495 0.660365 0.894755 0.661541 0.891229 0.660579 0.890160 0.654916 0.897854 0.651925 0.904265 0.653527 0.903089 0.658229
1 0.899115 0.701667 0.891555 0.700843 0.889630 0.692732 0.894716 0.688746 0.904338 0.687646 0.907088 0.695894 0.904063 0.699193
1 0.902846 0.713875 0.898458 0.714084 0.894175 0.711681 0.893548 0.705621 0.900548 0.701233 0.907965 0.703219 0.909010 0.709174 0.906606 0.712308
1 0.936631 0.680690 0.931978 0.678364 0.932199 0.670275 0.938403 0.667728 0.939955 0.673378 0.938515 0.677810
1 0.953943 0.652756 0.949548 0.652634 0.946862 0.646407 0.948327 0.638105 0.951624 0.636641 0.954798 0.639937 0.957118 0.643966 0.956019 0.649338
1 0.949515 0.723753 0.946588 0.722700 0.943662 0.717433 0.947759 0.712400 0.952206 0.715092 0.953143 0.721412
1 0.966333 0.735196 0.961979 0.734961 0.960448 0.730136 0.963272 0.727781 0.969157 0.727429 0.973512 0.730018 0.973394 0.733784
1 0.956917 0.735667 0.951621 0.734490 0.948562 0.730371 0.947385 0.724604 0.953505 0.721662 0.958330 0.726134 0.959624 0.731194
1 0.963481 0.724397 0.958984 0.720900 0.958984 0.712239 0.967646 0.710740 0.972309 0.714904 0.970810 0.722565
1 0.981588 0.649864 0.976185 0.648882 0.974711 0.641514 0.979787 0.635128 0.990594 0.633163 0.992559 0.642333 0.985682 0.648063
1 0.998024 0.690898 0.989736 0.689240 0.987664 0.677637 0.992637 0.668728 1.000000 0.665412 1.000000 0.690276
1 0.981918 0.707282 0.979176 0.705546 0.977257 0.700702 0.979998 0.696314 0.984842 0.695127 0.988315 0.697320 0.988772 0.702072 0.985665 0.706276
1 0.915283 0.768753 0.911709 0.767363 0.906149 0.760812 0.919452 0.755848 0.929578 0.757437 0.928188 0.763393 0.924218 0.767165
1 0.892542 0.848277 0.888153 0.848515 0.883646 0.845193 0.884120 0.839618 0.890406 0.838551 0.895626 0.840330 0.897880 0.843770 0.894795 0.846261
1 0.856784 0.846569 0.854410 0.846116 0.852149 0.843403 0.856784 0.840238 0.858706 0.843743
1 0.946805 0.810661 0.942464 0.810074 0.940353 0.803855 0.946219 0.799867 0.951264 0.802096 0.952906 0.805851 0.949973 0.809487
1 0.935222 0.814384 0.932894 0.814195 0.930063 0.813440 0.929244 0.809729 0.933586 0.809162 0.936103 0.810169 0.937172 0.813188
1 0.907403 0.824516 0.903462 0.824187 0.900944 0.818933 0.898755 0.814225 0.899083 0.811597 0.907732 0.811159 0.914082 0.813130 0.911126 0.819261 0.909046 0.823969
1 0.877499 0.816647 0.874420 0.814061 0.875266 0.808671 0.877647 0.807799 0.880843 0.808206 0.883980 0.808845 0.885433 0.811228 0.885606 0.814364 0.885200 0.815934 0.881889 0.816398 0.879158 0.816921
1 0.864583 0.815960 0.861912 0.815495 0.859648 0.812999 0.859067 0.809807 0.862609 0.808587 0.866324 0.808703 0.868821 0.810154 0.868705 0.813173 0.865802 0.815031
1 0.849202 0.813389 0.846971 0.812732 0.844806 0.809583 0.845725 0.805646 0.849268 0.804989 0.852746 0.806563 0.853468 0.809648
1 0.840042 0.820915 0.836890 0.819702 0.835354 0.814772 0.836647 0.811055 0.840931 0.810408 0.844487 0.812267 0.845053 0.816308 0.844083 0.820349
1 0.840284 0.836271 0.834465 0.834493 0.833657 0.828593 0.834465 0.824552 0.837940 0.823017 0.841335 0.823905 0.843355 0.826734 0.844245 0.830613 0.841739 0.834493
1 0.877954 0.847933 0.876513 0.847767 0.874905 0.846049 0.875570 0.843222 0.878064 0.842611 0.879949 0.843997 0.879118 0.846936
1 0.980223 0.724754 0.977846 0.724662 0.975104 0.723017 0.975287 0.718173 0.981411 0.716893 0.983147 0.720641 0.982599 0.723565
1 0.924721 0.645511 0.922771 0.645511 0.920822 0.643411 0.920298 0.639888 0.923071 0.638388 0.926221 0.639362 0.926595 0.643486
1 0.933492 0.647460 0.929669 0.645735 0.927645 0.639737 0.930419 0.636964 0.934692 0.638013 0.938815 0.640412 0.937092 0.645585
1 0.909187 0.684416 0.906760 0.683931 0.905871 0.679563 0.908135 0.677784 0.911127 0.679159 0.912583 0.681909 0.911046 0.683769
1 0.897158 0.688579 0.893040 0.689147 0.889064 0.683041 0.898862 0.679491 0.903833 0.682615 0.903690 0.685598
1 0.925154 0.750192 0.919238 0.749620 0.915612 0.744085 0.919238 0.736070 0.928208 0.736643 0.931452 0.744085 0.928208 0.747711
1 0.890832 1.000000 0.892085 0.997576 0.893874 0.996921 0.897034 0.997397 0.899240 0.999306 0.900135 1.000000
1 0.943354 0.985056 0.940438 0.985398 0.937182 0.983255 0.935810 0.978797 0.940182 0.975968 0.945068 0.977168 0.947555 0.980940 0.944812 0.983341
1 0.762522 0.852723 0.757372 0.853736 0.755675 0.850537 0.756589 0.845510 0.763510 0.844270 0.765533 0.847272 0.764488 0.851320
1 0.738080 0.860056 0.735598 0.860304 0.733413 0.859360 0.732022 0.856679 0.733115 0.853749 0.736243 0.851217 0.740314 0.850969 0.740314 0.850969 0.742896 0.855437 0.741755 0.858268 0.739818 0.859608
1 0.719141 0.867712 0.716289 0.867805 0.713943 0.867125 0.713419 0.864749 0.714159 0.862773 0.716628 0.860922 0.719591 0.860768 0.721968 0.862249 0.722616 0.864409 0.721844 0.866539
1 0.755326 0.979450 0.752041 0.978793 0.750069 0.975589 0.749823 0.971564 0.753026 0.969429 0.756723 0.970168 0.758283 0.973207 0.757708 0.976821
1 0.744895 0.979532 0.741691 0.978464 0.739885 0.974521 0.742431 0.970415 0.747359 0.970579 0.749002 0.975261 0.747441 0.978957
1 0.812380 0.976515 0.809839 0.975031 0.807135 0.973118 0.806607 0.968106 0.810564 0.966853 0.813137 0.969820 0.813070 0.974306
1 0.705422 0.986230 0.703718 0.986064 0.702181 0.983570 0.702555 0.979497 0.705713 0.977918 0.707999 0.980827 0.708415 0.984485
1 0.668268 0.963963 0.666534 0.963479 0.665646 0.961462 0.666695 0.959688 0.669599 0.959365 0.671132 0.960333 0.670566 0.962834 0.669478 0.963237
1 0.678051 0.999650 0.677380 0.996234 0.679637 0.994647 0.683358 0.994770 0.685188 0.997637 0.683969 1.000000 0.678417 1.000000
1 0.681964 0.989855 0.680817 0.991059 0.678060 0.991319 0.677873 0.989083 0.678991 0.986586 0.681414 0.986139 0.682756 0.988338
1 0.776608 0.712014 0.771113 0.711515 0.766950 0.709017 0.769281 0.700024 0.777274 0.700024 0.780438 0.707851
1 0.669908 0.711726 0.666524 0.712082 0.664565 0.709678 0.666258 0.706294 0.670799 0.706472 0.671512 0.709678
1 0.694085 0.611164 0.690573 0.609836 0.686682 0.606799 0.687346 0.601009 0.693705 0.598257 0.696647 0.600819 0.697217 0.606894
1 0.704394 0.611310 0.698620 0.611453 0.695301 0.604237 0.698187 0.597165 0.707713 0.596877 0.710600 0.604237 0.706414 0.610443
1 0.715748 0.613631 0.711890 0.610695 0.710799 0.604069 0.713902 0.598869 0.720193 0.598533 0.722794 0.603733 0.722626 0.608935 0.721284 0.612960
1 0.768168 0.636043 0.764597 0.634525 0.761382 0.629525 0.764149 0.624347 0.770132 0.623275 0.774418 0.626847 0.774061 0.632114
1 0.757238 0.615451 0.754609 0.614599 0.755872 0.612186 0.758410 0.611892 0.761243 0.612554 0.761021 0.614613 0.759293 0.615533
1 0.748626 0.615864 0.746750 0.615350 0.745536 0.613694 0.746529 0.611708 0.748772 0.611523 0.750723 0.612223 0.750134 0.614613
1 0.799461 0.543261 0.794558 0.542498 0.795320 0.535742 0.800441 0.534979 0.805562 0.535742 0.805562 0.539883
1 0.726671 0.489117 0.721669 0.488332 0.716960 0.483525 0.718432 0.477641 0.726573 0.474600 0.732263 0.478032 0.733930 0.483134 0.733243 0.486959
1 0.384738 0.342511 0.379303 0.342264 0.377323 0.339380 0.375937 0.321091 0.382865 0.321229 0.388407 0.324693 0.389516 0.330097 0.388407 0.335639 0.386745 0.341597
1 0.078684 0.324199 0.076539 0.324199 0.074438 0.322806 0.073810 0.320580 0.075406 0.318983 0.077825 0.319080 0.079470 0.320097 0.079761 0.322563 0.078309 0.323919
1 0.072261 0.321402 0.070567 0.321306 0.068535 0.319273 0.070567 0.317290 0.072406 0.317968 0.073471 0.319080 0.072696 0.320193
1 0.077854 0.380731 0.073336 0.381282 0.071132 0.377315 0.072564 0.372687 0.078405 0.372246 0.081160 0.374670 0.079397 0.378417
1 0.165771 0.569129 0.161648 0.569325 0.159391 0.566283 0.158213 0.560982 0.161746 0.556663 0.168127 0.557351 0.172445 0.561179 0.170482 0.566479
1 0.310424 0.465724 0.307538 0.466444 0.305734 0.463979 0.306997 0.461034 0.309521 0.460012 0.311807 0.461455 0.312769 0.463859
1 0.326700 0.467607 0.322830 0.467607 0.319460 0.465985 0.319959 0.458496 0.325451 0.454127 0.333190 0.454127 0.336062 0.457871 0.332816 0.464237
1 0.327199 0.487829 0.322581 0.487080 0.322081 0.479591 0.322331 0.473974 0.328447 0.474473 0.330444 0.479466 0.330194 0.485083
1 0.348369 0.489609 0.341031 0.489609 0.337147 0.480690 0.340888 0.474360 0.347506 0.472922 0.351966 0.478101 0.352541 0.485006
1 0.334895 0.439146 0.331460 0.438791 0.330349 0.435817 0.330533 0.432815 0.334136 0.431106 0.337277 0.431660 0.339264 0.433046 0.339171 0.436695 0.337093 0.439005
1 0.345198 0.441246 0.342922 0.439936 0.341247 0.438116 0.340242 0.435819 0.341295 0.433475 0.343735 0.431655 0.346895 0.431703 0.349383 0.432183 0.349718 0.436202 0.348043 0.440079
1 0.740328 0.525357 0.732940 0.526062 0.728368 0.521605 0.727313 0.511404 0.730127 0.503549 0.736575 0.497451 0.741852 0.500617 0.746542 0.507066 0.750060 0.515508 0.745604 0.524537
1 0.079102 0.121094 0.082031 0.125977 0.082031 0.125977 0.080078 0.128906 0.073242 0.128906 0.070312 0.125977 0.070312 0.121094
1 0.084961 0.131836 0.085938 0.139648 0.081055 0.140625 0.079102 0.135742 0.080078 0.131836
1 0.042969 0.150391 0.045898 0.158203 0.041992 0.161133 0.032227 0.160156 0.030273 0.152344 0.034180 0.148438
1 0.072266 0.309570 0.075195 0.311523 0.075195 0.315430 0.072266 0.314453
1 0.054688 0.349609 0.058594 0.350586 0.059570 0.353516 0.054688 0.354492
1 0.072266 0.481445 0.075195 0.482422 0.075195 0.487305 0.071289 0.485352
1 0.099609 0.492188 0.103516 0.493164 0.103516 0.495117 0.097656 0.495117
1 0.155273 0.500000 0.163086 0.502930 0.165039 0.511719 0.165039 0.518555 0.162109 0.522461 0.152344 0.522461 0.149414 0.512695 0.149414 0.512695
1 0.127930 0.527344 0.133789 0.528320 0.134766 0.532227 0.130859 0.535156 0.127930 0.532227
1 0.020508 0.622070 0.023438 0.622070 0.023438 0.625977 0.020508 0.625000
1 0.153320 0.647461 0.155273 0.648438 0.155273 0.650391 0.152344 0.650391
1 0.153320 0.652344 0.155273 0.652344 0.155273 0.655273 0.152344 0.655273
1 0.152344 0.657227 0.156250 0.658203 0.156250 0.662109 0.152344 0.661133
1 0.152344 0.662109 0.155273 0.663086 0.156250 0.665039 0.154297 0.666992 0.151367 0.665039
1 0.152344 0.667969 0.156250 0.669922 0.157227 0.675781 0.154297 0.677734 0.151367 0.674805
1 0.151367 0.678711 0.156250 0.679688 0.155273 0.683594 0.150391 0.682617
1 0.152344 0.685547 0.155273 0.685547 0.155273 0.688477 0.152344 0.687500
1 0.018555 0.685547 0.021484 0.685547 0.021484 0.689453 0.018555 0.689453
1 0.109375 0.727539 0.114258 0.727539 0.113281 0.734375 0.107422 0.733398
1 0.084961 0.788086 0.089844 0.789062 0.089844 0.794922 0.083984 0.794922
1 0.103516 0.791016 0.106445 0.791016 0.106445 0.795898 0.101562 0.794922
0 0.081055 0.825195 0.090820 0.822266 0.092773 0.830078 0.091797 0.835938 0.090820 0.843750 0.083008 0.846680 0.080078 0.839844 0.079102 0.830078
1 0.122070 0.869141 0.125977 0.871094 0.124023 0.875000 0.120117 0.874023
1 0.087891 0.855469 0.091797 0.859375 0.091797 0.864258 0.086914 0.865234 0.082031 0.864258 0.081055 0.860352 0.083008 0.855469
1 0.088867 0.864258 0.092773 0.867188 0.092773 0.874023 0.087891 0.876953 0.083008 0.874023 0.079102 0.870117 0.083008 0.865234
1 0.105469 0.862305 0.109375 0.866211 0.110352 0.873047 0.104492 0.879883 0.097656 0.878906 0.091797 0.874023 0.094727 0.864258 0.094727 0.864258 0.099609 0.863281
1 0.135742 0.825195 0.139648 0.825195 0.139648 0.829102 0.135742 0.830078
1 0.059570 0.805664 0.063477 0.805664 0.063477 0.808594 0.060547 0.809570
1 0.010742 0.833984 0.017578 0.833984 0.018555 0.837891 0.014648 0.840820 0.010742 0.838867
1 0.011719 0.842773 0.015625 0.842773 0.015625 0.846680 0.010742 0.846680
1 0.010742 0.847656 0.013672 0.848633 0.013672 0.852539 0.010742 0.852539
1 0.010742 0.854492 0.013672 0.855469 0.013672 0.859375 0.010742 0.858398
1 0.010742 0.861328 0.013672 0.861328 0.013672 0.867188 0.009766 0.866211
1 0.009766 0.868164 0.014648 0.869141 0.013672 0.872070 0.008789 0.872070
1 0.009766 0.874023 0.012695 0.874023 0.012695 0.878906 0.009766 0.878906
1 0.009766 0.879883 0.012695 0.881836 0.012695 0.884766 0.009766 0.883789
1 0.009766 0.887695 0.012695 0.887695 0.012695 0.890625 0.009766 0.891602
1 0.009766 0.892578 0.011719 0.894531 0.012695 0.896484 0.008789 0.896484
1 0.009766 0.898438 0.012695 0.899414 0.012695 0.903320 0.008789 0.902344
1 0.008789 0.904297 0.011719 0.904297 0.011719 0.908203 0.008789 0.908203
1 0.063477 0.870117 0.067383 0.871094 0.067383 0.875000 0.063477 0.875977
1 0.111328 0.860352 0.116211 0.862305 0.116211 0.867188 0.111328 0.868164 0.109375 0.864258
1 0.062500 0.895508 0.067383 0.894531 0.068359 0.899414 0.068359 0.903320 0.064453 0.905273 0.061523 0.902344
1 0.023438 0.916992 0.026367 0.917969 0.026367 0.921875 0.021484 0.921875
1 0.076172 0.941406 0.079102 0.941406 0.079102 0.946289 0.074219 0.946289
1 0.075195 0.948242 0.079102 0.949219 0.079102 0.954102 0.074219 0.952148
1 0.199219 0.826172 0.202148 0.828125 0.202148 0.831055 0.197266 0.831055
1 0.233398 0.828125 0.237305 0.828125 0.237305 0.832031 0.233398 0.832031
1 0.121094 0.770508 0.125977 0.771484 0.125977 0.775391 0.121094 0.775391
1 0.273438 0.741211 0.276367 0.741211 0.277344 0.745117 0.272461 0.744141
1 0.295898 0.625977 0.299805 0.625977 0.300781 0.629883 0.296875 0.631836 0.293945 0.628906
1 0.297852 0.632812 0.301758 0.634766 0.301758 0.639648 0.296875 0.642578 0.293945 0.638672 0.293945 0.633789
0 0.268555 0.502930 0.256836 0.500000 0.248047 0.500000 0.241211 0.503906 0.239258 0.508789 0.243164 0.512695 0.243164 0.517578 0.243164 0.523438 0.243164 0.527344 0.240234 0.534180 0.236328 0.539062 0.236328 0.539062 0.233398 0.546875 0.236328 0.551758 0.238281 0.557617 0.241211 0.562500 0.249023 0.563477 0.247070 0.569336 0.246094 0.576172 0.250977 0.583008 0.252930 0.587891 0.252930 0.587891 0.261719 0.588867 0.261719 0.588867 0.266602 0.585938 0.273438 0.582031 0.280273 0.575195 0.287109 0.571289 0.288086 0.563477 0.290039 0.553711 0.293945 0.545898 0.290039 0.539062 0.294922 0.534180 0.294922 0.534180 0.290039 0.526367 0.290039 0.518555 0.277344 0.517578 0.272461 0.511719 0.272461 0.511719
1 0.147461 0.497070 0.151367 0.500977 0.149414 0.502930 0.146484 0.502930 0.144531 0.499023
1 0.149414 0.502930 0.152344 0.503906 0.152344 0.508789 0.148438 0.509766 0.145508 0.506836 0.146484 0.502930
1 0.222656 0.518555 0.227539 0.520508 0.226562 0.524414 0.222656 0.524414 0.220703 0.522461
0 0.165039 0.408203 0.158203 0.411133 0.157227 0.418945 0.160156 0.422852 0.159180 0.428711 0.163086 0.435547 0.163086 0.435547 0.166016 0.437500 0.172852 0.437500 0.172852 0.432617 0.167969 0.427734 0.167969 0.419922 0.167969 0.419922 0.172852 0.416016 0.175781 0.419922 0.176758 0.434570 0.176758 0.440430 0.176758 0.440430 0.181641 0.441406 0.184570 0.437500 0.185547 0.428711 0.185547 0.417969 0.181641 0.411133 0.175781 0.409180 0.173828 0.412109 0.169922 0.410156 0.169922 0.407227
1 0.194336 0.393555 0.201172 0.394531 0.204102 0.399414 0.202148 0.404297 0.197266 0.405273 0.192383 0.402344 0.191406 0.398438
1 0.245117 0.410156 0.245117 0.416016 0.241211 0.416016 0.239258 0.413086 0.241211 0.409180
1 0.243164 0.416016 0.249023 0.416992 0.249023 0.420898 0.246094 0.422852 0.242188 0.421875 0.241211 0.417969
0 0.205078 0.393555 0.213867 0.393555 0.219727 0.396484 0.224609 0.397461 0.227539 0.402344 0.227539 0.407227 0.223633 0.410156 0.220703 0.413086 0.226562 0.416016 0.227539 0.419922 0.223633 0.421875 0.218750 0.422852 0.212891 0.423828 0.207031 0.421875 0.205078 0.416016 0.209961 0.410156 0.208008 0.405273 0.204102 0.403320 0.203125 0.397461
1 0.264648 0.401367 0.270508 0.403320 0.271484 0.408203 0.268555 0.414062 0.264648 0.416992 0.257812 0.418945 0.252930 0.417969 0.252930 0.410156 0.251953 0.404297 0.251953 0.404297 0.255859 0.401367 0.262695 0.400391
1 0.298828 0.406250 0.303711 0.413086 0.301758 0.422852 0.301758 0.422852 0.291992 0.423828 0.282227 0.420898 0.277344 0.415039 0.277344 0.415039 0.278320 0.409180 0.286133 0.404297
0 0.246094 0.374023 0.257812 0.375977 0.261719 0.383789 0.258789 0.392578 0.252930 0.396484 0.246094 0.396484 0.242188 0.392578 0.242188 0.392578 0.244141 0.387695 0.244141 0.377930
1 0.224609 0.375977 0.230469 0.375977 0.230469 0.378906 0.229492 0.381836 0.225586 0.381836 0.223633 0.379883
1 0.306641 0.360352 0.309570 0.363281 0.309570 0.367188 0.304688 0.370117 0.298828 0.366211 0.298828 0.361328
1 0.135742 0.373047 0.140625 0.374023 0.140625 0.379883 0.135742 0.380859 0.135742 0.380859 0.132812 0.375977
1 0.178711 0.347656 0.183594 0.349609 0.183594 0.353516 0.179688 0.354492 0.176758 0.352539
1 0.172852 0.266602 0.175781 0.270508 0.175781 0.275391 0.170898 0.277344 0.165039 0.276367 0.165039 0.269531 0.168945 0.264648
1 0.177734 0.270508 0.182617 0.271484 0.182617 0.275391 0.178711 0.276367 0.175781 0.274414
0 0.140625 0.324219 0.133789 0.326172 0.129883 0.321289 0.128906 0.312500 0.133789 0.304688 0.142578 0.295898 0.149414 0.288086 0.158203 0.283203 0.164062 0.285156 0.171875 0.282227 0.180664 0.282227 0.184570 0.291016 0.182617 0.299805 0.174805 0.299805 0.167969 0.299805 0.160156 0.298828 0.154297 0.301758 0.149414 0.306641 0.144531 0.313477 0.142578 0.319336
0 0.226562 0.246094 0.231445 0.248047 0.237305 0.252930 0.245117 0.252930 0.245117 0.252930 0.250977 0.255859 0.255859 0.260742 0.250977 0.265625 0.244141 0.271484 0.234375 0.270508 0.228516 0.267578 0.220703 0.269531 0.220703 0.274414 0.223633 0.279297 0.217773 0.286133 0.209961 0.286133 0.205078 0.279297 0.208984 0.272461 0.208008 0.265625 0.208984 0.259766 0.208984 0.259766 0.212891 0.252930 0.212891 0.252930 0.218750 0.249023 0.220703 0.245117
1 0.197266 0.250000 0.202148 0.250000 0.202148 0.254883 0.197266 0.254883
1 0.246094 0.219727 0.248047 0.219727 0.248047 0.225586 0.243164 0.224609
1 0.298828 0.040039 0.302734 0.041016 0.305664 0.047852 0.300781 0.049805 0.296875 0.046875
1 0.287109 0.012695 0.294922 0.013672 0.293945 0.018555 0.289062 0.018555 0.285156 0.014648
1 0.296875 0.015625 0.300781 0.015625 0.300781 0.018555 0.296875 0.018555
1 0.360352 0.006836 0.364258 0.006836 0.364258 0.011719 0.360352 0.010742
0 0.429688 0.023438 0.437500 0.024414 0.439453 0.032227 0.444336 0.030273 0.450195 0.027344 0.450195 0.027344 0.452148 0.037109 0.453125 0.041992 0.450195 0.049805 0.442383 0.054688 0.433594 0.055664 0.424805 0.052734 0.413086 0.051758 0.402344 0.050781 0.396484 0.053711 0.388672 0.050781 0.381836 0.051758 0.373047 0.051758 0.366211 0.050781 0.359375 0.049805 0.361328 0.044922 0.365234 0.044922 0.375000 0.043945 0.386719 0.043945 0.395508 0.043945 0.403320 0.043945 0.409180 0.042969 0.413086 0.039062 0.416992 0.039062 0.420898 0.034180 0.421875 0.030273 0.427734 0.031250 0.427734 0.025391
1 0.365234 0.199219 0.369141 0.200195 0.369141 0.203125 0.365234 0.203125
1 0.372070 0.205078 0.377930 0.205078 0.376953 0.201172 0.374023 0.200195
1 0.385742 0.202148 0.381836 0.205078 0.379883 0.202148 0.382812 0.199219
1 0.376953 0.312500 0.383789 0.312500 0.386719 0.316406 0.385742 0.323242 0.385742 0.323242 0.376953 0.320312 0.376953 0.320312
1 0.379883 0.299805 0.384766 0.298828 0.386719 0.301758 0.386719 0.306641 0.380859 0.307617 0.377930 0.303711
1 0.387695 0.301758 0.391602 0.304688 0.390625 0.307617 0.385742 0.307617
1 0.388672 0.296875 0.393555 0.298828 0.394531 0.301758 0.392578 0.303711 0.387695 0.301758 0.386719 0.298828
1 0.394531 0.290039 0.399414 0.290039 0.400391 0.295898 0.398438 0.299805 0.393555 0.298828 0.393555 0.298828
0 0.355469 0.338867 0.360352 0.340820 0.364258 0.342773 0.366211 0.346680 0.364258 0.350586 0.366211 0.353516 0.368164 0.358398 0.364258 0.363281 0.364258 0.363281 0.360352 0.361328 0.353516 0.358398 0.354492 0.350586 0.353516 0.341797
1 0.368164 0.360352 0.375977 0.362305 0.377930 0.368164 0.373047 0.370117 0.367188 0.367188
1 0.350586 0.359375 0.357422 0.361328 0.356445 0.364258 0.353516 0.366211 0.348633 0.364258
1 0.372070 0.372070 0.376953 0.377930 0.375977 0.388672 0.371094 0.394531 0.364258 0.392578 0.357422 0.387695 0.357422 0.378906 0.363281 0.374023 0.368164 0.375000
1 0.338867 0.379883 0.342773 0.388672 0.333984 0.391602 0.327148 0.390625 0.326172 0.381836 0.332031 0.379883 0.336914 0.378906
1 0.316406 0.424805 0.330078 0.428711 0.330078 0.436523 0.330078 0.436523 0.328125 0.442383 0.319336 0.443359 0.319336 0.443359 0.309570 0.437500 0.309570 0.437500 0.305664 0.434570 0.304688 0.428711 0.310547 0.426758
1 0.359375 0.428711 0.368164 0.431641 0.367188 0.439453 0.359375 0.442383 0.359375 0.442383 0.353516 0.436523 0.354492 0.431641
1 0.344727 0.413086 0.349609 0.417969 0.349609 0.424805 0.342773 0.428711 0.337891 0.424805 0.335938 0.416016 0.341797 0.412109
1 0.339844 0.427734 0.340820 0.431641 0.336914 0.433594 0.333984 0.430664 0.334961 0.426758
1 0.331055 0.411133 0.336914 0.416016 0.337891 0.424805 0.332031 0.426758 0.324219 0.424805 0.318359 0.420898 0.317383 0.415039 0.324219 0.411133
1 0.335938 0.441406 0.341797 0.442383 0.342773 0.447266 0.337891 0.449219 0.332031 0.446289
1 0.422852 0.416992 0.429688 0.419922 0.428711 0.426758 0.424805 0.429688 0.424805 0.429688 0.416016 0.427734 0.416016 0.420898
1 0.388672 0.481445 0.394531 0.482422 0.394531 0.489258 0.389648 0.489258 0.385742 0.485352
0 0.447266 0.485352 0.450195 0.490234 0.446289 0.493164 0.443359 0.497070 0.436523 0.495117 0.429688 0.494141 0.424805 0.491211 0.424805 0.486328 0.430664 0.482422 0.429688 0.476562 0.437500 0.475586 0.441406 0.479492
1 0.443359 0.560547 0.449219 0.561523 0.448242 0.566406 0.445312 0.566406 0.441406 0.565430
1 0.396484 0.569336 0.398438 0.572266 0.400391 0.576172 0.400391 0.583008 0.394531 0.584961 0.389648 0.582031 0.388672 0.575195 0.388672 0.575195 0.391602 0.569336
1 0.352539 0.564453 0.356445 0.564453 0.358398 0.567383 0.357422 0.571289 0.353516 0.571289 0.350586 0.567383
1 0.412109 0.615234 0.417969 0.616211 0.417969 0.620117 0.415039 0.621094 0.412109 0.619141
1 0.377930 0.623047 0.387695 0.624023 0.393555 0.630859 0.393555 0.635742 0.389648 0.637695 0.386719 0.642578 0.382812 0.645508 0.382812 0.649414 0.378906 0.651367 0.374023 0.647461 0.373047 0.640625 0.370117 0.635742 0.368164 0.631836 0.370117 0.624023
1 0.339844 0.655273 0.344727 0.659180 0.344727 0.666992 0.340820 0.670898 0.334961 0.670898 0.331055 0.667969 0.331055 0.667969 0.329102 0.663086 0.332031 0.658203
1 0.379883 0.659180 0.383789 0.663086 0.383789 0.670898 0.379883 0.674805 0.371094 0.674805 0.369141 0.667969 0.373047 0.659180
1 0.405273 0.661133 0.413086 0.662109 0.412109 0.667969 0.407227 0.672852 0.401367 0.670898 0.401367 0.665039
1 0.333984 0.698242 0.336914 0.698242 0.337891 0.703125 0.333008 0.702148 0.333984 0.702148
1 0.332031 0.705078 0.333984 0.706055 0.333984 0.710938 0.330078 0.708984
1 0.337891 0.759766 0.340820 0.760742 0.341797 0.764648 0.339844 0.765625 0.337891 0.763672
0 0.360352 0.767578 0.367188 0.761719 0.375977 0.760742 0.382812 0.765625 0.384766 0.775391 0.378906 0.780273 0.373047 0.784180 0.364258 0.783203 0.358398 0.779297 0.350586 0.777344 0.346680 0.771484 0.352539 0.764648
1 0.488281 0.798828 0.485352 0.791992 0.492188 0.788086 0.497070 0.790039 0.500000 0.796875 0.497070 0.799805
1 0.452148 0.813477 0.456055 0.813477 0.457031 0.816406 0.456055 0.819336 0.452148 0.817383
1 0.379883 0.924805 0.383789 0.927734 0.383789 0.933594 0.380859 0.936523 0.375000 0.938477 0.373047 0.933594 0.373047 0.926758
1 0.540039 0.512695 0.543945 0.514648 0.545898 0.519531 0.541992 0.520508 0.539062 0.518555
1 0.451172 0.439453 0.457031 0.439453 0.458008 0.444336 0.454102 0.446289 0.450195 0.443359
1 0.453125 0.448242 0.458984 0.450195 0.458984 0.455078 0.456055 0.458008 0.453125 0.457031 0.451172 0.452148
1 0.447266 0.443359 0.451172 0.453125 0.448242 0.458984 0.443359 0.461914 0.436523 0.458984 0.432617 0.449219 0.438477 0.442383
1 0.466797 0.434570 0.479492 0.436523 0.480469 0.446289 0.474609 0.449219 0.463867 0.448242 0.463867 0.448242 0.461914 0.440430 0.462891 0.434570
0 0.495117 0.447266 0.503906 0.450195 0.504883 0.459961 0.504883 0.468750 0.500000 0.471680 0.495117 0.477539 0.487305 0.475586 0.484375 0.478516 0.487305 0.484375 0.487305 0.484375 0.482422 0.487305 0.474609 0.487305 0.467773 0.484375 0.460938 0.488281 0.455078 0.483398 0.457031 0.478516 0.458008 0.466797 0.464844 0.462891 0.465820 0.455078 0.472656 0.450195 0.482422 0.452148 0.485352 0.448242
1 0.500977 0.405273 0.506836 0.408203 0.506836 0.415039 0.499023 0.416992 0.497070 0.413086 0.498047 0.408203
1 0.527344 0.272461 0.531250 0.272461 0.533203 0.275391 0.531250 0.280273 0.531250 0.280273 0.527344 0.279297
1 0.618164 0.144531 0.623047 0.145508 0.622070 0.150391 0.618164 0.149414
1 0.534180 0.134766 0.539062 0.135742 0.541016 0.140625 0.538086 0.141602 0.533203 0.139648 0.531250 0.136719
1 0.534180 0.122070 0.538086 0.123047 0.538086 0.127930 0.534180 0.127930
1 0.559570 0.052734 0.564453 0.055664 0.564453 0.062500 0.558594 0.064453 0.553711 0.060547 0.555664 0.055664
1 0.558594 0.066406 0.564453 0.070312 0.564453 0.070312 0.564453 0.082031 0.558594 0.088867 0.550781 0.088867 0.543945 0.084961 0.542969 0.077148 0.542969 0.077148 0.543945 0.068359 0.546875 0.061523 0.551758 0.060547
1 0.647461 0.098633 0.653320 0.101562 0.652344 0.108398 0.645508 0.108398 0.643555 0.103516
1 0.655273 0.125977 0.661133 0.126953 0.666016 0.128906 0.666016 0.134766 0.661133 0.138672 0.652344 0.135742 0.646484 0.133789 0.647461 0.128906
1 0.676758 0.119141 0.688477 0.119141 0.693359 0.125977 0.694336 0.132812 0.687500 0.134766 0.676758 0.133789 0.676758 0.133789 0.673828 0.124023
1 0.674805 0.130859 0.669922 0.132812 0.674805 0.136719 0.681641 0.134766
1 0.645508 0.205078 0.642578 0.209961 0.639648 0.208984 0.640625 0.204102
1 0.650391 0.204102 0.658203 0.205078 0.658203 0.208008 0.649414 0.208984
1 0.686523 0.203125 0.692383 0.205078 0.692383 0.208984 0.684570 0.207031
1 0.704102 0.205078 0.707031 0.205078 0.707031 0.208008 0.704102 0.208008
1 0.711914 0.203125 0.715820 0.204102 0.715820 0.208008 0.711914 0.208984 0.709961 0.207031
1 0.719727 0.204102 0.722656 0.205078 0.721680 0.208984 0.717773 0.208008
1 0.765625 0.325195 0.771484 0.327148 0.770508 0.331055 0.766602 0.330078
1 0.741211 0.329102 0.746094 0.328125 0.746094 0.333984 0.742188 0.333984
1 0.742188 0.337891 0.746094 0.338867 0.745117 0.343750 0.741211 0.342773
1 0.726562 0.315430 0.731445 0.315430 0.732422 0.319336 0.729492 0.322266 0.727539 0.320312
1 0.718750 0.315430 0.721680 0.315430 0.723633 0.320312 0.719727 0.322266 0.715820 0.320312 0.715820 0.316406
1 0.708984 0.313477 0.713867 0.314453 0.715820 0.318359 0.714844 0.323242 0.708008 0.323242 0.707031 0.318359
1 0.636719 0.300781 0.639648 0.301758 0.640625 0.306641 0.638672 0.309570 0.634766 0.309570
1 0.634766 0.312500 0.640625 0.313477 0.642578 0.318359 0.640625 0.323242 0.635742 0.322266 0.633789 0.317383
1 0.644531 0.338867 0.649414 0.340820 0.650391 0.344727 0.646484 0.348633 0.642578 0.346680
1 0.650391 0.344727 0.657227 0.345703 0.656250 0.351562 0.652344 0.354492 0.648438 0.351562 0.648438 0.347656
0 0.636719 0.324219 0.645508 0.325195 0.650391 0.333984 0.647461 0.335938 0.642578 0.338867 0.641602 0.345703 0.644531 0.349609 0.645508 0.355469 0.645508 0.357422 0.649414 0.355469 0.652344 0.357422 0.652344 0.362305 0.652344 0.362305 0.647461 0.363281 0.641602 0.366211 0.636719 0.365234 0.632812 0.356445 0.632812 0.356445 0.633789 0.342773 0.634766 0.331055
1 0.671875 0.349609 0.674805 0.349609 0.674805 0.353516 0.670898 0.353516
1 0.639648 0.373047 0.645508 0.373047 0.647461 0.378906 0.641602 0.382812 0.635742 0.382812 0.632812 0.378906 0.633789 0.375000
1 0.631836 0.453125 0.634766 0.454102 0.636719 0.459961 0.632812 0.462891 0.629883 0.460938
1 0.637695 0.477539 0.640625 0.485352 0.638672 0.493164 0.633789 0.494141 0.629883 0.488281 0.629883 0.488281 0.629883 0.478516
1 0.635742 0.498047 0.637695 0.502930 0.633789 0.503906 0.629883 0.501953 0.631836 0.497070
0 0.682617 0.473633 0.689453 0.475586 0.693359 0.481445 0.691406 0.488281 0.689453 0.493164 0.697266 0.497070 0.698242 0.504883 0.690430 0.511719 0.682617 0.505859 0.676758 0.500977 0.682617 0.493164 0.675781 0.485352 0.676758 0.477539
1 0.735352 0.481445 0.741211 0.483398 0.740234 0.487305 0.736328 0.487305 0.733398 0.485352
1 0.716797 0.464844 0.724609 0.465820 0.724609 0.472656 0.717773 0.473633 0.712891 0.469727 0.714844 0.464844
1 0.721680 0.487305 0.728516 0.493164 0.728516 0.493164 0.722656 0.500977 0.722656 0.500977 0.714844 0.497070 0.712891 0.493164 0.713867 0.487305 0.713867 0.487305
1 0.693359 0.510742 0.699219 0.513672 0.700195 0.520508 0.696289 0.525391 0.687500 0.526367 0.683594 0.522461 0.685547 0.512695
0 0.635742 0.511719 0.646484 0.512695 0.656250 0.512695 0.666016 0.507812 0.672852 0.509766 0.670898 0.516602 0.678711 0.522461 0.677734 0.533203 0.670898 0.534180 0.664062 0.538086 0.661133 0.546875 0.660156 0.556641 0.662109 0.560547 0.660156 0.566406 0.655273 0.570312 0.651367 0.572266 0.643555 0.566406 0.643555 0.556641 0.631836 0.551758 0.625977 0.539062 0.625977 0.539062 0.628906 0.529297 0.627930 0.517578 0.629883 0.511719 0.629883 0.511719
1 0.738281 0.526367 0.746094 0.528320 0.748047 0.534180 0.751953 0.536133 0.750977 0.541992 0.747070 0.547852 0.735352 0.548828 0.727539 0.541992 0.727539 0.533203 0.730469 0.528320 0.736328 0.527344
1 0.735352 0.554688 0.738281 0.555664 0.737305 0.559570 0.734375 0.558594
1 0.777344 0.566406 0.776367 0.570312 0.770508 0.570312 0.766602 0.568359 0.766602 0.565430
1 0.653320 0.630859 0.658203 0.633789 0.658203 0.633789 0.659180 0.640625 0.655273 0.644531 0.648438 0.643555 0.646484 0.637695 0.647461 0.632812 0.647461 0.632812
1 0.673828 0.657227 0.677734 0.663086 0.676758 0.671875 0.666016 0.670898 0.666016 0.670898 0.664062 0.666016 0.666016 0.659180 0.666016 0.659180 0.669922 0.658203
1 0.773438 0.677734 0.780273 0.680664 0.779297 0.687500 0.775391 0.694336 0.770508 0.697266 0.765625 0.695312 0.765625 0.688477 0.770508 0.681641
0 0.772461 0.751953 0.778320 0.750977 0.780273 0.754883 0.778320 0.758789 0.778320 0.760742 0.783203 0.760742 0.783203 0.755859 0.786133 0.753906 0.793945 0.752930 0.799805 0.753906 0.805664 0.758789 0.806641 0.763672 0.806641 0.770508 0.813477 0.771484 0.816406 0.777344 0.813477 0.783203 0.807617 0.784180 0.802734 0.779297 0.796875 0.783203 0.796875 0.783203 0.792969 0.780273 0.787109 0.777344 0.787109 0.782227 0.782227 0.785156 0.774414 0.784180 0.773438 0.775391 0.773438 0.775391 0.770508 0.769531 0.771484 0.760742
1 0.772461 0.799805 0.776367 0.800781 0.776367 0.805664 0.776367 0.805664 0.772461 0.807617 0.769531 0.803711
1 0.763672 0.885742 0.761719 0.881836 0.757812 0.882812 0.755859 0.885742 0.755859 0.889648 0.758789 0.891602 0.759766 0.886719
1 0.759766 0.902344 0.759766 0.906250 0.756836 0.906250 0.754883 0.903320 0.755859 0.900391
1 0.758789 0.906250 0.763672 0.910156 0.762695 0.918945 0.762695 0.918945 0.758789 0.920898 0.754883 0.920898 0.751953 0.916016 0.752930 0.908203 0.752930 0.908203 0.754883 0.906250
1 0.816406 0.908203 0.818359 0.914062 0.816406 0.916992 0.811523 0.916016 0.811523 0.908203
1 0.821289 0.741211 0.827148 0.741211 0.828125 0.749023 0.825195 0.752930 0.820312 0.751953 0.818359 0.746094 0.818359 0.746094
0 0.837891 0.738281 0.846680 0.738281 0.850586 0.740234 0.852539 0.747070 0.852539 0.749023 0.858398 0.750977 0.860352 0.754883 0.860352 0.762695 0.855469 0.763672 0.844727 0.759766 0.836914 0.755859 0.832031 0.750977 0.833984 0.742188
1 0.896484 0.749023 0.903320 0.752930 0.906250 0.759766 0.905273 0.766602 0.896484 0.764648 0.886719 0.763672 0.880859 0.759766 0.875000 0.753906 0.875000 0.746094 0.880859 0.741211 0.887695 0.741211 0.892578 0.743164
0 0.861328 0.659180 0.870117 0.660156 0.873047 0.663086 0.877930 0.664062 0.880859 0.672852 0.883789 0.681641 0.883789 0.681641 0.882812 0.688477 0.880859 0.690430 0.883789 0.695312 0.882812 0.703125 0.880859 0.707031 0.880859 0.708984 0.875000 0.708984 0.875000 0.708984 0.868164 0.704102 0.860352 0.705078 0.860352 0.698242 0.858398 0.695312 0.857422 0.691406 0.860352 0.688477 0.862305 0.682617 0.860352 0.678711 0.860352 0.671875 0.858398 0.663086
0 0.927734 0.700195 0.928711 0.696289 0.934570 0.697266 0.934570 0.697266 0.938477 0.705078 0.938477 0.705078 0.937500 0.713867 0.940430 0.719727 0.940430 0.719727 0.938477 0.723633 0.939453 0.729492 0.936523 0.734375 0.931641 0.734375 0.925781 0.728516 0.922852 0.718750 0.922852 0.718750 0.926758 0.714844 0.922852 0.709961 0.923828 0.706055
0 0.906250 0.720703 0.911133 0.722656 0.912109 0.728516 0.906250 0.726562 0.899414 0.726562 0.895508 0.726562 0.894531 0.719727 0.898438 0.718750
1 0.886719 0.708008 0.891602 0.708008 0.891602 0.711914 0.889648 0.712891 0.885742 0.711914
1 0.837891 0.673828 0.843750 0.673828 0.844727 0.677734 0.841797 0.679688 0.837891 0.679688 0.835938 0.676758
1 0.904297 0.657227 0.909180 0.658203 0.909180 0.664062 0.905273 0.665039 0.901367 0.662109
1 0.905273 0.645508 0.908203 0.646484 0.908203 0.650391 0.904297 0.651367 0.901367 0.647461
1 0.837891 0.646484 0.840820 0.647461 0.840820 0.651367 0.836914 0.651367
1 0.791992 0.627930 0.796875 0.628906 0.796875 0.632812 0.791992 0.631836
1 0.782227 0.629883 0.787109 0.631836 0.786133 0.638672 0.782227 0.638672
1 0.878906 0.587891 0.884766 0.588867 0.886719 0.594727 0.885742 0.598633 0.878906 0.598633 0.875000 0.594727 0.875977 0.588867
1 0.879883 0.599609 0.884766 0.600586 0.884766 0.607422 0.878906 0.609375 0.876953 0.605469 0.876953 0.600586
1 0.900391 0.599609 0.906250 0.603516 0.906250 0.611328 0.902344 0.615234 0.897461 0.614258 0.894531 0.609375 0.894531 0.609375 0.892578 0.604492 0.892578 0.604492 0.894531 0.600586
0 0.905273 0.560547 0.913086 0.566406 0.914062 0.576172 0.913086 0.585938 0.910156 0.596680 0.904297 0.599609 0.896484 0.599609 0.892578 0.591797 0.892578 0.578125 0.891602 0.570312 0.894531 0.562500
0 0.945312 0.541016 0.957031 0.541016 0.960938 0.547852 0.958984 0.556641 0.954102 0.558594 0.951172 0.561523 0.957031 0.562500 0.958008 0.565430 0.955078 0.572266 0.954102 0.576172 0.953125 0.580078 0.948242 0.580078 0.948242 0.587891 0.948242 0.593750 0.945312 0.602539 0.943359 0.607422 0.936523 0.608398 0.930664 0.603516 0.926758 0.599609 0.930664 0.590820 0.927734 0.583984 0.925781 0.579102 0.924805 0.572266 0.923828 0.565430 0.923828 0.559570 0.927734 0.553711 0.929688 0.544922 0.935547 0.538086 0.939453 0.539062
0 0.877930 0.527344 0.882812 0.529297 0.886719 0.530273 0.890625 0.525391 0.897461 0.524414 0.899414 0.529297 0.902344 0.533203 0.903320 0.537109 0.902344 0.543945 0.897461 0.544922 0.894531 0.548828 0.891602 0.555664 0.887695 0.558594 0.887695 0.558594 0.882812 0.564453 0.873047 0.564453 0.863281 0.562500 0.863281 0.562500 0.862305 0.555664 0.862305 0.555664 0.862305 0.550781 0.867188 0.549805 0.866211 0.541016 0.866211 0.541016 0.869141 0.535156 0.874023 0.531250
1 0.838867 0.555664 0.843750 0.555664 0.844727 0.560547 0.842773 0.562500 0.838867 0.562500 0.837891 0.558594
1 0.904297 0.507812 0.911133 0.507812 0.911133 0.512695 0.908203 0.515625 0.903320 0.517578 0.899414 0.517578 0.898438 0.512695 0.900391 0.509766
1 0.789062 0.494141 0.793945 0.495117 0.794922 0.500000 0.790039 0.501953 0.786133 0.499023 0.787109 0.495117
1 0.821289 0.506836 0.826172 0.507812 0.825195 0.512695 0.820312 0.513672 0.815430 0.512695 0.816406 0.506836
1 0.868164 0.502930 0.871094 0.502930 0.872070 0.505859 0.868164 0.506836
1 0.905273 0.441406 0.912109 0.441406 0.917969 0.445312 0.918945 0.449219 0.924805 0.451172 0.923828 0.458008 0.920898 0.459961 0.918945 0.464844 0.914062 0.466797 0.903320 0.466797 0.899414 0.465820 0.891602 0.458984 0.891602 0.458984 0.892578 0.450195 0.896484 0.445312 0.901367 0.443359
1 0.938477 0.453125 0.941406 0.460938 0.943359 0.466797 0.940430 0.471680 0.932617 0.472656 0.928711 0.467773 0.926758 0.458984 0.930664 0.452148
1 0.846680 0.434570 0.848633 0.435547 0.848633 0.438477 0.844727 0.438477
1 0.877930 0.377930 0.881836 0.377930 0.880859 0.381836 0.876953 0.381836
1 0.870117 0.365234 0.870117 0.370117 0.865234 0.370117 0.866211 0.366211
1 0.914062 0.304688 0.917969 0.304688 0.917969 0.307617 0.914062 0.308594
1 0.904297 0.208008 0.908203 0.207031 0.908203 0.211914 0.905273 0.210938
1 0.987305 0.048828 0.990234 0.048828 0.990234 0.051758 0.988281 0.052734 0.986328 0.051758
1 0.977539 0.047852 0.974609 0.049805 0.973633 0.052734 0.975586 0.053711 0.978516 0.051758
1 1.000000 0.007812 0.997070 0.008789 0.997070 0.013672 1.000000 0.012695
0 0.949219 0.375977 0.955078 0.378906 0.962891 0.378906 0.968750 0.381836 0.970703 0.383789 0.966797 0.388672 0.970703 0.390625 0.970703 0.402344 0.968750 0.409180 0.960938 0.408203 0.958984 0.405273 0.957031 0.409180 0.950195 0.408203 0.950195 0.401367 0.950195 0.393555 0.947266 0.379883
0 0.999023 0.457031 0.995117 0.459961 0.994141 0.463867 0.990234 0.465820 0.986328 0.468750 0.985352 0.476562 0.985352 0.482422 0.989258 0.483398 0.993164 0.481445 1.000000 0.482422
0 0.999023 0.484375 0.994141 0.486328 0.993164 0.491211 0.990234 0.497070 0.984375 0.497070 0.973633 0.498047 0.971680 0.504883 0.971680 0.510742 0.965820 0.514648 0.968750 0.518555 0.968750 0.522461 0.968750 0.525391 0.970703 0.531250 0.970703 0.540039 0.974609 0.542969 0.980469 0.542969 0.983398 0.543945 0.990234 0.545898 0.990234 0.545898 0.996094 0.543945 1.000000 0.543945
1 0.995117 0.553711 0.997070 0.557617 0.996094 0.562500 0.996094 0.562500 0.988281 0.560547 0.984375 0.557617 0.989258 0.551758
1 0.984375 0.561523 0.984375 0.569336 0.974609 0.565430 0.977539 0.557617
1 0.988281 0.560547 0.994141 0.562500 0.995117 0.567383 0.991211 0.570312 0.985352 0.569336 0.985352 0.563477
1 0.993164 0.570312 0.985352 0.569336 0.979492 0.570312 0.978516 0.574219 0.984375 0.578125 0.990234 0.577148
1 1.000000 0.568359 0.993164 0.569336 0.990234 0.578125 0.993164 0.582031 0.999023 0.582031
1 0.973633 0.577148 0.982422 0.576172 0.989258 0.580078 0.988281 0.583984 0.981445 0.584961 0.981445 0.584961 0.975586 0.583008
1 0.993164 0.581055 0.999023 0.583008 0.998047 0.586914 0.993164 0.590820 0.993164 0.590820 0.988281 0.587891 0.986328 0.583008 0.988281 0.581055
1 0.984375 0.614258 0.990234 0.614258 0.992188 0.620117 0.988281 0.623047 0.980469 0.622070 0.980469 0.617188
1 1.000000 0.601562 0.996094 0.603516 0.996094 0.607422 1.000000 0.610352
1 0.981445 0.659180 0.984375 0.660156 0.984375 0.664062 0.980469 0.663086
1 0.979492 0.680664 0.983398 0.681641 0.983398 0.685547 0.981445 0.687500 0.977539 0.685547
1 0.948242 0.977539 0.953125 0.978516 0.952148 0.983398 0.948242 0.983398