1 0.114760 0.134431 0.117746 0.134681 0.119556 0.136021 0.119266 0.137562 0.117992 0.139617 0.116651 0.140846 0.115468 0.141136 0.113636 0.140086 0.112341 0.138925 0.113435 0.135708
0 0.127364 0.122080 0.123217 0.128245 0.120152 0.131646 0.119592 0.135457 0.116641 0.139979 0.116416 0.145808 0.119032 0.149730 0.122769 0.152832 0.128187 0.153057 0.132446 0.146667 0.136146 0.147862 0.134202 0.142818 0.137678 0.136541 0.141339 0.131272 0.140741 0.127610 0.139658 0.123463 0.132745 0.122267
1 0.049401 0.178840 0.045133 0.177417 0.044422 0.173828 0.047493 0.171984 0.051536 0.173569 0.051245 0.177094
1 0.043582 0.202920 0.041358 0.202355 0.039989 0.201099 0.040780 0.199780 0.041811 0.198851 0.043293 0.198989 0.046094 0.199215 0.046030 0.202116
0 0.016512 0.261976 0.011223 0.260183 0.009968 0.250860 0.011088 0.241583 0.014091 0.237997 0.018708 0.240597 0.019245 0.246603 0.020456 0.254312 0.021486 0.260586
1 0.056860 0.251538 0.051618 0.251231 0.050316 0.248438 0.051159 0.245721 0.052919 0.244152 0.055827 0.243808 0.057550 0.244535 0.059233 0.245836 0.057779 0.249815
0 0.052836 0.269346 0.048753 0.267876 0.046303 0.265622 0.046891 0.262878 0.048100 0.260264 0.049569 0.257356 0.051823 0.255560 0.054176 0.255952 0.055679 0.256671 0.054927 0.259088 0.053489 0.261081 0.053457 0.262813 0.056201 0.263956 0.057018 0.266177 0.054895 0.269020
0 0.062763 0.254233 0.059588 0.252505 0.059271 0.248343 0.059341 0.244568 0.061774 0.242945 0.064420 0.241888 0.067384 0.241711 0.070664 0.243087 0.071934 0.246015 0.067947 0.249048 0.065161 0.253951
1 0.112042 0.214421 0.108225 0.212826 0.105664 0.209492 0.109095 0.206014 0.112863 0.203743 0.116729 0.207705 0.115858 0.212729
1 0.108853 0.221329 0.104456 0.220991 0.100832 0.219590 0.101461 0.215773 0.104069 0.212826 0.106823 0.211859 0.109095 0.212295 0.113008 0.213357 0.113636 0.216160 0.110785 0.219396
1 0.119980 0.220771 0.115161 0.219724 0.113170 0.215812 0.115476 0.211237 0.117955 0.209387 0.120539 0.208618 0.122914 0.209910 0.124415 0.212076 0.125742 0.213298 0.123856 0.218048
1 0.097514 0.261657 0.095017 0.260310 0.093865 0.258009 0.094932 0.255988 0.096925 0.254726 0.100909 0.256774 0.100488 0.258654 0.098945 0.260759
1 0.162201 0.303520 0.154706 0.303520 0.149185 0.300533 0.150593 0.294166 0.153241 0.290615 0.157129 0.289543 0.162544 0.289951 0.165660 0.294906 0.166119 0.300628
1 0.177737 0.315031 0.174026 0.313458 0.172493 0.309424 0.173824 0.307084 0.175801 0.305188 0.178504 0.305833 0.180642 0.305954 0.181046 0.308294 0.180925 0.310755 0.179634 0.314022
1 0.198081 0.191566 0.195269 0.191302 0.195345 0.189019 0.195873 0.186961 0.197138 0.185942 0.199326 0.186451 0.200647 0.186244 0.201252 0.187622 0.201780 0.189112 0.201459 0.190812 0.199912 0.192057
1 0.243455 0.205541 0.240715 0.204293 0.241050 0.201521 0.243242 0.201004 0.244948 0.200577 0.246166 0.201887 0.246044 0.204263
1 0.256757 0.207579 0.252279 0.205412 0.250450 0.200983 0.252713 0.198961 0.255168 0.197757 0.258635 0.197180 0.259839 0.199779 0.260416 0.201513 0.259790 0.205412
1 0.266392 0.206913 0.263629 0.204899 0.263161 0.202301 0.263255 0.198977 0.265338 0.197360 0.266813 0.196588 0.268780 0.197618 0.271121 0.198695 0.271987 0.200030 0.272667 0.201833 0.271917 0.204174 0.270021 0.206703
0 0.244692 0.250216 0.239605 0.250248 0.235135 0.249211 0.235103 0.246101 0.235686 0.243931 0.237694 0.241371 0.239703 0.239557 0.242359 0.238812 0.245502 0.237937 0.247349 0.239200 0.248191 0.240562 0.248482 0.243250 0.245405 0.249114
1 0.255820 0.261663 0.250906 0.260358 0.249541 0.258902 0.249389 0.256172 0.251027 0.253836 0.252848 0.252501 0.256337 0.252896 0.258885 0.253259 0.259855 0.255019 0.259946 0.256657 0.259886 0.259114 0.257216 0.261905
1 0.257301 0.346419 0.255322 0.346325 0.254804 0.344612 0.255117 0.343686 0.256013 0.342885 0.257396 0.342508 0.258260 0.343089 0.258777 0.343812 0.259045 0.344645 0.258998 0.345712
1 0.165245 0.335193 0.162809 0.335143 0.161200 0.334263 0.161319 0.332723 0.162571 0.332062 0.163841 0.331335 0.165025 0.331284 0.166937 0.332757 0.167683 0.334567
0 0.200800 0.569751 0.190516 0.569677 0.177697 0.569304 0.171437 0.561852 0.169500 0.553952 0.171735 0.547990 0.154587 0.526832 0.154238 0.519454 0.160420 0.513728 0.167111 0.517130 0.166317 0.519228 0.161780 0.523650 0.163142 0.527677 0.172436 0.535827 0.179298 0.540762 0.186455 0.542662 0.195287 0.555634 0.200678 0.566240
1 0.240824 0.326854 0.239487 0.325769 0.238965 0.324258 0.239739 0.323347 0.241038 0.323424 0.241968 0.323443 0.242820 0.323986 0.242646 0.325575 0.242143 0.326447
1 0.246778 0.318712 0.244927 0.317598 0.244790 0.316004 0.245853 0.314906 0.246744 0.314032 0.248424 0.313621 0.248973 0.314016 0.249915 0.315026 0.249795 0.315695 0.248372 0.317734
1 0.199389 0.218801 0.193464 0.218924 0.193097 0.215573 0.195671 0.214266 0.197795 0.213326 0.201187 0.213939 0.202862 0.215451 0.203025 0.217534
1 0.116297 0.115857 0.113446 0.114508 0.112757 0.111027 0.114437 0.109737 0.116327 0.108478 0.118127 0.109077 0.119987 0.109167 0.120497 0.111657 0.120137 0.114327 0.118277 0.115468
1 0.124247 0.120208 0.121007 0.119788 0.119692 0.117980 0.120830 0.116167 0.122572 0.115083 0.123691 0.115243 0.125807 0.115492 0.126225 0.117320 0.125265 0.119391
0 0.397902 0.912999 0.393876 0.907844 0.388721 0.904014 0.391470 0.901019 0.393975 0.900527 0.396675 0.898171 0.398344 0.896256 0.401486 0.893899 0.404924 0.892672 0.406937 0.892181 0.411503 0.894439 0.414449 0.897287 0.416168 0.902737 0.417543 0.903375 0.417199 0.906420 0.416561 0.907500 0.414694 0.910299 0.410423 0.912018
1 0.389545 0.898788 0.386389 0.897581 0.386389 0.895074 0.387627 0.894270 0.388926 0.893898 0.390566 0.894054 0.391525 0.894796 0.391247 0.897147 0.391309 0.898447
1 0.418004 0.859891 0.414025 0.858475 0.415287 0.852162 0.416550 0.851779 0.417851 0.852468 0.419840 0.853310 0.420414 0.856332 0.420949 0.858475 0.420682 0.860158
1 0.464582 0.856389 0.462454 0.855726 0.461255 0.854337 0.461804 0.852675 0.463276 0.851321 0.464819 0.851527 0.466173 0.851373 0.467252 0.852093 0.467270 0.854509
1 0.465260 0.866916 0.461978 0.865232 0.461121 0.863634 0.462577 0.861293 0.464660 0.860579 0.465974 0.860551 0.467058 0.860551 0.468229 0.862350 0.467686 0.865175
1 0.413131 0.841793 0.411153 0.841336 0.410605 0.839663 0.410483 0.838415 0.411609 0.837716 0.412721 0.838005 0.413572 0.838172 0.414257 0.838445 0.414500 0.840651 0.414074 0.842021
1 0.404930 0.816253 0.402220 0.816132 0.402146 0.813422 0.402800 0.812769 0.404445 0.812599 0.406430 0.812962 0.407060 0.813930 0.407325 0.816398
1 0.400018 0.794939 0.396328 0.794603 0.394472 0.791805 0.395219 0.789852 0.396136 0.789418 0.397390 0.788936 0.398716 0.788839 0.400451 0.789707 0.401368 0.790744 0.401344 0.792312 0.400572 0.793976
1 0.431136 0.734207 0.428362 0.734548 0.426513 0.732261 0.428459 0.731288 0.430235 0.731068 0.431428 0.731556 0.432547 0.732383 0.431914 0.733745
0 0.445090 0.726594 0.439507 0.725506 0.436316 0.723076 0.437984 0.718871 0.438854 0.716441 0.440559 0.712707 0.442879 0.711112 0.445235 0.710097 0.447954 0.708248 0.450492 0.706254 0.452740 0.705202 0.455460 0.704187 0.458542 0.704296 0.460535 0.705383 0.463255 0.708175 0.463291 0.711475 0.462566 0.713723 0.458940 0.716768 0.455968 0.716949 0.454010 0.720357 0.453574 0.723476 0.447266 0.725760
1 0.388878 0.692565 0.383303 0.692602 0.381928 0.690973 0.382579 0.688294 0.383629 0.686810 0.386416 0.686339 0.389167 0.686194 0.391954 0.687280 0.393729 0.688584 0.391882 0.691732
1 0.387321 0.700746 0.382397 0.700638 0.380732 0.697416 0.380407 0.694014 0.382832 0.691878 0.387466 0.691624 0.390832 0.692854 0.393402 0.696765 0.391773 0.699660
1 0.345854 0.744992 0.341843 0.745071 0.340781 0.741101 0.342118 0.738584 0.343888 0.736501 0.346246 0.736461 0.348251 0.736894 0.350335 0.738978 0.349273 0.742673 0.347269 0.745071
1 0.336222 0.721295 0.332706 0.721316 0.330383 0.719788 0.332057 0.717800 0.332978 0.716983 0.335196 0.717591 0.336850 0.718344 0.337540 0.719265 0.337143 0.720709
1 0.330798 0.718999 0.328195 0.719172 0.326226 0.718223 0.326312 0.716469 0.326872 0.715434 0.328138 0.714931 0.329432 0.714916 0.330683 0.715002 0.331603 0.715549 0.332278 0.716555 0.332753 0.717547 0.331876 0.718467
1 0.325872 0.716961 0.323608 0.716410 0.322048 0.715263 0.323930 0.711988 0.324878 0.711667 0.325995 0.711713 0.327249 0.712126 0.328061 0.712555 0.328336 0.713014 0.328887 0.713764 0.328901 0.714406
1 0.323764 0.713515 0.319693 0.712631 0.318381 0.709738 0.318568 0.707757 0.319345 0.706096 0.320711 0.704703 0.322585 0.703953 0.324219 0.704382 0.326014 0.704918 0.327995 0.706337 0.329066 0.708319 0.328959 0.710542 0.327191 0.711586 0.323897 0.711881
1 0.326396 0.693505 0.322683 0.693085 0.321780 0.691722 0.323019 0.687797 0.324361 0.687378 0.325452 0.687440 0.326922 0.687755 0.328747 0.689119 0.329629 0.690672 0.328453 0.692540
0 0.328241 0.669102 0.322728 0.667760 0.319023 0.664697 0.317769 0.659885 0.319724 0.657317 0.320919 0.655421 0.323924 0.654138 0.325995 0.653759 0.329058 0.654430 0.331771 0.655130 0.333375 0.657084 0.334658 0.661139 0.333229 0.664843 0.330370 0.669131
1 0.332077 0.643208 0.328013 0.642078 0.326669 0.639206 0.327524 0.637678 0.329633 0.637525 0.330977 0.637464 0.332963 0.638595 0.333543 0.640855 0.332688 0.642688
1 0.334059 0.632086 0.330214 0.631170 0.328713 0.628937 0.329885 0.626557 0.333144 0.625678 0.336512 0.627143 0.336109 0.630877
1 0.332278 0.625280 0.329567 0.625496 0.328487 0.622497 0.329615 0.620889 0.331103 0.620529 0.333694 0.620602 0.334846 0.621753 0.335182 0.623408 0.333383 0.625137
1 0.332062 0.619575 0.327837 0.618420 0.327350 0.616140 0.329022 0.614377 0.330329 0.614194 0.332093 0.614407 0.334190 0.615410 0.334859 0.616413 0.334281 0.618420
1 0.326713 0.618863 0.323062 0.616570 0.322033 0.613763 0.326385 0.612593 0.329988 0.613295 0.329192 0.617413
0 0.259905 0.619759 0.255472 0.618115 0.251085 0.612689 0.245775 0.607842 0.243659 0.603147 0.245290 0.599819 0.250032 0.595848 0.255545 0.594070 0.260286 0.594781 0.267933 0.605036 0.267608 0.612917 0.264435 0.616414 0.263025 0.619038
1 0.221490 0.629570 0.217641 0.629859 0.214241 0.627262 0.214883 0.624118 0.216197 0.620365 0.218764 0.618601 0.223446 0.619531 0.225274 0.621295 0.226397 0.624471 0.225563 0.627550
0 0.296869 0.569890 0.292985 0.572498 0.287442 0.570369 0.285876 0.566312 0.289370 0.561894 0.293669 0.556149 0.298047 0.553097 0.303470 0.549521 0.307929 0.547231 0.315102 0.548005 0.317013 0.554471 0.312965 0.559194 0.310771 0.557227 0.309929 0.560881 0.300032 0.567010
1 0.220102 0.521192 0.216470 0.520222 0.215392 0.517346 0.217297 0.514864 0.219958 0.515116 0.222114 0.516482 0.221899 0.519934
1 0.230102 0.510429 0.226764 0.509799 0.225643 0.508562 0.227370 0.506717 0.229495 0.506344 0.230592 0.506367 0.232109 0.507395 0.232482 0.508818 0.230825 0.510476
1 0.251319 0.490672 0.248298 0.489449 0.246365 0.488027 0.247698 0.486072 0.249409 0.485028 0.250675 0.485095 0.253319 0.486517 0.253764 0.486828 0.254208 0.487872 0.252652 0.489250
0 0.285311 0.520363 0.279344 0.523373 0.274578 0.523548 0.273161 0.520021 0.274751 0.517737 0.277960 0.517274 0.279435 0.516928 0.281486 0.514587 0.283510 0.513690 0.285765 0.512505 0.287499 0.512273 0.289350 0.512592 0.290883 0.516219 0.288175 0.520304
0 0.294501 0.513192 0.290692 0.511409 0.287829 0.509492 0.287829 0.507195 0.290368 0.505413 0.292124 0.504873 0.294663 0.504252 0.296797 0.505791 0.297851 0.506602 0.298310 0.509168 0.295608 0.511896
1 0.321571 0.492331 0.317106 0.492404 0.315667 0.490354 0.316911 0.488184 0.318912 0.486744 0.320815 0.486305 0.323230 0.487110 0.323694 0.488306 0.322791 0.491867
1 0.359424 0.468312 0.356380 0.467593 0.354108 0.466619 0.353913 0.464628 0.355774 0.463006 0.356834 0.462075 0.358543 0.461988 0.360079 0.462378 0.361227 0.463438 0.361594 0.465883 0.360556 0.467549
1 0.392824 0.445053 0.390120 0.444221 0.389356 0.441620 0.391125 0.439367 0.393310 0.439263 0.394904 0.439853 0.395633 0.441689 0.395009 0.444013
1 0.408234 0.436697 0.406112 0.436394 0.405728 0.434635 0.406253 0.433381 0.408113 0.433260 0.408942 0.433806 0.409670 0.434048 0.409185 0.436131
1 0.415931 0.437053 0.412928 0.436260 0.411142 0.434264 0.410742 0.432037 0.412192 0.430776 0.414209 0.430272 0.417213 0.430440 0.418600 0.430944 0.419566 0.431995 0.419840 0.433528 0.418054 0.435882
1 0.438285 0.427765 0.432928 0.428243 0.431343 0.426770 0.431611 0.423911 0.432884 0.422036 0.435250 0.421098 0.437506 0.421745 0.439136 0.422460 0.439604 0.425541 0.438912 0.427841
1 0.442074 0.423902 0.440662 0.423868 0.439870 0.423007 0.439744 0.421836 0.440433 0.421043 0.441776 0.420929 0.442901 0.420905 0.443360 0.421399 0.444061 0.422582 0.443326 0.423845
1 0.459510 0.421171 0.456164 0.421029 0.454730 0.419401 0.455209 0.417048 0.457227 0.416446 0.458979 0.416446 0.460660 0.416676 0.462111 0.417331 0.462730 0.418305 0.463049 0.419349 0.462288 0.421136
1 0.466822 0.415050 0.463243 0.415547 0.462420 0.413844 0.463090 0.411317 0.466324 0.410801 0.468525 0.411662 0.469540 0.413958 0.468085 0.415222
1 0.478851 0.412699 0.477259 0.412229 0.476373 0.411080 0.476539 0.410000 0.478034 0.409710 0.479100 0.409695 0.480263 0.409944 0.480442 0.410679 0.480263 0.411868
1 0.484094 0.410354 0.481974 0.409406 0.481041 0.408009 0.481829 0.406226 0.483419 0.405840 0.485090 0.405856 0.486022 0.406161 0.486890 0.406804 0.487051 0.408587 0.486665 0.410274
0 0.507634 0.411054 0.500637 0.411023 0.496200 0.409175 0.493612 0.404328 0.496118 0.399522 0.497679 0.395702 0.503471 0.394716 0.507003 0.394183 0.510043 0.396195 0.514396 0.399398 0.515547 0.404410 0.514767 0.407778 0.509673 0.408354
1 0.492716 0.409140 0.490483 0.408978 0.488527 0.407560 0.488593 0.405946 0.490401 0.405343 0.491966 0.405229 0.493221 0.405147 0.493987 0.405669 0.494606 0.406354 0.494558 0.407999
1 0.545109 0.398364 0.540859 0.397771 0.537732 0.396320 0.537099 0.394706 0.539347 0.392254 0.541288 0.390640 0.543597 0.388984 0.545865 0.387841 0.547786 0.388086 0.549383 0.390169 0.550412 0.394145 0.547288 0.397765
0 0.582078 0.372244 0.574042 0.371889 0.569425 0.367671 0.569562 0.361942 0.566096 0.355742 0.560029 0.350542 0.563430 0.346076 0.569963 0.346809 0.576696 0.346343 0.586163 0.353076 0.588163 0.361942 0.584830 0.370209
0 0.573129 0.436908 0.567711 0.436393 0.564414 0.435274 0.562896 0.432150 0.563268 0.428854 0.565188 0.425872 0.568485 0.424754 0.572412 0.425872 0.575737 0.428022 0.576884 0.433096
0 0.523829 0.455958 0.516808 0.457174 0.509120 0.456586 0.504963 0.453291 0.505982 0.449800 0.509591 0.446506 0.512925 0.443250 0.515906 0.440112 0.520770 0.437837 0.524535 0.437994 0.529045 0.444897 0.528889 0.450741
1 0.481376 0.466841 0.475888 0.465708 0.471705 0.462659 0.471139 0.457780 0.473404 0.454601 0.477368 0.453250 0.482073 0.454164 0.485166 0.455559 0.488128 0.461396 0.485340 0.465665
1 0.469914 0.470480 0.465211 0.471668 0.460372 0.470252 0.459505 0.467376 0.461879 0.463587 0.465622 0.461897 0.468818 0.460619 0.471558 0.461943 0.473658 0.463587 0.474389 0.466828 0.472607 0.469659
1 0.414981 0.495399 0.412314 0.494907 0.410752 0.492696 0.411139 0.490906 0.413209 0.489572 0.414666 0.489625 0.416702 0.490204 0.417614 0.491749 0.417702 0.493837
1 0.420787 0.494259 0.418162 0.493469 0.417220 0.490309 0.418544 0.488831 0.421373 0.488576 0.422800 0.489621 0.424100 0.491762 0.422342 0.494080
1 0.407831 0.500684 0.405266 0.500708 0.404042 0.499639 0.403634 0.497037 0.404057 0.495250 0.406419 0.494632 0.408275 0.495293 0.409725 0.496798 0.409710 0.499948
1 0.348694 0.534348 0.344864 0.534262 0.341981 0.533573 0.341723 0.529895 0.342799 0.528151 0.345402 0.526560 0.347339 0.526517 0.350222 0.528452 0.350889 0.530152 0.351470 0.532949
1 0.244100 0.545499 0.239693 0.545190 0.238178 0.543085 0.239861 0.540223 0.241686 0.538763 0.244212 0.538566 0.246289 0.539071 0.247047 0.542216 0.245391 0.544882
1 0.253991 0.536969 0.250784 0.536396 0.248491 0.535038 0.248258 0.532214 0.249786 0.529814 0.253354 0.529156 0.255646 0.529093 0.256963 0.532257 0.256857 0.535229 0.255286 0.536821
0 0.274595 0.652518 0.266390 0.650057 0.263262 0.645646 0.264236 0.640518 0.266954 0.637390 0.272133 0.639492 0.277672 0.641954 0.280390 0.647595 0.277723 0.652107
1 0.582537 0.639277 0.577836 0.638419 0.575560 0.636181 0.577238 0.633158 0.579664 0.631703 0.582947 0.631740 0.584515 0.632562 0.585782 0.635285 0.584439 0.638494
1 0.587202 0.484729 0.584417 0.484433 0.582065 0.482492 0.582248 0.480050 0.583618 0.478429 0.585581 0.477493 0.587704 0.477425 0.589233 0.478635 0.590215 0.482059 0.589530 0.484912
1 0.467304 0.523965 0.464336 0.523330 0.462451 0.521744 0.462582 0.519803 0.464243 0.518496 0.466371 0.518478 0.467789 0.518516 0.469058 0.520120 0.468703 0.523442
1 0.472847 0.521520 0.469618 0.520904 0.468237 0.518944 0.468797 0.517358 0.470290 0.516574 0.472398 0.516425 0.474153 0.516369 0.474899 0.516816 0.475813 0.518516 0.475571 0.520083 0.474358 0.521240
1 0.448138 0.531977 0.445675 0.530745 0.445510 0.528556 0.447289 0.527187 0.450163 0.527488 0.450737 0.530225
1 0.400653 0.558939 0.397030 0.558600 0.395199 0.557939 0.394879 0.554580 0.395652 0.552845 0.398860 0.552618 0.400560 0.553146 0.401616 0.555524 0.401937 0.558581
1 0.404220 0.556241 0.401710 0.555581 0.399937 0.553260 0.400483 0.552392 0.402786 0.552203 0.404503 0.553184 0.405466 0.555260
1 0.408712 0.554600 0.405164 0.554278 0.403239 0.552485 0.403371 0.550561 0.404673 0.549485 0.407485 0.549561 0.408862 0.550127 0.410032 0.551127 0.409957 0.553693
1 0.366330 0.525591 0.362723 0.525473 0.360602 0.524105 0.360530 0.521159 0.362039 0.519839 0.365340 0.519886 0.367154 0.521560 0.367484 0.524813
1 0.271056 0.589339 0.267316 0.589339 0.265447 0.587751 0.265806 0.585292 0.267828 0.584294 0.269083 0.584114 0.270825 0.584345 0.272055 0.585549 0.272797 0.587187 0.271824 0.589211
1 0.300310 0.446850 0.297483 0.446649 0.294836 0.445158 0.295214 0.443379 0.297328 0.442177 0.300242 0.442511 0.302801 0.442667 0.304092 0.444380
1 0.306205 0.442777 0.301333 0.442645 0.299998 0.440931 0.300465 0.439463 0.302935 0.438772 0.304848 0.438506 0.307362 0.438884 0.308475 0.440086 0.307674 0.442622
1 0.311472 0.439869 0.306822 0.439264 0.304211 0.437576 0.304975 0.435761 0.308542 0.435028 0.311153 0.434773 0.313605 0.435824 0.313064 0.439200
1 0.316376 0.435729 0.311249 0.434964 0.310644 0.432321 0.313765 0.431206 0.316663 0.431015 0.317714 0.434168
1 0.603046 0.482575 0.600142 0.482456 0.599322 0.480628 0.599664 0.479397 0.602380 0.479107 0.603900 0.479757 0.604190 0.481670
1 0.593590 0.481761 0.591643 0.481590 0.590183 0.480774 0.590183 0.479301 0.591393 0.478630 0.593445 0.478445 0.594893 0.479538 0.595037 0.481366
1 0.623913 0.482860 0.620651 0.482144 0.619286 0.479783 0.619518 0.476845 0.622317 0.476081 0.624307 0.476104 0.625973 0.477354 0.627176 0.479690 0.626065 0.481935
1 0.699111 0.453366 0.697319 0.453296 0.696840 0.451716 0.697221 0.450445 0.698688 0.450064 0.699986 0.450432 0.700509 0.451207 0.701102 0.452393 0.699916 0.453451
0 0.702471 0.438354 0.697065 0.438207 0.693512 0.434652 0.691476 0.431024 0.694252 0.428322 0.696770 0.425842 0.699769 0.424953 0.705063 0.429396 0.708283 0.435319 0.706396 0.438429
1 0.694377 0.423059 0.692964 0.422821 0.691859 0.422006 0.691055 0.420572 0.691777 0.419901 0.693645 0.419767 0.696142 0.419911 0.697276 0.419829 0.697688 0.421377 0.697328 0.422150 0.695306 0.422955
0 0.694650 0.388247 0.691608 0.387659 0.690151 0.385281 0.690382 0.381422 0.691762 0.379249 0.694472 0.378253 0.696771 0.378432 0.699072 0.379505 0.700580 0.381371 0.699200 0.383773 0.696389 0.385154
1 0.664217 0.375127 0.660136 0.373521 0.657053 0.370351 0.655489 0.365271 0.657443 0.361103 0.661524 0.359930 0.665433 0.359887 0.670513 0.361536 0.673726 0.363794 0.674768 0.370177 0.670687 0.372088
1 0.671984 0.362011 0.663159 0.361314 0.658970 0.358978 0.655304 0.355392 0.656311 0.351242 0.658687 0.347616 0.662031 0.345159 0.666222 0.344555 0.670532 0.345562 0.673474 0.347536 0.675528 0.353055 0.676857 0.358494 0.674562 0.360227
1 0.744309 0.234685 0.739730 0.233672 0.734546 0.231281 0.732156 0.227879 0.734546 0.224273 0.737422 0.221803 0.741189 0.222087 0.744916 0.224477 0.747913 0.227636 0.746698 0.232051
1 0.765337 0.244433 0.759339 0.243343 0.754180 0.240700 0.751412 0.237639 0.752083 0.232396 0.756361 0.229124 0.762316 0.229418 0.767266 0.232396 0.770789 0.240448 0.766302 0.242000
0 0.658652 0.192051 0.661821 0.195673 0.660554 0.199612 0.655980 0.200246 0.651271 0.198525 0.645022 0.191824 0.641174 0.187387 0.640449 0.183537 0.644389 0.177470 0.650049 0.171356 0.656569 0.164202 0.663801 0.159430 0.671379 0.157626 0.674928 0.161655 0.673063 0.166768 0.666267 0.170557 0.657125 0.179038 0.652433 0.184933
0 0.840639 0.259995 0.830424 0.258244 0.827286 0.250875 0.827505 0.242849 0.832904 0.235553 0.839544 0.233802 0.849029 0.234386 0.856763 0.239273 0.858514 0.247227 0.854938 0.251312 0.850051 0.254012 0.842900 0.260725
0 0.812049 0.277340 0.807635 0.276376 0.803476 0.273281 0.801192 0.267396 0.802156 0.262628 0.806772 0.259533 0.811187 0.259686 0.818543 0.262222 0.821282 0.265875 0.820014 0.272267
1 0.782404 0.308252 0.775548 0.306416 0.771931 0.302854 0.772795 0.298912 0.775979 0.297185 0.779110 0.296753 0.783808 0.297778 0.785697 0.304797
1 0.791149 0.300748 0.785049 0.299884 0.780083 0.296699 0.779003 0.293244 0.783376 0.290922 0.788937 0.292218 0.795253 0.294701 0.796009 0.299183
1 0.797316 0.294516 0.790492 0.292413 0.785069 0.290590 0.780255 0.286289 0.783900 0.283063 0.789276 0.282830 0.792923 0.282082 0.800168 0.285401 0.802271 0.290729
1 0.806779 0.283312 0.797976 0.282432 0.792498 0.280182 0.790443 0.276269 0.792987 0.272942 0.797829 0.271671 0.804090 0.273383 0.810203 0.277491 0.809665 0.282334
1 0.768363 0.383468 0.765258 0.382176 0.763086 0.379922 0.763608 0.377558 0.765862 0.375798 0.768419 0.375028 0.770535 0.375440 0.772103 0.376761 0.773202 0.379481 0.770811 0.382176
1 0.760327 0.390758 0.758557 0.391561 0.755363 0.390229 0.751896 0.389334 0.750966 0.386287 0.752608 0.384115 0.754287 0.382400 0.756513 0.381470 0.760017 0.382491 0.762607 0.383458 0.764651 0.386067 0.763903 0.389023 0.761239 0.391013
1 0.727154 0.486452 0.720600 0.484842 0.715021 0.481853 0.712951 0.477885 0.715999 0.473859 0.721864 0.473629 0.727441 0.476447 0.730892 0.480760 0.729857 0.484497
1 0.714976 0.514260 0.711477 0.513243 0.708875 0.511061 0.709772 0.508369 0.712494 0.506396 0.715484 0.506575 0.718056 0.509416 0.716770 0.513303
0 0.693247 0.546602 0.686286 0.547177 0.678989 0.543961 0.672077 0.542761 0.667469 0.539641 0.667517 0.535896 0.670541 0.532775 0.675581 0.529896 0.684366 0.528983 0.690654 0.532056 0.698144 0.537960 0.696415 0.544201
0 0.721817 0.543739 0.713191 0.542583 0.706349 0.539547 0.702638 0.534198 0.704324 0.529331 0.710349 0.523886 0.714059 0.518971 0.719407 0.516995 0.726636 0.519356 0.733526 0.525861 0.734973 0.534054 0.729238 0.538343 0.723552 0.541330
0 0.688219 0.499418 0.681380 0.499836 0.675621 0.497565 0.673646 0.493909 0.675242 0.487855 0.677639 0.482602 0.681968 0.479911 0.687601 0.481131 0.692309 0.486637 0.692813 0.493614
1 0.892356 0.711754 0.888666 0.710451 0.885235 0.706196 0.886364 0.703070 0.889795 0.702071 0.893659 0.702419 0.895700 0.705241 0.894397 0.710018
1 0.883259 0.718422 0.879576 0.717364 0.876206 0.715382 0.875492 0.711338 0.877911 0.709236 0.880766 0.708522 0.883383 0.710029 0.884413 0.713122 0.883620 0.716611
1 0.387375 0.845251 0.381607 0.844915 0.378323 0.841926 0.378408 0.838642 0.379797 0.835863 0.382997 0.834264 0.385943 0.834264 0.388596 0.836115 0.390617 0.840873
1 0.546590 0.447763 0.542709 0.447488 0.538554 0.446046 0.536596 0.443985 0.537970 0.441581 0.540511 0.439314 0.544117 0.438594 0.546658 0.439280 0.547826 0.441444 0.547654 0.445634
1 0.476590 0.647004 0.473620 0.646916 0.472040 0.646049 0.472091 0.644299 0.473195 0.643108 0.474267 0.642633 0.475813 0.642667 0.476918 0.643822 0.477887 0.644520 0.477139 0.646627
1 0.483622 0.638840 0.480516 0.638966 0.478479 0.637790 0.479382 0.636132 0.480284 0.634620 0.481564 0.634432 0.482971 0.634494 0.484252 0.635438 0.484230 0.638188
1 0.486572 0.635077 0.484019 0.634599 0.483265 0.632799 0.483366 0.631059 0.484614 0.630202 0.485861 0.629825 0.486979 0.630246 0.487689 0.630797 0.488560 0.632089 0.488386 0.633336 0.487167 0.634599
1 0.494863 0.633442 0.492533 0.633068 0.490476 0.632031 0.490544 0.630382 0.491479 0.629191 0.492670 0.628987 0.493877 0.629157 0.495407 0.629854 0.495985 0.630518 0.495646 0.633051
1 0.499291 0.628723 0.496276 0.628866 0.494514 0.628497 0.494206 0.626365 0.494739 0.625360 0.495826 0.624540 0.497794 0.624540 0.499086 0.625442 0.500110 0.626242 0.499823 0.628128
1 0.508794 0.620759 0.504812 0.620703 0.502653 0.619133 0.503831 0.617507 0.506187 0.616161 0.508373 0.616834 0.510111 0.616945 0.510364 0.619133
1 0.285156 0.734375 0.289062 0.735352 0.289062 0.739258 0.284180 0.738281
1 0.424805 0.874023 0.429688 0.879883 0.426758 0.884766 0.418945 0.877930
0 0.577148 0.395508 0.582031 0.395508 0.584961 0.400391 0.587891 0.403320 0.586914 0.406250 0.586914 0.411133 0.581055 0.414062 0.573242 0.416992 0.567383 0.419922 0.559570 0.418945 0.558594 0.414062 0.565430 0.415039 0.567383 0.411133 0.575195 0.410156 0.582031 0.406250 0.579102 0.400391 0.574219 0.401367
1 0.593750 0.425781 0.594727 0.428711 0.590820 0.429688 0.590820 0.425781
1 0.682617 0.208984 0.685547 0.211914 0.683594 0.215820 0.679688 0.213867 0.681641 0.210938
1 0.687500 0.208984 0.691406 0.207031 0.693359 0.208008 0.693359 0.211914 0.690430 0.212891
1 0.696289 0.208008 0.701172 0.208008 0.701172 0.210938 0.698242 0.213867 0.695312 0.210938
1 0.704102 0.209961 0.709961 0.209961 0.710938 0.212891 0.708984 0.215820 0.704102 0.215820
1 0.711914 0.219727 0.715820 0.219727 0.715820 0.222656 0.710938 0.222656
1 0.709961 0.266602 0.713867 0.267578 0.713867 0.270508 0.710938 0.272461 0.708008 0.270508
1 0.670898 0.265625 0.679688 0.265625 0.679688 0.270508 0.674805 0.271484
1 0.671875 0.230469 0.675781 0.228516 0.677734 0.231445 0.676758 0.234375 0.672852 0.234375
1 0.672852 0.289062 0.676758 0.289062 0.676758 0.293945 0.672852 0.293945
1 0.669922 0.312500 0.676758 0.311523 0.675781 0.318359 0.670898 0.317383
1 0.707031 0.291992 0.710938 0.292969 0.711914 0.296875 0.707031 0.297852 0.705078 0.294922
1 0.706055 0.299805 0.708984 0.301758 0.707031 0.304688 0.704102 0.303711
1 0.705078 0.307617 0.708984 0.308594 0.708984 0.311523 0.705078 0.312500
1 0.705078 0.316406 0.708008 0.316406 0.710938 0.319336 0.707031 0.321289 0.704102 0.319336
1 0.670898 0.336914 0.674805 0.335938 0.675781 0.339844 0.672852 0.341797 0.669922 0.339844
1 0.703125 0.331055 0.707031 0.331055 0.708008 0.333984 0.705078 0.335938 0.703125 0.333984
1 0.702148 0.339844 0.707031 0.337891 0.708984 0.340820 0.708008 0.342773 0.704102 0.343750
0 0.718750 0.335938 0.722656 0.333984 0.727539 0.328125 0.729492 0.322266 0.730469 0.318359 0.736328 0.318359 0.738281 0.320312 0.743164 0.322266 0.741211 0.327148 0.746094 0.329102 0.745117 0.334961 0.739258 0.335938 0.734375 0.337891 0.729492 0.341797 0.728516 0.344727 0.721680 0.344727 0.717773 0.339844
1 0.769531 0.314453 0.773438 0.313477 0.776367 0.314453 0.775391 0.318359 0.772461 0.320312 0.768555 0.318359
1 0.753906 0.332031 0.757812 0.332031 0.759766 0.335938 0.757812 0.337891 0.753906 0.336914
1 0.739258 0.352539 0.744141 0.351562 0.745117 0.356445 0.741211 0.357422
1 0.701172 0.363281 0.704102 0.361328 0.706055 0.364258 0.706055 0.367188 0.702148 0.366211
1 0.727539 0.370117 0.731445 0.368164 0.733398 0.371094 0.729492 0.373047
1 0.677734 0.402344 0.682617 0.401367 0.686523 0.405273 0.685547 0.408203 0.678711 0.408203
1 0.745117 0.438477 0.748047 0.436523 0.750977 0.438477 0.748047 0.441406
0 0.739258 0.522461 0.744141 0.523438 0.745117 0.519531 0.749023 0.518555 0.750000 0.525391 0.750000 0.530273 0.745117 0.535156 0.746094 0.538086 0.741211 0.542969 0.741211 0.549805 0.741211 0.553711 0.737305 0.556641 0.733398 0.554688 0.733398 0.549805 0.727539 0.549805 0.724609 0.546875 0.729492 0.541992 0.733398 0.542969 0.733398 0.538086 0.736328 0.539062 0.736328 0.536133 0.739258 0.533203 0.739258 0.530273 0.735352 0.526367 0.735352 0.522461
1 0.803711 0.336914 0.807617 0.334961 0.810547 0.340820 0.804688 0.342773
1 0.816406 0.315430 0.820312 0.315430 0.820312 0.320312 0.818359 0.322266 0.815430 0.321289
1 0.825195 0.294922 0.829102 0.293945 0.832031 0.289062 0.835938 0.289062 0.838867 0.291992 0.837891 0.295898 0.833984 0.297852 0.833984 0.302734 0.828125 0.305664 0.823242 0.304688 0.823242 0.299805