1 0.104492 0.012695 0.109375 0.017578 0.108398 0.026367 0.096680 0.021484
1 0.093750 0.032227 0.097656 0.034180 0.095703 0.041992 0.090820 0.038086
1 0.100586 0.041992 0.106445 0.042969 0.106445 0.047852 0.099609 0.047852
1 0.119141 0.064453 0.125977 0.070312 0.124023 0.077148 0.115234 0.073242
1 0.122070 0.077148 0.128906 0.077148 0.129883 0.083984 0.122070 0.084961
1 0.137695 0.110352 0.142578 0.108398 0.145508 0.114258 0.138672 0.117188
1 0.083008 0.083008 0.088867 0.082031 0.090820 0.088867 0.083984 0.089844
1 0.258789 0.057617 0.264648 0.059570 0.263672 0.067383 0.254883 0.067383
1 0.250000 0.074219 0.254883 0.072266 0.258789 0.079102 0.250000 0.081055
1 0.223633 0.118164 0.220703 0.125977 0.211914 0.129883 0.208984 0.124023 0.212891 0.117188 0.212891 0.117188
1 0.083008 0.106445 0.088867 0.104492 0.091797 0.112305 0.085938 0.112305
1 0.083984 0.121094 0.088867 0.120117 0.088867 0.125000 0.083008 0.125977
1 0.212891 0.134766 0.225586 0.134766 0.225586 0.143555 0.211914 0.145508
1 0.083008 0.152344 0.090820 0.153320 0.092773 0.160156 0.083008 0.160156
1 0.260742 0.129883 0.269531 0.129883 0.271484 0.135742 0.262695 0.136719
1 0.237305 0.184570 0.243164 0.184570 0.243164 0.190430 0.235352 0.191406
1 0.251953 0.182617 0.256836 0.182617 0.258789 0.187500 0.250000 0.190430
1 0.072266 0.210938 0.080078 0.212891 0.081055 0.218750 0.072266 0.218750
1 0.162109 0.214844 0.174805 0.217773 0.173828 0.228516 0.160156 0.226562
1 0.248047 0.235352 0.255859 0.237305 0.254883 0.243164 0.246094 0.245117
1 0.256836 0.277344 0.262695 0.279297 0.262695 0.280273 0.263672 0.290039 0.254883 0.290039
1 0.260742 0.302734 0.268555 0.300781 0.270508 0.307617 0.261719 0.311523
1 0.238281 0.295898 0.247070 0.297852 0.247070 0.305664 0.239258 0.306641
1 0.185547 0.258789 0.197266 0.261719 0.197266 0.267578 0.185547 0.267578
1 0.169922 0.267578 0.182617 0.266602 0.182617 0.273438 0.170898 0.274414
1 0.121094 0.261719 0.128906 0.261719 0.129883 0.268555 0.122070 0.269531
1 0.107422 0.244141 0.119141 0.243164 0.118164 0.251953 0.109375 0.252930
1 0.054688 0.253906 0.060547 0.256836 0.063477 0.265625 0.054688 0.265625
1 0.007812 0.229492 0.016602 0.228516 0.019531 0.236328 0.011719 0.237305
1 0.034180 0.264648 0.043945 0.261719 0.046875 0.267578 0.040039 0.275391 0.035156 0.271484
1 0.149414 0.263672 0.157227 0.264648 0.156250 0.271484 0.148438 0.270508
1 0.214844 0.267578 0.220703 0.267578 0.221680 0.272461 0.214844 0.272461
1 0.229492 0.265625 0.237305 0.264648 0.237305 0.269531 0.228516 0.271484
1 0.086914 0.265625 0.091797 0.262695 0.095703 0.270508 0.087891 0.273438
1 0.044922 0.285156 0.044922 0.294922 0.036133 0.293945 0.037109 0.285156
1 0.067383 0.289062 0.073242 0.295898 0.069336 0.302734 0.062500 0.295898
1 0.088867 0.284180 0.087891 0.289062 0.082031 0.288086 0.085938 0.281250
1 0.125977 0.302734 0.125000 0.314453 0.119141 0.314453 0.118164 0.304688
0 0.116211 0.323242 0.124023 0.319336 0.134766 0.321289 0.135742 0.327148 0.142578 0.325195 0.157227 0.326172 0.160156 0.333008 0.154297 0.336914 0.142578 0.334961 0.135742 0.337891 0.138672 0.343750 0.133789 0.346680 0.128906 0.342773 0.127930 0.335938 0.118164 0.339844 0.112305 0.341797 0.109375 0.333984
0 0.183594 0.315430 0.190430 0.318359 0.202148 0.313477 0.216797 0.304688 0.225586 0.310547 0.224609 0.318359 0.230469 0.325195 0.238281 0.333984 0.246094 0.329102 0.254883 0.331055 0.265625 0.326172 0.264648 0.319336 0.275391 0.313477 0.277344 0.319336 0.275391 0.327148 0.284180 0.333008 0.281250 0.337891 0.264648 0.343750 0.258789 0.341797 0.248047 0.346680 0.244141 0.351562 0.225586 0.356445 0.213867 0.358398 0.202148 0.360352 0.195312 0.363281 0.195312 0.369141 0.188477 0.372070 0.179688 0.375000 0.175781 0.368164 0.175781 0.357422 0.190430 0.355469 0.201172 0.348633 0.219727 0.353516 0.228516 0.347656 0.228516 0.332031 0.221680 0.322266 0.201172 0.325195 0.195312 0.326172 0.184570 0.322266
1 0.040039 0.327148 0.046875 0.333008 0.042969 0.343750 0.031250 0.344727 0.025391 0.333008 0.033203 0.327148
1 0.048828 0.353516 0.054688 0.358398 0.047852 0.367188 0.041992 0.359375 0.045898 0.356445
1 0.061523 0.352539 0.068359 0.352539 0.070312 0.357422 0.061523 0.358398
1 0.122070 0.348633 0.126953 0.348633 0.126953 0.351562 0.122070 0.352539
0 0.045898 0.375977 0.061523 0.374023 0.067383 0.382812 0.073242 0.388672 0.087891 0.395508 0.095703 0.402344 0.090820 0.408203 0.075195 0.406250 0.068359 0.409180 0.068359 0.409180 0.055664 0.414062 0.042969 0.415039 0.040039 0.400391 0.045898 0.391602
1 0.041016 0.425781 0.049805 0.425781 0.051758 0.437500 0.051758 0.437500 0.041016 0.440430 0.037109 0.434570
1 0.028320 0.448242 0.035156 0.448242 0.034180 0.458008 0.028320 0.455078
1 0.116211 0.386719 0.115234 0.393555 0.108398 0.393555 0.108398 0.386719
0 0.076172 0.420898 0.087891 0.420898 0.097656 0.425781 0.091797 0.434570 0.082031 0.443359 0.089844 0.446289 0.091797 0.461914 0.082031 0.464844 0.072266 0.458008 0.069336 0.439453 0.077148 0.432617 0.073242 0.426758
1 0.012695 0.412109 0.022461 0.412109 0.026367 0.416992 0.016602 0.423828
1 0.022461 0.469727 0.029297 0.471680 0.028320 0.477539 0.022461 0.476562
1 0.132812 0.451172 0.145508 0.453125 0.147461 0.461914 0.142578 0.466797 0.130859 0.466797 0.128906 0.456055
0 0.177734 0.386719 0.187500 0.380859 0.202148 0.379883 0.207031 0.383789 0.211914 0.380859 0.216797 0.384766 0.208008 0.390625 0.213867 0.405273 0.206055 0.411133 0.213867 0.450195 0.203125 0.458984 0.190430 0.464844 0.181641 0.462891 0.178711 0.451172 0.180664 0.436523 0.170898 0.436523 0.171875 0.429688 0.179688 0.426758 0.175781 0.419922 0.182617 0.412109 0.181641 0.404297 0.173828 0.406250 0.172852 0.396484
1 0.118164 0.562500 0.125977 0.563477 0.125000 0.569336 0.116211 0.568359
0 0.153320 0.558594 0.163086 0.560547 0.171875 0.555664 0.193359 0.554688 0.206055 0.548828 0.214844 0.547852 0.227539 0.545898 0.237305 0.546875 0.237305 0.556641 0.244141 0.560547 0.246094 0.568359 0.240234 0.572266 0.238281 0.578125 0.229492 0.582031 0.223633 0.580078 0.212891 0.579102 0.202148 0.583984 0.198242 0.591797 0.198242 0.592773 0.190430 0.591797 0.187500 0.578125 0.190430 0.571289 0.200195 0.566406 0.194336 0.563477 0.183594 0.567383 0.174805 0.566406 0.166992 0.573242 0.153320 0.573242 0.147461 0.567383 0.147461 0.560547 0.148438 0.560547
0 0.197266 0.614258 0.202148 0.622070 0.208984 0.634766 0.212891 0.649414 0.209961 0.660156 0.204102 0.657227 0.202148 0.643555 0.198242 0.636719 0.199219 0.626953 0.192383 0.621094 0.192383 0.610352
1 0.140625 0.666016 0.142578 0.672852 0.136719 0.672852 0.137695 0.666992
0 0.214844 0.666992 0.220703 0.664062 0.228516 0.663086 0.231445 0.666992 0.230469 0.671875 0.215820 0.674805 0.211914 0.668945
0 0.243164 0.660156 0.250977 0.656250 0.258789 0.656250 0.266602 0.653320 0.271484 0.661133 0.256836 0.666016 0.244141 0.667969 0.240234 0.664062
1 0.227539 0.719727 0.226562 0.725586 0.222656 0.726562 0.220703 0.721680
1 0.221680 0.728516 0.229492 0.728516 0.229492 0.734375 0.221680 0.736328
1 0.254883 0.699219 0.262695 0.697266 0.266602 0.696289 0.266602 0.702148 0.263672 0.706055 0.254883 0.706055
1 0.266602 0.684570 0.272461 0.683594 0.275391 0.689453 0.270508 0.693359 0.264648 0.689453
1 0.236328 0.749023 0.246094 0.752930 0.251953 0.751953 0.250977 0.758789 0.241211 0.761719 0.234375 0.756836
0 0.122070 0.776367 0.132812 0.773438 0.137695 0.781250 0.137695 0.791992 0.137695 0.800781 0.127930 0.806641 0.121094 0.800781 0.122070 0.788086 0.118164 0.784180
1 0.101562 0.797852 0.105469 0.804688 0.097656 0.809570 0.091797 0.804688
1 0.013672 0.799805 0.021484 0.802734 0.024414 0.809570 0.017578 0.813477 0.005859 0.813477 0.004883 0.805664
1 0.041016 0.793945 0.046875 0.796875 0.047852 0.803711 0.041016 0.811523 0.031250 0.809570 0.037109 0.800781 0.033203 0.797852
0 0.160156 0.799805 0.163086 0.806641 0.158203 0.813477 0.147461 0.812500 0.138672 0.811523 0.138672 0.804688 0.150391 0.806641 0.155273 0.803711
1 0.250000 0.816406 0.255859 0.820312 0.256836 0.827148 0.246094 0.831055 0.241211 0.823242
1 0.250977 0.843750 0.260742 0.839844 0.262695 0.844727 0.253906 0.849609
1 0.234375 0.851562 0.242188 0.847656 0.247070 0.852539 0.247070 0.858398 0.240234 0.861328
1 0.204102 0.853516 0.209961 0.852539 0.215820 0.854492 0.216797 0.863281 0.208008 0.867188 0.200195 0.862305
1 0.194336 0.835938 0.201172 0.835938 0.204102 0.843750 0.194336 0.845703
1 0.057617 0.854492 0.063477 0.854492 0.067383 0.862305 0.065430 0.872070 0.052734 0.875000 0.053711 0.875000 0.049805 0.862305
0 0.123047 0.840820 0.133789 0.843750 0.136719 0.854492 0.138672 0.862305 0.145508 0.868164 0.147461 0.882812 0.142578 0.891602 0.128906 0.893555 0.127930 0.884766 0.119141 0.882812 0.114258 0.876953 0.115234 0.863281 0.109375 0.855469 0.114258 0.842773
1 0.164062 0.873047 0.170898 0.872070 0.172852 0.878906 0.166992 0.880859
0 0.201172 0.892578 0.202148 0.887695 0.207031 0.879883 0.215820 0.885742 0.227539 0.881836 0.244141 0.878906 0.251953 0.881836 0.269531 0.878906 0.272461 0.889648 0.291016 0.886719 0.302734 0.884766 0.310547 0.885742 0.311523 0.879883 0.320312 0.874023 0.328125 0.872070 0.332031 0.868164 0.341797 0.871094 0.350586 0.875000 0.352539 0.884766 0.342773 0.890625 0.331055 0.894531 0.316406 0.891602 0.300781 0.895508 0.289062 0.895508 0.270508 0.894531 0.261719 0.894531 0.250000 0.892578 0.245117 0.894531 0.232422 0.893555 0.220703 0.896484 0.208984 0.894531
0 0.200195 0.909180 0.206055 0.905273 0.219727 0.905273 0.230469 0.905273 0.243164 0.904297 0.251953 0.906250 0.264648 0.905273 0.273438 0.900391 0.284180 0.901367 0.292969 0.908203 0.306641 0.908203 0.309570 0.901367 0.317383 0.897461 0.323242 0.900391 0.325195 0.906250 0.331055 0.906250 0.339844 0.903320 0.342773 0.907227 0.343750 0.916016 0.329102 0.915039 0.314453 0.914062 0.306641 0.914062 0.289062 0.913086 0.277344 0.916016 0.268555 0.915039 0.264648 0.918945 0.249023 0.916992 0.240234 0.915039 0.235352 0.909180 0.227539 0.912109 0.227539 0.920898 0.216797 0.924805 0.206055 0.919922
1 0.361328 0.885742 0.370117 0.882812 0.374023 0.888672 0.369141 0.894531 0.360352 0.890625
1 0.034180 0.953125 0.038086 0.959961 0.032227 0.966797 0.024414 0.958984 0.029297 0.952148
1 0.092773 0.952148 0.098633 0.951172 0.103516 0.954102 0.099609 0.963867 0.092773 0.962891
1 0.170898 0.943359 0.176758 0.944336 0.179688 0.949219 0.172852 0.954102 0.167969 0.948242
1 0.166016 0.997070 0.167969 0.990234 0.173828 0.989258 0.176758 0.994141 0.175781 1.000000
1 0.248047 0.949219 0.253906 0.949219 0.250977 0.958008 0.244141 0.957031 0.242188 0.951172
1 0.266602 0.972656 0.273438 0.971680 0.273438 0.980469 0.265625 0.978516
1 0.278320 0.965820 0.282227 0.965820 0.282227 0.970703 0.275391 0.970703
1 0.288086 0.966797 0.292969 0.965820 0.293945 0.972656 0.290039 0.972656
1 0.321289 0.973633 0.326172 0.973633 0.326172 0.976562 0.321289 0.977539
1 0.332031 0.972656 0.337891 0.973633 0.337891 0.978516 0.333008 0.979492
0 0.334961 0.999023 0.335938 0.990234 0.341797 0.985352 0.348633 0.981445 0.353516 0.984375 0.355469 0.990234 0.360352 0.993164 0.365234 1.000000
1 0.398438 0.984375 0.397461 0.994141 0.388672 0.996094 0.384766 0.991211 0.389648 0.984375
1 0.456055 0.908203 0.466797 0.906250 0.470703 0.909180 0.464844 0.913086 0.458008 0.912109
1 0.476562 0.891602 0.480469 0.891602 0.482422 0.900391 0.478516 0.906250 0.471680 0.905273 0.469727 0.900391
1 0.407227 0.851562 0.413086 0.851562 0.414062 0.857422 0.408203 0.859375 0.403320 0.856445
0 0.320312 0.787109 0.326172 0.785156 0.331055 0.789062 0.333008 0.800781 0.339844 0.812500 0.336914 0.817383 0.338867 0.825195 0.342773 0.831055 0.350586 0.834961 0.356445 0.831055 0.370117 0.827148 0.380859 0.830078 0.384766 0.830078 0.388672 0.826172 0.402344 0.824219 0.407227 0.827148 0.416016 0.821289 0.424805 0.823242 0.430664 0.831055 0.426758 0.840820 0.416016 0.840820 0.406250 0.841797 0.400391 0.845703 0.384766 0.847656 0.374023 0.849609 0.359375 0.853516 0.344727 0.854492 0.335938 0.851562 0.335938 0.844727 0.330078 0.835938 0.329102 0.824219 0.327148 0.811523 0.321289 0.798828
1 0.278320 0.797852 0.284180 0.794922 0.290039 0.797852 0.289062 0.804688 0.277344 0.803711
1 0.283203 0.808594 0.293945 0.807617 0.294922 0.815430 0.286133 0.818359
1 0.291992 0.822266 0.298828 0.822266 0.297852 0.829102 0.294922 0.834961 0.288086 0.833984 0.286133 0.826172
1 0.289062 0.838867 0.298828 0.835938 0.300781 0.843750 0.291992 0.848633 0.286133 0.843750
0 0.268555 0.791992 0.277344 0.788086 0.285156 0.785156 0.291992 0.786133 0.300781 0.782227 0.309570 0.781250 0.316406 0.777344 0.325195 0.777344 0.333008 0.774414 0.341797 0.773438 0.347656 0.774414 0.357422 0.769531 0.368164 0.766602 0.378906 0.765625 0.381836 0.770508 0.373047 0.775391 0.364258 0.776367 0.351562 0.781250 0.338867 0.780273 0.325195 0.782227 0.311523 0.788086 0.304688 0.791016 0.292969 0.791016 0.278320 0.794922
1 0.421875 0.769531 0.428711 0.767578 0.432617 0.770508 0.430664 0.779297 0.421875 0.777344
1 0.459961 0.769531 0.463867 0.777344 0.459961 0.782227 0.453125 0.779297 0.453125 0.772461
0 0.441406 0.785156 0.449219 0.787109 0.451172 0.796875 0.454102 0.806641 0.448242 0.810547 0.454102 0.817383 0.458984 0.816406 0.463867 0.822266 0.470703 0.822266 0.470703 0.814453 0.477539 0.811523 0.484375 0.817383 0.486328 0.827148 0.494141 0.825195 0.495117 0.814453 0.504883 0.809570 0.512695 0.813477 0.521484 0.810547 0.521484 0.801758 0.527344 0.800781 0.533203 0.803711 0.536133 0.799805 0.532227 0.793945 0.532227 0.783203 0.541992 0.778320 0.550781 0.785156 0.552734 0.793945 0.557617 0.797852 0.567383 0.798828 0.576172 0.796875 0.585938 0.795898 0.586914 0.785156 0.577148 0.780273 0.577148 0.767578 0.588867 0.763672 0.602539 0.764648 0.604492 0.775391 0.610352 0.784180 0.615234 0.789062 0.625000 0.788086 0.637695 0.782227 0.646484 0.773438 0.660156 0.770508 0.660156 0.771484 0.666016 0.780273 0.680664 0.775391 0.691406 0.770508 0.684570 0.757812 0.684570 0.743164 0.680664 0.730469 0.679688 0.716797 0.680664 0.707031 0.686523 0.703125 0.688477 0.713867 0.687500 0.722656 0.689453 0.732422 0.691406 0.744141 0.694336 0.750000 0.701172 0.754883 0.702148 0.762695 0.701172 0.769531 0.711914 0.767578 0.717773 0.762695 0.725586 0.766602 0.728516 0.781250 0.730469 0.793945 0.735352 0.799805 0.735352 0.809570 0.720703 0.821289 0.708984 0.826172 0.700195 0.834961 0.682617 0.838867 0.671875 0.836914 0.659180 0.841797 0.651367 0.835938 0.652344 0.824219 0.666016 0.820312 0.681641 0.815430 0.680664 0.803711 0.667969 0.795898 0.659180 0.808594 0.644531 0.806641 0.629883 0.808594 0.617188 0.813477 0.608398 0.809570 0.595703 0.807617 0.585938 0.812500 0.569336 0.818359 0.563477 0.827148 0.546875 0.828125 0.534180 0.830078 0.520508 0.835938 0.521484 0.835938 0.507812 0.839844 0.500000 0.849609 0.485352 0.846680 0.482422 0.836914 0.474609 0.837891 0.472656 0.844727 0.463867 0.842773 0.451172 0.836914 0.449219 0.827148 0.440430 0.813477 0.441406 0.798828
1 0.612305 0.820312 0.606445 0.832031 0.598633 0.831055 0.597656 0.818359 0.602539 0.815430
1 0.632812 0.811523 0.635742 0.817383 0.628906 0.820312 0.623047 0.811523
1 0.533203 0.843750 0.527344 0.852539 0.527344 0.853516 0.515625 0.851562 0.520508 0.841797
1 0.496094 0.775391 0.500977 0.785156 0.495117 0.790039 0.484375 0.786133 0.486328 0.778320
0 0.552734 0.752930 0.559570 0.756836 0.568359 0.766602 0.567383 0.771484 0.555664 0.772461 0.547852 0.774414 0.541992 0.764648 0.542969 0.764648 0.532227 0.767578 0.532227 0.757812 0.541016 0.755859
1 0.633789 0.765625 0.632812 0.776367 0.626953 0.778320 0.625000 0.772461
1 0.650391 0.751953 0.649414 0.761719 0.640625 0.762695 0.637695 0.753906 0.638672 0.753906
0 0.608398 0.715820 0.619141 0.715820 0.628906 0.730469 0.630859 0.742188 0.620117 0.749023 0.606445 0.750977 0.592773 0.755859 0.580078 0.755859 0.579102 0.742188 0.569336 0.743164 0.563477 0.734375 0.569336 0.724609 0.579102 0.725586 0.583984 0.716797 0.597656 0.715820
0 0.278320 0.760742 0.285156 0.760742 0.291992 0.763672 0.291016 0.768555 0.281250 0.770508 0.273438 0.774414 0.268555 0.771484
1 0.311523 0.741211 0.321289 0.742188 0.321289 0.750977 0.313477 0.754883 0.307617 0.750000 0.306641 0.743164
0 0.338867 0.741211 0.349609 0.745117 0.355469 0.750977 0.364258 0.750977 0.365234 0.756836 0.353516 0.760742 0.343750 0.760742 0.333984 0.764648 0.328125 0.757812 0.328125 0.758789 0.326172 0.749023 0.331055 0.741211
1 0.361328 0.709961 0.367188 0.713867 0.370117 0.720703 0.371094 0.727539 0.364258 0.731445 0.354492 0.726562 0.355469 0.726562 0.356445 0.714844
1 0.381836 0.720703 0.391602 0.723633 0.390625 0.729492 0.380859 0.727539
1 0.382812 0.731445 0.387695 0.732422 0.384766 0.737305 0.378906 0.737305
1 0.402344 0.707031 0.411133 0.708008 0.413086 0.711914 0.406250 0.714844 0.400391 0.711914
1 0.429688 0.710938 0.436523 0.715820 0.436523 0.724609 0.431641 0.726562 0.424805 0.720703 0.424805 0.713867 0.424805 0.713867
0 0.446289 0.724609 0.443359 0.714844 0.440430 0.706055 0.447266 0.699219 0.458984 0.699219 0.466797 0.693359 0.475586 0.692383 0.480469 0.687500 0.491211 0.678711 0.500977 0.676758 0.491211 0.666992 0.494141 0.655273 0.500977 0.648438 0.511719 0.649414 0.516602 0.663086 0.522461 0.670898 0.522461 0.670898 0.520508 0.655273 0.529297 0.651367 0.537109 0.651367 0.533203 0.640625 0.536133 0.628906 0.543945 0.624023 0.554688 0.618164 0.569336 0.616211 0.580078 0.615234 0.592773 0.615234 0.606445 0.610352 0.618164 0.608398 0.620117 0.603516 0.634766 0.602539 0.643555 0.613281 0.650391 0.602539 0.657227 0.598633 0.665039 0.598633 0.664062 0.611328 0.658203 0.619141 0.652344 0.628906 0.639648 0.634766 0.626953 0.637695 0.621094 0.640625 0.631836 0.643555 0.642578 0.643555 0.647461 0.649414 0.644531 0.657227 0.633789 0.661133 0.625000 0.669922 0.614258 0.668945 0.606445 0.671875 0.594727 0.675781 0.583008 0.679688 0.572266 0.677734 0.566406 0.679688 0.567383 0.688477 0.574219 0.690430 0.581055 0.696289 0.589844 0.695312 0.601562 0.696289 0.609375 0.693359 0.620117 0.692383 0.631836 0.687500 0.640625 0.682617 0.646484 0.676758 0.652344 0.677734 0.655273 0.684570 0.653320 0.695312 0.645508 0.701172 0.628906 0.705078 0.616211 0.706055 0.605469 0.707031 0.591797 0.712891 0.587891 0.716797 0.570312 0.721680 0.563477 0.715820 0.558594 0.713867 0.549805 0.714844 0.542969 0.722656 0.534180 0.722656 0.529297 0.717773 0.523438 0.723633 0.514648 0.721680 0.515625 0.713867 0.511719 0.706055 0.508789 0.700195 0.502930 0.696289 0.493164 0.701172 0.483398 0.696289 0.473633 0.699219 0.466797 0.701172 0.458984 0.704102 0.450195 0.706055 0.450195 0.714844 0.453125 0.721680 0.458984 0.727539 0.455078 0.735352 0.441406 0.738281 0.438477 0.730469
1 0.497070 0.716797 0.506836 0.716797 0.505859 0.726562 0.499023 0.726562
1 0.440430 0.688477 0.445312 0.688477 0.455078 0.686523 0.459961 0.692383 0.454102 0.697266 0.442383 0.699219 0.437500 0.694336
1 0.404297 0.671875 0.412109 0.676758 0.413086 0.683594 0.405273 0.690430 0.398438 0.682617 0.398438 0.676758
1 0.468750 0.647461 0.478516 0.648438 0.481445 0.659180 0.472656 0.662109 0.463867 0.657227
1 0.409180 0.633789 0.416016 0.637695 0.415039 0.644531 0.409180 0.647461 0.401367 0.637695
1 0.366211 0.634766 0.374023 0.634766 0.378906 0.643555 0.372070 0.648438 0.364258 0.644531
1 0.343750 0.639648 0.352539 0.636719 0.360352 0.641602 0.360352 0.653320 0.350586 0.651367 0.347656 0.645508
1 0.350586 0.625000 0.352539 0.632812 0.347656 0.635742 0.342773 0.632812
1 0.333984 0.584961 0.336914 0.587891 0.338867 0.593750 0.333008 0.594727 0.330078 0.588867
1 0.324219 0.571289 0.329102 0.565430 0.329102 0.566406 0.332031 0.572266 0.325195 0.575195
1 0.350586 0.519531 0.357422 0.520508 0.367188 0.526367 0.367188 0.538086 0.358398 0.539062 0.348633 0.530273 0.348633 0.530273
1 0.375977 0.512695 0.381836 0.512695 0.383789 0.520508 0.383789 0.528320 0.375977 0.527344 0.373047 0.518555
0 0.387695 0.514648 0.395508 0.511719 0.402344 0.518555 0.409180 0.524414 0.409180 0.530273 0.414062 0.539062 0.416992 0.536133 0.420898 0.528320 0.428711 0.522461 0.424805 0.512695 0.429688 0.509766 0.433594 0.507812 0.444336 0.503906 0.444336 0.504883 0.456055 0.500000 0.462891 0.503906 0.462891 0.515625 0.459961 0.524414 0.459961 0.533203 0.448242 0.534180 0.442383 0.530273 0.437500 0.537109 0.430664 0.546875 0.429688 0.553711 0.431641 0.560547 0.441406 0.565430 0.445312 0.553711 0.449219 0.551758 0.447266 0.543945 0.453125 0.542969 0.461914 0.544922 0.466797 0.554688 0.475586 0.549805 0.475586 0.549805 0.468750 0.541992 0.469727 0.541992 0.475586 0.536133 0.476562 0.536133 0.487305 0.534180 0.499023 0.528320 0.506836 0.527344 0.506836 0.534180 0.498047 0.539062 0.497070 0.545898 0.488281 0.551758 0.478516 0.557617 0.469727 0.559570 0.461914 0.564453 0.448242 0.566406 0.442383 0.570312 0.432617 0.577148 0.422852 0.581055 0.423828 0.581055 0.416016 0.576172 0.417969 0.568359 0.422852 0.557617 0.414062 0.563477 0.407227 0.560547 0.404297 0.553711 0.408203 0.546875 0.414062 0.543945 0.405273 0.539062 0.398438 0.533203 0.391602 0.538086 0.382812 0.541992 0.370117 0.542969 0.359375 0.545898 0.347656 0.545898 0.346680 0.538086 0.355469 0.537109 0.361328 0.540039 0.368164 0.536133 0.372070 0.532227 0.377930 0.532227 0.385742 0.529297 0.385742 0.517578
1 0.467773 0.569336 0.477539 0.566406 0.485352 0.573242 0.480469 0.581055 0.468750 0.581055
1 0.453125 0.574219 0.463867 0.571289 0.463867 0.580078 0.456055 0.583984
1 0.433594 0.585938 0.435547 0.593750 0.425781 0.596680 0.423828 0.587891
1 0.431641 0.597656 0.438477 0.598633 0.439453 0.607422 0.432617 0.610352 0.427734 0.603516
0 0.449219 0.591797 0.457031 0.594727 0.457031 0.595703 0.467773 0.593750 0.474609 0.598633 0.481445 0.600586 0.488281 0.601562 0.492188 0.608398 0.481445 0.612305 0.471680 0.608398 0.461914 0.610352 0.455078 0.617188 0.446289 0.617188 0.446289 0.604492 0.442383 0.603516 0.442383 0.594727
0 0.514648 0.562500 0.524414 0.559570 0.529297 0.561523 0.539062 0.574219 0.538086 0.584961 0.527344 0.586914 0.523438 0.583008 0.516602 0.584961 0.504883 0.589844 0.493164 0.589844 0.488281 0.581055 0.494141 0.570312 0.505859 0.565430
0 0.477539 0.623047 0.482422 0.614258 0.494141 0.614258 0.501953 0.612305 0.505859 0.624023 0.505859 0.635742 0.498047 0.638672 0.484375 0.637695 0.477539 0.642578 0.467773 0.643555 0.463867 0.632812 0.469727 0.627930
1 0.525391 0.595703 0.533203 0.593750 0.543945 0.597656 0.548828 0.603516 0.547852 0.610352 0.534180 0.610352 0.526367 0.613281 0.520508 0.603516
1 0.478516 0.510742 0.485352 0.511719 0.485352 0.519531 0.476562 0.517578
1 0.496094 0.506836 0.503906 0.513672 0.499023 0.519531 0.492188 0.518555 0.492188 0.511719
1 0.514648 0.487305 0.519531 0.489258 0.527344 0.486328 0.529297 0.496094 0.522461 0.502930 0.512695 0.502930 0.506836 0.494141
1 0.530273 0.516602 0.534180 0.527344 0.536133 0.542969 0.525391 0.547852 0.517578 0.541016 0.520508 0.525391
0 0.579102 0.500000 0.586914 0.502930 0.584961 0.513672 0.584961 0.522461 0.584961 0.522461 0.576172 0.533203 0.562500 0.539062 0.547852 0.538086 0.543945 0.524414 0.541016 0.512695 0.550781 0.504883 0.561523 0.502930 0.568359 0.493164 0.575195 0.493164
1 0.592773 0.510742 0.602539 0.512695 0.602539 0.520508 0.591797 0.524414
1 0.535156 0.561523 0.545898 0.557617 0.551758 0.565430 0.541992 0.570312
1 0.569336 0.554688 0.577148 0.552734 0.584961 0.552734 0.584961 0.560547 0.574219 0.562500 0.566406 0.568359 0.563477 0.561523
1 0.595703 0.541992 0.603516 0.536133 0.613281 0.539062 0.609375 0.545898 0.600586 0.554688 0.591797 0.553711 0.589844 0.545898
1 0.566406 0.592773 0.572266 0.600586 0.564453 0.606445 0.556641 0.608398 0.555664 0.600586 0.561523 0.594727
1 0.585938 0.573242 0.589844 0.584961 0.583008 0.590820 0.574219 0.586914 0.574219 0.575195
1 0.601562 0.582031 0.614258 0.580078 0.614258 0.587891 0.603516 0.589844
1 0.581055 0.590820 0.587891 0.591797 0.593750 0.596680 0.583984 0.603516 0.579102 0.597656 0.579102 0.597656
1 0.420898 0.375000 0.430664 0.373047 0.432617 0.381836 0.419922 0.387695 0.417969 0.378906
1 0.330078 0.361328 0.335938 0.366211 0.336914 0.378906 0.328125 0.379883 0.324219 0.370117
1 0.279297 0.398438 0.288086 0.398438 0.290039 0.405273 0.278320 0.407227 0.274414 0.401367
1 0.288086 0.407227 0.290039 0.415039 0.288086 0.420898 0.277344 0.424805 0.272461 0.416992 0.279297 0.412109 0.280273 0.406250
1 0.307617 0.403320 0.311523 0.416992 0.305664 0.424805 0.299805 0.423828 0.295898 0.410156 0.301758 0.401367
1 0.545898 0.376953 0.548828 0.386719 0.542969 0.390625 0.535156 0.386719 0.534180 0.376953 0.539062 0.373047
0 0.317383 0.284180 0.326172 0.279297 0.340820 0.281250 0.344727 0.289062 0.340820 0.296875 0.342773 0.308594 0.330078 0.311523 0.326172 0.301758 0.322266 0.293945
1 0.441406 0.267578 0.446289 0.276367 0.446289 0.285156 0.436523 0.283203 0.431641 0.272461 0.437500 0.265625
1 0.327148 0.257812 0.331055 0.264648 0.324219 0.268555 0.318359 0.263672 0.318359 0.257812 0.318359 0.257812
0 0.326172 0.235352 0.332031 0.231445 0.341797 0.231445 0.348633 0.241211 0.357422 0.245117 0.361328 0.239258 0.374023 0.238281 0.386719 0.242188 0.391602 0.245117 0.399414 0.247070 0.399414 0.251953 0.384766 0.258789 0.389648 0.267578 0.386719 0.274414 0.381836 0.271484 0.378906 0.263672 0.370117 0.264648 0.366211 0.257812 0.371094 0.250977 0.363281 0.248047 0.356445 0.256836 0.345703 0.260742 0.335938 0.259766 0.333008 0.252930 0.323242 0.246094
1 0.480469 0.230469 0.491211 0.233398 0.492188 0.241211 0.491211 0.251953 0.482422 0.254883 0.473633 0.251953 0.469727 0.243164 0.472656 0.233398
1 0.307617 0.260742 0.303711 0.269531 0.295898 0.267578 0.295898 0.260742
1 0.397461 0.210938 0.403320 0.213867 0.401367 0.218750 0.393555 0.218750 0.391602 0.212891
1 0.421875 0.182617 0.426758 0.187500 0.422852 0.190430 0.417969 0.187500
1 0.371094 0.183594 0.373047 0.194336 0.367188 0.196289 0.363281 0.187500 0.363281 0.181641
1 0.366211 0.163086 0.367188 0.168945 0.362305 0.170898 0.362305 0.163086
1 0.372070 0.155273 0.374023 0.162109 0.372070 0.167969 0.363281 0.163086 0.364258 0.153320
0 0.315430 0.132812 0.322266 0.133789 0.329102 0.136719 0.329102 0.146484 0.329102 0.153320 0.320312 0.155273 0.316406 0.145508 0.310547 0.138672
0 0.358398 0.065430 0.368164 0.066406 0.377930 0.074219 0.385742 0.084961 0.382812 0.094727 0.370117 0.101562 0.365234 0.104492 0.361328 0.117188 0.348633 0.112305 0.345703 0.103516 0.333984 0.101562 0.328125 0.091797 0.329102 0.079102 0.329102 0.079102 0.339844 0.066406 0.348633 0.066406
1 0.383789 0.117188 0.385742 0.125000 0.376953 0.126953 0.376953 0.116211
1 0.394531 0.111328 0.401367 0.111328 0.400391 0.120117 0.393555 0.120117 0.390625 0.115234
0 0.416992 0.113281 0.417969 0.125977 0.422852 0.130859 0.418945 0.141602 0.410156 0.142578 0.397461 0.144531 0.390625 0.143555 0.390625 0.139648 0.395508 0.137695 0.394531 0.127930 0.402344 0.125977 0.409180 0.120117 0.408203 0.114258 0.413086 0.110352
0 0.497070 0.056641 0.510742 0.053711 0.512695 0.064453 0.507812 0.072266 0.493164 0.079102 0.481445 0.093750 0.484375 0.103516 0.483398 0.112305 0.495117 0.116211 0.500000 0.110352 0.504883 0.098633 0.503906 0.091797 0.498047 0.087891 0.502930 0.082031 0.508789 0.084961 0.517578 0.083008 0.525391 0.088867 0.535156 0.089844 0.539062 0.096680 0.535156 0.111328 0.539062 0.118164 0.545898 0.127930 0.546875 0.135742 0.541016 0.140625 0.538086 0.145508 0.548828 0.147461 0.552734 0.156250 0.551758 0.162109 0.537109 0.164062 0.522461 0.166992 0.520508 0.171875 0.529297 0.173828 0.529297 0.181641 0.514648 0.187500 0.503906 0.191406 0.490234 0.191406 0.473633 0.191406 0.460938 0.191406 0.449219 0.186523 0.435547 0.187500 0.429688 0.176758 0.430664 0.170898 0.441406 0.166016 0.455078 0.163086 0.467773 0.161133 0.463867 0.149414 0.466797 0.140625 0.476562 0.141602 0.482422 0.135742 0.490234 0.131836 0.501953 0.128906 0.512695 0.121094 0.507812 0.116211 0.495117 0.122070 0.471680 0.120117 0.454102 0.125977 0.453125 0.138672 0.450195 0.149414 0.438477 0.153320 0.429688 0.151367 0.427734 0.139648 0.424805 0.126953 0.421875 0.116211 0.426758 0.101562 0.441406 0.098633 0.451172 0.087891 0.459961 0.084961 0.466797 0.076172 0.479492 0.065430
1 0.342773 0.153320 0.348633 0.153320 0.352539 0.157227 0.346680 0.164062 0.341797 0.160156
1 0.303711 0.024414 0.305664 0.033203 0.297852 0.037109 0.292969 0.032227 0.292969 0.024414
0 0.351562 0.021484 0.357422 0.023438 0.362305 0.024414 0.362305 0.033203 0.358398 0.038086 0.351562 0.040039 0.346680 0.035156 0.344727 0.028320
1 0.431641 0.079102 0.437500 0.081055 0.437500 0.087891 0.431641 0.088867
1 0.415039 0.074219 0.411133 0.077148 0.412109 0.083008 0.416992 0.082031
1 0.405273 0.061523 0.413086 0.060547 0.413086 0.067383 0.406250 0.066406
0 0.386719 0.030273 0.394531 0.029297 0.403320 0.030273 0.408203 0.041016 0.404297 0.049805 0.385742 0.052734 0.383789 0.057617 0.378906 0.060547 0.374023 0.053711 0.377930 0.045898 0.375000 0.037109 0.378906 0.031250
0 0.426758 0.004883 0.432617 0.000000 0.441406 0.001953 0.445312 0.013672 0.445312 0.014648 0.436523 0.018555 0.429688 0.016602 0.424805 0.009766
1 0.529297 0.029297 0.534180 0.026367 0.538086 0.032227 0.536133 0.041992 0.523438 0.042969 0.520508 0.032227
1 0.544922 0.013672 0.552734 0.014648 0.554688 0.022461 0.549805 0.025391 0.541016 0.023438
1 0.568359 0.023438 0.573242 0.024414 0.574219 0.030273 0.567383 0.030273
1 0.572266 0.039062 0.580078 0.038086 0.581055 0.044922 0.575195 0.045898
1 0.579102 0.054688 0.584961 0.053711 0.587891 0.059570 0.581055 0.059570
1 0.587891 0.083984 0.592773 0.082031 0.595703 0.086914 0.592773 0.089844
1 0.684570 0.125977 0.691406 0.125000 0.691406 0.129883 0.682617 0.133789
1 0.576172 0.174805 0.584961 0.179688 0.584961 0.189453 0.573242 0.190430 0.566406 0.182617 0.566406 0.174805
1 0.543945 0.171875 0.547852 0.177734 0.545898 0.183594 0.538086 0.181641 0.538086 0.174805
1 0.602539 0.165039 0.609375 0.169922 0.613281 0.177734 0.607422 0.186523 0.601562 0.191406 0.593750 0.189453 0.588867 0.179688 0.589844 0.166992
1 0.622070 0.168945 0.629883 0.171875 0.628906 0.181641 0.622070 0.182617 0.617188 0.174805
1 0.648438 0.163086 0.655273 0.166016 0.654297 0.175781 0.645508 0.172852
0 0.530273 0.202148 0.532227 0.211914 0.539062 0.218750 0.544922 0.227539 0.542969 0.237305 0.532227 0.237305 0.524414 0.232422 0.523438 0.224609 0.519531 0.215820 0.516602 0.205078 0.522461 0.199219
0 0.540039 0.250977 0.541992 0.256836 0.546875 0.267578 0.537109 0.278320 0.521484 0.279297 0.517578 0.268555 0.524414 0.257812 0.526367 0.250977
0 0.561523 0.274414 0.572266 0.278320 0.574219 0.290039 0.565430 0.302734 0.552734 0.300781 0.552734 0.300781 0.552734 0.287109 0.546875 0.279297 0.550781 0.269531
0 0.602539 0.261719 0.609375 0.264648 0.605469 0.270508 0.602539 0.280273 0.597656 0.287109 0.591797 0.293945 0.585938 0.297852 0.578125 0.296875 0.578125 0.297852 0.578125 0.288086 0.585938 0.279297 0.593750 0.270508
0 0.664062 0.219727 0.671875 0.217773 0.680664 0.223633 0.689453 0.229492 0.685547 0.237305 0.672852 0.240234 0.663086 0.236328 0.652344 0.235352 0.642578 0.232422 0.639648 0.223633 0.645508 0.217773 0.653320 0.218750
1 0.722656 0.239258 0.732422 0.240234 0.735352 0.247070 0.727539 0.252930
1 0.716797 0.241211 0.722656 0.247070 0.724609 0.255859 0.714844 0.257812 0.714844 0.257812 0.708984 0.248047
1 0.727539 0.273438 0.734375 0.277344 0.733398 0.286133 0.723633 0.288086 0.718750 0.278320
0 0.688477 0.272461 0.695312 0.274414 0.699219 0.281250 0.701172 0.292969 0.693359 0.299805 0.693359 0.306641 0.700195 0.312500 0.702148 0.320312 0.695312 0.322266 0.688477 0.315430 0.677734 0.314453 0.669922 0.322266 0.658203 0.324219 0.656250 0.310547 0.662109 0.302734 0.668945 0.300781 0.668945 0.311523 0.676758 0.306641 0.677734 0.293945 0.689453 0.291992 0.686523 0.282227
1 0.639648 0.317383 0.645508 0.326172 0.638672 0.333008 0.626953 0.332031 0.626953 0.322266
1 0.572266 0.348633 0.577148 0.349609 0.577148 0.357422 0.569336 0.355469
0 0.587891 0.346680 0.593750 0.348633 0.604492 0.346680 0.602539 0.337891 0.607422 0.327148 0.615234 0.322266 0.619141 0.328125 0.619141 0.336914 0.623047 0.342773 0.616211 0.349609 0.593750 0.357422 0.587891 0.357422
1 0.622070 0.355469 0.625000 0.365234 0.618164 0.373047 0.618164 0.373047 0.610352 0.369141 0.610352 0.357422
1 0.608398 0.375000 0.609375 0.382812 0.602539 0.384766 0.600586 0.376953 0.603516 0.375977
1 0.639648 0.338867 0.647461 0.341797 0.647461 0.349609 0.632812 0.353516 0.633789 0.342773
1 0.641602 0.356445 0.648438 0.362305 0.642578 0.369141 0.634766 0.365234 0.635742 0.356445
1 0.620117 0.380859 0.623047 0.386719 0.619141 0.391602 0.612305 0.389648 0.612305 0.381836 0.612305 0.381836
1 0.642578 0.372070 0.648438 0.375977 0.644531 0.378906 0.639648 0.376953
1 0.672852 0.351562 0.680664 0.355469 0.681641 0.362305 0.673828 0.370117 0.666992 0.365234 0.664062 0.358398
0 0.682617 0.372070 0.690430 0.368164 0.701172 0.366211 0.706055 0.369141 0.710938 0.355469 0.716797 0.344727 0.720703 0.332031 0.732422 0.330078 0.742188 0.336914 0.750000 0.341797 0.745117 0.352539 0.746094 0.352539 0.739258 0.367188 0.729492 0.368164 0.731445 0.377930 0.720703 0.385742 0.708984 0.393555 0.698242 0.396484 0.680664 0.401367 0.670898 0.398438 0.666016 0.395508 0.675781 0.389648 0.672852 0.380859
1 0.655273 0.531250 0.665039 0.534180 0.663086 0.542969 0.655273 0.539062
1 0.668945 0.535156 0.673828 0.536133 0.674805 0.536133 0.676758 0.541992 0.669922 0.546875 0.665039 0.541016
1 0.749023 0.658203 0.757812 0.659180 0.756836 0.666016 0.756836 0.666016 0.747070 0.666992
1 0.663086 0.664062 0.671875 0.666992 0.670898 0.674805 0.661133 0.672852
1 0.760742 0.793945 0.759766 0.802734 0.753906 0.802734 0.752930 0.796875
1 0.762695 0.802734 0.770508 0.804688 0.769531 0.810547 0.765625 0.814453 0.756836 0.812500 0.756836 0.805664
1 0.773438 0.784180 0.778320 0.786133 0.779297 0.791992 0.772461 0.791016
1 0.793945 0.769531 0.800781 0.768555 0.800781 0.776367 0.793945 0.776367
1 0.793945 0.788086 0.801758 0.787109 0.800781 0.795898 0.793945 0.795898
1 0.790039 0.802734 0.792969 0.808594 0.788086 0.813477 0.786133 0.808594
1 0.811523 0.794922 0.818359 0.798828 0.818359 0.805664 0.811523 0.806641 0.806641 0.800781
1 0.841797 0.772461 0.845703 0.777344 0.840820 0.784180 0.833984 0.780273 0.833008 0.773438
1 0.861328 0.774414 0.860352 0.781250 0.861328 0.781250 0.854492 0.785156 0.850586 0.777344
1 0.849609 0.789062 0.855469 0.793945 0.853516 0.800781 0.846680 0.799805 0.843750 0.791016
1 0.811523 0.756836 0.822266 0.754883 0.822266 0.763672 0.810547 0.770508 0.802734 0.762695 0.803711 0.762695
0 0.492188 0.956055 0.502930 0.953125 0.502930 0.954102 0.507812 0.941406 0.521484 0.937500 0.531250 0.939453 0.538086 0.929688 0.534180 0.919922 0.541992 0.911133 0.555664 0.911133 0.556641 0.918945 0.555664 0.927734 0.564453 0.941406 0.568359 0.955078 0.562500 0.962891 0.542969 0.961914 0.533203 0.966797 0.517578 0.968750 0.511719 0.970703 0.514648 0.976562 0.514648 0.985352 0.504883 0.984375 0.500977 0.975586 0.487305 0.975586 0.487305 0.975586 0.489258 0.984375 0.479492 0.990234 0.471680 0.979492 0.476562 0.965820 0.486328 0.961914
1 0.644531 0.922852 0.643555 0.932617 0.643555 0.932617 0.633789 0.927734 0.637695 0.921875
1 0.629883 0.931641 0.637695 0.933594 0.636719 0.941406 0.630859 0.940430
0 0.698242 0.894531 0.708008 0.893555 0.715820 0.897461 0.718750 0.905273 0.717773 0.916992 0.711914 0.923828 0.691406 0.922852 0.685547 0.913086 0.685547 0.900391
0 0.728516 0.872070 0.737305 0.875000 0.735352 0.884766 0.736328 0.893555 0.731445 0.901367 0.734375 0.908203 0.741211 0.913086 0.742188 0.924805 0.737305 0.926758 0.732422 0.919922 0.724609 0.915039 0.722656 0.905273 0.723633 0.894531 0.726562 0.881836
1 0.743164 0.940430 0.750000 0.946289 0.750977 0.946289 0.748047 0.953125 0.739258 0.954102 0.737305 0.946289
1 0.748047 0.958984 0.754883 0.962891 0.754883 0.968750 0.747070 0.968750 0.745117 0.962891
1 0.779297 0.875000 0.779297 0.886719 0.779297 0.886719 0.770508 0.888672 0.762695 0.883789 0.767578 0.875000
1 0.770508 0.892578 0.781250 0.898438 0.779297 0.907227 0.767578 0.909180
1 0.779297 0.916016 0.782227 0.922852 0.774414 0.923828 0.772461 0.916992
0 0.812500 0.868164 0.817383 0.874023 0.831055 0.875977 0.835938 0.883789 0.835938 0.883789 0.827148 0.893555 0.806641 0.896484 0.795898 0.887695 0.799805 0.874023 0.799805 0.874023
0 0.923828 0.840820 0.937500 0.840820 0.950195 0.850586 0.956055 0.868164 0.954102 0.873047 0.947266 0.886719 0.961914 0.886719 0.966797 0.873047 0.977539 0.867188 0.991211 0.864258 0.989258 0.846680 0.992188 0.833008 0.999023 0.832031 1.000000 0.923828 0.990234 0.927734 0.975586 0.925781 0.974609 0.911133 0.984375 0.908203 0.985352 0.898438 0.969727 0.897461 0.955078 0.902344 0.947266 0.907227 0.941406 0.899414 0.927734 0.898438 0.921875 0.886719 0.917969 0.866211 0.918945 0.850586
1 0.888672 0.903320 0.890625 0.914062 0.879883 0.919922 0.871094 0.912109 0.876953 0.899414
0 0.963867 1.000000 0.958984 0.994141 0.962891 0.979492 0.983398 0.972656 0.981445 0.953125 0.981445 0.953125 0.979492 0.931641 0.991211 0.927734 1.000000 0.924805 1.000000 1.000000
1 0.898438 0.841797 0.908203 0.842773 0.911133 0.851562 0.904297 0.855469 0.895508 0.851562
1 0.936523 0.821289 0.944336 0.826172 0.943359 0.835938 0.934570 0.832031
1 0.969727 0.806641 0.975586 0.811523 0.976562 0.818359 0.967773 0.824219 0.958984 0.820312 0.959961 0.811523
1 0.988281 0.801758 0.998047 0.802734 1.000000 0.810547 0.993164 0.816406 0.985352 0.809570
1 0.901367 0.748047 0.903320 0.755859 0.896484 0.758789 0.893555 0.750977 0.893555 0.750977
0 0.879883 0.739258 0.888672 0.731445 0.894531 0.721680 0.901367 0.713867 0.901367 0.713867 0.909180 0.710938 0.914062 0.709961 0.913086 0.720703 0.901367 0.727539 0.892578 0.736328 0.892578 0.743164 0.886719 0.749023 0.879883 0.747070
0 0.814453 0.091797 0.822266 0.088867 0.831055 0.094727 0.835938 0.108398 0.842773 0.118164 0.842773 0.128906 0.848633 0.139648 0.849609 0.140625 0.842773 0.145508 0.833008 0.139648 0.830078 0.125000 0.822266 0.116211 0.815430 0.102539
1 0.879883 0.001953 0.878906 0.015625 0.885742 0.017578 0.897461 0.015625 0.903320 0.006836 0.903320 0.000000
0 0.924805 0.000000 0.923828 0.016602 0.932617 0.028320 0.938477 0.041016 0.937500 0.055664 0.932617 0.060547 0.918945 0.061523 0.910156 0.069336 0.911133 0.069336 0.910156 0.081055 0.920898 0.085938 0.929688 0.083984 0.952148 0.081055 0.961914 0.076172 0.971680 0.078125 0.982422 0.075195 0.999023 0.073242 1.000000 0.034180 0.984375 0.042969 0.975586 0.052734 0.968750 0.056641 0.958008 0.056641 0.958008 0.044922 0.952148 0.037109 0.951172 0.029297 0.941406 0.020508 0.938477 0.009766 0.938477 0.000000
0 0.860352 0.088867 0.868164 0.086914 0.873047 0.092773 0.877930 0.101562 0.883789 0.113281 0.891602 0.118164 0.896484 0.116211 0.906250 0.108398 0.912109 0.101562 0.925781 0.100586 0.931641 0.092773 0.940430 0.088867 0.947266 0.092773 0.944336 0.097656 0.937500 0.102539 0.936523 0.106445 0.916016 0.113281 0.914062 0.120117 0.902344 0.126953 0.892578 0.132812 0.882812 0.133789 0.877930 0.129883 0.872070 0.138672 0.868164 0.144531 0.860352 0.147461 0.852539 0.152344 0.844727 0.153320 0.843750 0.147461 0.850586 0.142578 0.863281 0.137695 0.870117 0.129883 0.875000 0.124023 0.870117 0.112305 0.872070 0.101562 0.863281 0.096680
1 0.925781 0.041016 0.926758 0.048828 0.920898 0.054688 0.915039 0.048828 0.917969 0.041992
1 0.969727 0.109375 0.970703 0.114258 0.965820 0.117188 0.961914 0.110352
1 0.956055 0.145508 0.961914 0.146484 0.960938 0.151367 0.955078 0.149414
1 0.956055 0.152344 0.960938 0.155273 0.959961 0.161133 0.953125 0.159180
1 0.879883 0.205078 0.887695 0.207031 0.886719 0.214844 0.877930 0.212891
1 0.932617 0.217773 0.936523 0.221680 0.935547 0.228516 0.931641 0.225586
1 0.798828 0.208984 0.806641 0.209961 0.806641 0.217773 0.798828 0.216797
1 0.885742 0.240234 0.895508 0.241211 0.894531 0.249023 0.887695 0.248047
1 0.770508 0.237305 0.785156 0.238281 0.785156 0.244141 0.785156 0.244141 0.778320 0.245117 0.777344 0.249023 0.771484 0.249023 0.767578 0.242188
1 0.918945 0.288086 0.927734 0.291992 0.926758 0.299805 0.916016 0.296875
1 0.939453 0.315430 0.949219 0.313477 0.952148 0.321289 0.945312 0.321289
1 0.952148 0.328125 0.952148 0.336914 0.946289 0.334961
1 0.888672 0.343750 0.895508 0.344727 0.898438 0.352539 0.887695 0.354492 0.883789 0.350586
1 0.908203 0.340820 0.915039 0.343750 0.914062 0.350586 0.914062 0.350586 0.904297 0.350586
0 0.771484 0.329102 0.778320 0.325195 0.791016 0.330078 0.795898 0.343750 0.801758 0.354492 0.805664 0.364258 0.803711 0.372070 0.794922 0.374023 0.781250 0.372070 0.774414 0.363281 0.776367 0.353516 0.785156 0.350586 0.783203 0.346680 0.771484 0.347656 0.768555 0.334961
1 0.699219 0.461914 0.706055 0.461914 0.706055 0.468750 0.699219 0.468750
0 0.780273 0.457031 0.789062 0.454102 0.789062 0.454102 0.797852 0.456055 0.809570 0.452148 0.818359 0.453125 0.822266 0.446289 0.829102 0.442383 0.838867 0.444336 0.837891 0.451172 0.843750 0.456055 0.849609 0.454102 0.858398 0.457031 0.849609 0.468750 0.834961 0.466797 0.823242 0.467773 0.810547 0.470703 0.795898 0.475586 0.782227 0.476562 0.777344 0.467773
1 0.935547 0.421875 0.943359 0.422852 0.943359 0.429688 0.934570 0.428711
0 0.898438 0.450195 0.906250 0.450195 0.912109 0.458008 0.911133 0.466797 0.906250 0.471680 0.912109 0.480469 0.912109 0.480469 0.915039 0.489258 0.915039 0.489258 0.924805 0.492188 0.933594 0.493164 0.940430 0.497070 0.938477 0.506836 0.929688 0.510742 0.916992 0.507812 0.907227 0.504883 0.899414 0.500000 0.901367 0.492188 0.900391 0.484375 0.894531 0.476562 0.899414 0.471680 0.899414 0.464844 0.896484 0.458008
1 0.843750 0.477539 0.851562 0.475586 0.853516 0.482422 0.845703 0.484375
0 0.805664 0.474609 0.816406 0.476562 0.819336 0.473633 0.825195 0.476562 0.825195 0.481445 0.833984 0.480469 0.834961 0.486328 0.828125 0.490234 0.837891 0.493164 0.848633 0.495117 0.854492 0.500000 0.854492 0.507812 0.852539 0.516602 0.850586 0.522461 0.840820 0.521484 0.836914 0.513672 0.844727 0.507812 0.836914 0.500977 0.823242 0.498047 0.815430 0.501953 0.815430 0.501953 0.805664 0.497070 0.798828 0.491211 0.800781 0.480469
1 0.815430 0.508789 0.824219 0.509766 0.822266 0.516602 0.815430 0.515625
1 0.888672 0.489258 0.887695 0.495117 0.888672 0.495117 0.879883 0.497070 0.878906 0.490234
1 0.901367 0.426758 0.916016 0.426758 0.916992 0.436523 0.916992 0.436523 0.910156 0.440430 0.900391 0.434570
1 0.901367 0.572266 0.907227 0.576172 0.906250 0.581055 0.900391 0.579102
1 0.854492 0.529297 0.861328 0.530273 0.861328 0.537109 0.854492 0.538086
1 0.838867 0.537109 0.843750 0.540039 0.842773 0.546875 0.833984 0.544922
0 0.860352 0.551758 0.867188 0.551758 0.875000 0.548828 0.877930 0.558594 0.870117 0.562500 0.859375 0.562500 0.851562 0.562500 0.850586 0.555664
1 0.973633 0.598633 0.977539 0.601562 0.976562 0.607422 0.969727 0.606445
1 0.993164 0.598633 1.000000 0.598633 1.000000 0.612305 0.991211 0.607422
1 0.888672 0.630859 0.895508 0.631836 0.894531 0.641602 0.886719 0.642578
1 0.928711 0.707031 0.937500 0.708984 0.938477 0.717773 0.930664 0.717773
1 0.881836 0.668945 0.891602 0.670898 0.893555 0.685547 0.882812 0.687500
1 0.763672 0.694336 0.775391 0.695312 0.774414 0.703125 0.761719 0.705078
1 0.743164 0.610352 0.750977 0.610352 0.750000 0.618164 0.743164 0.616211
1 0.781250 0.565430 0.791992 0.569336 0.790039 0.577148 0.780273 0.573242
1 0.613281 0.510742 0.622070 0.512695 0.622070 0.519531 0.615234 0.518555 0.615234 0.518555
1 0.664062 0.259766 0.670898 0.261719 0.670898 0.269531 0.662109 0.269531
1 0.582031 0.224609 0.588867 0.226562 0.588867 0.237305 0.580078 0.234375
1 0.560547 0.236328 0.570312 0.238281 0.569336 0.247070 0.561523 0.244141
1 0.552734 0.247070 0.559570 0.248047 0.562500 0.255859 0.556641 0.261719 0.549805 0.257812
0 0.286133 0.326172 0.293945 0.322266 0.302734 0.322266 0.312500 0.315430 0.320312 0.315430 0.323242 0.322266 0.306641 0.330078 0.291992 0.334961 0.283203 0.334961
1 0.270508 0.210938 0.279297 0.208984 0.283203 0.215820 0.280273 0.220703 0.269531 0.220703
1 0.288086 0.208008 0.295898 0.207031 0.298828 0.213867 0.292969 0.219727 0.285156 0.214844