1 0.628370 0.021356 0.626143 0.017349 0.622356 0.015790 0.619461 0.018128 0.617567 0.021690 0.616343 0.022804 0.613336 0.021913 0.613001 0.024696 0.612110 0.028147 0.612333 0.031599 0.616009 0.033157 0.620686 0.032489 0.623692 0.030819 0.624473 0.024472
1 0.612651 0.043161 0.607541 0.044475 0.609477 0.046642 0.607618 0.052294 0.609554 0.054307 0.612187 0.054307 0.615206 0.050823 0.617993 0.049662 0.620007 0.046799 0.620161 0.039833 0.614974 0.040452
1 0.516565 0.013746 0.511871 0.011350 0.505381 0.011847 0.506579 0.016740 0.505480 0.021932 0.510273 0.025925 0.510474 0.028720 0.514867 0.030317 0.520560 0.030117 0.522657 0.027622
1 0.510374 0.029618 0.507577 0.032513 0.504481 0.031813 0.506579 0.035605 0.504582 0.041797 0.506679 0.045591 0.509375 0.047587 0.512970 0.047986 0.514768 0.049384 0.521458 0.042995 0.517664 0.040397 0.520659 0.033411 0.518662 0.030317
1 0.352213 0.036309 0.346850 0.035838 0.339321 0.035365 0.340356 0.042232 0.339416 0.044774 0.340451 0.051734 0.342803 0.056155 0.347790 0.054368 0.351837 0.050700 0.350520 0.045431 0.354659 0.039601
1 0.352777 0.050134 0.350425 0.052861 0.352777 0.059542 0.350425 0.062270 0.347226 0.064527 0.344215 0.064243 0.342051 0.060010 0.341010 0.054318 0.342576 0.054612 0.344778 0.055688 0.346785 0.054319 0.348742 0.052167 0.350798 0.050308
1 0.351014 0.108484 0.347498 0.105061 0.342812 0.105061 0.339747 0.106592 0.338215 0.111365 0.338305 0.120377 0.341099 0.123351 0.342991 0.123981 0.345154 0.127314 0.348039 0.128396 0.351914 0.125873 0.354799 0.122990 0.356241 0.115512 0.354889 0.112719 0.351374 0.115062 0.348580 0.117944 0.346597 0.119477 0.344704 0.118485 0.347048 0.112088 0.350021 0.110557
1 0.489065 0.129642 0.486468 0.127197 0.483949 0.126298 0.481161 0.126793 0.479452 0.128411 0.478104 0.129625 0.475180 0.131871 0.475271 0.134568 0.475360 0.136142 0.475315 0.139021 0.475405 0.140639 0.476889 0.142706 0.478373 0.144189 0.480441 0.144233 0.482061 0.146481 0.484534 0.147517 0.487053 0.146572 0.489436 0.145898 0.491369 0.144640 0.493078 0.141537 0.493618 0.136323 0.491414 0.134479 0.491055 0.132815 0.489570 0.132232
1 0.502244 0.147338 0.499259 0.147936 0.496572 0.147936 0.494582 0.149925 0.492989 0.151864 0.489357 0.153057 0.489108 0.155445 0.489407 0.158031 0.493089 0.160618 0.494433 0.163304 0.495875 0.165592 0.500403 0.164846 0.503189 0.163851 0.505329 0.161314 0.505727 0.156788 0.507667 0.154948 0.506672 0.151118 0.504682 0.150074
1 0.522576 0.143066 0.519443 0.146559 0.518364 0.150665 0.516669 0.153130 0.516412 0.158728 0.517748 0.161861 0.519546 0.163505 0.522062 0.163556 0.525916 0.162528 0.528946 0.160372 0.531823 0.158112 0.533005 0.152207 0.531258 0.148510 0.528382 0.146353 0.526224 0.144349
1 0.544612 0.076740 0.542878 0.074392 0.541034 0.073019 0.539300 0.071249 0.537637 0.072477 0.535071 0.073235 0.533589 0.074391 0.534638 0.077498 0.534710 0.081076 0.536589 0.084328 0.537926 0.085521 0.539372 0.085557 0.540854 0.084726 0.542517 0.085954 0.544251 0.084762 0.545119 0.080968
1 0.529827 0.098645 0.529905 0.102335 0.529905 0.106262 0.530573 0.107988 0.532654 0.109716 0.534854 0.110854 0.536739 0.110227 0.538113 0.108225 0.539685 0.105869 0.539999 0.102414 0.538978 0.098253 0.537563 0.095937 0.534226 0.095661 0.531516 0.096054
1 0.750252 0.347862 0.744264 0.348126 0.740478 0.350414 0.736604 0.351471 0.733521 0.351295 0.729823 0.350503 0.725773 0.349687 0.727621 0.354728 0.725773 0.356119 0.721399 0.356054 0.721463 0.362550 0.725966 0.362419 0.724357 0.367437 0.726030 0.368915 0.727896 0.371873 0.729954 0.372580 0.730340 0.375408 0.730340 0.378945 0.734521 0.379011 0.738445 0.377854 0.741790 0.374252 0.744620 0.369944 0.747175 0.367437 0.746703 0.361470 0.749181 0.357533 0.749402 0.353685
1 0.716786 0.455172 0.717160 0.458441 0.717160 0.463112 0.718842 0.465401 0.720337 0.466662 0.722019 0.468811 0.725990 0.469511 0.728093 0.468671 0.729541 0.465494 0.732531 0.463953 0.733933 0.460311 0.732905 0.457462 0.731223 0.457462 0.729635 0.456014 0.728513 0.453818 0.726037 0.452371 0.723794 0.452277 0.720991 0.453772 0.720243 0.455874
1 0.721300 0.500687 0.720220 0.503506 0.721359 0.506684 0.722499 0.508962 0.725018 0.509380 0.725498 0.511598 0.725078 0.515376 0.725618 0.517595 0.729336 0.515916 0.731975 0.515076 0.733595 0.511539 0.735453 0.505305 0.735394 0.500808 0.733954 0.499549 0.731855 0.499729 0.730176 0.496851 0.727237 0.499129 0.724778 0.498708 0.721839 0.498948
1 0.724456 0.527543 0.722628 0.531492 0.722875 0.534801 0.724012 0.538750 0.724110 0.543689 0.724999 0.545565 0.726086 0.546850 0.727123 0.548084 0.729297 0.547195 0.730927 0.546603 0.732655 0.543245 0.733594 0.538652 0.733792 0.533320 0.732161 0.531592 0.731223 0.528234 0.728803 0.526852
1 0.725632 0.557470 0.724663 0.559486 0.722848 0.560494 0.723130 0.564366 0.723171 0.568320 0.725229 0.571104 0.726883 0.571829 0.729264 0.571386 0.731200 0.570216 0.732249 0.567029 0.732330 0.562189 0.731281 0.559325 0.728900 0.559124
1 0.096750 0.679587 0.093864 0.679724 0.092216 0.681464 0.091070 0.683157 0.090292 0.684394 0.089284 0.687004 0.086903 0.687369 0.087178 0.689338 0.087452 0.691627 0.087224 0.693917 0.087452 0.696114 0.087876 0.699009 0.088037 0.701231 0.089389 0.702557 0.090625 0.703268 0.092563 0.702055 0.093287 0.704245 0.093902 0.705693 0.095257 0.706790 0.097105 0.708461 0.098367 0.708266 0.099795 0.707984 0.102174 0.707423 0.103580 0.706147 0.104964 0.705304 0.105585 0.702405 0.107483 0.697424 0.107863 0.694009 0.106258 0.689581 0.104219 0.687640 0.103014 0.684855 0.101140 0.681572 0.098824 0.680939
1 0.136794 0.622652 0.132746 0.627120 0.133758 0.629397 0.132746 0.635551 0.131748 0.636715 0.127976 0.636070 0.127149 0.640979 0.126469 0.643118 0.127247 0.645889 0.129957 0.648474 0.132636 0.650110 0.134918 0.650507 0.138490 0.650259 0.141070 0.648226 0.143353 0.646589 0.146676 0.647382 0.148841 0.647407 0.151682 0.650191 0.154857 0.647018 0.156839 0.645200 0.157971 0.638411 0.156124 0.632993 0.157139 0.629785 0.152496 0.629152 0.148998 0.629088 0.146792 0.631126 0.145055 0.625446 0.144371 0.624626 0.139895 0.622810
1 0.168756 0.621365 0.165489 0.617101 0.161889 0.616701 0.157889 0.614102 0.154889 0.613702 0.151422 0.616301 0.147222 0.613702 0.143289 0.613969 0.139556 0.618300 0.137355 0.621898 0.143089 0.625631 0.147222 0.627429 0.149889 0.628963 0.155223 0.629029 0.158688 0.632962 0.160688 0.634028 0.161556 0.628097 0.166756 0.625231 0.168489 0.622764
1 0.071605 0.638681 0.069500 0.640734 0.067601 0.642428 0.065238 0.644839 0.065290 0.649973 0.068165 0.653154 0.070373 0.652487 0.074172 0.650178 0.074840 0.646380 0.074121 0.641606
0 0.822329 0.672963 0.826354 0.674140 0.829759 0.675997 0.834650 0.675812 0.837499 0.673336 0.839914 0.669932 0.842700 0.667331 0.844124 0.663556 0.844799 0.654574 0.843058 0.648717 0.839020 0.649351 0.837198 0.647293 0.833557 0.645552 0.831103 0.645473 0.829079 0.647117 0.826990 0.646338 0.825955 0.642151 0.821953 0.640456 0.820117 0.643751 0.822000 0.645115 0.823931 0.647327 0.824166 0.649352 0.821152 0.649445 0.817527 0.647846 0.814986 0.649412 0.814472 0.655622 0.811714 0.655623 0.808472 0.655926 0.807684 0.653836 0.808926 0.651836 0.807351 0.648808 0.805945 0.648121 0.803566 0.648643 0.799969 0.647599 0.797355 0.648675 0.795281 0.650973 0.794776 0.652318 0.791132 0.651028 0.790347 0.653047 0.791132 0.656634 0.794216 0.658932 0.799598 0.660221 0.799304 0.664160 0.801417 0.667657 0.807392 0.668277 0.811837 0.669006 0.815181 0.668245 0.816640 0.670662 0.820766 0.670786 0.824017 0.672537
1 0.760504 0.645134 0.757023 0.646761 0.754328 0.648444 0.752925 0.652428 0.754328 0.657983 0.754328 0.663597 0.756293 0.667075 0.760279 0.665953 0.762693 0.663765 0.764191 0.664360 0.765655 0.665896 0.768049 0.661540 0.772084 0.656292 0.772905 0.652294 0.770763 0.649045 0.766549 0.650295 0.765191 0.647260 0.762334 0.648866
1 0.054921 0.814306 0.052979 0.816248 0.050596 0.817090 0.050669 0.820755 0.051511 0.823585 0.052148 0.826842 0.053246 0.829320 0.054415 0.829745 0.056752 0.828400 0.058629 0.827799 0.060541 0.825072 0.061498 0.821780 0.059904 0.817391 0.058275 0.814983
1 0.061502 0.851024 0.059206 0.851848 0.056261 0.854272 0.054008 0.856135 0.053748 0.859771 0.053792 0.864103 0.055308 0.867177 0.056910 0.868303 0.060246 0.868520 0.063019 0.868476 0.065704 0.867609 0.067827 0.866181 0.067696 0.860031 0.066614 0.857001 0.064231 0.856178
1 0.843977 0.844104 0.842197 0.843746 0.840704 0.842830 0.839692 0.846636 0.840704 0.847695 0.836947 0.848321 0.832805 0.848897 0.832612 0.851065 0.832853 0.853714 0.835213 0.857133 0.837573 0.858914 0.842583 0.857133 0.846195 0.855977 0.848989 0.853569 0.846581 0.850969 0.844221 0.848175
1 0.853652 0.859874 0.851806 0.860586 0.853652 0.866977 0.856700 0.869572 0.860551 0.868465 0.864217 0.866586 0.867821 0.864276 0.868715 0.860796 0.866525 0.859683 0.863544 0.858400 0.859580 0.857872 0.858711 0.859192 0.857088 0.857759 0.854483 0.857305
1 0.850705 0.864532 0.847674 0.864362 0.845357 0.864465 0.843279 0.863171 0.841854 0.864674 0.839001 0.863457 0.836845 0.864917 0.833296 0.866134 0.833296 0.869646 0.837714 0.871593 0.840323 0.872985 0.843211 0.873159 0.846968 0.872603 0.849890 0.871941 0.852464 0.869229 0.852754 0.865988
0 0.062261 0.870270 0.055103 0.869878 0.052474 0.872617 0.048951 0.876361 0.050964 0.879885 0.048614 0.883370 0.047889 0.884356 0.048235 0.890431 0.047192 0.893037 0.048377 0.896164 0.047239 0.897776 0.048425 0.900904 0.049183 0.903131 0.048497 0.907592 0.048253 0.911715 0.046671 0.915399 0.046702 0.918486 0.048536 0.921909 0.051593 0.923955 0.051623 0.926981 0.050339 0.929120 0.050501 0.934151 0.052367 0.939124 0.052396 0.942085 0.053713 0.946102 0.053118 0.952104 0.052743 0.955668 0.052774 0.958732 0.054488 0.962046 0.054262 0.964544 0.054294 0.967788 0.054545 0.973017 0.054424 0.976106 0.054392 0.976944 0.054450 0.980040 0.055234 0.981157 0.057058 0.982450 0.058337 0.984789 0.058233 0.986584 0.058396 0.987658 0.059354 0.989939 0.060925 0.992087 0.062443 0.993064 0.064941 0.992503 0.067127 0.991473 0.068126 0.989132 0.068751 0.985918 0.068210 0.981414 0.065733 0.978973 0.063659 0.977300 0.065700 0.974892 0.068109 0.972283 0.067946 0.966928 0.066687 0.966188 0.063777 0.965228 0.066733 0.964047 0.068093 0.963194 0.068575 0.959337 0.066397 0.957519 0.067711 0.956309 0.069111 0.954959 0.068373 0.952361 0.065188 0.950757 0.064032 0.949231 0.065581 0.947941 0.067801 0.945980 0.069065 0.944354 0.070009 0.942502 0.070946 0.941307 0.068170 0.935858 0.069310 0.934150 0.071589 0.934083 0.071723 0.929794 0.072077 0.922941 0.069624 0.921332 0.068091 0.919838 0.068279 0.917179 0.066330 0.915495 0.068820 0.913679 0.067500 0.911711 0.066649 0.910279 0.066857 0.906789 0.067692 0.904409 0.065312 0.903093 0.065263 0.900498 0.064102 0.897893 0.064610 0.893254 0.064743 0.890465 0.064584 0.887304 0.062623 0.883746 0.063612 0.881770 0.063636 0.879561 0.066205 0.878910 0.063950 0.873656
1 0.922213 0.539605 0.918511 0.541368 0.916924 0.544716 0.916396 0.547007 0.919921 0.549298 0.920538 0.551766 0.920847 0.552999 0.921544 0.555583 0.926701 0.549409 0.925751 0.543982 0.928398 0.538692 0.924190 0.539574
1 0.559832 0.688360 0.556867 0.686957 0.555931 0.688593 0.554292 0.691948 0.556009 0.696316 0.558428 0.696394 0.562719 0.691091 0.561203 0.689032
0 0.089844 0.626953 0.083984 0.627930 0.079102 0.626953 0.074219 0.629883 0.069336 0.627930 0.067383 0.623047 0.069336 0.618164 0.073242 0.614258 0.076172 0.610352 0.082031 0.611328 0.085938 0.615234 0.090820 0.614258 0.095703 0.615234 0.100586 0.616211 0.106445 0.615234 0.116211 0.613281 0.121094 0.611328 0.123047 0.616211 0.124023 0.621094 0.119141 0.625977 0.111328 0.627930 0.106445 0.627930 0.101562 0.626953 0.096680 0.625977
1 0.155273 0.034180 0.152344 0.038086 0.147461 0.039062 0.146484 0.034180 0.147461 0.027344 0.150391 0.028320 0.152344 0.024414 0.156250 0.028320 0.159180 0.032227
1 0.423828 0.053711 0.418945 0.052734 0.417969 0.047852 0.416992 0.044922 0.420898 0.042969 0.424805 0.043945 0.427734 0.046875 0.428711 0.050781 0.426758 0.053711
1 0.469727 0.060547 0.465820 0.057617 0.464844 0.052734 0.465820 0.046875 0.470703 0.046875 0.474609 0.049805 0.472656 0.054688 0.472656 0.058594
1 0.393555 0.158203 0.388672 0.158203 0.383789 0.156250 0.387695 0.152344 0.392578 0.153320 0.398438 0.156250 0.402344 0.153320 0.404297 0.155273 0.403320 0.158203 0.398438 0.159180
1 0.572266 0.830078 0.572266 0.822266 0.571289 0.817383 0.574219 0.815430 0.578125 0.816406 0.580078 0.818359 0.580078 0.823242 0.581055 0.829102 0.577148 0.832031
1 0.577148 0.839844 0.573242 0.836914 0.574219 0.832031 0.579102 0.832031 0.581055 0.835938
1 0.561523 0.833008 0.556641 0.833008 0.555664 0.830078 0.556641 0.828125 0.559570 0.826172 0.556641 0.822266 0.557617 0.817383 0.561523 0.817383 0.566406 0.815430 0.568359 0.819336 0.567383 0.825195 0.567383 0.830078 0.566406 0.833984 0.564453 0.834961
0 0.557617 0.832031 0.553711 0.833984 0.553711 0.840820 0.556641 0.846680 0.560547 0.846680 0.560547 0.851562 0.560547 0.856445 0.560547 0.867188 0.566406 0.869141 0.568359 0.864258 0.569336 0.849609 0.568359 0.844727 0.568359 0.837891 0.563477 0.834961 0.563477 0.832031